190.43749343633476
169.96295665436222
137.00554081152654
122.00780892110186
130.9280027178329
109.70608945682176
124.27321032679382
139.33108742859477
137.70159945420681
123.77868496865788
113.59163267837637
120.75440432310475
127.33144875799469
123.78127100740028
119.07819405530569
111.92875538196172
109.58671568747674
105.9365077914995
126.04837610199111
117.8734717143423
111.8064133465552
100.11819530465418
107.77015895521603
109.08031385761464
110.95253457242993
113.6932563983998
97.90362729913895
112.80998689555351
115.1564222646006
111.26439053346894
102.46938061016
116.84736701168947
105.6945856885421
110.38624488013578
111.00579753776856
105.29165836728835
100.44328030086469
105.4179106226759
111.12932360490223
99.32546369190068
110.7838595968091
102.49591168807402
106.82753560957838
99.3163024551793
112.72412237309882
123.18640396287239
107.62446407432071
98.29642180134698
107.0231308750242
113.77572494844826
106.04074418834047
102.3660680299649
104.63039567162588
110.58574442404664
105.28362465899536
115.50428679485445
116.91650509837643
109.0842933797212
105.31562616293934
104.41703494571883
106.35916916880775
108.06205584394634
109.25583981635094
97.99181907576065
100.0587555141381
119.62172681420434
119.11591302559438
107.44277073563417
95.77373422172522
109.37748689525182
116.63281440140184
99.98276615821527
99.94383610787101
113.65229443168127
107.91532909791687
99.27018332853913
104.44607835770596
106.40361013063364
105.43813282890025
104.13721202359005
98.00521654895667
97.59250212655533
104.14918817472604
101.49324320193799
97.55375665734736
106.29127261987834
105.12577258052028
103.11752085720174
103.79226794305396
102.13842314484776
105.17648209296571
104.99574186423851
100.60731909517405
95.97340688296038
100.05818610815317
104.16408108510575
104.8148231759671
101.49291709452065
103.16727834875023
102.19321215833321
105.8316966595195
103.83911008838965
98.0359763737919
97.68152786179124
103.8572559745827
111.05149645342915
107.87935904822767
104.55927645849916
99.93607837239864
98.56712838223092
107.34455556201277
103.60640376017486
94.86967419868851
98.50839108479666
104.83173629596584
109.66027278736891
98.3448269390863
98.83471257161891
103.11301451975203
108.2185403098371
105.60398274969546
105.190933414709
106.15688357569238
100.02319428228249
97.67524906389124
106.82843615064496
107.26613701047022
100.96561262207783
104.56013560828225
103.84545578292814
112.67039959420109
109.92358939549507
97.1466699555616
98.89723144144173
99.90306174956181
106.34586569910321
109.87025746615133
100.64190569389746
94.53791595957358
105.79856703934824
100.49779206471692
96.35411800230293
99.51838138784504
108.35313677269642
104.40011164738632
100.8003984328779
111.57270186962086
108.78586794551397
101.14539196459972
102.23237676563578
103.34606041945725
104.73564439254075
98.19755675704955
106.33905516664558
103.50458562352728
106.16151454262722
103.62717436355713
97.12182610703701
101.62329476155013
102.95461886156541
107.45699419928137
104.47775816304083
105.91060619818447
101.00333119256373
107.35619239781705
99.49799474080756
103.38139016508462
100.9248784868963
102.32193920031699
108.72711638935111
103.32081967710084
105.50475620976533
104.38489932142231
107.90270835391969
100.76683500080144
105.98251804933426
105.46589277356001
105.33903646260522
104.85295894185224
101.7671894336693
100.90679766042298
99.64719131308395
97.46124982081983
99.74377157621876
103.19003329346657
100.55886150927225
99.63269967247696
104.35159035692311
98.6685110649102
96.71931928487585
102.65693241224308
102.27430557940642
105.45696886395332
104.40150142448198
101.44644450047906
102.89727841555487
103.07908709347626
110.4100483482608
104.66275052038091
103.5158541262929
97.32377573174999
96.84970527061742
100.88139888148376
107.48020448334083
102.44142564708118
99.34151563685958
99.41100574222563
105.11587154278038
102.2129589279672
98.41782509362585
104.60997632349473
103.87850123263601
99.47350971971214
96.32945446138427
103.47664236410667
108.47044888946995
102.86146219130129
98.3587950979964
102.4169241514703
102.24545299940024
105.27190942278204
100.69003375130154
102.06997098032693
104.76098104450604
99.31646482401601
99.21353330209573
105.12145266668668
101.14425349802315
98.7745208863413
102.92144443834115
105.53686781046764
104.60012179748227
101.05223234981382
92.79863444814096
93.7964112822119
101.07542973829251
115.71177331856279
104.07664566798569
92.23784544484265
114.68810956889268
114.52754767891858
104.55898035363617
99.08409895107994
98.05204720805982
111.23986682321188
108.40085287230823
113.96941245255377
106.44633091402186
109.603661162231
104.8813801827458
109.29874020184081
109.88143466976194
106.11519651769966
103.19155896324177
100.60364156681811
111.30039558853423
101.73215702983049
108.51136020351402
115.37664619986113
105.93937275746957
101.0809431494672
99.46199979831363
111.6371992798027
113.12693988534593
105.76400226082016
97.20257494627229
106.20789710785917
105.8159542756272
107.85884828844428
100.57211904973006
104.9788191130977
102.21629789673283
99.29634687045298
106.00784999358395
110.91218363412338
100.98018823589791
107.64069026044208
101.8311992041657
104.03454055250229
100.63799190735823
101.71781827619394
102.85127775902203
114.94656853329039
110.40768236231419
103.26310209034473
102.9618961848424
106.5320404761043
108.1064613067836
109.13990703059636
107.54796304276297
101.42704529209907
104.66155481655653
101.80094033279705
102.8573471746352
101.87197679072662
103.92074494870998
105.28967992033195
108.34772148129782
110.86226240662062
104.2822846136251
100.1817102785311
110.20620572766035
108.25381731455992
104.52027355410596
105.8183100911021
111.0882039086001
109.70194987932155
104.09218422095093
106.98759940348477
108.2701987363437
106.6471974409842
107.23444706274648
101.11308571585478
101.97062242931905
107.94044355344464
110.19033830801509
98.52796234280521
100.91454038305241
106.89846884219811
101.41311199430706
101.1030228901342
101.98258685180194
109.15403235959457
107.2799724744309
100.85198251948604
108.05598221480453
107.86182589468524
107.1611720022868
97.66983885607279
97.97591198058825
110.32240903431867
96.35818540437909
101.78408105607315
107.690898678854
113.17592148106742
104.31116327688305
102.23615334934173
106.06881110816386
105.10123257184101
93.5538520754745
82.8011826946078
100.75062566022018
100.88181003407958
99.50589253165262
83.98156964346683
95.66135861884719
96.40534389333742
93.85487964523942
87.50363079207956
101.07301126041952
100.84369124583365
90.42407226799402
96.14398548905146
99.07769763658445
95.5812301728705
97.63097058822801
93.41935471774853
91.87766537681847
97.69890253880683
92.33329367809179
86.31784918240659
101.32507629430874
96.62231218706535
94.98172354695015
90.59574158047305
87.2046149803718
94.92498867458737
98.36458684981018
95.35240009519653
87.71309355249286
93.63026088140109
87.3896338773448
95.66557376567788
93.41542041554679
86.41933284567713
94.62417251869898
92.00343431480262
95.37920665339934
89.75426665179324
88.80767991475248
87.94345454275539
93.6260734954671
87.76562155607022
88.51036074675775
89.43344508144673
96.81765522116426
87.41495725588385
88.21711155504858
91.69559182607523
81.80630387389459
95.10234870397387
90.65942976101933
90.80028468256009
93.55491969858068
96.45440816059998
90.69264793966853
87.19569591190681
95.88013258535051
94.73920200267476
94.53608706746974
89.18724741399512
98.73509324269908
97.7148755109198
94.68866430111244
93.95309555845293
92.69800684030932
92.05184850549338
94.45832083814223
91.37918221386946
98.770916718687
95.68492087434998
97.37919397359705
99.07438518058626
99.79385604734293
94.75847124931988
91.73283092429263
92.50218790360222
88.37004172726793
93.33819678133855
95.60283335266044
94.63184524781379
92.53279002845785
88.32108479206818
92.9304137180098
101.72548968645806
96.1352879447252
92.71942301478597
93.98229665190208
85.87014516380663
99.30777273044129
89.59234762922479
97.03824683256809
96.59031974806527
97.37322900957948
91.65334619278434
91.53557563065223
96.79187067568857
97.65374585912
88.8108858389235
88.20327766718165
95.228292731642
103.1573076824472
92.67349879787264
92.92118208996432
90.09808753339402
96.87435114714472
93.49279980013465
98.95092311747587
84.95097714176998
94.30912705039303
92.28223655684953
95.55106257464409
91.36028908145401
90.23751379118177
88.81731315930527
96.4842283213673
94.1282012834467
89.60189086484682
88.79182700658671
100.16041151704238
99.64961442406442
89.50481938179844
87.1342744055863
97.98091764568485
99.39028678450524
94.73091079267282
93.92870818314454
94.14575595864666
102.24724675423553
103.67000724628846
95.16760066286213
96.93630499449398
101.24296467025547
103.12098290508435
101.84177061321263
105.84986640032345
98.99620239762793
93.13840659038527
104.94034701375858
97.43029547449507
97.1923348818952
95.87158805691121
109.29125269588486
108.09212778417188
104.84166201439672
100.55951848528231
107.60173042160645
110.08896835071027
108.69279360344724
99.91963201573479
103.79404598607466
109.40001058730176
110.33294033457253
102.90370460117238
108.93708584990938
113.06988168817108
114.43459351231533
114.16427304671332
114.23949147757077
109.46405951801782
110.13357985459598
107.65782669681558
107.6073953759564
106.12935989917675
106.65757666374026
112.70332819664114
116.7973711562936
118.31149716865883
108.77493453142765
111.02124579070774
111.49378055846358
115.47174793970383
110.60784083906248
104.38978077541844
112.52314128421526
116.84912922046992
115.35507865534736
112.22988998222125
113.29749954625899
116.05514532906327
116.13333921121077
111.73507623272182
119.009630371272
113.4742114357225
108.19727910098929
108.61152305863979
112.53267252972539
110.91609881662232
104.7482726298414
107.08994793192683
113.3807767295077
110.9137220796823
106.66223186851613
108.02595767144422
114.17493861052995
111.18729337120007
104.745248474073
103.7052170629567
99.09132735846542
106.49456132509225
105.79121556037514
106.04237134476054
107.09657815338377
110.86547474925847
104.45523071638817
107.5063200684845
112.07128713308204
106.75527689170545
101.96086776664761
104.71288803166543
104.8088368366019
101.39355225802599
104.83566802174177
109.16238260876649
102.97120212842667
98.86216354472758
97.77040067845468
101.86553741270734
103.73661595508798
103.95910871879738
100.7649818271759
99.05625617825444
101.65689022718323
102.19600774657346
106.08566466593173
106.75317757920973
105.60395986445485
104.71469709033495
109.45193613875374
109.1300053805499
106.99271377489964
102.40687031064786
112.22287882317869
113.96059335488455
107.70904797689076
108.98281024872766
109.7791938029255
102.95075708207067
99.4357505871592
104.84120322461507
98.34683532677359
103.9255462835344
109.51798730609124
101.37833716333364
103.96172314731504
102.0783297883275
105.46085731645468
101.23599449208788
94.72543571616293
99.41258053554289
101.3997844743721
106.70902527169565
108.51591743088555
103.29164738788289
96.51316976120467
105.37830818697397
108.61525989243448
102.06101465943026
102.60274798095107
101.69928633272367
104.61862475362653
104.15071616158708
103.22359053745096
106.7612262688162
100.17018034127777
99.20392220489488
100.39083743089863
102.09099714236977
103.69673853060658
107.4224342254507
107.92771194037978
103.56147247742247
101.72252856797375
103.24795931000877
103.472934177075
103.47638687764687
112.02020870622574
111.50615332467953
106.41886136636363
107.39721248529155
104.56127453319601
101.82022276796353
102.5762048087099
112.75877526589629
106.74238550491567
98.41554345254643
104.12368122036922
109.76446587800079
108.37393496951299
98.27791645050469
95.97960932245823
103.6963198873982
105.30266145150661
100.64662675077153
97.01352403011364
101.03270561685284
101.29415200006184
94.51527082133084
101.54864756067707
99.46453432938927
95.07948940924209
101.98859195798086
101.75932594824437
99.47734873774057
97.42403801394099
101.6553175958309
100.12813606867314
94.51456848771271
106.74988559669063
104.27911796237434
100.9135249434749
96.772242468035
101.17482761245812
101.8893932752824
100.66730447260555
97.11777681939091
96.98473745217343
101.8140542610289
104.26288167635278
104.34066157359058
104.08160395425679
101.06800560997641
104.05186865674408
103.99736507973665
97.3237299771051
105.80653308329518
100.82697556748971
97.15741453744997
90.23122169738976
100.69143039333379
101.49841487868271
101.09867697654842
96.39904211670884
97.40918045151913
93.55729020372688
95.7619873782351
95.23885027939063
100.1665937609379
103.11463186716392
98.47194572824577
98.51467444330292
98.09611210750973
102.19171974624831
105.47567199243767
104.25788345976447
100.55378117460715
101.60252473940818
96.62075547697499
97.1347064778786
105.22444235649044
97.93530217056338
94.34802896330795
99.80977633797593
102.99219397259621
99.56866199258326
99.11559862690848
97.27363181732278
104.78546530686548
97.09184634916888
102.21828078944004
97.88904107946917
99.14582282308803
105.27318924433737
111.15917514242236
103.85982658274139
100.7951923927645
100.91070609802918
106.90998155279223
104.60253728697415
101.7631928742344
106.424534926337
108.09376742566623
107.48356521384157
103.60818571237566
104.20257694985654
106.2565505816136
108.54662716813233
106.45322686422837
105.29542993927478
96.22940018154051
95.98003088416732
100.29924547687351
100.18397068901794
98.8423389251118
99.59462524381227
100.47218214200595
98.84175365007906
101.84990648787685
98.05166660744355
99.10229918768175
104.85784533349889
107.72575837146138
103.32787859171255
104.64462972099909
106.6276739070582
108.3073397735367
104.22968545820413
105.68169772496574
102.87977911776419
103.19604407929906
97.00157157500561
94.92441367945335
95.09312490122932
106.94304668629721
102.8941553541294
99.42627438963208
100.10524821353705
99.4471821984437
97.51156961659566
95.87721755521625
100.5464041065675
95.07116766131536
104.21943211369737
100.87059319008796
101.31734952990591
95.72417708752022
96.06849043347269
95.12733033720336
93.36147668971938
99.5308061158287
94.35439280229338
97.49227315314972
97.0448628713952
99.51903010510054
99.53319566516166
97.49001135319358
101.96312066953895
99.2177797885428
98.25095380984818
103.14577629358875
97.74014556892473
98.9119964855431
101.82794960608221
102.22215079411991
98.08633522896947
99.36143672113016
103.14709877126242
102.7387045313988
103.72234293874934
103.32831999324611
98.64606273847672
99.90680399870475
97.3691381244592
97.56834038627117
97.64574666925897
94.2990670439146
97.61836465386992
96.59831940860899
101.01400808778497
102.4261668724072
103.01068055968881
100.31978183731066
103.17888426571498
100.40382214851604
103.05238563126414
98.74972356659524
97.10844922463377
106.78796924399792
98.95108605448232
98.80717280133109
96.3651478634931
97.5372182435048
97.48795119242058
99.27631560651935
99.13031526008504
97.5370366543295
101.66405322611256
101.9078065306331
96.46062868490006
100.25484786051325
100.89497041797578
99.95814536070768
95.82388653947139
99.34204304518823
102.48489374246478
103.27625197952175
98.11202170083477
99.66461218613532
99.7297377475817
97.89367509445303
96.20806323454562
98.13411108591431
95.27645067510959
89.726469139496
96.73484892489856
98.83543890056222
99.90166013645947
101.42968851613804
101.71864474668571
108.22261788309243
104.90935240954308
96.94482210372509
99.52133742074523
100.3475964466097
97.91602205175552
98.29107545718989
103.47562075914026
99.79809960015126
96.95002624276042
98.08895062300994
98.67307242370019
95.91734839593838
96.74132057938091
102.75722984101573
102.25068504743562
101.50378424853793
99.17167078837902
105.20987995087229
106.91512116225091
100.51425532010167
97.53197377170198
95.71369727364707
98.41402813368673
100.48021889683267
104.00433356858275
94.28826876448325
94.9662778132254
102.73393807406477
102.73762845836315
96.44599803474198
101.29632682185084
108.95405178831614
106.62303115475429
99.01183212983582
103.21480311348746
102.61308344094348
95.75651191809825
95.67893233467665
100.38878356147052
98.59408442276437
100.27537955784314
98.6063087132378
97.53974876842481
96.82923386493134
99.35358464844514
99.02928630664694
85.70331259683458
92.8428830707625
94.21203279227493
99.56257782802204
95.46813786068945
98.5038550995282
92.8504770722948
87.14272456828195
88.6171933058429
91.76414317880634
96.51898307990945
91.43721438448927
93.62351919657223
94.47643969946358
97.05331343633401
94.18530902713069
91.22163494463783
93.43130929065326
94.9250527162552
90.4799315518362
93.8014088379945
100.94477398689507
89.33552091133797
85.63004541792426
96.731189918957
96.87944377294293
85.8460057207062
83.01987854017528
91.4951904377948
98.3832419523783
88.88240012989769
86.21932980960509
89.42005477178427
100.24558342955339
96.98860036817659
86.05516046885194
90.83727427928989
98.9505924224106
93.41481058028764
83.89825153513644
92.24849250858044
99.77684348096264
93.70465414999832
89.38816642091322
90.85759624673997
92.89923242243347
92.3796676969603
94.17080405004262
95.44169528074734
90.85952088123635
89.20735624949215
94.29875195659766
90.99102434449117
86.67926479794343
91.75216973034651
93.81219787386425
94.0094283041844
91.28332920096953
87.78446009059408
88.56051850680771
94.82052950859736
91.78726074709557
83.95113176048291
85.86433569495141
85.70400711381848
94.09907427970808
86.52902569447257
83.51932418024076
84.73055167158107
89.17290743011087
90.03634287712607
83.38167444960145
87.26036198999323
84.60626989238685
90.99866484803566
89.12446868375366
84.59513409241146
88.87830348645143
85.66919071406977
84.7413080429762
89.50310659416591
86.11968749877379
80.68474016220526
86.04965297275145
85.99353503390634
84.46399192284363
84.45522400106366
86.7473507414035
85.28725186666514
84.66735237890838
86.26831779359387
83.94478363585425
85.20973533679344
82.08271660877519
80.87023129388355
88.53878092540337
88.82737697662895
84.49060806510641
82.33555251637357
82.68984880873431
87.9120912121688
81.56115122223116
86.75359571306959
86.68605418654188
86.74722650810683
85.62837221806727
82.68844531985114
87.28332760111194
92.2355194927899
83.99008220105426
88.78772404523038
86.4047398223239
87.2862860831528
85.42559632497407
89.62592422850575
86.65396830036349
85.51166981688635
94.19862060041527
92.93929821431257
89.06927004155965
86.33130723399009
83.62562949933199
90.35177724554167
78.88529721395072
81.65296329242457
80.10642678951875
90.00662544124461
86.27047084504106
83.12429372345254
78.00025613346445
82.44062814583154
85.3830407230078
78.75757051206102
78.25207265294121
89.70273247700099
90.37950664886357
82.08522270994868
81.76265733560986
88.18519848945066
85.60749247164254
84.521989637723
90.33200496580965
89.52838851479567
93.30037936030422
88.78177961607118
90.15834664517453
89.04606232021784
82.3605210608618
86.8169095878715
83.39161074918144
78.59468442064501
80.75666851732421
77.33324169842736
83.2633925828598
82.08359120180455
83.58747204521973
83.58184421467826
84.55233730646798
85.98423281144787
82.39108930701968
73.90382761259625
80.8659912783844
78.83001202152732
83.14159057591398
76.90678791846418
81.33494266152726
76.9413290980181
76.897297291291
78.04073732552772
79.98088383223563
76.48026338071809
83.19250078164616
79.66146208778214
80.90342018095093
85.76206557869777
84.74819945274872
86.4868803597349
78.67043438819455
78.18693181670302
81.06170197464083
80.73790856004963
70.8275221571778
71.78985834165654
73.03226066869799
81.84265626367628
74.95170318704209
75.01147692069307
83.55993316248792
80.81526344105922
78.74838157862952
83.60919502901335
88.4802515000676
83.53234895852228
81.22607565231075
82.78548473531787
78.05254870152767
78.16640584505735
86.97942754628211
83.67636423804875
86.13510605376432
86.75001162666871
78.22523765103657
84.36807367228428
82.38644913225369
87.5166263434158
87.70786013520957
89.64677194585582
84.97945926887346
86.11628601829074
81.79408164326316
76.57825733715546
81.93421051036859
80.981768382312
77.51067493682268
82.1749775771461
81.53580206986958
77.43647911614373
75.43381217388809
79.93952032268659
81.02679061341625
78.18482311990347
77.82982119162665
84.14033904984143
85.27412546901894
83.66959892239794
80.16679977935283
80.49796438535536
82.76261033794908
81.07643780672346
85.94750679697448
85.19027629819742
87.10410552278513
84.13932927350456
83.95911504541891
90.65269417518005
96.74868670157699
88.84317020702578
78.17263897380808
83.52717243853076
90.14038283171656
88.22998838026012
86.51394775195175
80.75998890171299
81.73640828484949
85.30978328259131
87.17439474032807
84.38168347892257
87.92508570226556
87.63565922900179
87.50577819069821
88.97530585572537
87.14274043152564
81.19143681205144
75.7287774961906
74.40539888982717
79.71462468886645
83.008142716767
85.37825736433317
82.52353480430949
85.64216182284234
87.70932539539608
90.48993717764286
86.5139299134152
79.51130263344028
84.20184499523994
84.45734970078144
89.41018637897886
82.78926397409572
88.70802302864762
88.74913881513918
88.66836089270346
88.85235532874555
84.2067779035646
75.6735590866781
77.57845994149642
84.14187344087571
81.97503810019363
87.19596832638102
85.79677236621902
86.02659634883726
85.77106258309168
81.85956204994076
81.13788578632449
83.28747705779337
83.92520572834432
91.29256322422708
87.69108307484481
82.5886152946926
85.015672887704
87.76390766442869
83.53022622919761
78.88921843216704
81.47389991341946
86.40575340261407
84.29592125086994
80.91248119814777
80.6454272014851
84.15190650807467
82.45255366480713
83.9471829313182
76.4513889311078
79.47331273039521
78.06376867308327
77.56158384460474
84.92448769499612
92.2491119371435
92.06272466929703
87.81550414133538
87.28175455985331
83.10025994405132
79.02296751395507
79.48098222242722
81.95003249118261
86.40969498883727
81.8346883018119
77.65485739499682
78.58934017825983
72.19909590493548
72.28194926244039
69.9147668714722
66.85305836698011
77.36231655676474
76.5775076783239
81.60080336178484
79.97343430284718
76.21442993259856
79.1203484997796
77.06301744293249
73.85889620586536
78.44179783892359
81.0487255742846
82.15716726763213
77.4701684309529
83.33138836980896
79.32835680628244
80.9264996807251
87.32696610808279
87.37370754454112
81.50232965406529
79.93351812855146
77.6652624157074
78.20072604524735
75.13043101190317
76.56978491252727
81.88208002130571
72.72450954552882
73.46020297902008
70.22001646553987
67.68488243384745
71.64718660472056
75.98711165392754
76.79377298027407
74.12811359349392
71.50073987601971
77.80396900109073
78.01161902573072
71.00418974420658
72.23438212271678
72.75931401522944
74.90983994579298
72.11123173149785
72.88255921316276
69.42408082319358
67.15570388262257
76.03512215209639
70.5817398846127
68.8645361582302
75.85120088533066
77.61611187769866
77.09303122538705
80.10899825163891
80.1513671298938
80.84229590899471
80.75772454991903
71.80284177723654
70.04215910853956
79.46565253673312
78.94923298663893
75.76972421341321
75.87990665328036
72.72911570649663
76.75469560631423
75.82398568596255
73.36917875580744
75.89277228861607
76.7648079726953
76.46998485010822
70.01705813233025
75.90780189476207
72.44108986759464
74.18221561774956
75.13335827819922
77.54573452636193
73.16685807898455
79.22868623078685
78.17230248492244
80.85232026906893
77.31558199157743
79.7052725917658
74.35876280551157
69.65339837847178
76.66432033504348
75.9310656351721
72.88743267462436
81.41394901218388
81.22160491527788
83.60828699260777
77.92643066659943
83.20224584990149
82.65444532840377
81.49525834841114
81.41133025990926
81.45487569038994
77.58897421503377
82.08621765892121
83.58232808247566
75.89693758681811
73.83570620114111
72.1631141493337
76.5971079572109
70.54958415968487
71.98203408638686
72.20005816013133
78.54088302972664
79.96669209297981
74.0974895428168
69.55435056385721
76.2705024336599
79.17924609711326
74.0573107841597
77.44314713283242
78.43687574801669
78.5664466121485
81.82699960695862
79.47559393721939
83.22227539775469
84.7064228189836
80.03810671880062
76.13126166446918
74.478090416491
74.25531803725882
75.8066299080226
80.91050699780178
77.29683977357011
79.09866062797599
74.52070838848852
78.1509009927826
78.80422149359438
79.12214025355406
76.51406585337394
70.68807382881322
74.81339301147835
75.08493279351606
74.68480951297506
80.52927696933438
77.50647705275709
79.0401233588659
73.12741478195768
72.13091685999034
72.1206810408573
74.12693928472223
71.18982604510963
73.01063589656478
74.12022680374817
77.64806074197358
82.6339978292297
78.28957798349774
75.71924650467567
73.680985508837
74.89426657816874
79.21564371483507
79.3553125208162
81.50607119767795
89.58503921087369
86.28705197595458
78.80797383410453
71.60984304270227
81.01783974501829
78.87071279113322
83.74891198343168
84.9023211878138
79.41197313397026
84.11589095845257
85.3585244538708
81.22264624019283
79.92266043760259
86.34117954707382
84.79621349841291
80.00217163058278
76.21775549314067
76.71037734076839
74.38597060896508
78.22405484608767
75.23166824055116
77.07830570251647
85.55681164802019
83.80082276538447
83.74424959348806
83.3417199195761
80.64286313378925
81.9783230324752
82.06596750468883
80.48648906889588
73.69559164580212
77.4301303289394
79.41333758712892
71.50947945915327
75.17935214533112
76.28886772489187
75.23491373621462
78.58966069056346
78.45697920313754
75.50817446477951
72.84726191773053
74.02015857121417
70.88871238239152
72.15920016900357
69.96196640289732
70.24703480721489
69.8269298783111
69.72476072278134
74.28445669179328
75.513728574086
74.66611082483601
79.59027729964355
75.70609535500734
75.98121158513952
67.32538859520623
67.20906181826741
66.87025656587473
67.48731467818475
72.05764283320819
75.81830108605429
69.27921259516717
70.2157603627475
70.85437566429233
75.32449471207794
66.38544337431831
72.28247414965648
73.2541681110968
67.19607067790892
69.13304101924012
71.92673507141582
79.00983737330738
76.23714944087938
74.11213931624792
68.1172593403474
71.95532035903982
72.08612373564459
69.58054442779914
67.62267189751054
70.57768204081502
73.15946064965101
72.96050654603738
71.37053996403434
72.46794771705581
73.8279857873477
77.26181382512289
83.98392142485467
86.86155632439505
74.52794310305067
75.28617552267964
79.82220323376436
74.80125419519462
72.40623044255071
74.13319127506558
75.60121820962041
76.0457686784696
75.93360383747931
78.94824099670569
75.22762974415278
76.51699222324089
81.15418646085638
79.25289834697065
77.03516075289018
77.88237632398238
76.46920229021107
78.7345333967756
81.54481313204364
75.88659051575628
75.91067179493484
76.50614032364565
80.04089484163131
76.54543872652921
73.85973440087709
74.8682730542643
74.42522102564834
72.38606594942976
73.37130795787822
77.06895147016382
85.16148228162659
81.73522156477206
74.3481988564567
76.215695492442
74.34049297625667
75.24927783436137
81.53254685711465
82.34821407563764
77.44780295646942
72.80887060145926
74.49682904315452
73.68671765105451
76.95032673623166
77.32114255217017
77.38626558771308
76.02771442274927
79.40810709534625
74.82051110928252
68.36246661262601
72.27499038190332
73.0341903872036
69.5635700807081
75.33203915011863
80.10224355057784
78.19953898643729
75.71642536958669
72.85572908719732
75.25173075252187
74.98013714903354
69.1154851302292
75.73161873708239
72.41580764153565
70.79539419917919
69.41507421321873
74.10872996546802
75.84980950448062
76.63860451502372
77.84379925415466
78.8783499659047
73.51129583249626
69.46456778633357
66.28496786730163
72.38391082309639
68.80550276879647
74.10550124931194
76.49491451842272
75.59807318650869
76.79403109798989
76.30654867209797
78.31821838364993
79.890749056264
80.92020888638679
76.11985411151387
78.25541413907726
81.47402924401035
73.52368013193596
73.2929650772711
77.76609818293358
80.81150249362793
71.27282897787572
71.03791453662647
70.41580624717146
68.63734530028984
71.03869315792006
66.7940921685865
69.71547070110259
76.31974119607686
75.31520168515966
73.68511190191971
75.70677298472711
77.3016593748235
74.40326443952534
74.74365724724655
75.29483032102883
75.83866236130027
74.28388479892041
72.02257612280137
68.61794046249418
70.28317607980279
72.82960484859666
69.79654707134274
74.2617893887233
70.59187187042005
67.84069767569858
73.57325728964005
75.02827162556791
76.75602122872324
75.54153148660035
77.32490253725699
76.42034907756471
78.43392190123029
75.71930292548706
71.17822093012086
73.7187859031235
79.35113609537187
72.71206943211637
70.71970065065268
72.12878561733109
68.9964839703112
72.34470134284396
73.44176736956301
70.73648908710894
72.25392431910979
70.70884942884834
73.90816612964527
77.3576087677727
78.45055108813462
78.08914278745162
74.6663903965782
75.58022662553523
70.04076052891635
69.59954708509837
69.23039399724941
67.52300338415444
70.78855485962855
75.19983747569935
70.25390637717261
71.21978170305083
74.36032365694408
75.37348789047047
75.13251597797822
79.15130364592198
78.34221915822283
77.09913656726113
76.23204976227987
70.78758486112757
73.27751183134642
72.64121000483337
72.2928941929208
67.6434590952865
68.68932362226634
71.47361566488357
70.79855392674149
67.47660969172543
66.03986305828325
64.03000285820077
69.33744762720454
68.08799855357478
69.68993691350873
66.96508134044574
64.927263766578
65.93997580799896
69.72542561706881
71.98054057723077
72.56271515874201
70.46279694832373
73.15253370434228
73.15021399854999
70.55657326111488
71.483873863704
71.81910142242145
68.86483789714822
76.33134748936786
75.63171532787368
73.08805802449952
74.77827173001273
75.84249709403481
74.55994937746826
74.0587678922665
72.50520585227407
72.72991520921036
70.08450962011875
68.67266741221721
67.54120466830746
72.42462963037804
69.9521924542465
70.71648039235774
69.72234275634409
72.50322195922269
73.25392896291459
72.26850299798689
70.88009869655662
72.11680644393054
71.03712339121972
73.04097710014975
73.73742373754096
75.37780057565215
76.42481776641318
73.83204267888075
68.67622716973779
69.22838163812224
69.92014204386446
73.99447590298442
76.22511829693573
75.6487639684371
79.43387424645624
75.72644584182453
75.47341244929845
73.15468301756536
71.83325228155327
71.22663672315292
71.68817558687931
69.25414514513054
67.3654640632293
67.2348827782346
66.53412983868044
65.38150911494242
65.98859534086846
62.14522931537212
63.55883280219158
66.26046256900528
66.20812639023353
67.58324628259959
72.55342409150526
75.46057240278768
74.89409467424225
70.61923973604351
69.25161831535227
73.80626565960549
75.73599187398797
77.65804558173392
76.81759371846606
74.03115942213414
76.60031335188822
79.5611437490589
78.31294307022185
73.49541898818953
70.87986200781567
79.3358024003789
79.03593674279911
76.97460697119902
78.02513875533238
76.30763912421382
77.79826899636566
74.57132704822801
72.30037870710159
70.55187602774915
73.49983375048332
73.97219973690497
76.22900098213303
75.83314171465994
73.95399868710616
68.79034645048496
65.38464304920284
66.53506439278267
65.35407575357584
65.22989763091324
69.33120443223271
67.73173725941997
66.38771468032941
69.12641460270878
70.72592562692799
70.06057276440805
71.79723871099598
69.10298832193719
73.38214122488228
69.62102245806793
68.24566483636433
68.2957249234896
66.43470200335487
66.22556766767377
66.81887735590095
63.85241101015774
67.72817161135431
67.27401825723052
67.25971400950718
62.78266007676139
65.18652751454938
63.700881773458875
65.80334795344139
64.0677737147324
68.17736173978153
69.85544680112945
69.6338873460215
70.198601982353
67.60862546653325
65.63875867868671
69.3350305343369
66.63139768865443
67.35196199870737
67.0619504814701
65.90710082377093
64.41197956821101
65.2371552586436
64.61668732808276
65.74809231186455
65.97558284157243
63.26575477281984
63.401676745374814
68.53534812908312
72.34887378731973
70.8513544631293
69.21058359359499
70.59296205554732
70.96114293077551
72.5769080921203
68.97048287490763
72.73367618177014
72.20260034508931
69.9355056949432
71.21058419125063
72.71803738448068
72.14679922829548
73.40706312730103
71.91810746258616
69.10863776471119
72.32858271895473
73.93653305169009
72.29908650641215
68.14288576440842
72.81728884649657
67.6861665364363
63.29311825275433
69.6681076566038
69.4434471833916
64.93615636059583
65.30376853392013
66.07491740482708
61.995083081884744
67.43803971993074
62.150722237392635
57.072947289211214
61.82678054694198
69.74935673154883
60.236275976257105
63.10561073098046
66.38508861867608
64.48955003415162
61.662351175481824
66.23450535935632
68.85108516362892
64.36369519097707
61.34826485475708
60.37918061164889
61.63883183404623
65.23884764604539
63.53329696427601
62.1407571747362
64.153341308751
64.76839024512542
69.24282574763112
65.73813000972558
68.45390258886623
69.00907465369359
63.880139677471504
64.5272150198544
64.33649366405753
69.5164359853543
67.42326128964963
67.30319631265601
62.61460566292086
67.05547776490621
66.98673110195875
68.12024087462949
72.10333218256241
66.82063435383506
65.38709056763736
62.671953025753446
66.49529000378853
60.959555099543614
62.07941715426419
62.56231571091481
63.00606441218064
60.50439925668147
60.308845673027584
63.50368372495999
62.5161736411946
66.19056539744396
67.07561298277052
68.95408767286509
70.33619758269677
73.03206875238033
68.99523750812693
72.19953561863757
72.98622696307369
72.10756024688821
67.69664297697221
67.36047470028568
65.37822812726779
66.58458780358808
66.00928395478456
63.85003188926543
64.59546072103034
68.63219312782115
67.77633218650783
66.17582703129209
62.47104351230705
65.59128105137981
61.8491847076834
61.54998230880855
63.98806821685358
62.49022762984679
65.32104870134026
69.13841846460737
70.71853982029435
67.7467573776363
64.62810935134719
58.96616144932759
66.19209621146273
64.34279047748609
67.9354510432265
63.06656793283776
62.85740106866375
61.98655905696296
67.13045077095954
62.23798758266133
56.446488875483716
59.09756208268099
58.48421590268691
57.604113850315755
62.00699243826975
60.86324105179383
59.07722441255939
58.385396362075134
63.35073029502763
59.864104101611574
61.27839179460902
62.439056842712525
62.993990753760066
61.77534814232312
62.18276500299313
59.916636642943786
56.38056228928101
55.924345166135645
57.03782981157304
58.362459198456506
59.913038093314626
60.45864344717689
64.83002474409403
64.20269089765658
66.05083754403923
62.083507110156404
64.44482079766561
67.70565547238975
69.07252220587891
66.42743302211967
66.10709426373263
67.80363549962705
63.76571330173754
63.655926659049015
65.08031114082466
62.024389108836665
63.78151486596189
61.174663794751396
67.02421748702038
64.8568116625951
66.49984781921381
66.34607736543687
66.44837494189713
63.91242062868041
62.00268791243289
61.58152028215457
60.42851046322347
60.04110015655729
58.115450123646134
61.17807609726258
58.29122450323858
60.84620583934511
64.26422693613499
61.39812411955005
60.388042753208175
63.826380989924594
60.78128188331772
59.89338556157024
57.82749619362259
62.29076686701894
59.028562515261434
63.64795387132207
62.89133249336655
60.10648211420248
56.890615533591436
58.53230223914355
61.31138412405508
61.03539060710695
63.4868452523811
61.693323802162055
62.00057033724381
64.43328703805408
64.9207937118084
65.99355803258719
68.3407504665844
65.26428591455026
65.93964420367838
57.62481163986995
58.629487804494566
61.78561136111176
62.906225977280144
60.950520121300485
58.247588147396336
59.138997403437294
58.37333731824831
57.759382928306685
56.21289570089646
57.59263498039256
58.76053515843855
61.872814823454284
58.95180054748578
56.836276289600455
61.73800998813836
58.00372341791506
63.80345080554849
65.24234854609877
63.231879102260876
66.57683310998634
61.94616219751589
61.81581542881893
62.944863193543995
58.61952673398953
59.61181644691038
59.605893770681774
60.840912810810295
56.97371281362436
58.632580921463884
58.11443474480288
59.85401402964454
61.38197437185574
58.27798870642662
62.48057552090241
57.58514828229538
60.19123063992497
58.19806488639947
59.30617411280371
59.19608758112729
59.86488486446284
60.635210460427125
60.9405036136113
64.98985610476802
62.16630267016947
56.3341765383032
55.543749156302944
57.40983830030287
54.71185449018506
51.85072072004421
56.35638575976622
58.51695002292673
59.230525506363456
54.960645610220055
54.01891676915171
54.72919716306949
54.83784581329259
53.74566693690242
55.09191210850921
55.883100027430885
59.32453835921391
62.03672959227986
65.8564443168537
63.014236961456746
64.64902711820952
61.75982330813183
58.24889217414584
60.35990867568722
59.596708169681136
64.6249099475704
61.9720608811386
61.52586940027436
59.300629031979796
63.637135079638064
62.922750133322296
63.4992612467963
62.4220928915575
64.57616359845548
67.12335999259989
66.47662498221132
64.84459079413838
64.87837650556695
63.58780676258998
68.06951499747112
67.89714688872749
66.75019213188158
68.16064460653516
61.17033304007132
57.662670454234686
56.156521559747205
58.82831489203838
56.725500702013015
52.836756265817584
59.622592977530616
59.65068058719767
62.92160461285441
63.833858532953144
60.955818506101004
54.18735222139555
57.68478972692556
55.90097613868997
55.11838751304471
54.07436870954192
54.47860190405903
54.705071945354184
54.92303617274407
52.448928470491616
53.75838087159569
51.96617986206459
54.699334835846436
55.87571218699381
55.659101394569
53.82317936221948
55.53008472342449
52.57309132551946
54.145539395808925
54.51667373745276
55.42482744845263
55.712077566308565
59.60096697202549
61.51903412867816
60.66274833346169
58.87190260381034
59.156023849885926
61.23366034356102
60.681938263754716
62.54809897512924
62.044532862662415
61.982697545535714
63.44854742005653
62.75804554119688
62.454627202268014
63.10075817343094
63.09564905082275
60.690306319481905
60.564639673582434
60.222333286177324
60.6232492920529
59.36091387891982
62.376943231751746
59.40751721611794
56.32435874452979
59.461606271727035
59.88986068579323
61.499445762047834
59.80045254970135
59.695008019524046
59.79904506190871
61.33294669307454
62.53134630046512
61.88026819937412
61.49236848129613
59.108045249706954
56.18744017206905
57.193684616499155
58.675686666583715
58.651646364403135
59.60952446567526
56.07927987216233
51.35868423997893
53.864486498910544
55.30511008019764
54.20762790675999
55.182029857918316
57.2718578016519
57.56310013345017
58.23312132868933
53.24388937975955
53.843868028482454
56.37746316954142
53.37460734171641
50.05239947319125
53.19701421011012
54.447935247184816
54.112955029872886
57.40182768715349
54.95671788924092
55.37656225231499
53.87550092422989
49.53230787994459
51.01097325983458
51.37678861874805
50.31737294939539
50.92026757462525
51.334612754047065
50.870015006908005
49.815820070633
48.85918575085045
53.178849844676314
48.46482255966277
45.82402451182796
50.01744215448829
52.05512166395414
52.526450303239834
52.6358441776528
51.0113605984389
54.17122635021842
53.95731141999178
51.96377437689896
51.74348174604682
52.918893055272335
52.22281676430619
49.74210592963393
51.2378847668441
49.38884708975207
50.13339852670524
52.46602484078428
52.81907909355639
51.06298763919427
53.206838408407584
52.98794177382076
54.57358639091559
53.02245970492933
58.10491210640539
63.196915219973526
58.782929229659864
59.156857734923854
58.83779813293964
60.423260005527354
59.35212980166486
59.22037951904265
55.43702348219236
56.579643428366005
55.72631498254357
55.19881595558015
53.029861441449505
56.69147225568784
56.35783600585953
55.549004340707995
53.74293513921057
57.09100578375172
58.32622828356507
56.95223712577026
56.65218733794857
60.55508008015393
60.77342973131511
61.32464965366102
59.545165833952076
59.1117650695301
56.65586130522684
56.059293320670115
55.85382833619571
57.959465077655366
58.92635941381024
59.597065466639506
57.614166362844706
55.67676138689758
55.346367246319026
54.332740242813856
53.19530371573381
56.004494617371336
59.75427023569964
63.16004985318539
62.37812309851468
62.383593863272814
60.58807533740317
58.985585908068536
59.062746212852396
63.040407244753254
62.574157611602104
63.92979224412007
62.651078289667346
62.93418191075338
56.69017720346444
59.90867251031166
60.468148470515025
60.840520390782366
59.136677090671874
59.88325690009352
60.670842848031334
60.098060546081655
59.883625946703454
59.86570532226629
61.39691333151402
57.72545733120924
60.93499765014611
59.897364058865065
62.99441615755657
65.16056035920849
64.81143344805646
64.28221431939465
64.38874874511944
63.979438520856164
61.393138931389565
59.89356694599415
60.469643588536016
61.1109204345191
56.8778254750192
57.61079171507524
56.30680949091717
59.31615647257786
58.4022376490328
55.98657478226276
60.02577235889576
57.68127890067955
60.20015721353465
59.82147713809472
57.9503909470439
57.585169642544116
57.695380350941775
62.21529751107737
55.52581347676205
56.32209464720631
57.10879821834143
54.886895628310405
54.27158746432399
56.172918469440255
58.14310025778019
57.53954327298321
57.01159177534977
55.468312864376806
55.62554772371161
53.97660409088885
56.64405040035174
59.23201710135922
57.519972735119026
55.32605413236402
56.83644702724148
55.76882832488023
61.34937242895907
56.96453124498359
53.31780408604927
53.34743777205663
54.15316122879676
52.84510330181277
50.87949731551637
53.936807268898484
54.059727357589416
58.635037969936455
55.36983056386198
50.49171844806388
52.444714171714296
49.957899432306306
49.6275617097684
53.151821600326706
52.80024312901043
50.43982037787009
49.150537561557066
55.831772688881614
56.885622371259736
56.34039163800133
55.58061566409226
55.556829364093
51.55741058366728
53.949955901736956
52.20160219179019
53.25120019705667
50.89300649713036
51.5603542944921
51.75221882183485
56.28109543474009
54.18877689103874
49.616407432826584
51.04793401353479
51.50964349432317
50.764525941634254
51.42080078702962
51.77997504727173
50.76710937601167
51.05557031103572
49.95318760233291
50.32699770015324
50.28728271458526
51.75686652686647
48.97828203312475
48.70218888639851
52.36438620686571
53.49926293038727
53.424722784169674
52.9709431607422
54.457072534915625
54.622234257878205
55.57890304302924
54.002653010499444
55.52065057234666
54.168438092834116
55.82363525845365
52.496947085746726
52.74419226732303
53.501315776013456
54.41078551063885
53.06546215991268
53.95995986050544
55.37069136420352
54.36212004316176
55.99069007321203
54.5767706491842
57.6568099974601
57.36701320420489
51.7042292683355
49.87458398654213
51.825593843289646
52.06435374267537
51.620473263615274
50.702827351670486
52.245702979720626
52.34313969102279
53.41261387830551
51.9274790764012
52.5152507805668
50.83848771822335
53.3493978476904
52.92847923652493
51.09590925585307
56.226218298039065
53.34230910440774
52.650294720500234
54.58086158761594
57.260759384370665
53.61280417554249
55.03430108853107
53.68086095885754
53.695906261901655
54.88546215877202
54.25901288030349
55.72053412982436
54.645686160068756
52.056582397257245
52.035597519021564
51.772430407181766
49.53641926103544
48.53723102055063
51.780141708595195
55.12782308652886
53.930152582149546
54.63468741068296
54.00965846278272
55.45575780210701
50.72034554698799
52.280333011996554
49.691631618570426
49.13071174882323
47.139456305235946
47.94641762403781
48.71153213614807
48.48380792115752
46.79565815276322
48.17913429809882
49.57105757901174
49.374545922844206
49.599922593992375
48.09831742020642
49.30171204932683
48.2392748777199
48.27840279342733
48.04398221742983
46.96359355220551
48.22877167868104
51.08111064125399
50.00157277971363
49.1247296200936
47.50856743134325
47.961446083847456
46.672110587882436
50.141746499795254
52.528275119674305
49.98671862757225
48.7731459846269
51.41447746618779
52.408677872981336
49.561744920295595
49.822763394998574
50.829681311929136
51.73942535395918
48.40183435110239
49.29417971558916
50.459915498257594
52.898801360793804
51.765761899507176
50.876482900749686
48.951883596544505
48.89180413997101
48.32124224267796
48.85991928951477
50.33603733390609
50.7830634933357
50.930330572334555
56.637189960793094
53.20061815021561
51.45783191971906
54.25505983441668
49.0232532949708
54.652458354057956
53.06134628851149
51.95900536285788
50.36722949936304
55.16146816953963
52.21643300689173
50.033294657967126
56.08840767513636
54.98395728134799
55.5678163554975
53.20872813466531
55.00238274959443
54.20607998780322
55.290705480252655
56.819073586013445
56.71199123104891
56.586845457873984
55.21399953176629
57.322741389357525
56.29665237274712
55.6876887195268
58.15721201778852
56.05265082258717
56.2925126062777
54.338143783718735
52.54432972381565
56.68298619714934
54.74709047085074
51.724356193083985
52.347296090582624
54.89497276933852
54.31469195254933
56.2236160633754
55.21419924106833
56.45958473193593
55.3726341284503
57.579093237812664
58.51164616325441
59.285464957326106
57.90337342222667
57.08829800325406
57.51089836907486
55.5619070661751
57.495670346734045
57.75808615714448
58.6626751278679
57.0105063852769
57.773867641126074
60.168796954323554
56.181059674568075
57.051754571973106
57.22112226731035
57.84090107086058
59.618262045286755
57.990979633024935
56.77202134153481
54.07905882405537
56.32052477158932
55.05764985100923
54.619117092617024
56.60078501285936
56.9183412353139
55.89778092747943
56.731367503716484
54.0182656266083
56.29493963623714
56.39027294514609
53.7633253603907
55.31498957011747
55.51829181444557
56.991783827964845
56.075770044621734
53.89819602996008
53.62779968253439
56.962843882295786
57.15942997626284
57.33654168491675
54.15601872444359
54.30949593083044
53.09234547742461
52.15202673927037
52.33805752387908
53.45114569648804
55.949695152453735
53.03351583596522
54.42801520921382
55.7402442572386
53.92628396161181
54.15488849689012
52.56432146670591
52.89958009117738
54.50948524396811
56.43512733146472
59.49199857176327
58.968191687366044
56.2422926250692
56.3540138940851
60.025773228972284
59.84032024312416
57.57545112491608
56.66886143433096
54.245273495029885
55.5105003397994
54.392434843071094
57.509550696062476
54.826433159424134
54.20952697053088
55.61700950857221
56.86160754655044
53.48474571551667
53.844105159098326
52.96965786677246
50.892896366730994
52.28715399768187
54.47521448085377
55.64419932649701
54.42742761594011
52.038495448720504
54.05339631713534
52.53662971009375
53.928795381997794
57.38024586203282
56.90337581637235
54.440637817458516
58.050625847192514
59.006952222369534
55.3262758946995
52.4824359187441
53.836760070195766
53.07560632460201
53.50081989074663
55.91854720177876
54.48942252469613
55.09096990212782
55.18072753015871
56.79490970464563
56.282218152909245
56.52987869985407
57.53901504997908
57.01880941580313
58.03576231108313
60.503275358559094
59.3780773267928
59.58499341881181
61.30051557527255
59.91097538516587
58.80913182657382
58.479650127771365
56.161508308525974
55.67598167087821
56.30262893396118
58.18477830569825
59.45541848418277
59.59452440183782
58.269276677951986
59.45503164128509
55.302982911078196
52.72301591983342
50.8432930191651
54.08405314732622
53.156590078639944
53.00222075853262
53.5237165448841
54.03310376837287
53.962624236910486
54.87186386297179
53.66043189384523
56.790531822923924
54.39433581873318
53.30880741214709
53.826567820883646
56.918243236543674
55.470178904141484
52.732073382086746
50.42139596280813
54.026877880294
52.19367406806139
49.46493743089877
50.73633830591381
51.785649304862055
50.884441036061105
51.231515270237736
50.63048450446873
49.285749404272444
49.993251951220564
50.66483344682626
52.468267909963835
51.13537772723992
53.36623646046317
49.72057062217193
50.18075363246742
54.517567869737434
53.03619984747707
50.67573227145889
52.93446037362915
51.72043919590291
50.08526738233332
50.3354554051392
49.64442454637134
51.554865398560786
52.2448812013626
52.40654612072369
50.703344069117755
51.16653747908939
53.19568149626859
50.52454859122506
51.619008056322926
50.06952868515627
51.392544925674514
53.076961875266605
53.67894985817072
50.30598147635132
53.12459405144477
53.517176640268325
54.52585221429176
53.787387543522854
49.968860438861924
52.60934625619965
51.61251747751508
50.803361138422154
52.039673754135016
50.3513509236149
51.18354223972112
51.894329071731256
49.45873306050047
49.82985238545529
50.429093524407534
49.93572071640758
49.60331290190642
51.918891344547426
52.457571355037416
51.44016206344748
50.86530533988175
51.01642555762785
51.903970716573276
49.412153150157025
51.74525875090922
50.11709386935991
51.438365392268295
51.66625986507795
50.00755634844889
52.420274244745706
48.18679853423604
49.47629760491404
52.581923612547705
50.195195952014956
49.05547921448884
48.81895507453704
48.87482274513251
48.27158403987891
47.58612092221217
47.261301975183706
48.66899379490249
50.439142381401936
50.13948235971039
49.78693687094865
49.00298297266957
47.814729131614605
47.65734103605109
48.35364004849108
47.23826169553162
47.86008743776159
48.71616493056056
47.76516261661075
49.748717875094314
52.604341479338075
51.70386304871343
51.93098745003942
50.23891643703
47.97672207141041
48.39819007664439
48.54070570968011
48.49052548946649
50.517629343252956
50.13739491463537
50.5756383544396
51.036940731331214
49.12069532317605
52.919053355962795
51.5165695953509
49.83208650369279
53.095743578361706
52.202056728049776
50.318644063280665
49.4852585650955
51.79809921861799
50.10065752124281
50.88782682536485
49.490758871589485
49.62441797825173
48.55736490118283
50.903200886765156
50.60096397256624
51.41933569870649
50.691901808525124
52.12834957256211
50.97795523610659
51.145235447613224
50.72370745302396
48.28628945461769
51.055822812478006
48.380222349238046
52.13569918106991
49.05010029498739
47.36875960517925
49.74167806427311
48.97843033094881
46.99267402368851
48.54133468922917
48.531865514493745
49.20996744232925
49.1771691390551
47.204105402805325
47.982170676606856
48.81685201046951
50.55515863274351
49.21720824290494
50.31895466201455
49.63997033101564
50.49750366355377
51.380571338753334
47.96235376566525
49.90154957308244
49.91044509773397
49.66741560424135
48.870153610221976
50.188600788968145
50.378623708638585
49.31276032477833
48.557632765130286
50.3155621624286
51.69161409138493
51.31834371524057
49.5938874757986
49.10123335580213
50.94221932681128
49.403384379456035
50.63414330484743
49.02495830495495
50.142922984493545
51.36623243013357
50.62526596656507
51.461771060854545
52.87654530225933
52.12750578048407
50.273480007137394
49.36449232967701
49.100246782415525
49.01634003274321
49.07803368227999
49.05195265806193
50.58563130309086
51.44190012939482
47.58669063698214
50.93109982506965
48.30616393766164
43.814803041979765
40.085966296727996
48.645343345904614
46.6150474398727
44.4385368757017
43.27284012759579
54.44470680802211
49.508262194777195
48.44660610789238
54.0051686406307
48.25918305786361
53.90904375495042
45.943531412917565
42.676965389319804
47.25415379138514
42.48701279881175
47.444156289717114
43.67523155129109
46.920326484784745
51.108633620418566
45.368249696232105
48.06614827046695
52.606276612570106
48.409332682034325
46.256896843283066
46.793185341856805
44.37745319289016
57.210602221672744
64.243081047153
57.80441374624511
58.699522221317366
54.93101618080034
48.21233108756548
48.294516738178245
50.49945184120156
49.000100943113104
48.04645778836262
49.682782168188226
50.02677934170222
54.84956990084237
52.190800693076284
45.27361838220644
49.621498049412764
57.464825115076465
59.26849301654341
55.653582816020226
56.359333331157586
51.51283021611171
54.914513318484225
50.83747076756051
53.26784879670171
63.5479439480694
61.51422503357204
57.837023674289085
52.196250237027385
52.563754419716204
49.58692619002808
50.87197848024605
57.3437395506163
55.86887283213839
49.53473890407412
52.52086364338512
61.712483639704494
53.09807902051969
51.56568585814204
50.477719210982926
60.986283968036695
58.757603116399714
53.939675801422354
55.50339835625067
54.69904002569043
56.72979314064341
55.140130965609096
50.29760709951659
60.36981584833117
56.42100915752278
48.20473555864945
53.04088454596509
52.169368336245626
46.086219554792606
42.76719301705762
55.04592785262058
57.09258916417588
52.60857141138991
59.341708633578904
65.52916025700954
62.139790285149466
62.87593473298317
67.69727896224995
56.07497397337546
50.37172598642528
55.68722859397692
60.92491192341539
54.76655334418085
53.73095793378032
54.74121900915033
45.02320306312009
50.795612373402
48.66037667680617
44.574987750644695
45.867224444806155
49.41296155924805
58.00913978395178
58.19590451096501
57.69232580063668
57.464593294248935
58.939016253323516
56.881356356792786
56.763222395319914
58.976091473717226
60.64087036152446
58.17362849636762
54.439381522304764
56.56121339769986
54.7165254585509
55.90389029454127
52.750617989613254
53.61281134986049
53.23437002957336
48.95127790302542
49.760007918099454
48.940233460641686
50.053365353267985
48.76134658091676
48.925174288480356
48.564481973202355
50.83296808597201
48.83638025525664
47.874641060853286
51.663495129697004
48.93010062642994
50.22087598264644
48.80536352139655
49.31234628019726
47.61877476080761
48.34160931172992
48.42100162989871
48.23614355205891
49.340532972913586
50.034515854723146
52.00444002810592
49.14866375442294
48.901850076232094
49.84123338164402
47.54304901489371
49.12529095184759
50.00113206862125
50.264342883182074
47.583770197327965
49.064899290955836
49.72767159228501
50.63267978057644
46.95340969182618
48.31384544622679
48.568007923959996
46.674966981882356
45.433382796486924
48.695362120985166
46.82249747397087
46.966022088771616
49.367921528802256
46.75803882912296
48.15090020665875
50.44711127836021
47.18065211028434
47.455311728975296
47.345518828328665
51.494345843278005
49.344081834252904
50.73401415750067
53.17965927123616
52.01856875426869
50.09288556535001
50.76195668398392
50.624273941483686
50.710255003675286
50.22671290286084
48.33852612792689
49.50437793978742
49.969540883356906
50.389613333016925
49.37227445457663
49.49296406923283
48.751804340312084
48.62842861374511
48.39433285412997
49.62420044524438
48.571147102290944
47.6258684342561
52.72624408188029
50.47661963998807
50.91247287186706
48.97876778466234
48.48253226805944
49.12106029521597
46.97898723215609
48.9661277507353
49.46490367713033
48.62291490403255
46.85604979212609
47.92646034420603
48.30362985992162
48.13318419103076
47.585290901776496
48.66158767116421
48.13428578128591
48.717427910435326
49.385309266446875
48.49549384108495
49.029092363874
50.5133380063702
49.1787539070538
49.82024272081983
49.13768453309007
50.32434874030153
48.961419743242075
48.29042440930336
47.5548072174082
48.3134958380511
48.757198168132234
49.14437984265663
49.04150341449118
48.7580815978876
47.0141052890914
49.50604586969608
49.391661257309906
50.843855353233046
50.80799390094317
49.491679872979546
49.31896875503249
50.265040102997325
51.34386966575434
49.10039272449876
44.88869191042884
46.405692202349925
47.3798222247988
52.479524872567744
58.97860554930885
59.51595869701067
49.61788654154409
56.364994945181245
50.97296611341248
50.691725423819896
49.40299648541002
51.515906844640774
57.3712314271323
58.55572845491363
58.593547341971856
55.19518654331494
54.9884054303855
52.806703265912276
58.855840467874884
59.020088083779555
51.87623045651093
50.00226432690529
49.34140808367409
54.08386606722881
48.16693865457604
55.47218748531084
51.62411814996802
51.77022100845719
56.84971004350111
55.98815624897084
48.60632521883651
51.78331482835169
52.29277406236536
51.62510584530759
54.8588290267105
56.66464601028748
46.860299184352954
54.307809460893424
61.30403069516351
58.863538358804696
59.754316312672934
58.9033913948245
49.56565940185354
52.04914996502394
51.80711347660625
51.03820726212698
54.3187122813108
51.528080414445746
51.512926453316595
52.18081060670377
52.058114109084414
53.43920639586664
49.110216810900795
49.32674514678089
50.0102719595974
50.55087799197776
42.99390310798673
52.945674742183094
60.5217546615884
57.36961087836714
52.74398392341138
56.95324384736537
50.58823167159423
53.34761705614431
57.25012109691419
55.24444894958402
55.41132587622678
56.79077828438001
53.254989889317265
49.35603950016119
56.97323822709909
63.64700425572728
59.477645111632704
56.194965631890064
61.863693249854585
60.691753899984576
53.56863566871225
56.14780933261258
54.46421721424473
51.80209515059904
52.22183404788996
59.89185330099428
54.308169621248226
52.24845398329622
47.19037037631477
58.7713837390809
50.45170701711242
52.89724515082542
57.675906191689755
52.43054381861485
51.220977817271795
56.08084092491215
54.773927309367394
45.22325669352151
56.80737109105825
60.08795047047806
52.4312534299381
50.95056854135055
56.009516582903046
58.92385589632142
52.874703745027126
53.851147573863294
57.02927167611911
54.47252862747302
51.14851591771909
47.596767125335624
52.73131175029221
52.51763405367885
55.92382727978956
58.0583084399317
53.78668449331881
49.615813632181315
58.35534200735661
58.21195164206808
58.83469988359739
60.79491199794814
57.6434032929088
59.106612237812584
54.84037487812257
56.2358888793336
51.55766476308121
48.78319628540822
51.928870692025136
47.42434261716085
51.1951159437185
49.640827593455555
51.59819303650255
54.83027065778855
49.91685064246809
51.07856225059109
53.34236813419888
58.95147802375423
54.84992330238547
52.89878249332401
53.95595494478039
55.32095323579944
56.310692570554146
49.5847926724843
46.79170932812198
56.04484560956741
56.887792314713096
51.479184606159485
50.92728306364317
49.39667780360946
46.346292240010186
47.39748090411639
49.902020091764605
50.012362325941375
51.19749723929745
52.10493118473574
52.01730779414284
47.03883678959136
51.10812617695657
52.634103327422125
53.07832411976116
60.58143275059863
56.261860856521906
50.661981174463634
58.50877623180579
59.91142453026796
55.89189166258855
53.00694745031638
64.98055529378755
59.23012133450909
60.05003461044424
55.85143540493619
56.45729831835595
59.05203663675384
56.19888935197508
50.9354376532334
53.57732127021092
53.841535616154644
52.437838550005324
51.27077968069725
53.12821532895522
53.9550534946856
50.985165971072256
49.06445885485038
53.73135718695355
48.378468282873236
48.999021044625735
47.71747492939699
49.01669252870854
50.71580173739386
49.434159352907336
50.094289638990375
46.594395130303845
47.21051535905605
48.63363665229339
47.17900986644398
48.137774746427525
47.445704231753574
46.70407965840797
46.44446583938459
49.429231647554225
48.73789996361351
47.55980359618211
49.821803911363276
49.96673874309703
47.422699079158555
49.45447234112829
47.937223370312225
46.37159077610379
50.72284330449
48.50515732803442
44.99026043870644
47.40636355775383
48.74296790455261
48.66207078190438
48.16664765194737
46.24025579989093
46.23098093071845
45.8862358048675
48.012340986470065
47.16138006488103
46.79974593931333
44.38991708559754
50.55209288255775
49.496231930371906
57.732920517918316
57.40185166377256
52.545726215369214
54.93208695849753
53.63632903778785
55.73311155462184
50.98102587082718
50.4147998517599
55.30105161961979
49.4469327522103
50.91647050291249
54.86718314931419
51.719292224331745
47.86053987584302
50.68373170872179
47.381429502840895
49.29015135670312
48.427158302942
47.305699865353674
49.49479432006241
50.775214238226425
49.463507240961654
49.25171339956194
51.04724747125436
48.70130233571999
48.53290480863558
49.85719275556733
46.583332458583826
47.13980653634406
47.0915642931113
47.79232233194469
45.51261591377936
46.98093245154415
46.05520204428926
46.92599747107511
48.0125768344803
46.90963662569149
45.59185540152017
45.22742908675762
47.89140313258401
48.856805199410736
45.387277220048
47.077363407543636
47.92833746917513
47.22635416070898
48.21473052903841
47.294441820714525
47.59985900858782
39.66513129791971
52.269617827338834
45.68394089385234
49.01026280557555
56.32621797559961
51.80520773898621
54.022036582927896
47.7943960540786
45.7988439819702
52.75632589968478
51.54962603190798
56.14865326313287
49.61108016989542
43.464340006054336
51.29766596605261
52.57067868417605
60.48438739734082
59.80721505449988
61.872879606237824
56.088220318955436
58.44374261669763
56.6082005703713
48.63313108978033
50.29419015524207
45.14811290385836
59.508091126483066
56.460297395076594
57.30401786114005
54.98920913093313
55.60187996394046
56.525693442122446
55.04706762195221
57.96196350491488
55.60028089824611
47.71450599357042
42.49267348175275
45.904654991951354
40.654562265260445
53.023975809394514
47.126220236320044
52.371783132711705
49.52290271423492
54.86395480552158
54.37000910691182
51.5636441270191
65.79742789725074
58.177102281846786
52.43132242503762
52.565982220698906
48.62608062521054
50.26515320075869
47.51039755911872
46.13244822887769
60.213386532459396
55.884401262063996
53.48571758852079
53.63062292922791
53.389527262281746
54.31490083499793
52.13650442985854
60.43004265602064
53.574440877282065
53.73390184491629
58.48438647608978
52.72002938793383
53.19733103331886
51.57529493826428
43.93371681625081
43.80656141871181
48.264711697230304
46.64822763093623
48.683990016176175
57.183465893958974
57.63156515753176
57.755981445130104
54.85260713623738
54.274696685810305
50.909207350554674
53.05757919582677
52.331537681623374
47.701081083810024
49.672566844513405
53.88651173294918
46.01956565709056
47.65089507605128
47.85846484876922
48.08889716884979
44.58101159973964
43.30014304746896
47.83896077832362
42.54647295066157
46.62611472573758
49.55287851170063
42.17257019122218
49.894348620751295
55.21913778942651
49.21337281889802
46.161234603894954
48.40984903862283
53.209085790144336
50.951896849319155
47.72711307116717
50.13088321833688
47.88806722582258
47.6551936076916
48.71594240405836
47.50029467606817
47.52174930880943
46.73654374096281
47.01507067666849
46.07678949694503
49.23371112936802
42.776101392553656
44.06101515041912
44.295053984889634
49.24792636147373
54.54063659904004
47.93657577564103
49.77348838888803
52.8140305863895
51.802476431679814
56.05743825926291
51.3737737101125
50.95472526748367
56.0364955892467
51.02302227724727
49.6697121496405
50.67145288896408
49.23013030336642
49.89901048141581
49.57475625894114
45.9098539428387
44.529381816458574
46.05876856036362
56.43342467717275
52.00240274060249
49.22432338346494
47.29688346331008
48.705153153536514
48.500514546436925
49.91528191096482
48.92542820311623
45.81169049577244
49.23418221460101
44.55177263651584
47.09360062382617
47.06657248551512
47.8334327095766
37.82167134422089
43.55418551780456
47.1694159319262
43.374762566652144
53.03443580152494
54.68751260301922
52.62710226778897
50.580586155667206
54.31926121405625
53.192242701038765
59.38788439010997
54.71111668218371
54.0738213212735
52.49952842548205
46.543532153637805
50.507933056988456
58.94714836738804
53.00650153992634
60.05090117831574
53.965768331492974
51.706141501828235
49.16430844471538
49.040193546349165
48.78422910891605
50.56386520297276
43.879663510833694
47.092564781541434
54.80204456695472
54.9302400840929
49.59165843741202
46.811144513798034
52.59683584421333
51.197097000281374
49.23165320689757
46.40785551077692
44.99924359481234
42.620412683177236
46.16763701437818
59.27147433215806
53.79209813397187
48.231902961329595
53.6854228664803
57.03340989385935
50.93559727770233
51.81040337612469
52.262738800107996
58.57635384562282
52.84560484963107
50.6557908769203
54.486405186257414
60.41324026730285
57.476426193210955
55.48553699039823
56.02000496107797
54.80962836663562
53.02991525584788
54.480252088815234
58.121675810797726
56.10010857632107
59.386358593583445
59.38613722451319
53.01076529962838
52.09064185193496
52.46827209853216
48.95186803869848
45.72467857929094
46.55448799449969
47.2847131832584
45.38937252956193
47.27646407320501
42.87475081722032
45.2617259757055
42.55082710976965
44.437248229365885
45.03853035737261
44.69247095188571
45.31073210043824
48.273661452543564
47.73493849365952
44.04725373274238
53.50745268144306
51.24081928324822
42.732456609038884
51.042250305433775
54.20284493304929
48.41480261938992
52.14713709392748
47.25691156161688
46.90790607030938
47.91256856051948
50.21047369031681
46.34566981135967
46.7709367767746
40.864366352187005
50.27555675633293
49.968382487012725
46.914435999061965
53.82808221434007
53.90472607716747
53.204068316155556
51.57999587781849
50.75476034518071
39.945641125686485
41.49463906530579
40.87991363440918
51.39039042865157
48.087345157760666
52.61514077648906
50.54112791143186
48.81411065286189
42.83675951597301
43.37255098798187
51.90628918310029
52.69529072846396
53.90362366564059
52.27914100943661
51.6257982690537
47.1324538360524
48.34035781480768
41.07066713536793
48.29871125099804
55.26299471336588
52.05581813434898
44.25060855525064
45.18744477213606
52.3052508435713
47.707448557577216
48.81396662909657
51.242129012717356
53.048902852262074
47.876287450384154
52.33884325921595
51.54751007547521
49.658471073928766
47.91888997490296
43.55442949639919
47.70568040100718
44.1118312171419
41.49026502083534
51.4001475281288
52.72329901481004
52.40899499873243
52.3697101753899
53.87309412859209
52.55385536481828
52.75464501047747
54.29747244168587
51.49637768929927
55.74857458327574
49.10086368263328
45.81025186898547
45.81359694715643
51.588553583196116
44.68449783339549
42.5165546455894
40.19778846926494
52.77968529431566
50.624718078513204
50.26567060146284
49.204741418552075
48.157314229693384
45.57293791369086
48.79835870890789
44.05386174835225
40.79294283254352
49.60574405760444
46.93489188728102
41.76956157318439
43.238780223434894
36.67520689640798
39.363261329257874
45.05757384663867
50.16659701985711
51.14853589113517
48.106814889776125
48.569471811398586
47.22110485985604
54.964875557012164
46.38805944152013
46.06544294759485
48.73635418087728
47.1317315457615
50.963216691466954
52.36205906497779
50.57941724076341
47.47869466138618
47.446143148161326
51.426238494014136
52.56048260133709
50.717169387018174
46.503534372005454
47.72145895728645
51.19245288653249
48.32448471884856
52.40068897240109
46.96322996709036
49.552540505705274
47.31701358380915
49.75602480562147
44.446611279292135
46.47905722272774
48.51830099965602
42.47490499306702
37.81068396094456
40.97737427919768
52.832891015057314
54.97609834153956
50.713643700864026
48.17857636525485
46.192044153806755
46.911334462599164
41.96796911280122
48.066973959029816
51.386432206453094
46.86712296093216
44.269927408027534
47.32648250803326
48.26875037149548
47.57342095197524
49.92187613027638
47.84287708922722
46.404006209742256
44.09488713808163
45.03203819621532
52.63394111668303
52.33183386002439
49.644550344290835
45.45209036699349
47.091362871224085
47.31118031978842
48.91455281337189
48.615746201289774
46.285437597544124
46.959725732724586
45.584010999152945
48.386915271635154
49.69332081874839
46.43253507027054
46.86764506962773
46.24455832981972
47.43334098169421
47.57140202271932
47.36796020805363
48.61967034522
45.52004630442812
48.603961972441084
50.143502013970135
46.133127992106346
48.04040460973056
48.09250493682848
48.95534112562475
45.127791884551385
43.14659590083379
44.00563929743726
48.96543272292076
44.67829259299524
43.61711908851246
42.38276112444069
44.62414555105833
38.982196423653825
44.40258599510282
43.39945173488532
42.58836189056343
38.882404663019116
40.71805954497373
48.63455045911271
46.67271637522219
47.99322915262343
48.47002685193299
52.00535651318231
49.818972292334095
38.766746477296884
29.833854948917498
45.09532960497491
43.581189235423224
42.506912484410556
50.81371402990453
49.9624883019649
48.65103610010875
49.101500442661745
46.075578231768034
43.35587432978442
46.21883426241182
47.55080136581146
46.78520641864115
43.708341003640335
50.00988557873707
51.81006064810154
51.53847598719019
47.9224241053619
55.05935420227761
48.621010515681284
43.84228803282943
46.420218556197796
49.12257636872098
49.105840260268316
48.016344955096365
46.16328263189446
46.865730400639926
46.03760469783336
41.085461595615655
49.2470263953063
41.54605510684591
47.59931061648613
47.72983763774501
41.77509631093906
42.765207236263414
43.437525882028474
46.54305801292302
51.72713436330229
53.75487457767735
53.79845581740532
48.5683321383452
36.84790833501064
44.707127122090036
50.652057088349764
42.84141262389292
44.222550891835944
48.688630595050064
46.28174200454677
48.04636453779827
49.11695013165722
45.099358117269695
41.986119142822766
44.11398096744633
38.212288593731294
43.4460423663278
49.89690819615791
48.340625099793385
49.984531158201044
45.01467436050347
45.5938254481587
42.71214551649837
40.64050914757981
42.4232850009469
42.052248644515565
41.37026020076888
41.02154404885312
44.37023296646878
42.876335061904975
40.68741992739327
48.27372678797892
52.08042504879385
52.60353177267798
47.329686812926745
44.71938829027875
44.29156240298514
44.2550646468282
44.686186453038644
42.906683168488634
45.63289798855642
48.07833874683434
44.24917499642248
45.4330989058099
47.65534907883285
46.92078510262967
43.53022496880768
40.25859985210251
40.45062132577062
50.326760687414755
45.59216638840794
45.86869509849171
45.6869199746604
49.153114272050935
45.24898468623983
44.180310661410275
41.07417740258785
38.0705173253393
48.11739963338745
49.362038455837485
48.84478857574348
41.14939288381233
52.82747151884824
52.06321753725756
50.20818525836602
46.86916780488492
55.46670860953861
48.475003375287926
49.744074696680535
41.56799056128313
46.139172569203126
52.848180517747984
47.876341471159094
51.18825465850647
48.15363131950117
47.29465584851966
42.559459144735285
51.40209989222299
49.042848731425856
43.22235049825309
34.51890412597781
39.03168186633902
38.55902213398395
35.56257429292047
37.50364095160827
44.73411159908233
40.086220851337465
40.33699175173094
43.54640279801211
43.90704168210261
45.04118843093413
50.12981788928368
40.283749676515896
46.642148647566955
35.4625348470988
45.43666826248793
51.76991244028834
49.68099563111942
46.73721632625494
44.718367915950054
45.470496110060246
48.32561778140465
49.94390579838209
56.37917742148378
57.96627956629998
54.866287438636334
49.455573342919095
46.72213548172197
50.64320788253879
49.677912191892545
47.51712779551065
40.20475211280878
49.34577641393025
46.71368461654038
44.275829222540814
45.14799813139831
44.80163661699521
47.504674731564734
44.53624038300447
43.39663241189812
46.201590631129754
59.679676217557834
58.79638408322302
57.81483755891625
53.16006370057934
52.01700786112267
57.748272420767655
49.16968421664014
46.880993613991215
47.743907088546365
49.03245438924864
49.096718317071634
46.19040968369784
44.079179150152505
45.175872791782005
48.87171986189183
47.432873890344
39.53657799649421
48.20410575164758
48.82611363098609
54.52697932587405
50.04799929697511
46.74054837558126
50.78675150307517
45.84787488674507
46.74323759539388
46.10950793369873
40.760929005618124
43.64616870832225
44.57144061979783
45.463758767269965
48.31713931726673
47.45158887587091
48.007672745750526
50.63164717497573
43.956686117606225
39.38975691001302
38.75871008187233
36.3684662205503
39.542836732881575
44.718175324972016
47.25198757262174
42.85430905979007
50.88240290424177
51.700265932861356
46.86450971118835
50.20899485819316
51.23672788062049
54.42375896942758
51.214105156059794
52.576961965865955
52.936182889822014
53.07684362673856
50.60147895923754
46.474501042218414
49.73695859540883
48.35675168465479
46.04961430893196
46.549789788563594
45.823932427560194
47.97987671461362
47.84624515790817
44.29436909884862
46.36092630832418
45.47263537649099
45.72677988501447
43.92564663226469
47.88483945590442
45.82936540660032
46.90365550791342
47.06004075887553
44.30394403750911
42.05104930282938
45.84282182226776
44.37876434357553
43.831526151443725
40.295768198820355
34.93241994912693
37.625749725657606
42.23252166655733
38.04873904383484
39.87750825096002
37.67381620018035
45.21308414715326
42.43328183768771
42.97946527722952
45.34546808222986
44.79461892764101
43.10725530838334
45.850813065654854
46.967516586339464
42.3785055121303
42.96365155762529
42.5213084880638
42.86859974663135
46.265444431745756
47.39756316183676
52.12373420352951
54.01559527341926
49.36221651598309
44.470227535572306
49.76386826494257
49.86794368869906
48.21554449907825
49.399279087531426
41.461353611457895
40.2960557417061
44.15293267337085
46.72172071204948
47.73004895718862
48.42623905129387
48.67697728199488
52.73808330412739
45.035452643893656
46.048883147321575
42.494268472294586
43.199022324877475
47.70732801418323
46.733187609729505
46.34914787814145
46.95403056565695
49.997291764914536
49.70389601533512
49.695589553591944
44.84682219570328
43.20911897801374
48.40776176395837
43.765611171795534
43.23627197024951
43.515085375473376
48.825652009468506
42.8181045648091
41.40332197291153
44.66869412620655
42.91533278678945
47.862709251436534
44.097580786614316
46.02616109445538
43.59543582888974
40.84942002096475
42.292460716692524
41.19018190934692
42.221558349645676
44.70363196521612
53.02259519052258
49.93924923619172
49.436339417880575
48.19105470174009
48.553639400895584
46.813366830375415
44.69668603863427
51.366587874386894
48.71446339033757
51.210932796287324
47.966970122626506
49.59289729108363
51.640517541191905
46.70143151071199
49.37062613813137
48.019799226441755
48.08559020263179
45.28479215188918
48.27579365415331
47.43798544703268
49.973171794019464
45.31821748071573
42.27811902296731
50.34071152493666
50.57093203963348
47.115954996270375
47.00089246206283
47.19200570663027
43.07123201373121
44.72869966049482
45.51146661610133
47.52384516251007
45.426909087890344
45.7964389754582
42.42559744151478
43.99924525293509
43.03827051954908
41.75783331518726
44.113636354143445
44.3944594865378
45.308814628650616
45.84091973858712
44.44656476756938
46.23345843204818
42.36614933357231
44.513578984597636
46.14319257859195
42.93881464364335
42.09085903189221
42.81091060269873
44.560324206730684
46.41981876438338
44.92665300734118
43.603257335888486
45.74513692511154
41.41504400761274
43.539832784239806
44.19132307239537
44.02095187056953
42.195390269194014
44.958619357094136
43.682237656726066
45.121246749017665
46.75254917632847
43.03398957201106
43.96374379151013
46.31366102513053
43.768094001800904
40.6121332340752
41.76469294814994
41.84928637969297
45.43018357912335
42.03286864639226
43.23286265936509
44.0410670760032
44.82077717512429
45.247225537603455
44.32516053023055
44.40715548201051
43.205664945057485
45.88235824729456
43.88569200342912
45.86932732513225
48.5372596264106
47.32072784195223
42.37277487013751
46.49793080885927
44.02897511786733
42.51427178758097
45.441389844532175
45.21480185275289
47.11108705081877
41.62731563284689
42.060988836266844
47.918615004490256
45.000244056382
45.8033321851883
48.579066595632895
48.47890045095477
47.71590784447349
43.80738949895076
45.170024736092266
45.145384072383806
47.38057410082043
43.134042876572074
43.045798764162626
44.42081699182234
44.26718997054705
44.651117210132014
43.463575662010754
42.95236006634768
42.90829597642631
42.93019513629861
41.842849692752026
40.80794542047559
45.196599087256224
41.7477242704099
43.21910328895387
44.15848913012123
45.871311134063625
46.88643275522077
47.61487479700843
44.30776500067275
46.21289638174114
45.69503083505644
45.15822619167053
44.28868729703872
44.10349560584334
45.29532334112138
41.036073457861505
43.1197070924651
41.52577295180721
43.60783768231844
47.17917752066258
44.08178351660385
43.40205212060689
42.98926364411311
45.38668918601115
44.76557411991511
43.85701466353939
40.07590502762264
44.30506618505011
44.29364230956513
43.40599234721223
44.612611656718144
44.24144219730089
44.981280161727774
42.96738635023693
45.8010081747585
47.46308082847245
43.88250719313797
44.36438841131293
44.00537532774537
45.1948144167186
44.682993863695856
46.30034475356406
46.55016139375477
47.92931887188586
44.91714602952297
45.68753777190912
46.855758489784
46.08366957804801
44.457614796971185
46.22627885816006
46.88430128546061
47.357096941978945
47.40174997185705
45.72427885566105
42.65156585623763
42.80312524202434
46.39530086400848
44.972639427847774
44.77068827365594
43.67809309054577
43.42911084890702
41.71501389370054
42.588566474363276
41.74913032534354
43.052691184486214
43.203503073355066
43.390739851128814
42.47068478326075
42.7559749152613
44.71186572194114
43.246087683273345
44.303648255846745
43.4167609672268
43.11064043970293
46.43779955394246
43.5201751538167
44.49926593714154
40.294967937370174
44.07554966633188
47.43712121105248
45.04804767049871
46.441051235885226
44.38863576027536
44.27307192497742
44.878069048922434
43.47748042649944
45.36791036906785
45.51212334944424
45.04223157318016
41.38364979164557
39.63695602002389
41.74888359031058
43.82861284834653
40.51066836398698
40.36339373443356
41.3164544388809
40.90975924343532
39.63774009257285
42.96339239323255
40.37803403463448
42.104541135117955
43.89408043323411
45.83256304111732
44.06914853130069
45.29788838049656
44.307467552302576
44.465814370200434
45.17699445025992
46.78925945314937
43.25636806554028
42.1899966177229
39.15160499569946
42.863912700105374
45.03707028249999
45.334270440980724
44.88991172610502
43.797572904320475
43.73435875228184
40.243660090668236
39.691760069140784
42.732769530041104
39.241969817343346
40.59324291382052
39.835887909558735
45.11447415231564
45.690398625930555
42.15492452186751
43.16358279554172
43.15754506653579
44.96631841196329
42.170379924988374
43.457967962732276
45.161518143336714
44.189429146055254
43.78474769926592
45.319714420351985
41.33728046314956
41.47750303179217
44.28615386070631
44.078542922820425
44.290746035496674
41.536024118770776
39.081338742168285
41.32070101184445
43.02870814048436
43.310751149027325
41.50914209366787
43.07234484328917
43.25594702554101
43.22998239526576
41.71651825555717
41.99658246515103
44.083173703931244
42.18701879750549
42.13963424296986
46.23811744589846
44.25834555128166
43.98127631377724
45.69063412693964
43.668364780600726
42.420518440129634
44.09521968569646
44.57255290818402
45.79676598273431
40.25815670039648
41.441443831098624
41.06360475333418
41.23256639480184
39.28222068635856
42.594886156604424
41.557638038345786
40.58265442134805
42.27255012752878
43.021653607509414
42.75436757645674
43.19499800738717
42.78801641512622
42.11376335024715
38.48302231868018
40.67345644888446
43.404332858877886
43.101829455814304
43.415043471110714
43.1477684582452
42.74257459869688
42.500475704066396
44.969272583946584
46.477531818152904
46.3499617265921
44.19408529238739
44.60400284036512
45.02933173329403
45.019039119189046
44.93711938638551
42.88087308329721
42.88599447647843
42.73539922775892
41.49148104389772
44.36676101133598
43.38841213643547
45.490599207075135
42.42347818548608
43.12138503928252
43.7424825722706
45.71129149965346
41.286230216688274
44.1092741410581
44.39076783987919
44.47388051997918
42.79157750663437
41.699481481853724
42.41019541559392
43.26862140446119
40.88389940797763
42.38142846881261
43.72575757516401
43.207381889678
43.606014139039736
42.6525846764397
41.61721550155767
41.37089482200758
40.815463714358174
42.06170604432611
41.45588577855865
44.31801102635429
45.88324274139635
45.54752728672354
43.36865655384634
46.21302445852811
45.23685108509955
43.14242709738886
42.36009797872408
39.77182243782666
38.8974811531618
41.38148703940854
43.77404597215464
44.325972400995745
40.14641602454838
41.5642104288211
41.38525793122117
40.47704566586071
42.545676813289475
45.12230900699878
43.723255760788724
45.27332061553965
42.373847659092604
43.42096812990998
44.845025435067924
43.88994433082413
44.589279026738716
45.97041771798189
46.302014726752695
44.322125148621964
42.36666332528869
43.10989340620154
42.39747844049921
44.994576164834854
46.291362754744405
45.852023730918575
44.64090299356119
44.28156479217964
47.16138592852365
43.512652616056094
46.11927970791031
45.81878700886714
45.72472842711907
43.28842943098871
42.593574953773604
45.59779013796678
48.35544495899447
44.52523852279315
44.754415825268296
43.04818285047143
43.17202410052197
41.4130125112888
43.203191518800274
44.819710471834526
44.349872578033086
46.62318076126317
45.74200911004313
43.27335156884118
42.95435460856759
42.52761484745321
41.790330616957064
42.484062352377485
43.2913256021912
43.89007880296513
42.60480408572569
42.12284814229159
43.31464164299291
41.81802655613436
41.92274274950383
39.17546451723403
40.523423229554666
41.462795834677635
43.00796967375358
43.99641611815686
43.69764206654503
43.015639224261285
44.56135885409776
43.46636514331274
41.74543512013004
43.56680738883519
41.700909097500656
38.911804788639756
41.93756185371307
42.17236606681784
42.091264695364025
41.94814216302334
40.86533432711122
44.56741382332484
44.40838478976633
43.56761726252053
40.57436549267252
39.80726087120816
40.9650059558399
42.252666332960835
44.39970588365619
43.14631013991609
40.007864738938096
39.68376289257958
40.66521600997593
40.19501279107894
43.58897867051934
43.067854090965355
42.63090511889046
44.09421666536703
43.239028686629055
41.65512479403571
44.746920139717346
42.723201066733644
40.84360343770637
39.68243587617986
43.608360035321766
44.00148830784007
42.60969481758795
39.373362521103836
42.826077352060636
40.58004842441002
39.740282452791845
41.94014099143308
42.46520443837587
40.358088605715615
37.701280315695165
39.510606277654745
42.59602349419865
42.17595156448167
45.07751896365548
45.14108036764339
41.46103363703632
43.143838479552215
41.38858740051621
43.664431758607535
44.08914199864957
44.84411475356711
44.65132504803007
43.71018769429301
44.1487578333909
45.404417387661255
43.63964889009253
44.12829248741131
45.43522981920225
43.830845005795744
40.274513003575464
42.60614136414031
43.20792325370391
42.24523252786991
41.04242159082046
44.409637866150454
39.94547466792339
37.757435245067704
37.49624262307512
40.58219229675968
42.745870649157695
41.634656473810956
44.534197548401174
46.04778004350705
42.284572296615664
38.342584036702185
41.78000233034413
42.68627879099313
44.16350776406885
40.51423017439456
39.65772442581507
41.50770913751638
37.20302254753776
38.08369899521792
44.98534172480624
43.008510382899196
42.57096755398352
45.11279734884091
45.50895096003406
46.441527240788034
44.524519545905214
44.27278102126198
39.388202801591994
38.54098088428726
42.69332346276798
39.02671898885116
43.217610773539626
41.19542742017257
40.03517420850548
41.85528383888546
42.64504395822882
43.52805613206754
40.59195943903896
39.65486173417471
39.87096926511268
42.39410701098245
39.49322515955592
39.30241392264674
39.25525703887759
39.716687648224834
40.41303453773663
42.57294545764898
41.60225748330549
42.53112004375942
38.8712256499216
40.22889159627277
40.86185751301921
42.23999454188492
42.09798326989724
38.54845273667817
41.570929048423785
42.55662793331424
44.201594687587075
43.30485517154988
43.55735360489472
41.48562179182698
42.309216042864094
43.417534497334
40.6691053577052
43.286642620678556
41.9739126185705
40.388523182881656
41.61311693519857
37.76637527898885
41.51848881406957
37.50137324939001
39.05935094891539
41.58084783650526
40.72627950380005
46.47172731547418
44.91261896410801
43.71749136529027
42.640185181645094
41.17912583113091
41.23882317078544
39.73858601337183
39.38007740350951
39.56483691344135
44.7735173763894
42.82655046948479
44.28894860278699
45.13373404928514
42.39947481417876
41.50634343345992
41.99201508899532
43.387384255561955
43.35990104407952
40.97398608685502
41.84569818568119
43.25789060853381
44.131973912855756
42.49485615031106
39.90220078918595
41.78437132178151
43.04060838949789
39.842147121033186
39.32129435565991
44.64220289470826
45.15359565812972
40.80886946682501
39.87474550754639
42.23230542512156
45.72513288281457
43.01681178778662
41.09084081561865
42.57171473136983
44.17483194566808
42.718660307163084
42.131145051353435
41.48908900777279
38.64577848611303
42.1921345768058
42.78439969309966
42.94391246032794
42.36043650007068
40.11162912047869
41.17827709687589
40.04565614790133
39.413072203880304
41.16741636608931
40.93396423286785
40.965389476859926
42.740707265058624
42.31809240465432
41.32578870267782
41.61530529832933
42.39781008982578
42.52800000892225
41.345174781051604
42.526531016016534
42.56758257394156
44.53161984452394
46.315935535357745
39.33507765420418
39.277619513726485
41.268433513499474
41.54773697985167
41.993273825016466
41.86428089351067
41.8364012517422
42.78024623638631
43.76156279656895
42.06353734570664
41.27374439736681
40.881603193479506
42.38819405381342
41.74962957129808
41.886369055562355
43.54189542784967
42.5098561827609
44.79754874077791
40.89896414999643
41.70530356696616
41.369113187182776
42.02250514793699
42.30917216823005
41.48327810600527
44.48141799990643
43.2981728482593
42.95332593719743
44.93457170844021
43.29115225672587
44.86682721820709
43.4713717937833
42.38849551823019
46.38735232325481
40.30541941211283
39.01316354660531
39.85022622490219
36.827500705271724
36.25728608464144
37.76769823946474
39.40583823731091
42.11168619897519
41.01989699285845
43.68682591508914
44.03646482092528
43.78660213899488
41.49890173513157
39.5143511556998
41.56314800177528
39.8351997717521
38.56404397176033
40.42711071537702
40.12345448026819
39.09639331347956
42.13940351445351
42.504199428012924
43.80462887622265
40.521605188703084
41.6366534340021
41.77756886016603
41.090728818447936
43.18425081098796
40.970446722865674
39.57115754210417
40.0937223840317
41.73233212891155
41.059667464106184
40.75997567230765
39.91883471920787
41.48661771196577
41.20456186980104
41.17115114292318
39.552701691474994
42.23905582532787
39.97786836864615
39.51416110174638
43.10278902823324
42.79999865188486
40.82999796547749
40.982275196178506
42.462809448244535
39.9418381771159
39.47979868977191
39.294637673088246
38.52515252600847
43.10418573605477
41.942322035227335
41.10959063472586
39.34099057830301
40.241482743170366
42.52442587221216
41.40739827965919
39.735649279664074
42.56456510670837
40.583955993175884
40.53276992611456
40.29459227518239
38.62471290812735
41.36224749936404
40.743379636827704
39.03821531873452
38.494715009386226
40.88370133917582
40.55600406650805
39.33935905716831
44.114200451780505
40.73076840221305
42.01075708541793
41.42971275121505
39.34194251621858
43.16328780961134
40.57091605864415
43.59388464110717
40.725054265065786
42.52148787954691
41.91633047139738
42.725410912297384
39.87459372288127
41.23265283148047
39.629934545844705
44.50308459678165
43.601330288475474
41.768116573539494
41.9684176863209
42.01909212706294
44.8106201854688
45.624200257817826
40.85352650125703
43.83614331283615
43.88884839407689
40.60651647658833
41.29880345320287
41.601805674403586
43.687760432451256
43.17581709024078
43.23132663049394
44.32554971289417
43.9325089108837
44.59332153662643
41.51402968624248
40.34548221441711
41.2029765937607
38.20992000681523
42.119468849623146
43.54042884726179
44.32545257096652
44.25027150855368
44.80493724190953
44.70702981423481
42.68937671209545
40.555905935749436
42.375760489840246
43.57192464967383
41.045249325778386
38.62008994030587
40.771509988212884
41.507747817102114
39.316015677662584
38.13520972708595
40.59265499167112
42.570576753306405
42.74902417619569
38.46598412937088
38.239702114253674
40.86324137016502
43.12248182922109
44.28491653069624
42.6566624932392
44.19609155168928
40.36458895511655
41.65621931885156
43.0976528812807
42.40324873800842
43.60217332319591
43.32239255241259
44.82336822558067
44.58168054706905
43.34357166072234
44.71084261288379
40.78908645695892
41.15700355681038
44.88172618134631
42.665759658904
43.38266618119229
44.73573894727539
39.312436945807946
41.791243422647895
42.76537229870195
38.53524620196608
38.4970747097246
41.90697380797577
39.64495500042161
41.80716896531494
42.8592374480024
42.333090599339805
43.92132943055259
40.36785704315312
41.65636838172626
40.74920496432332
37.06305319055357
39.99972746587721
42.26280617181561
42.35105229816573
41.28598774941279
40.209775683545
38.389117159222764
38.88207604176168
35.21061386287434
41.17150764395157
38.39939468417858
38.400856518757344
39.12678653270209
38.74045249489459
41.07495214945106
39.743673446438834
38.827911133239866
39.520036146012664
41.89193977885536
40.57616209408649
38.420649217352384
40.802395869151184
39.41848908158054
39.64756813859351
42.65840629647326
41.58649989445277
41.82811266174078
39.4340257396016
40.02620907009002
40.7169815012761
38.192311990377995
37.52629641597179
39.178899132694625
38.12811583835501
40.636538162269765
40.84824760020039
38.25634925783665
37.7730136445892
38.609568721795554
38.41428782706869
38.84499493360759
36.97473675834931
39.88028900093994
36.963851045898515
40.37887350716967
40.5499644435149
40.63880818519724
37.5168833635798
41.315292601340865
39.8225274606784
37.249659092690145
40.209020553256444
40.71661125730383
39.02602490735418
39.13139019366248
38.078594058731404
40.457397379167794
41.628859641815225
38.65587067900574
42.35960690502165
39.303190408407026
39.91081593642275
37.125401422358046
39.61480917228089
39.45338660999377
38.81599582460984
38.539003844983164
40.85038660940479
42.13266714585142
41.31691932336535
38.955965712842634
37.501250169444695
38.08932658535886
39.81289603134782
42.6417506610396
40.206871975091865
41.50303093296992
40.82278576972246
40.22631291439256
40.39149763682797
42.5270591212582
42.802574217333515
41.412282734093296
40.736705955773274
39.47904009515299
41.98148450658553
41.09582777181014
39.74659138780839
42.114960447146046
40.446744409970115
40.42390032240108
43.3464682532984
42.22689698950393
40.610280470428485
41.10439615435321
41.05773493378186
39.5733376239347
38.01973465766026
37.6006632870961
38.889771748362556
39.75018152671269
42.034141966938925
38.26763025123232
34.66756714187973
36.43618703118108
39.90273985986694
39.353973116512904
39.60048717825773
39.73447228412403
42.07612051184874
43.30026417264734
40.78127540240909
40.755572798300406
41.18091805136595
38.05164870372344
41.372953597610795
39.48457475922262
39.05258009421979
40.41420256040934
40.25993736351727
41.40710716784187
40.2831921957812
39.091202210987205
39.18423629169361
40.88795360588636
39.669613200718736
42.13872352035747
41.17925774056002
39.293084663928305
39.692226666286885
38.94005015869079
40.437305546715976
41.435082202020375
42.56881162375423
41.21613417841598
40.373592910372494
39.05665787759609
36.15279343231714
39.58543138554436
41.148966880487826
40.69094429260959
38.16504970192008
37.58949762368287
42.57913896363584
41.672854130597464
40.49145220757332
40.667768298206575
39.81150237766821
42.01252112260582
41.630873504624816
39.23615140634761
34.22016778443873
38.57652432680065
42.36349202217103
39.81128893432409
39.85363841042187
39.82203718597484
39.47944069050147
42.016329664181974
42.94920169751488
43.2604400511556
42.361072359560424
43.79526176083413
39.51686239588448
38.83711343940819
41.32757209991454
42.8166794114233
42.50147995378304
43.7188752709317
42.5450621449656
42.46065156573888
42.71418363755954
43.26240341629315
42.04979359467289
39.639280454629336
37.848530309559024
37.82560343475929
39.863544990945954
40.10797983056498
39.90691824655381
40.17143856905283
39.32687946214334
39.24928570899285
