187.86446599314786
157.19829135565158
143.1168588679561
142.81319018646695
148.97859745179616
137.48313227921872
138.24959126479095
145.27344890224833
146.86074096604344
134.04389241354522
121.82110370156137
124.92846961337797
123.3954175942987
123.16773680827104
112.975558583236
112.29832014254964
107.52359971913118
118.02173248644806
115.81168352419823
114.62916767024835
113.79115839972013
112.85352044114899
114.82731909355297
120.13131440994593
119.68879008472129
114.35506083214163
115.60977795878469
114.23177319385304
110.25054225050194
118.536760080283
114.76425569685328
108.52829024949648
108.111133429429
115.82009495783528
109.71684129347082
104.67662746073769
106.0113102135386
111.13166386625653
106.96760778395169
106.90009482499491
105.34841591374358
105.45357549849625
113.00465617627891
120.90847152897783
109.14788303335064
108.08115629331222
108.38906124142952
107.42862480315137
117.47586187577767
109.9162277743196
113.7155083610871
108.77345034633372
114.42612446422821
115.34121015635442
117.18540566315416
108.32465460294927
111.1020916550166
113.56191585364402
117.9463838104784
114.88144088483496
111.67542751583244
114.61677632156075
118.99592821359226
115.07957117176186
112.21831099249884
113.69831844108025
111.15636264170567
113.11587270949506
109.05784774210726
111.24983651724007
109.36155918264296
115.76075943996958
122.12465000956021
115.59281628747533
110.60187888210592
119.06533370639006
110.21698626229244
113.38463476221231
109.78255996808372
118.77232536503696
118.05940921385456
116.33054202426506
114.97464469827905
104.66877214631644
113.14866389458595
115.8802867889791
108.14274969003891
108.60914348375746
113.01522560776883
112.29043461889705
110.70974508681698
117.19967716689753
120.59422228688325
116.80802158421288
112.50800170010585
114.36184450160594
117.9888627898981
112.08310858683865
109.7139332867884
113.15032991940934
115.08322182554429
114.71551584000332
107.9453446950768
113.73148309074058
122.61647150834467
114.39188942201967
107.06976115870721
115.73897001908634
125.45090430176586
118.82626813088388
98.95841265997613
107.84770600787415
116.36343849103935
112.44385981584277
110.03554951815596
108.41714537476088
118.64460627443972
113.80335968315735
105.2839145491778
107.34132555031134
114.53408453498436
112.04137026015702
105.34685102931996
111.39472048949312
107.30426559961667
110.39251372878392
111.15738836483429
109.3253134399185
108.58442854504543
112.34856129666521
110.55709235790135
114.4468578093859
109.44658304043092
105.58361993188475
105.24855695213745
108.29721342580557
107.95868853108142
106.14365103523534
107.40037953369387
110.42365494913872
108.441834633195
99.59644885250393
110.75972744194748
106.8039785229977
109.80888407272582
109.09369991973915
113.55375000515345
109.23623164291321
101.434402569903
110.2279983833959
111.30023672517804
109.80441066014431
108.48646336172165
109.35047175542623
107.9342901025985
98.43094761086886
108.55988789316741
109.03533425262816
109.1515416128674
103.88186266554177
102.92036574917088
99.11214486385447
101.39839691397141
104.31904981524582
98.30954170236048
99.44794900204852
108.20390238792483
100.05045256578538
97.87352891213008
105.39324517969148
100.00453450478302
111.89921531769414
105.7592111811055
102.07598394146305
101.84269646545343
102.04398024341694
101.07163232082652
105.68828277788776
108.85568514942798
101.45402474553363
100.06497041389011
106.98844257515957
110.36430861111761
102.70839629308614
104.78862620382037
98.18024600501187
103.57690403630973
105.9163540032228
99.46112452112601
102.38095623212484
103.51385019363529
97.58576785162482
101.93348376906144
107.44485650917949
109.45907862541976
107.10331904236307
100.18719715490805
104.94350828037449
105.58766050690902
102.43390033637678
101.55057594196946
99.59767114212755
104.72013580211934
100.93468333482745
104.32774278760363
102.63479642073882
102.93310660017428
101.2784175581397
111.53581757233263
107.50935651795562
98.06902802270915
98.55494560947506
106.84816935257892
115.02074308847382
104.84940888840624
96.9620640976878
102.8078984630784
100.49575664342571
102.93917928508758
109.18168639991447
106.48180459293046
98.17691787343173
98.55323808442328
90.91438674246469
91.88852414324069
103.42064461616336
99.45890254248744
92.41787804959014
93.6541644815353
98.15547407046323
100.77466987438227
99.27119627188296
93.93774515540477
94.48299251120338
96.84316826699451
91.90969548138817
98.4438643951427
99.84696374697283
96.14057393850037
94.2585313329292
100.17935520978357
100.7339751855474
100.63755009061683
97.69012062446797
97.61991773215283
96.3820038869464
98.50987217064977
97.98488381464412
97.9051522070535
90.5617827014286
96.26987211535256
100.41042319779746
100.07312810555868
96.01571602967161
93.73866147176622
99.12723337122382
95.92966515362659
100.87407026782141
94.10393165568141
100.09956752643967
98.47861998526125
99.39132558846819
100.41551979595297
98.36190047706135
99.83384513644116
93.62131924048565
97.8906389425596
94.95655206695533
95.13643982084807
94.93153825055784
101.09309234343547
104.43730928008524
104.57372012597254
100.25498694948817
101.83199668769494
100.05822656006903
109.48615920063158
110.91526537232969
109.00927575233273
110.93909322749776
115.38566833356187
126.24127023789644
124.71016872661866
123.09142882462682
112.36275799303516
110.67738465693948
120.61024198095569
121.35277291240604
113.44018568321809
113.11206579467597
115.20536746267167
115.28390981347705
116.81157044498067
117.3947160539414
104.68981564780407
114.02951509079472
120.91303359090121
110.27638011932882
107.15098626429543
113.49987202564937
117.83387276247873
119.63966965194606
116.51142841765095
115.29883967749622
116.48410598062188
108.62263298545906
112.83890989938996
111.58800066328054
114.82465867112846
111.61227058759987
111.97494147941121
116.67302896632263
116.35009933788795
112.4524380637885
117.53669379655639
112.35450114179041
107.43203001224335
111.94956978061592
116.50841320228996
109.52217295103736
112.68091137835953
116.7616801057155
109.82291555319422
110.25375758756951
113.88251533996119
114.54091587147141
114.86890057931069
118.16947444901214
105.21173438644742
112.94620275955884
110.25049180470945
109.71870631247984
107.79439412343737
110.45796946185725
113.56794935561395
111.03230155225327
112.47806253508472
115.49286250149714
108.50212340974103
106.75495277534478
102.59172079071004
111.20958887699788
120.57145006472575
113.75247191628664
107.30577903250597
113.45020368872665
115.03127727489851
116.68395327518789
115.1127962215819
113.14071585312038
117.3553767075219
114.78675859334095
109.05752382305369
112.9990622317112
115.4642060127221
108.1432606773384
112.45657661705768
106.02331238275085
116.62782304457699
118.58046464483769
115.65390073645702
114.14623925099028
116.53754622220666
113.98392288812323
107.7217345226516
112.52818638113891
116.07561320197398
116.60607105959298
108.83298717091193
108.87864255380468
111.90687607420496
106.71194284956228
115.14125670707503
103.59891568140206
106.56931613967579
108.15829311776157
111.16789632898428
116.26479944712439
115.18932671398515
112.56706967515906
112.5342616860464
109.79350575268214
114.61941819472284
114.73072838498975
106.68964029972234
112.78081837487947
111.11973026812194
109.26422784420778
109.04544200694286
111.53551586067074
112.2748038700689
111.32626073512587
110.04464490753365
108.0689999506569
111.83103666764754
119.78429258329379
117.67412849910144
108.95805456048824
112.88942074935846
114.46175127547176
108.48250380176167
108.88533859622753
117.72589988754004
114.82129428132174
106.68362103704436
115.36725650685239
121.62752871263424
113.78951614898766
108.37978271366745
109.60916773122386
113.55668178240454
114.23927844162758
111.02890753582578
113.53977444566247
118.59524638973875
112.51118200929061
109.20892677184928
108.25130101149438
115.90571503105602
107.94443643856431
111.22804915764436
113.6545325140809
111.32837385513496
107.38857046686007
115.70008049474329
117.78987585397317
115.14764887497684
107.56156770979338
113.06484120002136
117.29755362764355
112.17091857442796
111.01073125744716
110.85054318796873
115.82465437810617
109.90015040932087
112.70129990440641
117.56618486495736
111.81653345351339
110.59014200755135
110.65665675645971
110.03247640205063
108.4107897610997
112.23317722009324
115.289089023005
111.12298340373516
108.39082493907763
106.85896228480009
106.03782805646708
108.76750997099153
113.25277221522549
106.85522651126797
104.68193689854725
103.34126698010688
106.76722406529879
100.30145314517026
99.5287831974723
103.7610534577043
103.63630970006379
98.22623825358436
102.46261146204623
105.08577650916297
103.44468751111974
103.76844001268914
101.09855445119437
109.0381423680792
103.10739173209485
99.84948014183726
94.60168314922363
104.15429490718194
106.13367180414718
106.57530720069087
109.43371968920844
107.06013795004873
102.44094825761026
95.03940860626497
101.02881963765616
105.14935126395736
105.4245223089808
100.44358354922392
99.08067257811061
100.75534533022169
98.47395920367536
105.23173696243117
101.59670582500061
107.06871788140994
105.75065895863897
98.6416135857999
98.72456901699552
104.01672367181183
97.62615168960994
99.9720007664378
102.49369779276613
104.65698576117308
105.10007456264415
102.35109809617195
99.70485391959471
108.29015076864277
104.7235949589758
102.66384510328777
105.705592619694
112.7290975660449
110.19402363372232
103.41909728053568
104.75400783776193
98.41972728283793
95.42861798517737
102.12562199757667
104.56772824617791
95.90830602569237
105.92096396308733
107.95191752597766
102.84694737831094
101.82704783821173
100.32370727112765
97.25893886936552
98.00336053799055
94.62547496102675
95.14242607531308
101.54694938587039
96.31408325408871
96.32098700809976
102.28113527803895
103.12182843294654
96.99362936481542
93.51986176411211
103.81466925256278
106.08621680964814
98.37735454275168
98.68129919908333
104.84136046058114
108.53579893397338
101.09709680918564
101.64783719846193
104.35605901698382
99.83404596285571
99.99181256791545
98.91831345209262
101.41339792936138
99.76595386366334
101.03304113684726
107.30286344936431
102.69547323131722
100.93251728195379
100.97716797872869
102.72326893645194
97.73312582977829
99.1910266493447
111.71444702082773
105.68248541152538
101.40775539263451
102.73889851493529
107.36299061992588
101.7075739339922
100.03153615572892
101.2532762056909
100.45084631136986
95.25351408483431
94.35407147279896
104.78534545153084
103.23004653040952
104.43440981605202
103.86259630925439
103.20031871863766
99.80955737031204
103.77689981850556
100.8124008914872
98.15099103789478
102.8703256507795
97.6380029143333
99.53308971804395
104.48250703472975
107.6745373026991
99.58942811188483
98.29375299709871
99.29494104519256
97.16551019426942
100.42669537579927
99.22842564725995
102.9467504788229
98.17041849954147
105.98668478124229
107.90013157456262
104.76989364398658
103.74891707066428
103.081429909676
101.00811501018262
98.13778961911585
107.10949312977922
104.89959211654084
98.94870955374516
95.37425263928522
104.51377831139395
109.45950040779812
105.54229670762028
105.82346476731182
107.49704271952585
92.85753639871447
93.58069369372039
104.88236014824349
106.69003851704785
99.5040482359583
105.0892174277396
98.41754724086623
100.40737983454002
100.15156231315092
102.66594434938848
99.68862527962345
102.98079852411541
100.46002155717295
103.88736818388239
105.13899823197022
93.31323725243261
102.98399438760279
102.91930953735013
109.25922737215551
95.96103223622166
98.55478322083425
100.87751432339864
104.79287593198121
103.91394837648575
102.49679336696838
101.66707904139439
100.2383353303667
97.86936789451458
98.5672311854802
99.45930210589665
95.18042427192806
99.31904392058009
104.3063945392149
98.98964405676688
99.89993947675475
107.34361886963232
103.05693489311106
101.97181074418792
100.33771039855247
99.47474765402917
102.26079812695849
98.59444868687136
100.42241287935764
97.70431588700608
92.21849706429319
96.2890385566339
102.31307557173055
99.76225858509108
95.31912385704865
95.58462151317352
96.78076937222355
101.33025971721149
102.97573986558022
100.54285434911183
100.1990689299326
96.97850671080802
102.4485278739687
101.39698960313618
99.45159618750994
97.84528282446053
101.53733040006001
107.3633657175834
103.33357498569731
109.03840432626934
102.47597102592043
101.34263800645145
109.47432451690271
107.15354555796019
99.1966293657678
101.87280996764717
106.86235253493277
107.10924978215651
100.23620033080896
101.16749026310485
101.70514477938013
103.52161585894217
106.61094757557514
100.27804702949524
96.20161768278071
99.39512410621323
100.54836558310588
105.72852655764218
105.82404306137698
104.67926650967605
107.81102385586466
102.11738503578876
105.2006564887028
107.44299081402647
100.1671425327675
100.66184295842115
97.48912787033149
98.08371910046725
91.71757050064267
92.15888817101569
96.44722128849257
97.77987784652376
95.33749300741911
84.98767991066345
88.11735652997022
96.60064571925196
91.42996124204515
94.37502932038802
92.31424936259646
93.56643853347155
94.89053743910037
101.92278824222758
98.72938175697038
97.74845315176414
101.67250123349591
103.25239581904484
102.90842909328923
96.8223691203815
91.66335076864321
99.17954758909967
97.40690032032322
95.21639086332793
97.29278015905176
91.06336307376242
91.31267258368028
95.00304278252898
92.12557245265856
95.04215296044083
100.6044233198628
100.37825379572884
92.76553684221238
93.42998922768565
94.72819095109097
96.1222856879916
89.91626841445363
97.46487671606585
95.54303420275315
96.3771020778162
104.33616208654226
102.51472856170503
101.97783887761386
100.87337083145125
99.14097747100026
99.3711354341663
100.65878741697394
103.17505969934449
97.30619717256248
91.94364565758609
93.6244218559452
99.48364031065044
98.8970669022504
97.39000955258447
92.47283971861927
94.52081610488354
95.60856480888728
93.10396363547929
101.59024281662658
98.74670410703764
99.10565558130288
94.98018928936817
94.57962059578941
99.5479142004453
95.37384001649656
92.74165213591517
88.22246872404737
92.82043819182348
94.71079896573364
95.57275510471176
96.73380426450407
96.60718964442323
102.46221269688313
102.59979611824875
104.86336095714927
104.50685489673269
103.85860736761842
101.99944893486672
108.29612086848196
109.62968282740684
102.53654262245234
95.8320229485994
93.33126011186583
98.1242486307795
98.92837738965814
96.61463271487857
94.2517267996738
95.10799141626956
95.96186982175678
92.62943577734372
96.33119147507796
96.83095351200227
96.25310529134426
99.19684131394132
102.61366868802048
97.66373664247878
97.24756256217258
99.39720019197561
99.99158397554238
100.71813095232686
99.92058145056095
101.15066208534844
93.81787901148262
96.1742845816314
96.31324951497632
98.07196533445527
98.57443675942572
93.92028467925553
101.57672496272976
97.97655828775306
93.85059997838583
96.71510866432018
93.75746729574985
98.35522034044229
91.70023139388658
95.72153412802399
100.85163914443598
99.61471753365123
91.33937336289162
101.16552693752459
99.68039971580154
99.86028849949085
99.51026255888894
95.85026992141407
92.07478869609233
88.71561924306097
92.85887345783294
90.04948794298193
94.4818277659483
95.02994556529161
96.90797339121796
99.86473841373535
99.00573086063773
100.21532764820184
98.84378550211756
96.45176161889103
94.56216654398128
92.72160808163005
91.69359228974565
91.06494480716705
94.58871349729388
93.4445340001697
94.43240541250486
97.81143964749288
93.54280673170796
95.37050553537966
93.21659233483427
90.57933748344365
92.80501951179696
91.77425353238486
92.07251381071879
86.02980164470696
89.73960078056267
95.5491761779771
93.34301839259759
92.87226242029614
93.46983637190782
93.56653325766237
103.07303566892038
100.28796023187839
94.72247995711098
96.95511353081476
89.84035292223642
89.68924170868249
94.5141349573484
96.23365725050294
89.18641890374765
95.8089095333514
97.77296282211657
88.38412492231645
88.19160053802844
98.54530915665508
96.06456557436678
92.53834517252142
94.44268626511965
98.86696475713819
94.4731910921866
91.6374946277701
97.2499435103996
96.87548038026394
95.254851106178
101.66366970948951
103.60270922038804
101.32613878620806
104.91321267661145
100.8253243409998
96.6319143235809
97.96051366540982
103.74333467679837
104.32320009373798
102.00992318450102
99.22707813120047
105.55301817112395
101.15283842329926
95.62443765055993
95.23736629349175
98.23371681352234
89.69897194817906
91.02389172742471
89.281583468059
92.87886595123621
96.25747927945777
90.9895698553043
94.23179300833908
89.65033419298052
92.33292923392763
93.68993175709119
97.5108073757001
88.96518308241234
87.066296464393
91.38828524006937
92.27544425758897
94.24312290139711
86.95501388013592
88.72699021658107
92.00101344059334
93.66995200230792
92.21989797789065
86.1212783737596
86.19350824190249
87.43236578231807
87.7649952500722
89.04587321397244
93.43621893721497
91.71263148882866
90.78521554183176
89.46545994711487
93.5656890191912
87.94501488534206
85.06290809954412
88.94096731611107
88.12513580806007
88.65858709141703
87.13171947061885
92.87705992891323
95.01610279579734
96.61097849361812
88.52066749482331
86.12261673964287
94.73427405583027
95.2946185854682
94.84268389905206
89.3147323203315
90.81033776762811
95.23582126720987
102.88735737840736
102.70928446990267
94.94046967473895
93.51531551715951
95.33044013551907
90.20250985438697
89.50391105760457
96.94491326511266
94.64501222442406
86.31734271425994
88.76510870148759
88.75901993036612
92.86902536240464
97.15448069825999
94.3442463381447
97.40755480876007
99.00458728716102
94.39099018248336
93.12602989965862
94.09562981064828
92.96117431732054
95.5389936505917
97.34701030486133
95.49863583280921
97.33856059655761
94.18075551599811
96.85570839470682
98.74906168103502
94.85371347862136
92.8344864584778
93.81512005265769
100.84347003411865
106.29969806005197
96.08568597005682
92.48491976751225
94.74636061845895
100.85870512260139
103.33445900874581
102.6069271914215
102.83425984623817
101.37723570039778
100.91997466733127
100.23615180857283
103.13488170750328
98.13658844037495
102.65190995987366
105.81661544962998
104.15947793954224
101.62062575155458
102.85230290762578
91.6850015210242
96.97752290873719
101.06954278357134
96.5590102542164
99.1554906393268
97.49935700496269
91.24973570000442
90.51566013157343
94.46489023805375
90.55379344107104
101.79469248250687
100.24724038308082
99.24170404195348
94.28536956159274
95.27878880241852
96.93827081146873
100.76019127708761
102.4107999888984
103.1653463028831
99.23268229044257
96.86263959977371
102.30052387105172
106.7559868616151
107.808762905375
105.95311471606855
99.63851585759606
101.13109553205078
103.38723588528573
102.76181864271963
96.40362478753119
100.06082214041948
96.54400400015919
94.01258526678214
102.36509662673038
103.6073922265293
108.05056034433471
103.3845990141849
94.97781229144498
102.64780418731684
102.53949409139626
102.28102663064911
102.17506251537587
102.74026664305164
98.9883448835001
92.44086390280492
99.0423584768664
101.26071840114429
100.7635207366348
101.56951515225369
97.86906578227777
98.82019436241494
101.55678484236434
100.59460719092165
96.94010296950331
95.67141522040701
100.45755824656433
100.83149699454431
100.6395364147998
104.08318139759838
102.18634316405678
100.82475308459554
104.02964087322947
106.2292421076973
101.3558725629983
106.22995444148444
107.87085029158021
106.41015069471204
97.1012180360728
98.29927835865132
102.2882788451988
97.28683054104796
100.69578274313058
101.26118132502576
102.50105480551385
97.23729765330128
103.15092432946977
100.03554768879752
95.66709135689227
98.69973843133015
99.40221889548775
100.01251736348058
97.11422703579092
96.844874520083
101.93375295850326
105.40445996330676
110.00407977125444
103.62694173779416
106.02417524163282
103.86264461541923
100.36907469651004
100.37075763427134
97.13664977287146
104.08263496315794
102.19322363244893
98.10494859285853
104.80387741921466
108.15791513481462
107.71790280776295
103.5901477846014
100.462474848745
102.2016621389536
96.83689871443113
99.45420768679952
97.56719550942584
97.33761729092083
96.59241114010298
94.80130475670728
93.82906214681556
89.73563829379218
99.85390568948884
98.51833672449739
94.57527845769671
93.09850972141047
103.83258098127449
101.57083740282411
96.40042777673742
95.89114242658448
95.19311802172224
99.80457857330889
93.40027509948392
97.53518694573033
98.47431383746651
97.538278391754
98.66661875646534
98.90563579745545
102.20314933632679
103.23782648377801
102.04529822858913
100.6492556675489
97.30786039759931
95.21090854454451
96.4218890331428
102.62227057208877
97.94730818956468
92.95297306243796
95.2288143247308
93.28655870071569
96.86059076759615
96.29984252842732
94.57389796372746
98.66591920856406
100.70031309689797
93.202987083827
96.85984522181695
96.64430643805665
101.12914613893143
95.37956858069163
92.22879767584539
94.06033241607327
99.40747186946658
97.81534847546081
96.16825745259499
97.10895818817158
92.91287384416104
94.03782273720793
94.34745061412275
93.28558152999572
94.81252775231853
95.94940814731581
93.63048477693928
94.00282859044059
99.0692423253498
98.97670302076462
96.24420971377646
97.31988433190371
99.29015841258526
96.06315456189618
104.14937295961404
105.10375221756392
102.57825970804959
107.4732943631489
104.50309099978487
100.29779275025389
99.66013990820426
102.54690209556364
102.33242830986626
106.94764202101145
99.08745895745778
101.67527389599388
101.7605305875336
105.51391649823245
101.20197385386295
104.86769958463485
105.95522224496862
99.952167005101
104.23604923189214
102.45937555666823
103.54926088787403
100.63706506882998
97.3498408634175
98.45354818187381
96.97814576264864
103.76178855647483
101.41328582168397
96.04912995835221
98.26976745233857
96.3708819103308
94.84172429352645
98.7238397066734
96.46646829977128
90.40021103471032
95.45286778360533
96.99863993522446
95.18753161994772
93.33774761718803
95.99613844582113
99.05766167789889
95.4910366380015
94.85538310839605
100.88001244438018
99.45699099978425
92.6566127292661
95.8012113893792
95.43543707916466
95.30713126262998
93.18786545084636
91.3106294146214
95.67634398616008
94.52167149377804
95.12123375802057
97.77352268939467
96.9897806470063
100.1192983097313
99.92647270458721
96.83302268344215
97.61267200438397
99.74855390498271
93.35038324343803
92.12057540377405
96.12627394035428
101.35469515700656
100.45119697937058
98.22250494230335
104.88723125412085
108.01198122295602
104.81874506009659
99.22206927003327
98.68479674825116
100.4618891835125
94.29050003086472
99.86342353821041
105.41768560419396
105.19085274232916
104.08752673537732
101.6183894382139
101.64306564956874
97.717709672575
94.29480828829354
96.91498936632193
99.95206327788837
97.65985070195615
97.39617783080695
94.54195052156645
95.83773846949879
100.69000126574134
104.0537165278194
97.61981528116492
97.65753160453328
105.6285082572795
109.607909142326
100.18087903831008
100.42810688913377
102.89960257930159
97.91650377060614
95.49908064984604
101.54822003470483
101.37834406337817
98.4562614052647
96.62752507339599
97.08150139697256
95.90391091737774
91.61721231644975
89.43959983116144
93.06899297803771
93.06286380546338
91.56845050910135
94.36065868071732
94.42962853507281
88.97293363679728
93.66453693842465
91.10494763953785
90.99363627096322
95.07030581138119
92.988293020015
95.10634551098184
96.04817308111186
94.0835242125042
90.8392975463941
95.38680466427166
97.43472186511164
95.8277506942352
99.29964696593761
97.7281586069315
94.70953090272938
98.93679636983161
96.20738516607013
90.84241660160336
95.61391652943134
96.82951625372111
96.07894475997921
90.54685718741653
94.57750241535398
92.44323073847495
96.87801872664164
97.1828604618201
102.30592344844268
101.74308633371714
98.84024016462742
94.05993051263056
97.43915918263163
100.64045437784691
100.11091036632962
94.74071327527936
101.28534599686644
100.84208626802936
95.712632570091
95.38966527376706
95.89683362652457
96.12993640883131
95.34512919137214
92.13542986336225
87.79678923682161
87.46156499737859
93.97883751993562
95.83906187569107
90.42267770314804
95.51599415607083
96.78830423539992
99.49238796741375
96.70068503924347
96.96588052690781
92.73919108854449
93.86410948977617
86.40855290621265
86.3003526799674
87.24095991822652
88.71599994531022
86.52184100850984
89.80438277125124
88.43342855284307
94.31634194566101
94.36085734901397
93.81413749730045
94.22718364355659
96.71231367114848
97.33470191590405
94.53580589306726
88.82920456476954
97.09847464859823
92.61442639855919
96.53059308093289
97.90579917712263
92.29164506420076
93.85291554121625
92.16307087491371
94.91243615097612
94.07669266387542
96.04662676783249
92.02819920853362
86.58547317505217
89.49312342072906
93.98436539497152
91.80042484253785
84.56412586439794
91.910392298918
92.17794429743343
92.20430000231909
91.43925287023855
92.34179287324334
91.77832129865719
92.26616180193018
93.29988143285402
97.47775345892929
95.37316108853466
95.18747075083672
94.07353829172585
95.53600047890943
97.82891574377383
98.45840497231477
92.89074795853081
93.62874036604468
93.103042275419
97.9136844178128
100.17500502197099
92.3247991349803
94.56970514671696
90.7106560172489
91.99806414265315
92.75480226748907
96.86946880509595
96.23409326577058
91.39256388196628
95.14736145742295
96.82885979074345
97.28227855868819
97.4598879119018
95.74792741724694
96.9443718394873
93.64656391929917
96.51551390016286
95.40412139427936
89.1996604131104
91.29581533122303
96.48671632581059
98.50802865085242
96.95752951630911
98.17554378485588
94.7339425581892
104.24720468345132
101.41748669480734
97.65550081995441
98.98673831361987
100.35108403047877
92.85937986324403
93.03416442343067
97.66557219713877
98.38002300374448
91.39651666210035
94.63464338544722
99.89130693353036
99.17939938085954
98.05860994031146
94.92117136453915
94.39790260433452
95.85128164985443
97.92105739632892
102.4397157741958
104.09823594554804
105.65907391774611
101.350596248285
102.75608588106485
99.79368844779037
94.52164737104573
99.75067795639748
99.81291531874123
95.76590023598506
92.5123215135128
93.27411364940737
93.72178242883783
91.79301970101565
98.1497432815758
92.53143297662004
92.08695228324649
93.98537218445563
90.93319454076766
86.32779635750238
91.6556451996215
91.85602977907645
87.41902935390686
86.68623354589039
93.30300442050579
95.14762017521142
91.68102617392805
90.69087526909254
91.97999631756582
90.73656508070755
89.98890338707326
86.78944540870184
88.94898696134054
88.44585218636567
89.17083319482674
89.72871868983691
88.91117978887985
89.0884766924602
87.50320231562254
85.25704923065797
89.1341071643708
97.08409752963377
93.32470754768643
92.34282890050828
88.99486329181953
91.2613155808063
87.57829395653822
92.67657429269424
90.78458033107886
90.47635487670603
91.20365368263393
94.37785621954092
87.27816711196549
86.85045508088076
91.02403988800812
94.33689353617154
90.13782107477991
92.95788637760525
95.37108769843806
93.45802797659313
90.78811848206746
88.90238151759054
92.98380792758202
97.52521221294104
96.09397403689498
98.1372252917657
96.30021885569276
95.91935706663385
94.25793791938878
91.23744886920773
89.27184138098913
88.06595972709005
88.0006186154668
92.80811684478088
99.42566947685391
95.7899489118472
95.16081947273084
95.01525128618295
94.2194592169491
92.77013585755248
94.75076663673691
95.64873443635264
97.21703843763561
95.66233493948825
96.06847521996352
96.02340798253901
99.02613880173554
102.39512675074279
97.63843613484471
96.14250694431979
96.59284234955493
100.04972724722121
95.46578730443231
93.8914103516212
96.34391405308571
97.41953932117126
100.7212896493411
95.65274327329814
95.80720631816394
94.32689192493898
95.19747139363498
97.59431255798663
94.81747375233124
97.58984619278323
98.48780338589735
95.6607955576743
91.00210096077355
95.35308432793849
92.1635976985951
97.62606295404325
95.25375653876874
94.76565773894801
97.38086094455208
96.71687946726932
95.05217791065829
93.10018131196901
92.90744635664157
97.53620909047498
97.26275814423882
98.44503008343298
93.22509539575425
93.32939612255385
94.90688984196942
94.28247689698723
94.68350189198121
87.11189859416535
91.75233510240749
87.77717688048297
89.10787986941374
93.11145708337503
93.88333432892867
92.01283308406494
91.49717554064009
92.59528769199811
91.06288160594079
90.40689413173546
92.68315754595285
92.97376309808824
88.9375830226695
89.06170934653309
93.23668393295375
89.1956496379669
89.67651855496835
89.80619285982837
89.3678163021243
88.93173021608813
87.64097930167897
85.57891674847579
81.45232756653166
80.40665846395657
83.67500494686129
86.8977076540918
81.57987861592427
83.35806850666228
86.16726218809907
81.66608395009278
80.96905051085841
81.08361565880583
89.60258029357959
96.48995424912748
94.61622327563332
94.52579219673429
92.09747010742032
93.51387603558254
91.32966500696277
88.95242824727833
90.0763867384316
87.89473906526547
85.99381860143825
89.1884733381718
86.77319900171264
85.1030023724511
92.00015903213834
90.40543924032511
87.1581923052389
84.15975523705961
85.74199561495378
87.48440334504242
85.89333711755944
89.3573488412449
92.47639475442371
82.68612762503616
84.80840388640021
91.39550532813308
91.44732348003473
89.13897572676414
82.00733558489632
87.77636968376717
88.07781870358005
82.19100657318366
87.04977429100805
93.86644599353474
87.59920491199628
81.98721451560208
81.71363080754192
85.2189203290838
84.82427175520553
85.14641755695335
84.38537686993492
85.24705833735709
80.40886671343172
80.99761276175573
84.64082007779876
77.90635004722087
79.11431748300075
84.3692702307548
83.21652119808925
79.29013536439196
75.59863704515324
82.88815932181946
77.24035603254599
80.39959720874708
80.2402723138079
79.16173408481416
83.01261302430272
83.81620375176449
83.82205497662777
84.10234435548813
84.82686545900668
86.79006871944686
86.1005829195243
85.77991643286103
83.2894907314817
82.38411436532475
81.59790102544696
78.5163465859558
80.71416996759532
78.25558154842909
75.97199281868973
77.3585950781255
79.62183049544191
80.12988378888797
84.30044743492596
85.17724465382173
88.13224650293209
87.6585962979803
85.31974821977362
85.63112165145932
87.46043466847881
82.36910809995598
87.3009886974431
82.94889369543294
84.89144918748735
77.90357448215703
74.83817633754202
80.18131115112061
85.40144921284653
84.01060214364605
86.40302870840041
87.33167802635931
81.3596497236265
81.39068215292008
80.11993854773885
80.98228569297484
85.72361317208608
81.94229464669621
78.96853917007233
83.86297114051195
81.69657305717578
79.18725394317674
86.78312877538403
88.6873779573075
86.49128027951058
86.84388887523691
83.8523036398612
84.07921492060704
84.2673919649634
87.03423964908427
83.56470300496245
84.04051359677827
83.95356487499917
78.82600907704884
84.0616180439174
86.67939184087237
86.40411709420832
85.8907828517424
88.29313448610446
86.32785506024635
84.74539105321685
88.52291229390106
93.69362384015338
92.82977670702367
84.75902787227118
91.64627652552541
89.041990209211
81.83355551624214
87.36157418821885
86.1926782891732
85.6885598131423
83.32252056635916
85.64627566487903
87.14753374544853
79.97160607475912
84.46596607834215
86.33572356410967
92.31839813864994
86.73747500943664
81.61584299101288
87.10716905634632
82.10509949133359
81.11411752166336
76.75463027248861
85.10503141389188
86.80093843135143
81.89509804887544
79.80443037827504
81.61551678758498
79.63862832482435
84.80852036745623
84.6612648253921
87.71441924478982
87.79028802709512
85.41468517451996
84.78272187538974
83.44742471024284
83.04364856755008
78.8326126947951
80.55699760756268
80.85346497708316
76.42707151831037
78.52615895424702
83.02302340047183
85.32855625944889
81.23058471007748
76.27966335061566
77.89322817437667
80.93622604223698
81.00031190465964
83.13174620211787
83.93400467971043
80.91027714079205
78.99639219268519
80.78605477461596
79.61211538968956
76.09655809248048
79.40313939190168
85.06296794036824
84.99200344327757
79.14108703792994
81.04376985601193
81.58507932097216
82.03013207180986
83.96139166092132
78.7445356726561
77.93491705809244
76.10688035180823
76.47680249871546
77.43279643882366
74.33013192727246
76.68206147309611
79.62151143129394
78.1198145301341
76.34595760717406
76.75337586491663
75.2574739127301
76.26730873066866
76.28530596313122
76.135499589758
70.58356882910992
74.6361999791842
74.23295001759483
75.4548739533111
73.89013042301849
76.6330040683859
72.83772479326475
76.14542628231692
73.69336238428306
79.36525273328756
82.16884659529863
80.30231319664708
81.22560348722251
74.18746811121963
75.59046595927836
76.90286866551962
78.69785901140627
80.01612143727667
75.7407238516252
76.40297658503555
81.40803973573183
78.5203714345216
76.62761494291225
75.75923686974905
75.21196413576206
76.8300974615337
73.09817020841268
73.68408714310746
76.55267831917385
78.334204773779
78.99736068242485
81.84860213944415
81.66468636464657
80.95701291613508
78.23303211651628
80.51387018543652
79.79871965980381
80.77133046185163
79.76520072003217
82.86317550253406
83.62663360647201
83.79110791595888
78.33595943210676
71.84817114638042
76.11256903771812
76.43911799050636
78.44329646484051
79.17259655520279
78.28621043124646
82.1902210467686
77.93477627271812
75.5036787412519
74.95374138412967
77.57861013237478
74.49058566993817
73.47038128978701
75.71262297659901
77.40920963182845
72.24235573047257
80.52135496124895
77.01893408998188
71.38039840473546
74.18193073013911
75.0575766147164
74.62479374135054
72.99133384884492
72.7486570459018
76.84234986111802
75.79222536142305
76.96781866676649
76.9357497456766
71.97028053658309
73.31502765492218
74.54323107588833
72.68582763260424
77.98813265966989
77.6516257345841
72.54097126805038
76.29037570279556
74.65401108335351
76.1074517752269
72.46670441256792
72.73140789098656
71.00149477122302
74.88477043781194
76.41804848708608
73.36459285386101
75.66775747303112
74.26623008294582
71.13647526302513
73.88815236272768
74.10632080044373
74.53418640411557
76.8516587989113
73.17471574684733
73.60544684970449
74.57572165377786
73.64666339906725
71.92719086170924
74.24854342339755
74.28847737510637
74.72172634556755
71.63735262591524
74.11821536281843
73.62327443720773
72.21521858251099
71.9315355133176
72.12212071387748
73.29859726635894
75.01269483310185
73.93222178327801
71.32696319659988
76.11814058668693
75.21839530082049
72.49644739645088
72.19798733022837
74.00021885705387
72.4380043993179
74.92404425854552
79.77076855963483
76.01715167641291
72.5611699469962
74.96343055285602
75.3624717564458
73.04121312264431
75.8231392613585
78.09959719506878
75.86115724228429
74.11146514178549
75.20900401726676
74.73515504245745
75.78852793180131
70.47150863033521
70.58659965258835
71.52751682637285
71.13602078568184
73.08208169909149
72.80815200585343
69.51992487794341
69.14389145211348
69.88746039173022
73.82864249872527
70.48648707459498
67.96898200323865
69.35972273864331
72.9453406373127
71.08157176998688
74.0897795066987
74.50229455761246
73.1437449065811
72.90455501692045
77.63124056702729
73.9182334917727
73.25005738690645
75.97676021765186
75.53807716574028
71.88226628771308
73.05040965236705
71.76886984968098
69.0623462297637
69.88466724917906
70.25695147797953
69.68277340629719
71.44363367680445
72.8621163142793
72.2630921101782
72.15140501385717
74.39497851569494
72.7041437465907
70.63722572848962
70.58653519909498
70.23227091203135
72.8422344657175
73.54394843747995
71.14464133353242
73.54873787998903
72.94465381890107
72.70695244548843
70.96884067863654
73.0621070547545
72.69322220059874
68.1449196931572
69.7794211466024
71.42355402367262
70.39027320709243
73.10566132083324
75.96353008949919
74.30254241581443
73.13969477217705
73.42142272214578
77.0388860210281
73.92913246948201
71.6916414593587
73.12711745147718
73.52318295833666
72.59616774404189
71.4595136845817
71.67723526861197
72.18092464010249
74.66279787840203
71.87698768259983
73.82145451615983
74.07614719481435
71.47962236681884
70.46048010548984
69.98997260979782
67.22309122573024
67.99081700099521
71.49399096902462
71.53907852710395
70.6735564431112
72.04579421714305
71.7999334035909
68.08167191518453
69.88451385870559
70.16913759502471
70.98514356387405
72.34063150805018
70.16927335487985
69.12225206445308
71.71378965318449
74.64163714716645
73.00617992963426
74.75665491926085
73.20681036153547
71.2011508085363
72.94531428736106
70.35407543450812
71.82829492768839
71.65205398379497
69.70285339667863
74.88095229157425
72.39761142193562
74.23894621901074
71.0279290208821
73.6326979495553
73.27419568412739
74.49803466748453
72.0647925915374
72.60629246812778
72.26749467201734
73.47623441197547
74.19151795293685
74.50287128352613
73.08112592002513
69.96311547006908
69.13962469141366
71.49796040399397
74.41565594195762
72.06630456494575
72.24101189006973
73.03638121672344
73.24446444637483
75.16460851572398
71.66426022569958
71.16774469980243
77.78256693242174
75.58302843830415
77.39658599344563
72.28693978617547
73.35671517299993
73.50386762733113
73.99408198545467
73.31192184224197
72.14952324542925
70.75098137920367
72.0252155308245
70.83750747435445
71.5281073833811
71.81034101052414
71.15500037983894
68.68961574058862
68.95866881646236
65.95019118725779
70.0052977747892
72.57005381004859
69.66438375353036
69.92795522044075
69.46342261041033
68.26152105322917
68.6635328328629
67.95711643102725
68.52334665271475
70.4314067332562
69.13252048092453
64.19955198190667
67.46152030469993
71.0328737348674
65.6702471477364
69.5038442551233
69.88150838227943
70.99487244285406
72.7166569113795
71.03984848769112
69.1574536774085
68.18222770624419
71.17792277508232
71.12522877674968
68.29348333918854
71.2467998549631
70.31319887756307
70.57518483033647
70.30646458526752
69.16404293796404
67.38033921254964
68.57800277659813
68.43774174545162
67.27068543672704
72.17220831137652
73.39726330097437
70.33834521348868
72.44696921615586
70.1188413603147
67.98572874518493
68.9359102721125
67.96562035422372
69.68814827453825
69.82586942750665
73.46999153758838
73.33515323410714
71.33009648996588
70.63308658979352
72.8198843232144
74.28773758156893
73.53195842951622
74.27693593765335
73.76906348904377
70.52208918532295
73.74480922593392
71.50284400852381
71.24600624554175
72.69209086805601
73.88515436297945
70.31733798694029
72.11735010548465
72.86079862268949
71.69078471099367
70.7409392064659
71.33177248893325
67.14382311888545
72.57740375598165
71.5184648312247
68.43248591830182
68.65031060935077
70.88746265290013
70.11107581707819
69.11197979803151
68.72371626398362
71.15309051683352
70.98495775331469
69.54694910556618
67.79028538566999
72.97664347488347
70.09014811368388
70.6010500300835
66.94377153412962
66.56216588125045
68.49141857645257
67.82472716278421
67.42832204329447
66.65074613312967
65.96006246528985
65.60653093868251
66.38514630665465
70.10590645748086
71.34474778033794
69.20778561156973
67.63771503936466
70.40153659100059
68.59880893155831
69.5016416375808
70.72396235367506
73.80981153225387
72.79955602584054
71.08001963517584
69.79034974729609
66.29889018827303
67.99995275589626
72.29566398077058
67.53657904128218
65.1937041832744
70.38318958271616
66.44514510093045
68.16509540037086
69.41740614321138
70.83825220472352
71.39139325618702
72.01344414727978
70.07305833997503
71.14039889197858
71.04427454438549
68.10426429867108
70.36878548010264
69.01097434839039
68.64367467578828
70.57355212527665
67.48649508804486
65.69908690101842
67.08852723733482
68.89957285896715
69.54849033728837
71.71920036285887
72.64526760820405
68.59479588550813
69.83281549778563
70.28574089376336
66.61535749966092
69.14205007991396
71.65311386617887
69.1217781471216
67.27834335848428
68.24848723444133
70.06668925636143
70.16320483605053
68.82401994226761
68.87280949636404
66.74592889283022
68.19920137093749
72.06649962423981
70.49872622948102
69.2553583925131
70.64632827451682
70.44114903843979
73.34986377872791
71.08177610571447
69.46666756411264
68.59361675765477
71.7362823392811
71.26256631336132
71.14979448854255
69.23636472017361
70.74203227443527
70.99249893110819
70.5230067236078
72.53612112933394
73.12886196527442
68.4423272106896
68.75194068140156
72.07763197325882
70.56387945209526
71.15131450253062
71.06133889071057
69.77046419660357
72.26832219804723
71.4443293614176
72.007276381501
71.87428170595189
69.66836536904462
71.52611064231844
72.97995175650301
66.61360645827557
66.56123405266014
70.95232077443033
67.51746076848954
66.51222426518369
70.55968366246304
73.19873115212606
70.96504272143203
70.73661019976706
69.27861337862825
70.0409666800233
70.90449135788008
70.7083749262617
71.20472784928175
69.19506107928109
70.34028857668329
70.93625195955238
74.54111895659942
72.86741929520743
69.99735003558652
70.42830147298123
71.20666452446206
69.77640773970832
70.31658924029259
70.55765145976912
70.07676536126101
71.43275775972646
68.88212195538517
69.81533905729148
72.68034455955011
72.55984321790966
68.98266617627536
68.8449193579944
67.50703725316741
72.12711392512257
71.63071769631355
69.44133058248184
69.63424539599289
67.86624111815836
68.62234714568154
70.8395913620947
70.45910292475365
71.04815975813648
73.56544625012789
70.84776440134141
73.88089550977402
71.1479754732793
72.1553348268022
72.64054300038383
72.72032272894117
71.08094843256855
72.37572913671934
69.79727634866896
70.6819693241288
73.46285985485791
69.10162054581747
67.32863585818494
71.49448636507579
72.28657854503867
72.78558822415857
71.89087653745091
73.36471527823988
71.12700718190783
70.46891480278593
69.77799535899929
70.86101743558383
73.9020138322992
76.0860307443315
72.79962069220512
74.63374572291232
71.95090828489903
73.48606180755387
73.06851496764367
73.04522169038103
70.72244262710397
72.76919158092471
70.11817427003527
75.73060721671214
72.18826312542113
70.20318418041124
67.2792485310112
66.57683364834688
65.03311670332599
69.77052477655769
68.82993060861406
64.18463871905651
66.89988816093805
67.13353714268342
67.02621390956712
66.59914519652621
70.02720069740244
68.58694961979575
69.02296358016096
69.06317424409947
70.36051433702711
65.31118844879225
68.37779340415838
68.30617921823166
71.16995422835998
71.8053164413547
70.41047869496036
68.81356350009285
67.52592041749209
68.42847920652999
69.57635863651979
72.23657237852953
67.75609912828988
71.08317957287683
69.43690035954795
70.25154848509227
67.96565449118481
69.50418670726907
69.79029374359033
64.48199220874501
67.91913538431044
66.63300333085063
64.51206761576616
63.98997653633598
70.87115507110161
71.60837603342424
67.50412520872109
70.17882761552653
65.9836684562143
69.28474590712989
67.56081598835623
66.52962503755958
68.33349143516476
70.59840740739057
72.54893725663483
75.85277385771059
73.71382014582748
72.00570627341338
71.24190523273917
73.1307089600477
70.97114813228364
72.07193536667442
70.6190183127672
73.6216564123111
71.13663305767265
65.91726232869755
72.49163605430985
66.2268244707438
69.8765941286825
69.941723632959
72.48469009532862
68.76356691512096
68.11841061510208
68.88345999573687
69.63170114552823
68.88452717809973
69.94356966621835
65.98447566163316
64.64348003585492
66.01200164298443
65.82855285434707
65.59482921849947
65.48582190494434
65.12198174142016
69.23004052089877
68.33060953135963
67.23615706251967
66.74621584329545
63.948458363439805
69.98440315804609
66.87966110007828
68.57189209201934
76.60672329150901
69.36889914093321
67.64722970668052
67.20240317548654
73.91280521390735
72.41770111890435
68.79040279574653
69.93033493233602
71.70833623228978
67.90132785202475
69.27005799826694
72.07593547277918
71.14985548965277
69.62720241905664
70.60768996039272
70.05283920220337
70.86414269530273
72.21589595301052
74.6281547581967
73.19361311097778
74.83688040374369
74.28024624324503
75.19475766136027
72.8222532080651
76.88976518414705
73.02418264865211
70.5634887731806
70.41993382264734
73.47575536102333
67.14351757164332
70.18094959895572
70.80852454227839
68.85702388004702
68.64419471724375
67.96005004967373
69.3004590152882
68.72484053943154
70.73337781532487
68.76254712608666
69.9524525493294
68.85559705126796
66.84412345832544
67.557046321621
70.9999110931633
69.22360646430546
69.78088564318678
69.01888783931037
72.96599346889349
73.55792043782762
70.64278732928945
70.32999972827925
69.58642214875546
69.21397259646292
64.67226106283792
66.12519451140352
66.82776129468817
64.87587826778298
70.582145608747
69.58989909959512
67.51022864114755
67.93150936477463
68.53227797720982
70.46207708087965
68.06500598756038
73.04463224285078
74.20970769321956
71.95752497561328
73.19746881445299
77.85092117213567
74.39911977709953
77.15690139208745
79.93817549743102
75.48492955853371
74.6025753624224
76.00534918362868
73.01661761866322
74.49814710970283
79.09206002191917
76.91147374310847
75.71053856109425
76.40201492136286
73.89111587590928
71.91721922588435
73.26474096619138
75.90086072914782
75.426298814023
73.55011846870872
71.11533600568148
71.5289398315192
70.0255329864458
73.07551591004056
76.68786057865243
74.04291229377012
71.75472993894766
70.18254381909372
71.03434622661104
71.51803417004541
70.44857639760221
68.9814719533602
72.28292259404792
69.96384954337888
67.47843721264584
72.72915256571379
70.92566423493092
72.79288664245364
70.43953932680864
72.96070081506792
75.07882669965373
75.4397000401128
74.16294162445932
74.58322987353593
76.07239279751529
76.26401736022507
76.11088174413521
68.85386669045047
68.82911985548589
67.7189256168031
69.47030859557918
68.46868581164274
66.7350965308457
66.73703973345243
68.18695670015673
68.57311077343665
66.63097626903534
68.59866786764128
68.74151861424072
69.1384936537511
68.2118774084271
68.3720466985251
69.94079297646482
68.6733066048458
68.05058701233988
69.66548159734484
69.80372623869756
71.11916143894607
72.95090180128825
73.89728984612553
71.71555126254783
70.7253784592987
69.69208057515796
67.8367490650957
68.26213402837858
70.59323558331579
71.4775207045385
65.67670556329854
68.46273960970095
70.03479394423881
69.40582985364003
71.71089888901146
69.19671217588257
72.9423098556258
74.50696489419055
70.88907536360638
67.52602490801097
70.412118471061
72.33393658031825
72.66123375527957
73.21998730544271
69.78023350000039
70.10677245963963
69.41473299536989
68.01866938060982
67.76122181519128
62.95397764490392
68.17894532540454
71.69644278742149
75.84940756562092
71.27564334691408
70.86164596766312
72.78141017972301
70.98768681468722
72.72446094153462
70.48162662482459
73.66621730656456
70.02315730616604
71.33148357788247
71.04357215180826
70.14232759902642
67.96005350459312
71.65924563268905
69.92438839202657
73.2303316381232
69.31906904024052
73.21331456290062
70.29955816658075
74.63279119454494
71.39191879357436
69.20714402385482
70.76116214103774
72.4184669137012
68.46154541637138
65.94872543930602
68.41725619121317
69.64876947192838
69.5328428657503
65.82451343543235
67.84034052818942
68.6858868571815
67.2651191579517
68.21481791481601
68.97413551711739
66.52548291818722
67.23916808565139
69.90161642655032
70.21377674641475
68.46213014999793
65.86131427116972
69.52356125021404
66.39634798398045
68.4989383677289
67.13668486376214
67.06145145808563
67.73929673261215
65.07069569709279
65.71615126461451
71.33623255523189
69.72275885735866
69.07694717780188
69.47726490188167
69.99231345637001
70.53220686472882
71.35087169719796
72.34214842721823
71.79619558387215
67.5129569429911
67.04638623789384
69.91784786579834
68.26113870243971
69.36541219646007
66.75215891516409
68.61985695004417
70.08228878091585
71.67831776186954
70.2584551176219
66.74809368266611
68.28097434119204
69.5744236583302
65.43504855460498
69.11160065258723
67.72799083960726
70.3989823763314
68.24042619969389
71.35423360423792
73.27771995044503
68.61310534158933
66.66542498796812
66.28439813058691
69.17000182293715
68.10871582920262
67.95764214539648
68.77735551272124
68.43265738940433
66.98578561809455
67.38457882298354
70.81987339662557
73.29235881214548
71.07145365583321
67.62012630300867
69.54772554356354
69.12885126058707
67.47365063269456
63.575007347953814
65.88613847136429
71.63837290473609
69.07706484971624
71.1577603865037
67.22098498651654
67.51776590933893
72.77829706737292
70.89104713282181
68.17211776971808
68.9962243223953
67.94049751989063
64.95967392898078
67.66842414387044
66.1545916698288
67.32386709326153
66.56684118721408
65.86522988431177
65.05613717202895
68.96478495844673
67.71990782500615
69.14333729012655
69.50858923492899
71.89398932229801
72.13016535450751
69.18926530458826
68.45023344383448
68.01339912325483
69.47101096135135
69.56256388963833
65.27962020821752
64.75079618460576
66.77295120447499
67.22163332415498
68.54295351952979
70.34088681989869
68.83210420875294
67.06414173093826
65.85739858750141
69.70550213602004
69.28257603408662
70.21873180625553
69.85610114954254
70.26906161545915
69.9906509848759
67.68296847343807
68.24373545921105
72.16153712076675
74.59870812137828
70.8028402880821
73.11202893002108
71.70637848485987
70.8681634257504
72.3522280209131
69.79532963225869
67.65812167207753
70.55462502570963
67.30223284682147
68.05153469399035
69.37524254256104
67.89250398966021
67.15644251867897
68.19257949222504
66.32420438835062
65.64485588487437
66.34274076447026
66.04188344998403
63.49219065707799
65.66624510939542
68.58010396902972
67.82997519288763
70.18965383010695
67.73263265560696
74.20688471457147
73.20679125605818
71.10285300569147
71.26900345020103
69.85096318561249
68.32504670318707
67.61731160618113
64.53106622585197
68.76044323058959
70.45703290757776
68.45460752341643
68.47103983322137
72.0548015769788
69.33310990189084
66.77177606282048
68.27893258066129
67.67115887100213
66.6171191065775
71.00645407403616
71.11667475474638
73.01076690334821
72.23217694324626
67.70189312009947
67.43209912298255
68.44910473680045
67.95329762019952
66.24821698497566
67.56858399469229
62.688913081763395
62.06646549877291
66.95842962271745
69.90823655009143
67.67138610552907
66.08008032058311
68.96079597347416
66.2264310947505
67.69592475927332
66.1476876289207
64.97566554552598
66.0043077896252
68.38219792927623
72.03824797626717
70.04039576329828
67.42138623138406
70.85792995363161
69.49644724055776
66.44549931390364
69.48098859369203
71.60057788440552
69.8827909558181
70.9841071676909
72.28367208579475
69.87336093994874
72.93163068275062
71.32068430244027
73.52403042211925
73.98277299185195
72.38878896246007
73.32305006505892
70.90594835515842
65.27021045906002
70.67361735060193
71.60676132430831
73.91238238392974
72.45656780550442
72.93938964317877
70.70103692811621
70.9991387728267
70.10961302132304
68.96994048279285
70.1000969495551
72.42571453126254
67.9198851012845
70.67774211692694
68.58485050198287
71.3670040647889
73.88407283012221
73.29804000646405
72.4786695146156
69.1015584905022
67.83877915988258
73.58209375885512
71.7286216295501
72.72052544232155
70.74211935184277
72.40387204510921
71.49195034291239
70.40601975907818
69.47239819382163
72.86946035189905
75.64613991838773
71.95675180212874
73.77642717803946
76.94764103261467
73.44858450839293
69.37453486298845
72.80658890931223
72.71184694210672
72.43248552974906
71.64620801887003
68.23595795190425
66.73893645421234
70.53398371187208
69.17741887009561
70.15366117278536
72.36046050954118
70.37638656028562
71.11561350718975
70.19563194068982
68.64696573272798
69.54654877031193
67.3379164813334
64.61489612063001
72.53280772444909
71.5551662575414
74.9128291817243
72.04871064848204
72.2615663735159
68.06133475803568
70.0077728411177
75.04007071451798
73.99790172768871
72.01396800025225
72.75325043067514
70.83352702742548
73.82008068126507
73.57088224738911
70.94051833108935
70.51767481499954
70.27548452901921
70.18628219260425
72.14003874529303
70.38314029284965
70.60463734004153
70.35459472836635
67.6498425523879
65.60945283281221
67.22635052718421
68.22573636917274
67.73218046604833
68.87913203426164
70.32802419620779
69.73267451469364
71.75115707606027
70.1248190218295
70.24349632003118
69.17007015029625
70.9828884439834
70.80667029950864
73.50264717188713
72.12290435090584
68.21764060561429
66.7599521193259
69.27562230994245
71.09250012213411
71.75179481993997
74.34480179914088
74.97540292816171
71.42067660158774
70.94136303196431
70.86602212758085
69.34257615462548
68.03716366212183
68.514800146041
68.16272148203687
72.181458476833
72.39351413175446
70.75254083616318
70.92520994387742
68.49951215888417
70.32450700306599
66.36444201083705
65.14857528258925
64.86883116774715
68.38618584146087
71.49565000794297
70.85573458255492
69.788125877018
69.24067193082888
71.40468227784064
69.72208593088888
66.5059672637193
72.29504000814853
66.85064702125139
68.54348397703548
66.79946518181832
68.73571214410055
72.52065891435497
71.34226988479325
72.26485172264218
70.69496060374509
70.42172852054674
71.7778432506362
73.61696622472529
72.47208767858417
70.7730078024356
67.32456821955493
70.09164264711343
70.21711709215819
68.37187254822358
74.70095263327147
72.6046654870762
70.675969820982
71.91510143393646
71.68378562929388
71.02190207997668
72.01927229657322
69.8554454661933
65.85179766931947
68.17591336534343
68.03354503297021
69.64754070266454
70.08971246462811
69.59793707399862
68.92967362560213
66.78617106802209
69.69751440325534
68.65334259549519
68.483693285635
69.58672610573349
69.17744128638049
69.38085701135039
70.55856032286627
69.16996147657446
71.06614812708509
68.4610051515823
69.23488423939006
71.79725711049294
68.77964621800358
67.44651359737401
69.94245305922509
70.13646181496055
70.07740601543475
72.83228703439674
73.37996063158079
70.00717512046329
72.3035934646021
76.27046702712042
70.456348048246
68.28732753854779
71.41863975112176
70.77269966355215
68.65775716649375
69.32347932902873
69.80671663198932
63.35785372862103
69.7541894600824
72.2513483976188
71.05857924282232
70.58550350109157
70.11319597976966
68.6311499754889
69.93693451693312
66.1618113932915
69.3222015878928
70.32236388219916
71.48101549560226
66.5996888962425
66.33551928037058
65.16654713004891
66.59825775906967
67.31676049571773
66.52875168904595
68.57650190171293
67.12606875675651
67.39783137103205
68.80136952687775
66.97715410309172
67.38392503266327
65.36717010963241
63.6424908640673
65.47462178753877
66.89135417746944
60.73451153989967
62.55320270014482
68.4221347968603
65.81594259629621
66.74326487744145
62.47811783505198
64.51968268872606
66.11904807181617
65.21133545923426
64.74531354857989
67.49338160437132
67.55308204006889
68.94028950451175
69.71475569308173
68.7973905584162
68.5764556338332
66.61598618331794
64.67495381569663
63.33684536827379
62.91249350292879
64.49567603486815
65.02942007755432
65.60468612538796
68.10713989417907
69.2259873150037
69.24707422421406
67.81909175854724
71.80325734453895
68.0925349556544
66.5367581265121
66.70855460578863
67.45391267163428
70.62837792502016
69.82416215251736
65.93909234371938
65.50766527644655
66.81416366950418
65.8419698614021
64.71033422320696
64.97848315393956
66.48122493953602
63.724226252635596
66.20981240098196
68.33013579208678
68.00786006346661
67.38580909286401
65.0875239272411
65.84896254398808
65.43200477665684
65.40797616185722
66.946501143638
65.74003513582882
67.46214807927285
63.971550076293006
63.82426862247801
65.20690428454738
66.3237777321015
66.88786112007813
65.44430611966311
64.77069129701435
63.94293514289753
63.56616267512914
68.09236348009019
68.06639011561843
65.82977520221763
68.40546558100829
67.11145260298149
70.36181442027355
70.58201920989194
69.64060334905287
68.93673634879362
66.2083983763186
67.56469054450511
66.26873206507668
65.50904201291607
64.1114174462187
70.82591891779418
71.01826597448773
66.6562836215637
65.69130321672559
67.93418504510772
64.35012461881682
68.75191216224002
68.91419957988391
64.64841480424671
67.67235351962785
66.04467129499778
68.00871396648515
64.88470127616623
67.38470798929256
64.24507028268559
66.62125463464997
67.82822689055419
66.4369866988336
65.81672127474262
67.2428122372756
67.16393180956644
68.66970407114648
66.81406172248276
69.74862915523526
68.26574995957753
69.70318915209504
65.28116569319928
64.15518349895058
64.81659223280002
63.24186411563376
64.0026080431895
65.59256151107829
63.21409528903321
63.865941402231456
64.11799874271901
65.67230299361314
66.3084254866086
66.0008172348683
61.81621871362619
64.05882532840252
66.83249176389549
63.67130462308336
64.32545854725446
62.96849367921108
69.71724059070742
67.15256935094462
69.71632286945358
66.70202812568948
69.62741485459782
70.63887376385016
67.4537712914525
68.94158215016394
66.49978454937757
67.02550247669964
68.01644580165906
66.3683711203289
65.13743429818375
67.68646538633192
68.07462785456475
67.23473595177221
68.68039778307781
69.85426358600138
69.61978565563484
69.23489427229809
67.65153375495504
66.33768563881482
66.86482628959328
66.17011898803094
65.96935380568517
66.3845132377479
69.45953042361022
68.92858740768698
68.15200286576379
67.19404707204414
69.42964888446
65.11023867634273
67.16249895602446
69.10368808476342
67.72024809502284
67.96710861589715
68.1412969395203
69.64243533236814
69.57485292187154
67.62547842623232
67.3303496517321
69.1055894514369
69.79631973537255
65.96831271067711
65.10147150406951
64.59014526775749
66.16031965093025
66.21398834784235
65.03281376660634
64.86801660678259
66.118071294298
66.62750682384137
65.29846386084404
68.2552082725737
64.88674974149308
64.62696774607117
64.25754151153093
65.43996913775106
63.46229617901428
61.05941262458606
65.81751103646069
65.32897290049591
67.38518031479835
66.22689875226801
65.7893769843781
63.845459402035175
66.30405850009004
68.08516583318226
69.07858605476457
68.17105486292188
64.62688864916353
65.29974145835064
65.55834490820197
64.11673288555119
64.76106456168618
63.28594978374131
66.90708842881791
65.60100322679186
66.26643396812811
66.85138598146105
62.788866354542485
62.77312700781468
65.94078997665528
66.01869431442739
63.673873135441994
64.91412490648776
63.5408489519021
64.18028620720422
65.47656573703502
63.917559115189924
62.24719513405971
63.25176197934329
64.8032721100677
62.258133247170726
63.820050101331475
63.184014569660285
61.01743896361879
63.9775379993132
62.83230027370681
64.89045478458009
61.25226317605085
61.63246555644017
62.58113904503048
63.547440469776014
63.26898244843573
60.98663132742947
61.83462596988486
63.46281308613905
66.49802099536203
62.85296665532398
64.18685497289823
64.02437895221706
62.75594607894288
66.54386157878943
66.60002340184663
68.28890725531235
66.73246167480009
64.2099272800781
65.55647018218204
64.86682994157562
63.51054600125264
66.88827717554942
66.00677792869045
65.87395770982002
62.724366965472
66.51110982463551
66.3759717361674
68.61937718833535
68.4038103892639
65.62856803258063
62.489079164664
65.39266783915177
61.204472106347836
62.485565604729054
62.85316812876541
63.3224230002224
60.72473485584718
63.565313097261175
60.303529418407614
63.60092269743733
65.34073987196382
64.47618118689225
63.60819198753856
62.65990131411764
61.99665050896576
60.05596100159249
62.38867191068302
62.189961673603555
65.49208607044052
66.36842923111412
64.46260531316805
66.72393487265427
68.47383643293124
64.4041968254241
65.33070935177105
63.22269557068535
61.20539951572221
61.51261102851916
59.045719063370164
61.880705766931314
66.77198371708143
67.48880312028861
66.69530086813074
68.23906596907119
65.31424523517023
67.98302573846941
63.561989716998504
63.79183198034685
64.75116002755244
61.884508487136145
60.96520770113996
59.198985045735334
63.378195921161456
63.55819174319098
62.23710266620589
62.8456968832868
62.412943128972294
62.44684137865024
60.76890349468084
61.931255420898175
60.303534287453886
58.77174049127753
58.16838550806944
62.71714698158839
60.09604016971784
59.27610851499945
61.42987724044393
63.40689677146306
62.4764889010884
63.738455732898366
62.044582375989975
60.35099620381055
58.56155422182392
58.76289795450341
60.4161976678533
60.02952158938646
60.9446364798126
60.18507684018356
63.2902083393574
60.98329872619431
61.2852027205465
63.08879234308508
61.85367911059918
62.59549848533481
63.59226484023959
60.24353108442652
63.26921613851753
65.00151991182238
62.29078377035808
65.39533300908822
61.51303629343924
61.100120790358815
63.57909379433117
66.2677700849411
61.83732064476375
61.33764819032867
62.89521405530007
60.04696789932661
62.013175399358204
62.27757736854406
62.51268686428559
62.4362573156345
62.96338657801095
64.83480718564357
60.72882453686644
60.509081550614155
61.22051719103195
60.854129233362556
59.86439463547995
57.316767737344634
61.10642361678005
59.307811122120604
61.14366483223141
57.59764652958565
57.58944868761202
60.878983003641515
58.042437115786036
58.36665413450432
60.79401423983618
58.86202979476852
61.18664138048935
62.53849432114917
61.27218057612924
61.83923852030934
61.38787869112152
59.86294106284664
62.80818161804782
61.324018795106525
60.39389735749315
60.457820192435584
62.594902436520954
59.99363851861345
61.42396459465981
62.852921523127904
59.535398114185625
61.48612764389434
62.66721195720677
65.80478878918666
63.647120644550284
58.582621903995005
60.92589141395171
61.426520866655316
61.75097470583346
62.532389105587654
61.6985724535405
61.38001670077417
61.829312574862215
63.57553252471096
63.80497923495392
61.85372550288885
64.27285871604536
63.395026217039046
65.3755629160557
61.89642685361267
63.904004553301974
64.23753472512549
60.984257516975916
60.60708606243019
64.12692774988193
58.29159172709209
63.23645416275966
63.118005210949796
62.428497160763506
59.97118578130434
60.85211298986818
62.2801814292426
63.50247958291845
59.85898139544173
60.24055909864588
62.957891190276854
63.34643892836328
62.16445236738427
62.19126137106075
63.18055364763241
60.4405252302501
61.38852078113321
59.884572609497475
62.85006770654312
62.140309454700784
63.861090171625435
62.797560606135136
64.43878439429996
63.93145981480077
63.35729051314751
63.355715927226754
63.96282089181139
62.080874797619735
62.53393332828633
63.112128888606506
60.59487779427313
61.43026367202001
62.87509773541624
61.988286358559414
62.98693232258518
62.32950903996887
63.63595464947781
62.39776657479445
59.68682207763994
58.77256443561191
59.68856385199179
61.87876517575207
61.34858134120722
62.91066671226477
62.0413473938318
65.1377031830964
62.00429819557381
62.070546317324215
66.6184216850562
64.01955120735403
61.56648557959201
62.03774129415627
62.922429340662774
61.00414112407591
62.31843409073794
62.25208948692449
59.18615421889876
63.789759791586185
63.05608215145195
64.53730961957609
63.37355645108939
62.00862142680029
63.545019817033996
62.43022369678198
59.778256876231936
61.24807115081055
60.31347826751009
59.03725188713062
61.48923052143422
60.428767466609
65.22215633295285
66.22942534119346
63.27494005865521
63.739829817715396
62.575103474959796
63.963439411401765
63.62945543555615
61.304648668836855
62.67480338200702
61.77567028636342
60.71689096061697
62.89474110751413
61.048802424892926
58.96206588668561
61.871794158949655
59.2470961742821
59.119648864297524
62.00092255647598
60.01019256786696
58.43302691628882
58.96044204331125
60.12376926610539
62.25497111497565
60.487322965290296
61.34796954559529
60.94345057579124
63.47544002368241
63.836100240607955
62.6421138617086
62.01091137077681
62.882875205629176
66.2181732077077
64.50970227709013
62.43410769870384
61.65739225017755
64.12282679018006
62.31765633688632
64.0711363556646
65.70881742454873
66.16032766043617
65.51122692886503
63.659112833786885
63.07388625263528
63.32524666689771
61.685725342313056
64.78426233683803
61.25935478456229
64.6339530682014
63.67695879223871
64.07920907835086
66.53604998325103
62.618002640209
64.60126543806558
63.87235942732932
65.50397039241301
62.914775644898924
64.30186537987682
64.28292109576749
62.258905252644105
62.38291596608282
59.1890454798326
60.59641842973071
61.39313472279675
62.494417010315885
64.19405857557318
66.2557282383474
63.35416025075548
63.25492849268712
63.84243046956589
65.99365284684536
64.20313006632654
60.17510989709714
62.700241822642646
59.43482976969248
64.1572970805286
63.10397014086127
61.04211694421533
60.95120067612899
62.74599088241989
62.496405225182365
60.13948655036981
60.89977083924663
63.142395740057616
63.01355271170587
62.525550009926484
61.909629414509844
60.0419488587233
64.16615348947735
60.964720842847726
59.888561355646104
61.488641833844376
61.18773274815475
59.800481627469615
60.679612106782734
62.96201373332393
59.67141370073537
60.39619416640548
61.58929013358384
62.259528569388436
62.08217908941444
61.668578855726224
62.09592344758179
63.57615461787526
63.92413422798962
59.7179425035822
63.500158588576475
63.50996378386387
64.06291908247611
61.987364327328144
63.46875744567
64.55894063397608
64.59707454222173
63.951257938018244
61.760511412544744
62.04496457364579
59.70958288086114
61.5359608124533
61.962854912823566
63.296646681007005
62.78609040064219
59.93010863968428
57.52715445714769
57.87299069059805
60.171407749778616
59.11268507480392
62.45690050833871
59.473754851371666
57.928100391390814
61.74380752547921
60.42826701260969
60.16352071122875
62.95148525647859
62.52292995938115
63.34073691816022
60.81823851752838
57.93552974170241
59.34214538243737
60.06443800020852
59.80830551795576
62.56211635364052
60.20673387257346
58.513885672024486
60.49198825341449
60.4132983719539
61.26034835673454
61.7055907820368
62.99752369261922
60.713736160452555
61.5725729929232
63.441512563624016
63.60834698068284
60.9224947561635
62.97862632060871
61.94371566796557
61.913574171922754
61.89063950407588
63.33459000263455
65.59535633016401
64.90658434214211
64.24776692799568
63.2354029319953
63.96869937272095
63.07199088057581
64.514549874705
65.82137944168355
63.15948468289067
61.29072152671048
63.86671283918303
62.16743926236131
62.91814731436303
59.708054254464585
60.11247078530343
59.46540580268753
58.72539001743489
58.63764533731055
60.1821268719055
59.10087174243161
64.56149146190234
62.20153246659713
64.90635170322759
64.62028620264806
63.837221446941946
63.74274325646345
63.64690375079847
63.05351117859222
62.17042328671627
62.51169649529833
59.48177510112283
59.206675469066106
62.972710719837984
60.37649259818034
61.73869757151185
64.33895391770588
64.18774975650476
64.22140555341382
64.76211271496926
62.71115886310647
60.95683931275022
59.737631340716526
62.175540910721956
61.16927220912278
58.47842685673448
56.33907871738695
60.27025102674614
62.796181804296864
61.79954261400291
62.915118457412326
62.80381606879684
60.32335608800131
59.98353864259167
59.527523930036516
58.85209527206731
62.64288313527712
65.33229866130183
67.08168409749953
62.933475782981965
64.01235654834183
60.34475006463239
60.638901576088635
62.72993149996173
64.12799277348337
64.18160405373783
62.91809284490828
62.233252878646475
64.28138570379271
66.52816064065101
64.36411893286636
64.01942608362162
63.28283810445083
66.12845592564581
66.16027597712387
64.80952586536941
63.76965843114196
63.399658608195956
62.1059393656391
59.51606164002675
61.326139106673615
61.984176027469374
59.62041394324724
60.1804286481533
61.784909551626754
64.0735556715524
65.33246334134554
63.47288911209476
60.87594336132548
62.5432386864077
62.2727269527717
59.68825788370216
60.82666044104104
62.19967619899976
61.840340720028124
62.43438319968085
62.059330813538224
64.09732839710072
63.28974354224079
58.39633014796248
59.64157311741291
60.26230409212843
61.928106411868164
60.73791744807431
58.33761578545526
58.59067609759803
61.255723056851586
61.54194910152412
61.33685548892891
61.25845554078729
65.21220805710145
65.07613794677498
64.21357669943232
65.78832964922034
61.23666387544299
61.411461162570376
61.01667568731382
62.23623938039333
60.61007084639553
60.46023088516898
61.972162095906285
59.15074482586331
60.256210152577914
57.92336021513395
58.779710332487284
59.444075187558866
58.75815233697554
57.45603442622838
57.90644787851235
55.071275537595305
57.78591714086197
58.33865191805758
58.34911560613069
59.330560519580956
61.923787040729565
62.38296417745563
62.01173808152549
63.77777045054501
61.41007813265102
62.73372128884508
58.46003719154165
60.44443736588658
60.438026124610495
60.465518546893165
58.76459261527458
57.84737702090928
60.47075566372872
62.606978429682
60.96199596341506
58.87460682857285
56.32426548649752
60.46733037403008
61.26137216530546
59.80693845029586
60.299206217047775
61.14349938078445
59.92268679324001
60.10948534519099
57.19320883699805
58.33279853192189
56.6973049729358
56.919584449397064
59.088429505128985
58.10661092053777
54.64045522389302
56.54784940539319
57.315252666237555
57.04921091790418
58.187453591194064
57.330984057515764
58.408450318141625
57.74020420027173
57.52922207742439
58.3704978869127
57.1315239796008
60.67113948422153
61.987726311960294
63.38160562327666
61.696493043980915
61.90505139808091
60.85291464958264
62.1442727940467
63.29949477328375
60.359248328066215
60.0390460362729
60.4057053987076
60.94786965841016
59.453296024825995
59.56582025238377
60.224963365163795
59.94891464563898
58.997585563293285
58.00882828371894
59.47397884645079
60.77441866114843
59.36396149053442
58.46920842822738
59.43870935227555
58.37495439686163
58.350595804650204
60.76004524061152
58.4668806911134
57.99785871300686
62.74071029161392
59.49316645562163
61.571901855325315
61.42675750488992
61.086829697327246
59.335933560963234
58.82110754975045
58.2734063984494
58.66150116194341
59.142703366201346
60.471613192699486
60.234707761442124
56.82635873874484
56.873986690332885
57.2846981770829
58.58912527058862
57.78047002657933
57.92634201083667
57.78857350948469
56.49473386783062
57.91653921406003
58.32574677174638
56.46802006094336
56.39418972104155
58.57765878200315
57.98267745771051
57.402064509083175
57.78269817261558
60.2709920127799
58.30517865795663
58.483013888559015
57.924455449300716
56.41087302357638
56.83837923111474
58.38924850356936
58.374807164817774
59.12164691393873
60.84001988411458
57.818512313283556
57.01069712445552
58.21731048058269
59.18798947639077
59.96163709026475
58.491299938428384
59.22218421306763
56.98151238625052
59.01204593573043
60.043048321478636
56.21513744756926
55.958902843100134
58.80813964968583
58.63470116636511
57.862321530957296
59.730493534393766
61.75113046158422
60.57178844268387
59.8114911539161
59.53322733636491
60.22753466353679
58.83853562848476
59.83362225841214
56.44977075869267
58.451763603272575
56.722854183129854
56.84328747692898
57.542364938208095
59.155436938314786
59.241127922044534
56.44393315854675
56.923536542717066
57.38232259240226
56.5750413305652
58.82018653508728
57.304776584763424
57.49283376916947
59.548176544041965
57.7816491363359
59.258168848104845
58.24975458231613
54.849862955309334
57.7466869838121
57.174350710458036
60.33731054646219
58.716760550829434
57.073307468274436
54.92732086007433
57.326772696680365
60.07523362396137
57.9113558766668
59.791279439
56.95411380134793
58.16984149482673
58.91100118874372
58.71129979188689
58.877001878829915
59.048136189736326
55.75780960377053
58.01452575570725
60.634209508804815
61.47843109579475
59.98899110935527
59.34989383055541
59.36442118770261
59.01930017706448
60.811297628579595
59.598236662392864
58.713984365042016
56.05207075556138
58.50729254890459
60.414414249182926
59.24212427174958
60.547152775275535
58.527917899651165
58.157303881355084
56.54664226818019
57.214082263464555
57.471601914405575
59.5880752775637
60.16128218168687
57.408005817010064
57.89507641896129
57.46424156891062
57.492609080295104
56.516250609494755
58.568784529386505
60.25781739578202
60.05358117208812
57.550119964075236
58.356604223399756
59.87942523655845
58.03816312861642
58.82891539127342
60.3976840172304
59.35065914776576
58.67826608868658
55.697613321462896
55.13122275039095
57.66968573388131
54.882065671388084
57.84913189841314
55.88351464788548
57.61118833778309
56.905927031300415
57.20045932779867
59.77396012967019
58.140285224067064
58.1336518147062
59.32731922441208
59.58087638804286
58.60313034441637
58.07232270160769
56.608370691864636
57.81167685557216
57.600540955300694
56.60768464118373
57.351196679798605
57.40775542896765
59.21203354910381
59.75423122680022
59.62639796571592
56.91329649671964
59.224614946849826
55.79999614069525
58.37009762075717
55.83589901531832
54.70525594364286
57.51422284338261
59.92056648912494
59.552970184765
58.19444977519632
57.96654138349722
60.9662539744759
59.64217347770049
59.44636299470804
56.51389376043189
56.82434137421531
56.678808379659316
56.37398385157829
56.167086081298585
58.16197199418766
58.394449264678734
59.300224047279514
58.46835430275314
57.045094534108244
55.58269184115478
56.702278854196365
60.206754580733374
59.75385035505773
59.794130285915614
60.756179107927984
59.379434877871255
59.50492100201611
59.289571162710416
61.253803075048644
61.327144103143446
60.3311142940456
60.78818501774221
59.531407666333536
60.41839962349399
59.13696675522895
58.179534510465515
57.75343473735896
57.33089517250346
57.50496558396655
59.54115749285722
57.01210987315251
60.52334275589708
61.65855830672734
60.99599500967821
59.47018692659063
58.98041137607077
57.36864746469844
60.429948036663355
57.83846672201233
55.75983077063498
56.606540465983414
58.49082803522417
57.42599465470332
57.75680974377817
58.018074691207005
59.804028454089675
60.465366635946545
58.03596050144619
57.46641359407558
56.25427265728239
56.29478005671572
59.46468285876788
60.025557748516675
58.63342828234543
56.779629928771584
56.23632860825202
56.04386417982348
58.33292228577081
56.94426204064007
57.762170229049204
60.86849737065349
59.286707093857785
59.45881763613501
58.80058998230448
58.896922463715654
60.91222147189375
60.87715258062929
59.73126144917349
56.549071389184974
57.94396911357225
58.060939789132206
57.95397467417907
56.55596536689306
54.94512376915722
56.41840163098978
57.82418351078558
55.18598901733978
56.315835520341494
58.2516230875417
57.375296321165564
56.81008994918788
58.32447949151466
58.17428727710272
59.81769632600587
58.47174303672486
57.83060425323825
59.301711976623956
59.30284891445622
59.18444563693116
58.27400350558419
60.22661530743701
58.3898004167972
58.90776764270194
60.226277425468844
61.63287834604636
60.820192530866464
59.36441890267628
57.513095970920496
59.29987699992668
58.08615919640224
58.21795760280297
59.120053689326404
58.65388050476116
55.11438913330338
55.39902260664276
56.50936972322048
57.22313177157779
56.30031181864788
56.58774209242567
56.48253250393009
55.374922114340016
59.26988434492321
57.135549161840274
60.02701878855292
60.86941201069436
61.11985215314042
57.53517635776894
56.443695134890476
56.46453060008623
59.69720519748581
59.08196384818782
58.86178798187731
57.61718317525304
58.436846519659404
59.624086234632905
57.029809533620025
58.04782357973905
57.369940651765525
57.71792467971879
59.194836697173926
60.222751955385974
58.08902429696042
58.80010414773904
60.7971951108165
58.49234301672021
55.51332170948752
59.18153344431968
60.32348622870613
59.281135789094584
60.75646399563565
60.36500049760291
58.357026804495696
59.40283206647626
57.28436808257646
59.22820227336822
55.32880571975697
54.50198947544197
56.359564798163845
55.68320207213312
56.60384462024587
56.46424460787135
55.97087772986758
57.38285447357862
55.643546438565515
56.53561385710213
57.87313226693821
57.48765275809906
56.58454876670639
56.55502500012588
57.818645579555266
57.8287278190545
58.70817718981146
57.15984322657139
58.336444428918604
57.56324903385435
58.287556784824545
56.61982090614308
58.41220951441606
59.98314886441409
59.219658870438195
59.16013208873746
58.509185792311044
57.27018335747085
56.02870799279369
55.95504400615032
58.83457622264834
57.036739642998306
61.32092077993306
60.03786657822633
61.63050325830002
59.84052667414246
59.486346216686485
58.90475821109181
56.86859338601436
59.049236707195284
58.648031884062
57.83713759125675
55.24369368714211
57.297784927589895
57.690627414894195
56.78126621833148
55.36466556651713
56.85519774678191
57.546364044663804
58.715720239746354
59.326164205615356
59.54302068092962
58.709340905985584
60.64235119181268
55.612290000595586
56.90719469937328
55.854483163686474
58.207914798902124
58.04503715304027
60.49232658185587
57.17403426568404
59.09747822072819
59.905488552254866
59.41662220460373
60.197694501769156
59.394637650548844
59.4688864882097
57.3565080664988
57.014427073392405
54.967030192060555
56.33021507916555
56.22753489549581
59.23511415651422
59.239218268710516
60.10010007121844
55.79503026913628
57.195001569899105
58.092301643315714
59.420683989238626
57.44568092022054
56.05091421889606
55.21424598549305
56.7698628432593
56.066009494304765
55.23388341697433
58.73615681706385
58.69814327783459
60.705463948271635
58.98964412362679
59.3317952303801
59.030739241510744
54.10426408089081
58.30218074316233
58.4383393830939
58.26332823564813
56.55165715178815
58.840797463585176
58.05614075692804
56.96107385570129
59.113429368940636
59.17068964998982
57.753258157098095
59.08061911212317
60.30185608972034
60.46223147074923
59.71367808966521
61.70573810595923
59.810923369386366
60.37036509904092
59.04821395863604
61.08305680803527
59.655525213234235
54.68852793576031
58.47840456088956
59.63140039762799
57.05393442921668
56.70057701471357
59.760394877492054
58.181472194954985
59.36263814510683
59.58145116981212
57.43263523035183
57.79401408141488
58.13132699095633
59.99983534444697
58.784550957318146
60.649824398732726
60.62186918396329
59.896433441974835
58.26365994687464
56.751189550206526
59.203021254445005
57.94337217415521
56.61111159555894
57.02859269888848
57.55243409375355
57.54658768230855
57.23893017314369
55.30113286220403
57.487635083406076
57.36402048504535
58.84564308879282
57.73639819274288
59.013101519018264
55.138535106550115
56.6844787508015
57.9147933383515
57.493004617203425
57.20069095352589
56.17586815773914
56.524151432705104
55.01220989851049
54.98542376324442
56.272453100989566
56.79716727612893
57.7157005420719
58.7902810911278
59.67659191693845
60.53622289804403
56.92628845658763
56.603629770804694
55.4061877054109
57.228299689287795
57.747627351480205
58.93137818437983
57.59712192851923
57.724711052989605
55.82541524958178
57.04795334711541
57.43626909993286
58.38265053906027
58.792432376580244
57.45697065429024
55.92541417920643
58.58046792189234
56.3631530414258
55.49031192394974
55.583944502216006
56.138910985026506
55.824318134365285
55.674975451051615
57.61194972894708
55.630016449752475
56.61714801512341
56.88001103866142
56.89194851253693
58.41325459883085
60.094378470927275
57.54305683975874
55.63782629509221
55.74246502754902
54.68550169477989
57.842653015999524
55.54779510912956
56.02482425005414
57.41369354529683
56.604144814294
54.80002415099534
54.7891487444361
58.410635693970455
57.863509736501626
59.6291340777115
59.921669228678084
58.52880129715034
58.16666493542135
56.15889521306551
57.37307587115184
57.342225449969504
56.32607256018134
56.44809986093296
54.75442895796834
55.1346738457691
54.34418997245303
54.88416586091248
55.84656978728519
56.91223180399574
58.23184862704786
57.085387827075266
55.68128374218862
58.33715756414856
55.72173843093694
56.99688656176591
56.94495070550653
58.5996104007756
59.75773672839418
58.724335135796075
58.540288475354686
56.38390657881515
61.774495733949806
58.31197437111547
56.57061816168468
55.58702877658974
57.71105104183514
59.11362268293662
59.157767106493864
61.035950091905505
57.80865365083958
57.65104963068058
58.12757049593996
59.69321209870245
55.61782988635572
53.463081643570334
55.97173675993062
56.30637029702397
58.271693130178754
58.22327677694037
55.309611459946666
55.73590280434821
57.59443335039075
56.48713198600476
57.24820848891466
57.93275251082685
56.135979170266125
58.516613893027845
57.384611106092116
57.75585572865887
58.09967229689759
55.81085775475222
56.9158069526695
60.38288731771488
60.461268913086826
58.49738707548964
57.6586259400115
57.18430210551752
55.5745209200827
55.750871770464165
58.53997540464865
60.971261148371475
59.547024650155684
58.78664153415591
59.76132529655154
55.1143109528306
58.89948602413802
58.82759841640074
56.24072607344026
57.30492635128892
59.583390992291534
58.74595332796474
61.40836753156951
61.414198774456096
55.59437556396051
55.16752980626291
54.298669859696794
55.79881886618205
56.608464741598624
55.540187155180135
56.12225958695094
58.756894240759166
57.92615314853814
56.91591715290155
59.43647797554463
60.1210807920176
58.33379119929536
60.9754802691601
58.17432829527624
58.46809777724044
58.212617786638845
57.650015176425335
62.373123293430325
61.45260906086666
60.53091794044969
59.14042512369945
58.91785255831153
59.30919805056029
57.71655752363078
55.01439000797248
53.54564521382221
55.54595792443219
55.398840076540544
57.422255361163
55.14238109331731
55.90829786115491
55.234434853977916
56.80852351401737
57.736231219511616
56.3876016511847
55.21136344321656
55.534138528514944
59.856554484722764
58.39121943236691
59.52683819033328
57.89323397794058
57.959354070335266
57.55628864220097
57.781867442905366
60.52298749007929
59.58595169717172
58.94997523513672
58.58596477220622
59.395084464099575
59.295375505008906
59.23927215921199
58.42689590868124
59.316807869945386
57.568528948158104
59.66748903763652
59.050084707469644
56.65214071206805
57.31586272027903
57.42570935219805
54.74682910735626
55.91694948963992
55.60015287493879
57.30734413558106
59.54177457549672
57.248618685803976
57.275533620173555
57.544018848527955
56.76210721327334
55.998423304329606
55.136904582972235
55.44254726768823
55.579856295633924
56.831793440499744
54.597406511659614
56.39968813996564
57.68678945397359
58.58077626605631
59.224729029244884
59.48702376256635
58.54974214092693
56.605008159314565
57.86839852789
59.94777721637576
59.12737873303227
57.95964040405999
56.70069559576903
59.13479649663589
58.69546270294046
56.991928076791375
57.86698035243344
54.30865076525379
58.34972802244631
57.3777379384716
54.55119122870146
58.42263050816113
58.071911205673075
59.43605439398824
61.19589903670141
60.43876525627092
61.31067929405851
56.30381503162121
56.12742620450551
57.922840159173376
58.63557221552002
57.25805043722514
57.78125823120228
57.358549054067424
58.455232831155975
56.01014314292777
56.65507014688937
59.858946526104866
59.35487223097468
57.90038509892207
60.53790217596086
60.19763530906051
60.31381898897631
61.6445936553119
58.13226646901035
58.55604066475289
58.548720946554475
61.79670608825416
60.95696495989128
60.93478398646957
59.164034429459605
58.193361787002466
58.9254825028376
59.09943971924772
59.67495555099552
57.944685416800915
58.262269823162384
57.78310116144805
57.65422105837754
59.22925346332486
59.45839614751816
58.588172253412466
57.82585419494084
57.08445622555337
59.79557280868939
60.99257470807821
59.46036153830563
55.99877673307748
59.72654255983642
57.70337320588298
57.39771451123771
59.68238950569807
58.95419622742964
55.76791948562641
57.67993265563198
57.245336522965175
59.170707384758195
55.96106128352103
57.21626276565846
56.08671662480609
56.38556053329552
57.755887543290825
55.161829266328695
53.14210643270761
56.428890112110345
57.63609944840642
55.398362138140186
55.91778230332493
55.6845350907397
56.95192496336724
56.800827699210096
59.15570939358603
60.1600547313513
58.19290990286267
57.42974549036231
53.38802979966856
56.305722163330735
57.30907586772209
54.81725821989117
54.8442419826101
57.78289933626483
57.2785487263617
56.8993375817788
56.10703331164228
60.628711563022186
60.34707829907074
58.200596595779245
57.940190182881636
56.484853538779774
53.80544662125636
54.94577036131708
56.00181977850749
55.01878180578624
54.670808661040375
57.36942105983695
59.2067450002694
58.59035555192599
57.68137385111422
58.32890637580867
57.42428562681065
56.441067564414844
53.09140638177982
55.599367757083584
55.53744583819822
58.22852911995173
58.47100839774791
57.30336611391132
55.24899965562738
55.07189122890108
58.87554926727278
58.28437375367694
56.098742550020276
55.770769953186864
54.088881929227085
54.11031388394165
54.01347660404227
57.53774239041295
55.95837612804281
56.93832902346834
57.56975850471203
55.74805502280336
55.791299640981904
57.12947893604539
55.195249922979
54.93436162682827
58.24046797794683
58.17820404507679
58.20900472916125
54.58287461809518
56.750550684690715
56.2557430139769
55.91463321494376
55.353956422512546
54.69920010953755
57.40674150904781
58.857470406952324
56.15076552740733
57.072372697255
55.22526418824818
54.805303972514615
55.670869204733414
56.734705287548024
57.445886086451786
56.573945282372954
57.954046416339004
54.93734231057323
55.38059796525159
56.67047960527223
56.82340916358025
57.62863883024247
57.97059295054428
54.24371252860654
55.374159597439046
52.69993089959182
54.711346802640676
56.42635832924646
55.807685047157456
60.97976598753945
60.705455226929914
58.51545511211625
56.66662874563768
55.83286543320915
58.47863973203715
56.91250842840507
57.31356132684979
56.10733429430118
55.28027550250854
54.662291484885756
52.90661187423993
52.32914534822638
54.36868181601013
54.273953757315105
52.336670699198585
56.15817487939314
53.91297518700996
52.98327895092967
53.98942197697735
55.980536782748985
60.455307079799574
60.16155860003317
59.12590399610761
55.64192142723925
56.59729365796134
56.796374303179526
58.17733249242497
55.96170788238192
58.544181731056305
59.94493810426157
59.56680184953548
57.42329023604407
57.863615204304644
57.03392398365825
57.813217681307904
60.92545545235327
57.92731191229761
56.4616845037877
56.057905404715484
57.810131173777144
56.6218608077478
56.97547127737178
55.599185931288815
55.77958504806014
57.37402291966487
57.61899810753988
59.98246672052534
57.523295251841425
56.398046248858485
57.27558551275939
55.10799101906143
56.671931666995555
57.72195035942319
55.63875972363699
51.84287620112023
53.52794018427754
53.45596180265639
53.49891748585244
55.20696619959637
54.256360392573264
54.703152172768476
56.80495041946336
54.1408783912635
54.62676353108662
57.02703441393473
56.50983939941728
55.12535157920301
57.347244188668625
56.99770032995284
58.0715404279045
57.11796635751537
55.97392928071304
57.7828979050136
57.33420951224437
55.44617561911018
53.385956582847996
53.353778774422246
53.43392868300634
53.449792735615176
55.0448157506445
53.42753633722874
55.66079543317869
55.38220878295445
54.009600130922166
56.56778777863553
58.279146783335875
57.74299330369395
56.815759636915
53.72336268628928
53.10106635292723
51.36803906857566
53.61484340193968
53.904725816532256
53.38421961303396
54.13467255242606
57.11001037174787
55.06537482062353
52.751192494284325
52.75185935991075
52.515877417442965
52.7335269640109
57.1882911089968
56.17930573589112
55.07132561008387
54.81245843566531
56.85612637246166
56.740852057959245
56.21193313018726
55.752154568574795
58.02276753214581
57.56022634095448
55.77270644288829
55.997203704554934
56.54861279587433
58.531928531035774
60.205472886025184
59.33009342179639
59.5239167114926
57.0437229511654
55.706347267565334
59.027559755444166
57.83311254973116
56.798992790939366
56.899864785948445
59.10906858684111
59.81539262200247
59.60637380917726
58.64749489348439
59.013079394899876
56.99524686606739
55.904357910003085
55.33065884879339
53.835359798176114
53.28121989837222
56.502428059926864
55.14651266658191
53.65438466204809
57.7038277023318
54.56851588658232
56.00116929661547
56.21485798888828
53.91353923894434
56.32373213252075
55.03445881633368
55.55187354971826
55.33221703455911
55.879120109383024
56.293401965750654
55.50671019828328
57.87857237812194
53.987759847890686
54.42984399284789
54.93530727845917
52.41783020056662
53.88721213151205
55.21799058741846
54.55896615034264
55.57427601682808
54.44868573410926
57.826883393850814
54.87456700550573
54.24046815494245
53.21531098579691
57.788129120785996
55.89509832468165
53.07983769467256
55.413862800037585
54.89531305864239
55.740893285650785
56.25991483243915
57.214083977848205
58.420733237976094
59.33408685840377
56.1017750990328
55.00389319353354
55.448925531380226
57.09895397538161
57.509012821074045
56.24799207672128
56.81441414074348
54.3014411319532
54.68481269221079
56.63243565558919
56.83262651193134
56.034316339227026
56.65505444526466
58.237053897887996
58.55212751482899
55.406959407680695
59.7629510751639
59.36220020475479
56.80056063011125
58.2774852485674
55.82687196045537
56.39580412001981
55.86438727046094
56.78964306644375
55.90878265982101
56.5099940504403
53.261347196992375
54.56150999071593
55.75110395684594
57.694761730414214
58.29528514329746
57.73335160714194
56.76134819082732
56.870191586317326
56.032434292547016
55.55326490008831
55.94943232444202
54.38239842909317
54.075867173142676
55.828442578486694
55.11352092098432
55.395696315105994
54.354592754256736
54.539476014609335
54.424329849243
54.94277440341234
54.581339483082864
55.09260551295153
57.15585320636966
55.02496324608943
54.36770259039171
55.710600532165806
56.79017828683888
56.68634293057764
56.34471636851506
56.32131914114267
57.08372112710624
57.81592278608134
56.89986277259
54.65592182617438
56.17438045033714
56.50014282659791
52.67018105023434
53.77869554683969
56.32745682497044
54.81074609515381
55.08691399260595
56.882511862960264
53.87226637144
53.37816461183415
54.76582109193952
53.36195239790536
53.448381242998884
52.768462483332826
53.70438822780714
54.01296495205653
52.81257194689539
57.876835477803276
58.58436071901223
57.507728163530956
56.687507311401916
57.91315585477439
58.09347963749733
57.2351566503984
55.93088254380025
54.564925371671144
56.065618514770534
56.59996405025393
55.0485837558866
52.731250291160194
53.124205458208365
54.465747756261386
55.57282422943403
55.39664007530022
52.50846709857842
53.630204278262205
51.28452415444621
54.05670772181569
57.09722561211096
53.7059447399461
54.91577687619397
55.26026320251358
58.676399786271325
58.63533377176331
58.918841668889215
58.28266543326134
56.47912374637333
54.97629416390129
55.94466674731746
56.16702445558556
57.0575784285266
53.886661684305146
53.69387818826739
52.984520119761974
54.897754893899645
57.82604312296554
57.4034813321068
56.06073133408349
57.70625744610034
58.46300014617773
58.03345257956156
56.810914450788516
57.32683480281307
56.36576187416879
55.768120835818884
56.877338265832535
56.2227730784418
57.29797029358997
58.70777997480831
58.12274337915109
55.61660876839944
53.09521952966945
52.81021172294194
53.13386555453718
55.20621812631562
56.166793891688705
52.98105632462766
55.01863759358525
54.6203765658395
57.760879389264446
54.58535919440712
55.027997607975
55.83319606388436
56.014217103999584
54.68904740507371
52.85227877585402
54.6111289664692
54.36979844867693
58.1953076012514
59.5539864180521
59.18329858499361
56.547227054599404
55.36975525956527
54.51321060585512
54.806801778150515
55.01475276704698
54.361536618057784
