179.54069239133784
164.00995972785626
152.139432435149
137.57645521759815
148.68623846593894
129.11312940362274
126.04582327880645
124.8053679174179
128.41006477942005
128.29238325476598
121.12012636107983
113.50153280549523
121.36804783546403
115.05795301092365
117.48460828213567
120.68068832689524
118.08387250831751
116.54332481755267
116.860998371959
112.74364718933492
106.12465553492548
111.05413148355015
116.0353345764097
116.89312725428842
117.5764124392729
115.25405749894213
116.41348690503538
116.62202749438129
111.32678956878863
95.45174400351488
111.30880263522359
125.32357553827232
123.95807304772714
117.70411426759892
120.38625387399142
125.87777138742615
128.91074252730587
121.16722950522717
117.21174880736416
120.80148832381741
131.4024945553976
130.92528301127402
118.51511244103345
118.99031839766523
125.13657375424144
132.7918438884259
125.4739084443749
120.20908025948151
123.90045236827815
119.72128408835285
117.79049745979638
121.64622251074402
128.86673924313982
120.15457176097665
115.79286049894046
123.84615610346209
131.10961858844024
137.17294227480835
126.717819077393
120.13081199319609
118.73781661941842
129.27923865131544
134.57992205134792
131.98348061416937
132.13534033316816
136.61635694810656
134.0479366941063
126.55996442572257
125.7577772183656
127.34005253026022
125.33171341740137
128.36780272156096
136.40628816537145
137.2708390246353
130.41969386716198
132.54897717665443
136.4470939536925
127.33784378821503
115.36155590108564
121.26026888456592
119.52497640722147
124.04530753241428
113.2384598494121
130.6626971862439
117.3548861329236
127.17138296756328
117.57816048024426
115.02476475793732
110.12163960713355
106.60726273007953
113.19038122677935
123.36950044493162
126.34610622600671
113.98254604312473
110.44641782099862
119.77742114440287
112.66022394679406
115.63380846880202
107.88558743017904
114.84901711712472
117.36960250138891
135.31329681565794
122.79466595690135
114.94195473720703
105.85751356583246
111.96456946567794
124.14685040871682
109.21612522260531
111.48233400486569
114.97409282650676
115.55935939591771
110.38775602064202
110.04794437968845
110.31294262856728
116.2157767847855
114.59070791434297
111.01848825565858
110.61339320987071
112.48776038825963
108.54498382458223
116.25308224206026
115.46157582277347
113.11458255135415
112.51690643971634
114.6104349052695
108.48689366428404
106.11968536054773
122.09440615369813
120.01314183845905
109.6492937652899
109.83753393017112
109.91182441145574
113.47393513175746
119.02412765348018
107.78308658392048
110.15950020163552
108.28944364568504
115.90097161962389
118.41453002805119
109.07367743063995
113.03949897242616
106.9661286092089
109.81127648288839
112.95197344388583
108.49869726225924
102.7842632697543
111.15019474373698
117.26523413537505
114.99324544962755
108.0276546491285
107.013222242491
108.60803612463452
116.17687903361215
115.8443854957199
105.80026351224667
102.98053283514074
110.28575620303648
110.13581203767717
117.76431170832034
110.62432656133224
108.84205086766066
108.70682434951031
103.84703489870881
87.1676176973111
99.82136431986822
116.79640418203722
108.66544536601083
109.90548074618796
110.71388909192265
125.05444411129238
119.32577966664842
106.37868689518345
105.7248466370612
119.38658806236631
124.80376077054402
119.34848053945785
112.99679647538183
109.32698772018328
113.29831521401049
114.13703668955517
115.53624453882436
111.87691612721052
117.22087876473488
119.53354639943278
104.90834010803937
118.24074418568253
117.66041013113247
115.10323434550712
113.02371879175116
113.61306215962513
114.717109890915
112.79765973591675
112.06669161268371
112.42335000600144
109.91973551827476
110.44170970783358
113.26591746348393
116.62697124428153
112.98163939022287
112.59069025871622
110.36982400815656
114.17461037002776
114.89781460822425
116.56842144634894
110.5697328192072
109.04555326324076
117.73721379317224
121.58399105002016
113.59719623636997
112.26642767489986
113.53642190759477
117.43461907017678
122.45623243718364
103.9161852143634
110.13177555788421
118.21672451321864
113.1489924335314
115.25877182065342
115.6140385401616
119.13056999861183
113.31316613789448
112.7605261987206
110.75748970846948
114.41043698249
115.01433928819738
106.03138474670811
105.86137824790958
120.71404720345346
115.38629018283035
110.01265507602902
106.73476853393827
114.69784418650936
118.52654260168354
120.84446436147938
113.711033748023
110.92265221120222
106.05782849120838
113.6827392989651
114.83607964337654
112.30568484948999
108.98778764351347
112.03898203970773
113.93684371872399
110.73679766821228
114.09598551925166
109.49595125536403
112.44585840110821
109.40793814990027
110.2666976651965
110.07979853529879
112.32835797805397
117.86890419937455
121.54102835173671
111.98649136389402
106.94911320351734
120.57462571488479
115.61599374552985
112.53399567592913
111.69094695654185
109.59789127179398
111.08814066117229
112.9091963779163
119.16147994969276
121.7680496566896
110.62848032832125
110.68417982296222
108.69522899774354
114.09943797948199
112.02106486181252
115.41114562282335
109.45784618779533
114.74621579047239
108.447993264578
110.7957924457598
120.42173607259974
115.98956439980844
104.58581556554066
109.02999388851508
119.53769362324834
106.90129701719998
105.0011020808951
115.79812069503544
119.30350257564537
111.98312718994897
107.08227447373618
111.5512101860956
97.2014323778373
98.65367972915011
105.57478986911937
109.89680886242037
99.42914075367038
102.65960569933581
105.23228322276418
108.34476250428044
96.638043100054
97.44952826646204
107.2719018960228
105.29291415751304
102.2518409609845
97.914670116778
99.56927557447118
108.99547876842618
103.15822312604745
100.56881179117143
96.44635827506374
94.94552786079959
104.02817768586723
100.98167595066734
94.53050090137029
104.55806681159928
103.58167348153457
110.39326638716159
103.17374669649057
104.1663636215928
97.67278220728663
101.1364709288034
95.49304324341728
99.6352443561349
103.07003238830492
105.47780007752375
102.7712311454874
96.0882713542588
95.6907869996486
104.48776388336654
105.07093240624722
97.70637268584214
93.97753496568156
102.07219636031958
112.83375987160375
110.32357390503701
105.16302593438778
105.17966092675962
109.96896579682257
103.69496988146796
104.09736426586439
109.07640469176268
105.95558107022322
102.60558461745916
105.79944223625553
109.57106820671845
108.10946361033089
101.23349600910947
108.60619386257513
111.47361218489725
103.12259625769387
101.3420243925676
106.99035197570488
107.17720713237473
113.68698643824035
103.32134500830412
109.05959937479714
105.51516977876312
114.89205364782211
115.40699333508408
110.13708739637364
112.07415102840447
105.40960327459693
106.47786540738882
111.26813425888878
108.13756921127509
98.87082674699002
100.87859969062082
108.17469361924276
110.51262923035905
107.59079681892261
104.32355267744371
107.76385040485071
100.33879977314278
101.92356854583254
106.3664436287895
105.2776502074894
98.89468080969019
106.48475703187722
102.17977237744704
102.42882805623358
105.18590265578406
106.87835721311818
103.68655113308691
100.12479932692139
101.38707644199427
103.94554547241155
104.38680648567555
106.48984730893125
101.05540337516516
102.95762332203115
100.64700428031347
99.78910623937998
101.23299495797875
109.98921391297128
105.65448803135261
99.78824798458027
103.66405232723791
114.94537685800714
103.17826063055348
94.69494937712824
107.28544924226576
104.05416543190353
101.05005982756394
100.3639094508316
101.37127098134704
109.25543330858447
100.15089201109653
99.41602058489472
97.61351046606904
99.03531126260837
105.81991254395253
107.66789264546702
109.55944026902988
101.22487082275016
106.06235189020305
108.5562257393575
102.5092415231583
102.58942771160724
101.24247670996603
104.64443286198984
101.8043803597289
105.41216099440167
105.71348882942799
105.1333124756593
102.34134828046373
112.66176152226426
110.65374734971948
108.18370122266211
104.52052795452906
96.2226164254096
100.54792802919313
110.42632187925787
108.8200305989291
103.25637074488212
96.29358280312805
100.3559074064596
108.39550332347335
100.19465493539892
101.08911197505113
104.92629688103588
110.06767034141689
109.21109287401453
106.08772876752987
100.3246074270787
108.69489303649436
110.14875180186574
105.97122195039447
102.07280123071763
102.73470890887118
104.90056979860246
104.97195348067848
99.00746260416086
98.35297993696557
108.82040770992035
108.21915435327934
108.25423368017655
95.66502464467104
99.86315238093357
107.79783989002135
110.8199453322457
104.17447399890592
101.51168800019977
103.73110489360216
106.24890226736534
100.80829329780128
107.73539459276161
115.05028441187049
107.08624982086569
106.14369883124448
106.33486751394388
110.3766066009652
104.91717770262414
101.29738685438382
107.07020290381875
105.3626435104938
104.09454470074766
102.38164025028632
101.19268925324982
108.59128578118067
103.0016617164973
102.91877264645815
102.03004783198251
100.3937067504551
95.71902131938774
95.55526124563457
102.94682417982222
102.58131423371879
108.37538091246739
107.06084754809953
109.63473365760308
108.24609053664986
108.05350593488234
104.84916445605424
108.29735653494379
110.67825313196882
102.38923812861921
109.32645404963712
107.16963240810797
100.71606697660022
108.36739352398554
111.00182870101216
112.23146444582142
108.97671743847843
106.72370823361807
114.71732541482068
111.07557534804931
107.42680960869886
113.66601646886778
114.33162407990226
109.25851026615999
109.98451243968346
106.333005595289
109.48788068669728
111.30940796938903
119.25648762913903
108.86090104928954
109.67711822659022
108.81619480241307
116.38828747802494
111.73935028678541
108.33570779392223
107.99623529121185
112.8959888020706
113.84373150110676
117.11736890701242
109.83910978625904
99.76897698999164
101.52020413534669
112.97582659945984
112.87273396454988
106.487156076246
100.36181131309961
105.25472468828906
112.46209995036087
113.46640685192615
107.2105964139153
112.93830994203647
109.54964014035744
111.03049658153573
114.91287661687548
111.58851072443896
108.94075099736533
106.25402467519623
110.42975124957218
113.29423891910717
107.72515505807418
107.00500910881446
109.53122247467043
107.89925475857912
112.13650933216417
110.26095012339762
106.46186990907388
111.57910399193317
106.80180055979326
108.83577344810386
112.05136107145812
113.40017829951408
108.30029210311757
111.7629025289905
111.14876017660858
114.17028536655627
113.21080478801858
109.81156356680378
110.79838860851468
107.56110827597506
112.29564048722041
107.77670352560042
106.97690643113863
110.67963853769983
110.83128145595012
113.43874896224672
109.46605435275272
109.31484067316211
109.1091304471852
110.26351596899906
107.80354490312669
112.11956694164247
112.00423506433843
105.62805470123125
96.28510187705702
104.11734285936903
111.74880288786353
105.04251033791574
100.94661996158031
96.20403430418187
104.53668014911091
107.23888571861366
103.06285464828565
100.95603649798055
98.75340982451449
104.101026382376
101.04987378878934
105.83725864710868
101.22123398712985
99.39465710859353
102.99862636001723
102.14654875584391
108.35816467043786
112.2287803053454
110.85856325381066
101.59782225438931
107.54535205542429
100.5165987259401
108.65620063510441
104.04657488324989
108.61347056886973
106.50526500703577
95.54692002293987
99.53254850585193
105.93043288888964
110.11828642032478
103.14088633465853
101.74323016189872
107.27479999772328
111.55165153384937
109.91372255362302
102.52625083705796
110.15432921204523
108.07520153289464
85.80187991002691
105.11185246722715
113.96199448371136
117.68510029199133
106.1700907193505
104.08152422814379
109.87060741151116
115.22923466251719
111.4075598831808
113.77000976174578
115.50771199052116
113.3868154266236
104.46604306235629
107.16092231630029
115.28488051265248
111.15473009995138
99.92726633051663
107.9778945004403
116.03420731573091
113.23967024296053
107.8165099481904
107.07200762403495
113.73802288694289
107.67793344523874
113.70003286319276
105.8898848216772
115.0286336116496
116.64435015701294
110.38776204501123
102.96100849904394
114.06866375073541
118.82470082573073
114.0759604936194
105.82115454812836
109.02073261443516
121.9426864586661
113.82545476970672
107.7841440297996
112.64509107544602
116.4108017312238
116.91012920738318
116.68396292000214
117.98690580413825
111.4505795027429
115.3917869435072
123.65046222619495
120.48935997831268
121.22398892421006
111.45157445395566
113.7665912715153
111.44936118414236
100.90579258040019
99.82924071611808
103.12250396022057
113.59760113268885
112.7204187665504
104.99170528916916
109.59207450363607
113.9978499243463
109.62657357196565
100.35994288381036
107.66183500367775
105.01102762956849
103.89474673577253
101.89848042705526
101.54129182325913
99.36268091785888
105.90904890416984
103.76049700580363
105.00538844418567
101.14688793190955
97.19726037567982
106.77580052597527
111.32976850406871
111.43797503951257
105.74140048557081
105.67312625599517
112.152880126811
105.5090329055653
113.26134260976168
118.01643647966783
105.46586676397048
96.60520461753158
98.28859913655032
105.78116944647974
105.21548041257189
100.66265855503836
102.32333698387141
104.59104904102243
108.45014635578823
105.08707398958558
101.06205542121147
101.61977076387677
107.9420903927908
111.37615251466123
110.71017603962594
104.55326614014928
95.67269642407949
96.60384588301098
107.43729990966041
107.96055174182398
103.63182423900507
105.6365956286089
103.43368750055465
102.0901081296431
100.43274642532026
98.39299438198883
99.93507360247455
100.60020908468394
103.58751735127831
98.62229941828305
97.30592461357496
97.77668445422252
105.66125085419645
103.1154411353045
99.17032021776278
101.966983636271
99.67697321306369
97.32074514982887
100.18972162914741
103.0610472260833
108.33677437339045
104.81904720560466
98.60138332672672
99.05860127819909
97.32366141699094
105.42294979978963
103.4048920841214
106.34868529827179
98.05456192285527
92.96446799590427
98.10357068855798
102.02637576869826
100.45879878423217
102.48010971901017
106.59852534642381
110.76696403009196
103.67984800174287
102.56041885246348
102.88985485929581
109.17486328453964
104.04737961344999
109.86566776814756
109.98405234803352
103.57926847253711
108.36229495201638
104.8487495223289
99.01942452217286
104.51192136893015
107.41577663206655
105.16853691655557
101.41618521876117
101.71358710986529
98.02204736558316
93.57241408452288
103.65247873316568
99.58628993941507
106.3415216518574
104.6768958598629
96.2934005942725
98.30477083676624
94.06657816377802
95.35474919123324
97.2377712802337
91.64808790738252
93.41635126285153
102.1363514205656
100.35965656706048
95.00665053822071
100.62247697961759
97.1938525118553
102.12457366812876
94.08545548764367
97.03998912443728
99.9193462060153
100.39096109286201
102.10372268979518
95.05289238605798
98.42028787978
96.57857615316517
98.58365215566657
101.68656033123072
94.26605059873405
95.60006510481337
101.36976415961172
105.70991601444692
97.77699601678214
101.66842879568813
106.29480167068351
104.81784222796381
105.09413231318791
102.40982131101815
94.9071474664104
98.13234719807392
101.89112977435553
98.3275099951215
97.15081792541154
101.64898180583961
101.24954195481729
93.21975534605241
95.25783202447163
96.07934788571116
105.44644595839372
102.65800113388063
98.30745013918964
100.7632808566608
102.96083954636714
102.53234287643085
96.53778468841189
97.48322410720851
103.61370000668947
106.62673787117188
103.92819211280066
99.69903280895694
98.04288187241032
99.26878195849825
93.76123507144355
106.0952364014864
104.31897576404455
99.35012288017977
98.43228149697626
106.33285917731682
99.21125830656204
101.35972562524773
100.33003666558187
99.94147853942398
100.2243610411406
101.88122556404058
105.53856152500786
107.86686305841711
104.69406427596441
103.22333711303803
98.27414081343005
103.81037008528001
93.36336048246217
99.64739968450348
104.67020851204649
97.35755628302388
100.59288246228778
104.04624014138577
102.57462203928928
100.49809688996447
99.38715606574696
96.59344374630764
99.4898651592362
96.89650929202631
99.759458147031
102.08179316300351
99.00489645291334
95.76716526143893
100.20888101854304
111.1255290363905
102.37902510620513
99.28309566783533
101.02830763406435
99.95930845303573
99.29471300458644
101.79972775153517
101.8140138219862
109.98227467648802
105.60698046928547
109.59265378453654
109.21949222597232
106.32315215216893
103.16710715651054
102.79399439702819
106.15462919393998
98.24437028165681
97.9110586017036
107.20222184539885
102.4627257351007
106.11442171383727
100.0204869306224
103.66030885018394
103.11532614838889
103.83508312601242
98.43775452411529
94.86337241097114
105.91736505705663
101.3245667109469
102.57303815493526
99.79091976517729
97.61596588181855
108.58748820198679
103.37687437299498
102.32092162831137
105.88093308183952
99.8940010158289
106.65298320496669
102.10326126435075
104.0616098309179
104.87317743487418
97.62943364760784
99.84019170620451
103.05528246969868
100.52824328502406
99.84004247661797
106.70254713613035
104.1930305924336
102.91570846159699
100.58809143616025
101.03229988998719
104.42537581147897
105.03563721106296
96.5547977793425
94.22479516605503
97.96963602060201
100.0240235880889
106.66889849536169
102.37993153037685
98.25341793278726
98.43143521944344
103.62250801864262
103.5924136277295
105.50116080061598
100.84759902658166
101.6701565450703
103.49118484365114
104.68809726140708
99.51608862684115
100.66841493837215
103.36473277806532
108.63995730911364
102.71165049137068
98.98360342498862
107.36435425083539
107.28050239237389
105.06426948296635
100.72831661784505
104.79485331202585
104.64506339730964
97.04441221169138
102.60126822321378
103.49201450808302
107.02806563523278
102.9372192869887
99.29853155413478
101.5830942511376
100.14936516756937
98.9543249266016
103.2598233954628
98.34562722434916
99.7081877093904
102.19539681611954
105.42139302894542
97.69969710213613
102.43440584112847
105.1992545625481
107.93151165685359
109.33430254190179
103.49602552223033
102.64521981051723
101.55631779072297
107.49267138463105
104.49526033271839
102.64010179031423
98.72399907527407
97.29739970112041
104.45045513058072
106.81087527671997
100.08492615219342
97.07412924186382
95.5577663377665
105.6631664336185
104.50242283549923
108.58631241269049
104.00673992986408
97.65651771202515
96.73744271221447
99.31756498166368
105.99081352376562
102.4067911089423
102.11278823422879
99.3529840498944
101.50482183105342
102.69282844533986
103.6029812378728
102.8032015741771
103.55815103956982
105.48837331398478
108.47993348123205
101.55157141573602
95.16844369772785
100.23580238977712
103.68558156520412
106.47998917010878
104.21743433559149
95.89448523357855
100.31215270323564
103.85682912548687
97.57124811877657
105.81061566250446
108.85588287805054
107.9200536005045
103.28407213822804
104.94660407597931
109.90175971624917
107.29807511069681
101.13011671436008
105.19843733033484
99.95127735897364
100.00711145246987
102.41422971333144
103.6055198752979
96.37924943473257
101.22414657265296
104.03671092815702
99.46374961310683
96.4946238269133
106.2271524431229
105.50758861105537
104.55580503410738
98.02123836036799
98.74727737823756
96.62065314377568
102.42525897618236
103.17550134291737
100.4529943247718
99.08044217563203
99.43244980430994
104.91544221724693
97.09610408019722
98.4961584891731
104.4675840394327
103.63623539685096
108.08883672214377
103.66165322187732
99.78793914768193
106.09325596121842
104.04208482813712
100.82799892956012
98.83780493215
105.07188861292484
103.9342362918517
101.57079252093143
104.75836547236824
101.8242345853358
99.88378158712072
99.62373437633097
98.82198973697618
102.7917531577361
103.3342496519611
108.10305252782982
101.14781882241003
98.99972373597346
101.9746162369362
111.51267625441037
108.67452113265531
107.51436821921295
110.33074372875147
103.35792635003749
101.95117686800542
104.18642833680047
111.34949101881078
107.20921563740764
105.764468766383
99.34329818079091
108.39599334940962
103.77719333349842
103.63723207716613
95.8604707558122
106.2937872880008
100.62916626905557
103.38383196664478
105.4871956147403
109.36983191790783
108.7367637076907
106.96039195371817
104.16645709781533
104.19593671734992
102.72864080932895
100.51728300806616
98.81861025657203
109.51373860008881
112.3690585694776
102.6960600835241
106.47942880761157
109.0914959711894
104.69519266568732
103.40213840847369
108.93818643587743
111.55927916769335
105.80030559302979
103.25367095236885
109.62778820184847
108.49435198087366
107.22998985930593
101.41605789502492
92.80034846058263
105.5289586688274
107.22491891903086
105.0589154650025
107.29113475691163
107.52580156256023
106.31192193865283
104.17733801816638
103.46031237551001
102.70727791352725
108.08934881154633
109.17682535301965
105.61192013246662
109.95920465437537
111.72919703333321
110.24920309144193
107.17093603202167
104.20129161701463
97.48001538236643
97.87580787317992
104.15733200716704
105.57589468791923
101.158453879642
103.48570585185895
102.44003295150692
107.92411864705565
113.50225694929026
106.72497352243255
98.99848752614108
98.52315773141093
101.68443258817719
105.04895046810674
110.5060056153445
100.06366523656165
103.28252590999597
109.90426281334975
106.75485278827357
97.98369878684878
99.0265420074885
101.81982763427132
95.498414010831
100.44451374452765
103.53960561575619
98.41351559847986
95.88971085103911
101.34584084520436
101.55789383880008
103.36006008846906
98.57807221053574
101.798531724468
101.84487769681249
95.05437060422938
96.49388457303803
96.76584228785161
100.92354404848709
95.23521526452882
100.86794468180429
98.7753852802911
101.5110289538597
104.39675706713015
99.26279844007097
100.79835253006232
99.39360002432807
102.64955607067616
102.15146797991369
99.7165019076893
96.99288611896513
103.96903061594963
107.72869602539511
107.1135087196882
101.48957110132596
96.74741050339799
97.12831635436955
103.42201423229893
97.26269725232913
103.77082045146194
101.63153188878641
95.61166163292022
104.98833442611067
104.95775538432581
96.63699044327052
101.17278536227379
100.7329827305064
99.39016409982649
100.54693613194603
103.25295325142801
104.67579711922455
100.72163505466857
95.41868643343794
97.04767680121218
97.69708429093147
97.4036384012111
100.02739692176179
94.88905757879705
95.76283811638699
98.48408650666325
100.05090875194026
106.13293562466723
102.58178596568138
102.49485532510677
96.82450610255805
94.00909647468973
96.70704345502234
100.65687036613873
95.81759697430108
97.94877721620826
98.2151107378113
93.93788657483707
100.84602523860929
100.77096865506242
104.8006110824104
98.65554820310146
98.48072669483255
102.85093033198332
98.33620883479152
99.47127692473842
104.11659394591243
100.66644616947788
99.67080706437329
102.29353460863884
98.23734095721322
96.24756216327359
94.95281881222583
103.60744878341251
99.61920335358613
100.28808205186942
96.0501405137468
96.11263509999254
101.61931946943356
98.03020683626272
91.60573046644309
99.77011957149506
105.11608034301315
99.28596239412599
96.82334799561563
90.90213468667811
101.81103443594893
100.06700462488394
97.42936081301916
97.17794696049641
96.12816901408063
99.05011067096432
101.89723726039978
104.52454040154039
102.61085498527514
100.31874538587454
99.10217818708634
97.95668470711352
102.75791325114406
101.37713004499987
101.40817272521858
102.33705600621204
102.42465313565184
100.18392300611328
100.89061782470577
101.14216676645793
95.58078932420892
101.73385432131
101.71813299207766
97.97861302390783
97.72269820058517
96.57251272336185
100.22679162124419
99.02606570600784
110.25570644175481
106.0800636467413
104.37280514048794
101.70419283811601
105.86535189911885
109.28861442293314
106.97056672178736
100.9455525813861
102.07726925077552
100.5544981838126
99.45101064968527
97.59302746230038
97.24081658627391
91.44735052584947
96.25154981696643
96.6362586747792
98.34516813856106
98.32464793298381
98.9384738844382
97.93231971073706
103.52929610260726
103.95620522787942
101.37576311851845
94.69448320060616
93.44052522112428
91.78118647016912
96.86744818860286
102.39399440472161
97.16462499483656
89.33615135794724
88.2658661158464
105.63805075961005
98.36856207972461
99.96632253391276
98.56940523173394
92.87740996862902
90.78578726348132
101.87260709568662
107.29720995059621
108.4329762747137
101.68200568271008
100.51110315865117
100.82851054034931
105.10263945893443
102.37261516187591
97.91295621853597
102.85468001071182
96.82467542515778
97.93918776010167
100.63244442849594
100.02654085419871
102.05209339001235
107.19870945903436
103.23434801079519
101.72424292559639
104.78964959544223
103.40207908551429
104.31429527222285
101.63609499106171
98.39983874367033
104.6336031508078
107.54651445338375
100.69632089073357
102.58629759644126
101.87770202496142
103.7875045187608
104.01157117917279
107.87647406607469
102.14139602856909
107.1614836592579
105.31764955496038
104.54274511983972
99.69043664601192
97.09515679012031
103.02039421849669
106.07737321648729
103.1059614863397
96.22637463749348
96.62002367377629
101.48652756494602
92.05455650409209
93.36673159203887
93.93142726252863
99.00752548426864
103.66583920343368
97.25808687796281
91.53670124512192
95.90036326103274
95.516850727153
92.27502811598573
94.30114154245584
94.71936629849452
94.30334106599283
90.79948934176828
91.48801113803387
94.89061119871822
98.28390797902156
93.71481291783707
95.96515023522936
102.2187319543747
99.36890498946472
92.69094890229657
93.16793111088595
97.62370263682722
101.53879063084118
103.48938006981541
104.68818143733719
103.03988773004541
97.44159344325641
94.10690972132512
99.12101491834783
100.73345318617916
97.89643500887718
94.91078951659482
95.22431799109498
94.62497153861841
95.98638577867229
95.50030721812749
102.34509148617799
100.83912995167171
96.03004686366883
92.25099608363581
98.75066037053823
97.39885713080432
94.73110920706404
99.21880216920414
99.03844877951953
97.57434118671856
101.06016374202511
108.12144950162023
104.96556918478531
100.98574384826323
101.98934543296316
100.39938248162306
95.25193547964469
93.49721019444955
99.39549648526533
101.81266917106925
97.1877976849363
95.94764111590246
89.49050159611772
95.15882749905354
94.23459850937324
93.40280801823421
93.55999111580752
106.30954380859937
99.69689371047552
96.58484514889182
94.9987718764379
100.67295166745811
94.21246823669448
93.1055961894172
98.88716843376868
98.05586716841154
94.27280267776335
93.38697780121728
95.37789818286838
99.21577020388257
90.25067111513061
92.47615638220505
92.69966170101151
93.3323600794631
94.17220428419452
94.76418890656372
98.32259812218581
100.03438436490214
92.79901384509061
97.64014198809298
94.25052619755259
89.42308387343903
87.23559236676556
96.73324459259955
97.08348435933061
99.73270454634226
97.31610773917913
99.40051310986331
95.20663404538183
96.03009796673963
97.07030253165854
96.88992338818422
91.00642372801406
91.89531318600328
96.70961171669387
95.9108742169614
94.03583254971755
91.74159725156714
96.18476697056792
97.91577034830284
95.26250277098589
96.69898583733455
96.58221685369948
94.96248892929538
89.24190532326793
89.4836111094593
92.86628960703332
88.83076409644575
86.75115871970958
92.18287357369725
85.15510986564219
90.22248603295857
91.13417954476405
91.92108213657637
86.71734291679073
82.77968281590678
85.49798522563106
89.35166918553928
89.98162439804099
91.83943364390649
93.07482479062107
96.66448215217304
97.87213230153819
95.42101689707714
93.45302594413805
89.62371172942669
91.65997291580705
93.20351258842994
93.21486912806729
93.05035380109216
98.13233890085067
89.12698850353446
84.61973282707653
91.65523838501369
87.08403038664552
86.54749161702301
91.38968573610997
90.64718314287934
86.15625469662395
89.09656769619419
88.51712109576042
89.56329431330062
85.37100467010823
91.08595142986081
90.91505004364261
89.62748346948952
93.4986668934148
91.3350322034652
91.1075903117729
93.69324383767781
90.38751931156875
92.03735086385262
86.5947792552557
95.50017264690621
96.87061895169016
89.29895246027554
85.89449649562651
81.5681812542355
91.3667304943988
94.50598162553615
90.33088404005342
84.39736158328637
95.62803510771067
87.75327665971956
85.59850002838537
86.38133232930849
90.56337525127037
87.9442902502203
86.3742552599476
93.62774062475098
94.6630199511299
90.45619040157462
92.05525627435607
97.27154250846591
93.12797401590325
92.92975226866645
93.07197749541406
92.41075653584292
91.46313481841504
91.9308361637632
95.42759208565654
93.23251024296806
92.74821512942476
93.38190951950675
93.15767701021721
99.57700613290076
97.5827355120534
97.05444806299812
91.30919781754632
90.751890803167
93.83009977328621
88.47155057533513
91.95796727107822
90.97250926703241
93.76608421662999
93.22763635866627
92.2289717210369
92.42245914580282
91.08468644330581
89.30628415923458
97.84902757888801
96.63328192856177
90.49996464740263
94.25528457528787
93.47012053848856
91.97371131948516
93.50212596947276
94.01372410922639
96.25719338777299
95.15347735601935
101.32560692560122
90.8031100191925
95.04295527989417
93.15027547597674
96.05762073665858
87.06080751306112
83.16448265269875
86.87423864970431
90.41273219933527
91.74158919355042
96.56370913628318
91.8068510439937
88.75210868890156
93.60184009295943
98.01768770642524
97.36266552588599
96.99750541253565
89.56498030231262
91.12507347494055
92.47404030694152
99.45620054120278
97.79854286291928
96.22586361414133
93.78318416091828
94.53646465073479
91.81914495366746
86.96958629820664
91.29850729526999
91.8684763579919
94.45188677229861
89.98482700068662
92.07631911645622
93.46723940968275
96.84933335604775
88.5951118205407
88.45904021828095
93.08150531964482
87.83079987272859
89.09231809833929
83.6418310318735
89.05019606237879
86.58522200358566
91.94528617515756
93.37108930569501
91.72966250038233
91.32108295678569
96.79467041039855
94.40227238971238
93.38370246590004
90.60402835329758
93.16658297769685
91.67175239151987
94.45806800370151
88.66398624837497
91.57493660846292
95.0661350051971
91.31064669587053
88.31988217868519
87.47422609204496
80.46211692570984
86.18354749041536
92.59308171757067
89.44589739908824
90.17910629075357
95.37321296722807
93.35866933154674
91.16058478601681
91.1569920803891
93.93481451545038
88.52875205941967
95.30750484871079
93.11427093505259
94.48347507040859
89.5076639993038
93.59352539160467
92.01006765985538
89.03912866339434
87.9229158692856
86.07534068476645
85.17379909328604
85.2591044941486
92.70945829365695
86.89928155669627
83.39072274549362
92.82575776552135
91.19734417933194
90.3915919949349
90.59726650348486
93.38761093586895
94.2518028033984
93.92217985130159
94.3603647724479
96.14201368442497
93.06370954828755
86.60393572388206
86.10884047676737
87.13591806131797
85.75187807763788
83.37312522699087
83.11589291798579
82.47073808720648
83.57588493951351
81.48599427844357
82.28894354551137
80.75424417918997
73.83451105631812
80.23498434218571
85.5252144535468
81.22102906796894
87.39422942772951
89.6296294338049
87.27991543902804
88.02765358929179
86.77035277871313
84.28714494195454
84.20523702612473
82.93234947485554
86.95954233677912
85.6968254967843
83.84613752403598
84.07231566594857
82.03615018896664
83.3365629216453
82.0004865810294
81.69710194137953
85.92721557238507
88.33789496580356
88.16547134204374
83.66814593343948
88.12175753503193
87.46898356077925
86.47607483299556
85.22899003654582
84.44248231645855
84.09062062634155
87.19634763346494
89.46490046144467
77.57850896000441
83.48580632125821
81.8517523607898
84.92402663729372
83.51393968334911
87.12337593674366
89.6667750671968
78.58669095073893
81.55193775686529
85.13153974579971
83.95971355079007
79.12632096368867
87.04772110330683
84.51051919411022
84.80209425185802
87.0601033133543
86.09403450014393
85.91915265574796
78.32950983974328
76.06231779352972
84.8115581437674
87.74640773573466
82.85283938883794
88.82962685954962
90.63257794314723
85.94408837382602
84.46045987755875
83.00234639223287
80.03245783048125
82.30744453995149
87.36563506396091
85.38168861956021
88.09478747412892
86.60344883813619
92.1076178930067
88.73254030693708
84.30078759621371
92.14287957569496
87.5793186856759
86.33245926924856
88.697301310887
89.88172630525837
82.83583999852799
80.88435397026092
85.96403903180068
82.41289930066232
80.95265281243746
82.24298369293071
83.93660703841171
87.33135885177455
89.88792058031817
82.36513632673075
85.52785918601072
88.89716924905802
81.94997582561679
79.97838727609046
79.16023694214871
79.66587020731566
82.69007674271056
80.5808816916077
78.60059528397127
86.32379321732377
87.10343893251269
81.4025113724433
79.19067682267374
84.22523907486026
86.05965196615185
79.22379861600646
78.64031779432047
80.8428979770686
73.4322045673047
78.36328982362296
83.6507639313817
80.20622419335373
85.76734038486855
85.75728066763175
83.61631698686149
86.72414236505206
92.07650192037507
90.62946492607865
84.6556991130497
85.14550428930123
84.97594093706157
84.58925951292267
82.02955530183867
79.19422989841512
80.62955712601888
82.52047333820741
89.33530804499559
85.4105136183148
86.22518435638125
92.75578229097577
92.1683787617183
89.3692434303098
87.88697237902237
86.05047053475968
85.56226529684518
79.1194832957404
75.90458907290595
80.5294185382133
81.96323424006354
90.27005428637581
85.79310203643479
81.75052640656361
80.0423910417184
82.82397792982056
81.72307192366918
81.47084858955319
81.83826616684847
83.22284987933064
92.47108659658315
89.61082822569166
90.82286613307225
79.71753555819814
82.73769595530577
89.13698218089168
85.44285578965486
83.34311697687136
85.63247674992209
87.41835837748043
87.60176123154028
89.35138662015139
81.58890682568492
84.99400860738093
84.3149133498699
76.0425232451502
76.8197983421179
84.91239095179823
86.70539352681942
83.7562772327265
82.5532651371771
81.92230483468073
84.86718946028974
84.28183933011442
85.32564434665242
83.01278821825893
81.35895646727342
81.84694190445212
86.78520444365003
86.79551602398845
84.22450282905746
83.87843750220368
83.59082991609667
85.94371031919817
84.92768965199829
80.30690131504171
80.6550204338591
79.69476730837529
78.61117202840748
78.66377489198295
78.30796179880964
81.69685015639641
89.57191314679345
87.366825848089
82.48792806550489
80.95096590103502
82.21323325052266
80.76592669300516
83.04447704818918
79.46179251578445
78.20202033670785
83.78525239365015
82.40347767694051
80.89641570286192
84.68978254922779
84.18097975233715
79.88193537298945
81.68797046446221
80.9394800126339
75.76040588391172
78.14855122734373
83.47083980164604
82.69697386690946
80.83905979473151
78.68285201140698
69.26517973575992
72.46562944708299
77.68694443380427
75.21109539614696
74.16927099494704
77.91094931748309
75.54972235233483
74.30444011307932
69.3046980006103
73.2045397846008
77.00284595447178
75.7591236121994
74.76120725729578
74.67500184238453
73.7914510169051
72.39168891921805
80.79298446994594
75.60051949913682
68.98196557586016
74.8302151757784
74.31133344405305
74.75650647064892
73.52576626155512
72.09405243503188
69.12040651810746
75.54535593995863
70.07594884681424
71.13990126261906
69.592715735448
73.09334347805458
72.63767961322681
71.57672476422292
73.93397498204257
72.88856450819802
76.03592699305739
79.61400965977877
77.61992559422582
73.40247461043232
72.37904911186106
73.665113411307
69.03140382073516
69.38283951354603
73.27227015619175
73.4308509564454
72.70757005028516
68.57291869269166
73.74709583935953
74.39932879118093
77.36541045660886
77.77158233131391
73.8539458975588
71.45355232836249
71.5481342246341
76.50462721633322
76.43050463749701
73.08623374236323
73.7108726003627
74.71506063835274
69.63017625890258
68.77518706224394
74.8452162917931
73.37912735590393
71.88344598251332
74.46457780335533
65.75887255522488
72.2905843513933
72.52079521804266
71.99732739456249
70.0342514083772
72.67155213020311
70.47312476736722
68.55903395574106
71.112502395127
74.3428392094753
72.91402816051227
79.46315580907155
80.23116301951444
71.3069541341034
73.52949360013521
77.38058362711996
73.31401819229181
76.02363976083664
76.87478098656409
72.58592583682201
69.43196841456218
68.68485748846193
64.48557661125083
73.15453242815549
77.28449072614643
70.84119823880349
66.45685471157132
71.55480778171378
78.62438566964158
79.13600957167475
71.38887533968592
68.76128646709257
72.34844615378138
67.08012825374104
69.19098436846204
74.57097927307487
67.8376865622477
69.29558430957691
73.23709266552572
68.08935766767985
67.19424911864449
70.96783581098767
72.79650017175987
68.95407828228582
67.51369366364355
65.95517121222115
63.939898065166524
64.56953606607269
67.0266010012171
66.52295718966776
65.17436374040207
69.72380430195486
68.1970728680428
67.12202197131535
69.28483960560452
68.53786707612618
67.3703767473802
66.34823208184355
67.8189551960255
68.1356182473987
65.02989015565669
62.332133936487345
63.29922160157406
65.49985711901128
69.05430389308054
72.30335901877774
73.97544933958889
71.88819890228623
75.4107390295427
74.23593049592465
70.01588346011299
69.31092839679803
73.35686694492645
73.98527744215711
71.39691640729215
70.36309868706888
73.6527725219896
73.27377112983594
70.24128429782908
70.64337823229339
67.09467559494662
69.50520466504011
68.67287989166414
68.56988347216688
75.22654258732656
71.93695385412553
71.65391405395259
73.02576654945027
69.6643595419089
68.34162682750606
73.44211470705147
73.38512817722604
69.79281724773975
70.97537145135607
75.51852408503674
71.30525485209431
69.68124609123555
70.64479961100606
71.24220441483685
71.30652058271443
74.88806324683655
74.37681242048188
75.0141846974251
68.03334713790035
64.28066386604144
65.52327173803955
70.27849912928394
69.6003830612862
68.30008799610687
68.66928748000144
72.93011984413633
73.76129500028094
73.99530298332867
70.6818926423996
68.10174698189569
67.79298816252982
71.91041331043047
71.78882121635897
66.45345892020366
65.62252930155768
67.85460850352815
75.2764461269334
73.41060861749276
67.73889847070166
65.95717877234145
69.62267129978858
65.37765426640051
67.16342125573192
66.62709219564731
64.19455244661582
64.82209622265856
66.39070854949972
66.99404065371199
65.72986662040624
69.86681628490929
68.19634990796676
64.88502202859759
66.83156146335315
68.23696152764835
64.1800962254002
64.31896791512818
67.57762538548049
70.52936002674797
70.93323008331122
67.35294487150816
62.025285789717344
63.761222249148695
63.1481749123595
64.89352160838656
66.6631325967938
61.71519629021703
65.43411083472579
65.74715463967782
64.34717287482755
62.81974139279821
65.48349841292637
71.07287868833274
70.91426085789516
70.53976904956242
68.91152966151611
68.64696214781337
65.42656112765715
61.90471433662201
64.51309471225102
67.79205335017247
67.95076946390947
68.45429586008129
69.36762759273132
69.87837221245081
72.02957587638875
68.51322665520689
72.0385141009922
65.69871766227669
70.09938309660329
66.97332248445784
69.57206295442522
67.95610153733205
67.93025551217869
64.88035366986229
64.88359939936397
63.11558562492724
64.97830813186305
69.33578557546991
65.54741801803658
64.65921605243513
69.58030332461318
64.35697583136698
61.089629734967524
63.146374494476085
63.49417409702892
70.37786577841656
68.52854808287397
71.73486097684487
67.64946967107191
66.62159711424557
63.73731822664434
67.40276766804425
68.97724536207188
66.02318420806337
64.81721614704088
65.0149294225008
62.93104663093465
65.0455468913244
63.3449272017082
63.0817707937112
64.22947757400907
65.803740406048
67.47633113321595
63.68012398263425
61.84584064977639
66.60408680274192
65.5238559171211
62.9175832363949
64.78184053492582
68.32083418675856
66.13210290307543
66.01516496288494
68.55399921641553
71.6100118089306
68.93682086245893
66.71355107213867
64.46059665932805
63.95349924927766
63.84744036566167
60.81993823612469
60.206042143810684
67.67558109575944
68.56583976435553
63.05630561395283
60.259279773148656
66.3296931525305
64.68087724563054
63.87039817599118
65.01944933660953
66.27420590577437
66.32868289898589
66.20771729220144
63.35603435290161
64.4630334983183
70.31848177843331
68.5033398772272
63.25840285252217
72.83800299444987
70.63959082417387
61.76917619715081
64.49063490536346
65.66416345953817
60.743701087865084
62.626025350693475
67.49983313305647
69.0025990258833
64.60514775481292
67.80769604124602
66.19481169048252
63.888278309396526
62.84883905847046
68.24959150838161
68.33104699411315
64.70702935595916
61.930997566004706
64.909311382819
69.20727596981908
72.49097154139525
71.62540954945331
70.91732727770328
68.00739668617858
70.52277126091572
73.5786660183069
73.60475093544451
66.17473793647619
69.68178540526816
70.04217261796882
65.45114351051502
70.98624587429548
70.77388388470598
68.29529424855768
65.4356041034904
69.21107666999714
71.08001017004054
66.49380511639238
66.11267732754665
67.72798183658647
65.4358728073164
68.44083711762843
65.53102294403253
62.67031658774776
67.24951520795706
63.973993391092016
61.800117787294454
63.93190513814845
59.04101654295741
63.31354597556486
66.81251820401401
68.64213565760063
64.25041007149696
64.50141871404956
65.48574007223668
69.23669536490976
65.8107547832581
65.13703461555232
63.60772747401809
62.47642884300692
59.89826288761538
57.612106948252425
59.950196217880375
64.02805629291542
65.56174797393943
70.20868398149562
65.62268709992082
70.66683925531416
67.8170117003007
62.128860793998776
63.694988476204145
68.93305115712228
63.14247996520618
60.967273030347215
61.94493577116353
64.09313005859607
66.82267119185074
64.41662198663661
62.63282407298217
63.56520467927672
66.98175051905044
66.93454238690127
67.61362511427694
61.13441485462259
67.08481137557811
67.51253447766686
62.206776989213665
61.21767622300292
62.63816481565598
64.11952228255451
64.02129151443265
62.28907565793822
63.35391041961878
60.46431747866845
60.85396325011753
62.00288917561082
60.53453916013851
61.085394253065935
60.8945883863565
63.19412277358232
57.723920542221485
60.4072539436311
62.14219266704731
60.20041151534786
62.564220860515
65.35661647053944
61.72705758154312
64.58382392399304
59.46214152730734
58.839561229489135
57.92963435889913
59.50544554036937
59.09732737035341
58.93389146754518
66.33604940793852
64.89636189325196
63.10628326449621
62.460757508024365
61.56948335635232
61.61133097310449
60.315694632161005
61.03095070047798
61.477090117374885
62.242258531376464
59.392192629012754
60.79469224338099
63.70803420417954
63.750212166657185
62.04384100596204
63.36658689843904
61.79916163069801
61.84568128681527
62.67105192395762
58.83555364595473
59.31520057726551
59.59023713951865
60.953573126042194
58.27831881969636
56.98823945500784
60.99843762298371
60.32691926723421
57.92854424569692
61.67574436935791
56.444473099140225
61.608605315030324
59.30742099907467
62.65727367203979
61.91033102417007
59.88806673612787
58.484956580031664
55.863315296968956
55.34830829820783
65.19910647092384
62.008452931439294
59.58262437729676
62.1368088602345
66.02446838287196
66.52322939952795
64.57048503647312
59.86435292343403
64.20027588100935
58.22509855245599
54.70273479873282
61.385920293945546
65.09402553920522
63.102515995874136
58.015423536780766
64.76488628275996
68.1988915446822
66.43114787355958
67.49442737629559
65.0407533464194
63.46683081501276
63.78825477080201
64.07559470450661
59.592727218834916
61.603912487728884
61.66253680567067
62.247434544208026
63.92461820261067
65.88886980493466
67.5347309940251
68.36170808508696
66.27660048292583
60.08569737511643
64.86851440406727
63.199265620455805
66.70010429544136
65.27796690398601
68.66034655899551
67.49678704776177
67.5686356508174
60.65609324803021
63.78965364622067
60.1611841410185
62.05354269535766
64.65368487097851
66.55031710690889
60.61945560967694
61.73516137449631
62.612616926203884
64.39836791543556
60.93536231098964
65.65282089148347
60.77499266659209
64.4493172490668
62.48716017823974
63.83507149221716
64.62797571760682
58.94762932214026
63.15827492254555
60.686793384653484
63.57765868888564
61.131811990642056
57.448254848291015
60.45726114235718
60.05010164642018
65.03116002081383
61.49463734715011
60.72797638572551
60.721059149500626
57.18442824053679
57.44936240494434
62.468709588977454
63.50625751733376
61.72630636489794
59.28565046546213
58.95038479924681
61.701152803650295
62.64193346842889
66.20622555459303
66.21175525108461
64.28023936455813
61.84490933616267
56.67314711802575
60.443111422542806
58.47084517517267
57.05178102195441
58.913723819340504
57.17075560700478
54.623062068620655
58.12096815707266
58.80750848478952
64.75456549207787
60.17291008774538
61.62674043118764
62.68547626731057
59.17309493066804
60.9381961263571
61.56922321462193
57.62727518534594
54.61735496918141
61.24516574792304
65.59416116621632
64.98786724510336
64.9704568750114
58.661095380011446
54.34235460424316
57.606327842082436
59.89462634509972
57.66579757587001
59.4177870639761
56.59361652249232
61.73560824333201
59.24167285020349
53.23326794411112
56.40624298252793
58.35801028230864
58.18267415796483
58.105300497355145
60.12099282287909
59.63396822815798
56.54481371200176
59.61543974728387
64.6224725623273
62.66208096029995
56.77217825640023
66.89758169694993
62.77290812469043
60.54112268034276
62.323715644576794
58.293399211255085
61.98378667299337
65.16302906705013
64.95429438232247
63.30633476076284
62.60447542859472
63.157602353843146
58.361907281504934
59.367947612722965
58.25198591516244
60.518196707638964
60.0323358683428
58.80805182451677
58.44494791718355
60.26389994598296
58.230307546201914
54.17324689317884
58.6318408994937
58.25898629957863
55.10959291481609
54.26342958992427
64.76006122443583
58.887997946583035
55.485503686881984
60.10246147906174
60.891268259816904
63.17330478367612
60.091733578555996
56.56810908398126
60.15104847262089
60.36182905736792
60.41364359575251
62.56635840181272
62.50503685728823
65.53335181807141
60.29014537498279
56.37001858221012
62.35029089233636
64.29817616511495
56.457078424791426
60.26141790100217
64.87743111728365
55.86233951579421
55.54298649294872
61.66787105955716
56.38822446031906
57.93913544089268
54.99327585496554
56.597052630762626
57.451449654829254
64.01438450267823
58.28969382388508
58.479694414071226
63.547116828839414
57.50601658419931
57.481844729523985
59.21499769921363
60.76910656845829
59.65015868954415
59.42336827425615
59.195906571989134
61.688419921539555
59.98103274107576
59.82468331867705
62.872979753732004
60.087259349896684
55.5091827504188
58.69396701666042
57.49916259622798
60.43808161150573
59.54384424676993
54.1424346087916
55.15519912189462
60.66051426143993
62.01959481869322
62.88678831949307
61.16129959509592
61.69308197377098
62.30213178412028
61.454375165636044
64.4005887458853
60.86977879587431
61.393088259727286
61.339291327285224
61.99875003507061
58.62429736606086
61.269345292367724
58.18966840857203
60.15560817244719
58.333215061781466
56.87087687348162
56.90053988284746
56.57526515364205
58.41344012538492
56.73074335817777
52.801669480484925
60.989150439275676
59.87285114213783
58.44701986066099
60.783865493383146
61.27501962334723
59.70419654836167
61.38900318171629
61.64537004247981
54.922135071480014
55.34799172060782
51.75825267987628
54.04482157940028
53.55987179415741
55.118160571119276
59.61619287681176
58.271777571576166
58.02229618945491
60.435954591111894
59.2624360691495
59.850160370214134
62.27050881606149
63.590682286915545
58.41635230740254
57.73895533126126
57.208112780816755
60.16022137620673
63.45205478568161
56.15088452429362
55.91974623643048
59.25253810173048
57.68169868517183
58.78108758504637
61.24573986428932
66.60050759774272
60.916551908488756
56.08582688262248
62.64816566558862
61.40993467773166
61.074809063180055
62.60254382452502
58.91101993048184
52.244440163954096
53.88493381342251
59.19604088210453
54.99707139870501
54.76861762223938
56.80360675955729
58.572498665834175
62.53835106907153
62.79108078771251
63.06170796043183
60.53692022678193
65.68011455146927
62.517382019649894
61.85184289226682
59.58264318558855
63.686995191627105
55.695927100401725
58.4625194992407
62.916683220182655
57.02498582507065
59.99068213621129
55.987369793783735
57.470949245385434
54.57092879097865
54.322654881246265
58.21299194072863
55.444039433345004
54.00998693456103
56.78267762364304
55.591177020030976
56.71002158101637
55.24920786472133
56.253409812316214
58.31859645785959
56.66279064465425
57.04488630819505
55.45121722846905
53.01416271465183
56.623044643756515
60.02125357637513
58.2232779733258
58.44327799760113
56.009441582571974
55.73322897950242
58.15442049410526
57.96227757954141
57.34836967594168
56.54255518105963
57.60050194982776
62.04127442821151
56.011058002945134
55.12933211283611
58.990385222374755
59.99799205760215
57.83642065290847
58.58443865655817
61.0386877966562
62.16143819902033
56.610026963933194
59.750139028250814
60.918800083193766
62.72014031899109
59.2436526385563
61.73911479764257
59.75863572605451
58.48426299443196
52.16726623773482
53.102319462494336
60.34894310889108
57.409206012041196
59.00271684766253
57.78142903159733
53.99786806085804
53.17423608426802
54.87456975306733
58.88772222879117
58.967306621547216
58.4212874602456
60.48504122746042
57.29110435052378
57.845885101811355
51.94336927411091
54.304733382117774
53.591211230583575
53.273414708619676
56.78595699705229
50.39059499698285
54.45039162725802
54.598697920330416
52.94962135939546
55.622536010697274
56.95439659437725
57.645938183688266
62.01048418381627
57.045993113487995
56.53614991769753
57.07627295185411
57.70145059931117
59.69306973367034
61.2711222292043
58.395224871455596
60.304342111519155
58.185771570969884
63.437903440978765
56.44840706409034
57.53340751739266
57.6519995597022
57.897593954235035
56.198912005582905
59.30604571428995
62.069864249406926
61.28776233343726
60.50196425395699
64.59702672384458
57.56079556750325
56.5278785756921
56.176040942686726
51.54615818993199
53.58706791002285
54.57549365772255
54.27772719944732
54.86134994101583
58.662958402849696
61.233014673304716
58.72544496251038
53.578974984982835
59.57801613428446
58.795207544247845
58.1328430383988
58.108480738997294
56.47298331018208
59.00465971235979
61.277390058502164
59.09396705073312
56.00455704273002
56.28842969548441
57.88562187436213
61.985595143711656
58.624852510902
60.3117021455597
60.11775397436668
60.27999538189161
60.76197723622764
60.786827371384646
58.28334287369191
57.3496430279267
55.25306143622363
57.25555031503946
57.104696944758345
57.22562701825214
54.34334709976692
52.59992793996399
54.890204837351554
60.54412121477623
56.165799178530015
52.42983805172458
54.03709281073487
56.870704119542985
56.98795615191028
59.96172779556842
53.022687617206266
52.16686909089364
51.41159187971367
55.5878542537937
49.94322224487583
52.49844532231633
56.35517877405908
58.137761860516235
53.86884954291201
57.86768081809788
56.81511497592328
59.40447801745249
57.372399460198366
55.667296235861606
57.8669606314305
56.42623011693975
55.244447336932055
53.92947550293888
49.145967735641186
48.561782255386206
54.29864264450262
57.73250139265374
55.786916222750115
59.09998384821778
57.761123703107806
57.37347441746761
55.45415624382831
48.1846462326578
57.61347331771067
56.17719037295101
53.266682474821756
57.57885685606831
55.783927507415996
52.560672090377274
56.22607711562684
53.21859319496003
50.14714787028964
52.17518460996533
55.66093994621312
57.04138817963731
56.607256513279225
55.49971863482781
57.44440809357766
60.57524647981108
52.89863319580127
52.23809086232544
56.63954180351802
56.829754474504334
51.33469897763718
46.25730041316306
47.687192452974756
51.04702103891354
54.226517149625636
49.307275223804155
54.99697931189974
55.179326514097085
53.88129519172989
45.34919399181549
50.26882686923344
47.8476726407978
50.56627054893122
51.542356517536625
56.8655917286378
49.659120534905654
47.73522367537059
51.854950352402035
53.056348806434535
51.51236181114768
51.10351284182324
55.38941506942822
56.91666016651229
53.4249898160643
52.38639108754887
46.456388819727906
53.96761598038984
50.83200781880393
52.06205802957838
53.306158302134975
55.06645228647722
47.41392363947648
48.8602900581394
54.76609254362407
54.92241555529374
54.40914620481886
53.56197215842158
50.93531449411401
53.07023958174296
54.50594163762575
53.88889153953805
51.35414574841288
52.09271084160822
54.218821163198896
48.32010981195139
45.59860527484838
51.963776366000566
52.16466472676606
51.991122953206535
53.34542447896092
54.346339693219846
51.262945691493286
47.1288920631321
51.12610645922534
56.39657561844476
49.23885252697808
49.631804571184546
51.195122496061465
52.1691795658326
51.81519426382897
51.12115906495664
52.6936681899159
50.87224050999238
51.49276742465374
51.025767922365766
46.97859790379017
50.641678905157086
51.12846076283559
47.993356515757576
44.19098683023054
48.951415885646256
49.282492091087114
48.28727090569835
48.747787311137905
49.17172310497221
51.89675392360183
47.43877127053354
55.469588956919054
51.14321384465338
49.64272455847602
48.360620942570684
48.77887972613047
50.54720994617066
51.2652791062387
51.451096441086335
44.11335307309924
42.88541071939766
46.10538787630543
50.9313185398588
49.762703910913885
50.30294661043217
50.15823157534993
48.47478892244073
46.26690854485523
45.16707415463741
42.515214421272006
45.952107692380814
45.39072381873159
44.13959736042005
47.349355509445374
50.93794729083937
48.65314065719378
47.73690949524578
54.82728129369761
49.72319331398934
49.96654976518137
48.63109738164739
50.1539678538216
52.86185317755767
45.083917074221354
51.50073241034201
52.42138294208517
48.279321219618936
48.32130054473184
52.99174072948881
53.475585494329955
50.333633025045984
50.27256777855864
54.98161049848427
52.14179703545826
47.20807687545783
42.0683676563514
44.55818031715173
46.16544571042242
46.902135656969364
48.97518107527903
48.52558509628501
49.28706122100603
49.57551569765434
48.497982779187716
43.74807644365302
46.75055033634988
48.921561340297096
49.37369397206168
46.55192263138049
50.49792357363631
53.70978935299823
48.26647348645516
46.17897048007544
48.24728421561599
49.789218486887094
50.78547029366389
47.00665072505838
52.23948129077516
52.309272416320844
48.877684606412515
49.843926143758566
51.23575866671439
50.637900881016634
46.13056858470422
47.95605152479913
45.615728156039296
44.629901657394015
47.94483225968848
47.64877029449299
42.157444995821535
45.26818833683987
47.61278612587486
44.68853271854969
47.34762450340142
56.66128380544315
49.11230694008386
43.50897523469355
48.59500424560574
47.67809254483392
47.40501643232021
48.336057172129
48.606747535757805
51.34434091844848
50.41752607579532
48.497213539147026
47.75687319330462
47.53414714550605
43.72254407322174
45.05984588989924
50.02769719154429
43.336346542218706
45.12971433787039
48.89152259215807
48.81412645771303
42.72834170019027
45.96398193695372
47.799758992553286
48.12752407076863
51.76673469576467
49.76154601959439
47.36445808500025
47.254127870285494
44.160003781065456
47.415761922123096
45.20026185205516
49.485454675859074
46.91108045470384
50.40398800496783
44.966112146247845
47.15126006864151
45.82360171360013
44.09370051438451
49.83527660266908
50.090659025050954
48.339843763773835
46.98221676594794
48.21755116136819
40.98723709990104
42.4637725764715
49.37232047593262
42.097372700817886
43.35325028419817
51.902451741720036
50.37852410341838
45.75159216892494
44.42433196900651
41.61128616321249
40.43025645227668
42.96175184995249
48.26732386954089
44.799883235012686
46.15115548456575
42.7269075724068
49.685381096043336
47.400836689811506
50.50441435637753
52.08684742132155
49.9494703903707
49.70859248179164
48.15778975531777
47.19706024321313
43.002656750594525
42.4254963906145
44.29966140745396
44.61072594788489
43.01381010615108
44.89751010496551
48.50935190138979
45.72606886622023
45.55750180480949
45.050835129373546
46.40674432761949
48.25395433235641
47.59153120771616
42.201701679740765
41.48096934437126
48.23639187647428
46.91694983409756
47.12903190438776
48.50062481961814
48.853359330098826
48.2381623898321
47.19722554136716
46.84575405793432
50.51384970735824
43.17945300714649
49.25240165991143
46.76306415474064
44.930687964374336
41.949375029756645
45.287429539259975
46.81361488038563
41.7666479120055
43.80748020559988
45.77786629573623
42.99473556761113
41.881987418022305
42.982757438405955
43.112443918361734
46.129574590447625
45.55664786567426
43.71220882621134
42.742478684788836
36.82548667237987
39.607428807205686
40.68617026677053
39.09778057775463
44.267309490004756
46.00320974917428
46.507768057632056
42.34931403811995
43.18024644692319
43.00782068086906
45.68908511228395
43.499573744091556
41.57533851151385
37.20608426425899
40.76072496341421
45.8487521877695
44.7529791442628
42.97866670076259
47.07637922780728
48.41908704707548
48.52668719094725
50.345714429877674
44.70692952564375
44.10988108203674
45.269901705154076
47.08926259336733
47.32240974830554
42.89116657457638
38.134143867749046
42.05939889402999
41.4844096389954
44.81528165669958
39.09889500506911
45.92364758992728
44.51216853940224
43.83106829064095
44.88449538128823
44.4616370187324
40.76116095466118
43.96894674816475
38.9281976830555
40.3133654800794
46.23690966685765
45.80972596509997
40.433435491777566
40.066500220779425
41.44481068357039
38.167799304351455
35.668052381669824
37.51553011770397
41.82700640723497
41.92438181671099
40.88967660784607
36.113851546944595
38.542703961729565
36.44759066820031
38.286769322803536
39.821159422253224
42.0644115174951
39.76025610218523
40.36070298868234
40.46191199171825
41.73828394778802
42.23223626538175
40.96095462793535
39.23747685176471
40.47703809452078
45.15020316261418
45.7114217693626
38.22797072196375
39.853485606585565
38.58827276385499
40.70063578416328
43.832194477826945
38.6758546050108
42.10435256627637
35.32992866242755
37.87715610640973
43.82826805192416
40.9467345041837
41.58043372517239
41.09321149670395
40.95173246278603
35.419719857674735
41.11589905999709
40.29594261876178
34.910771949521944
41.72714462081128
42.254665285730496
35.84344428961244
39.20838219054289
37.391764520197384
35.89699864473638
35.92405875248207
37.68645651334626
37.22408937612965
35.93363442039915
40.00866182407064
38.498792968104084
36.83748719114906
42.65003602339078
40.487620222373515
41.52303548961473
42.28989254220199
41.87466793024798
36.30580441251601
35.08236144030568
39.06369726855422
38.47012257039648
36.258677358705675
34.58112703783267
31.703956443921616
36.746712163098394
35.83708649218749
37.78246118887014
37.7646732671972
39.71183568909255
37.09878790573875
34.182229544989816
32.68875067367223
42.28397777396527
37.23515743708981
32.975419684053456
33.43637041385156
41.34873536666096
37.147553857820554
36.44301348944684
38.10688941386192
38.22097836874656
38.55334239457983
35.54157731045558
39.48906510196643
34.41527512130593
38.258771451263094
37.612960236829956
35.88965235848075
37.531596602337665
39.3763015458657
41.573460134012095
39.610740917506625
40.78781775184063
35.61357655527102
37.826189460402595
41.46769975201309
44.00168704441119
39.36011527697214
34.578421493625584
34.05834570910061
34.69656201072149
39.49804003258823
30.731345375597922
40.63837358933913
43.74724811526178
37.94702311233749
34.41966272801043
38.009732707756655
36.06823134244867
37.187075627374384
41.921645288926236
40.63954092766451
38.82284930146103
36.12726302666992
35.973105558110404
32.57899999864305
41.78093034774705
41.48953307891661
38.755100982079405
41.878520554678815
39.071876030677075
38.33871478888963
40.04925051274887
41.173681928501956
39.683766068705246
40.12100869064125
37.384978778379
41.32081874698097
40.538083218055
36.846256450245306
33.55097986247195
32.822483683830384
36.24489428177202
39.22347879974363
32.24395643696017
30.865762140629585
30.8830883399103
33.138465461658846
35.415922105658325
33.75423320221912
33.41390478034457
35.27501456028909
35.9911366971788
36.02350468082799
35.50243061242924
37.86301493881468
35.40048290257951
36.0000616462166
35.02221585749394
32.62991296405692
34.83256194674537
35.43511235962831
37.48255636344909
35.57824885554693
35.987583857653036
41.53158606362923
36.263187308261784
33.85243623334236
35.94136300469284
31.273755753485023
35.03769372145173
34.7713432348028
33.87444186608177
34.401964466490284
40.137608047074515
42.429993860606466
39.148569386129374
39.99278574406296
39.09513500300197
38.34244982730605
43.044948008712446
45.853631516189814
37.988404930426626
37.87631098046897
39.68290964765868
41.64540758511759
41.36759444799196
44.42685289356343
43.186519507119016
42.0502028257155
37.91141433039971
35.94125261067823
30.713245460625767
34.29813237617081
35.85595610958013
34.653028729241825
34.45413962468234
35.94035894842946
34.369990738244596
36.42666232992217
34.50443740986696
38.826664915598755
39.683609319236595
39.788420659234546
40.14647531313734
40.32952310899184
33.9122145375137
39.10366220563845
36.46201270418651
39.161430625936255
34.16553687568259
33.7404040867024
32.58838040853837
33.98421188139671
38.38581490893429
34.04682675840691
35.686390017990625
35.54827927163312
37.93830294426782
37.701999749758336
31.276741130903837
31.703977013844447
33.350402379191166
31.979116456207493
37.557687497212434
39.613296510201295
39.5479169970148
37.36582825652218
38.429454536926215
40.14104868246973
37.1319498396778
35.799796495280226
35.934605432924265
33.58423252494722
31.842718915919523
34.57734326135344
34.029394096801276
36.85407458018112
37.944288069552016
38.853624341024414
39.068986625713535
42.495321133790874
42.251899852192665
39.19502262915402
36.0842282285648
34.82720707693476
35.37298792333075
35.54468455556226
33.46847576092998
36.72227393286043
38.96679265974192
40.06886492424239
36.672206506202826
37.163273230610805
33.78520658889388
35.75719594001265
33.91380424849181
33.91659673295584
33.527383711065575
36.09745748068589
39.948971884381734
38.52249668350278
33.839330428128875
31.944184931185823
30.979025172673577
33.67810258273738
36.84658821553933
41.03524206218722
43.14447155832073
35.456250185563135
32.2187885293567
29.555554806418442
31.415203694230843
31.157617850000815
28.118040041082008
29.411733818176764
31.12573168080389
32.46111654546764
32.92133521200902
34.48387773055996
32.753887136725126
32.434134309697086
34.005117981937204
30.909214828205176
33.765169351908646
34.79170778477683
35.01870751854011
32.4238261612423
36.67086779543322
37.9288753942627
38.6753320677398
38.03370079112461
39.682670311486575
37.39157731398579
36.522364699826205
35.24372555786378
33.576981122549235
31.5456901055283
34.410710832344414
34.64943207619514
34.814315688174204
32.587035839461635
30.859854858549262
32.09230631035766
33.32895957640854
35.06977649965942
37.05050446271655
35.259656277039454
31.820873670986686
32.68466807060566
28.653032241806287
27.205951090359964
30.013781056318322
29.800566134058982
30.25917321382171
32.720951976337126
29.712655983209
31.31253285484221
31.390015248254343
32.22313383563363
31.76337987260562
33.25386351420624
31.08937919188017
32.87960184933181
32.5480310312989
28.52240154459615
29.656663096268847
29.56896260977092
30.717919868954386
32.394507821617644
32.24714341528896
33.12722157293646
31.636209333990646
32.50105789291593
29.241446937828023
26.86695233030835
31.112586256241215
29.25647202047721
29.232959178166183
33.75206098704904
36.89998864034371
35.652135588683066
33.09019901104189
32.31636657902531
32.23090596234995
28.41452924452316
29.30685816949059
28.329391654066857
30.025469507398626
26.272451676816935
30.1769304256748
33.94358990404255
32.56469913821058
26.26696972207869
28.198836172921254
30.661264066460763
28.630417371205702
30.401065103741775
28.99471229712596
27.09237642152273
29.271710023104205
29.403673693023865
27.361068150100845
29.829456240995768
28.994994521611932
26.703749664159172
31.021045405380747
30.64461871284971
27.806052788101354
29.251742289232226
32.34534653791456
32.960251430866194
32.76651838724571
28.94886403964447
28.700990638644516
31.21396844073965
31.615857048381013
29.90555542486188
29.381006929972912
30.103718732799816
30.101985016620514
28.997607404384386
29.93075375720436
28.127522695096037
28.950201028370685
27.46334792707738
33.77072924172805
35.26259029034995
34.0145650135035
34.15636145208386
31.625158648717548
26.87159920112651
32.91382113627217
33.16154806300522
30.51146404350585
27.780460738223272
29.335297095968443
33.08827801577816
31.64393679862045
29.908678743508144
28.821641241656977
27.36138827057854
29.127268139423226
29.086402024688013
31.97092025950289
28.17037705413518
29.966369413937233
31.404917220656525
33.170699919180564
29.810193718602022
27.669449303631136
27.68145456948634
29.690248641578386
29.045723186833783
30.17935005859411
33.10362233283829
30.803043735570444
30.17598538562385
32.034804408340804
30.949081289357373
32.35773332474105
32.1389271148829
27.153455565960726
31.432906470933766
32.13162356991362
28.605549250775358
27.082692235901114
31.408000972077474
33.909613872327725
30.768105925132303
31.669773670699236
26.615970948942437
25.164335220338785
28.592809265535774
25.53551593626142
25.95725141712229
29.915023102994986
27.65849629497473
28.258453983628332
32.275164038373106
34.068413575098766
34.695939694823984
31.43213407466236
29.30427779684571
31.52743508140319
29.09357490497767
31.502950281006097
29.628375642017556
33.133712104264724
36.00302449944038
33.98325798082587
31.03621893504579
35.151628263802785
33.470612265601176
28.313178207862702
30.773749586940156
30.52321296616961
29.98033709257483
31.432256172746637
31.154178230827828
33.492196659684254
27.04580394165635
27.028476497688676
29.215974919188273
32.68888822571352
28.44784597119964
22.78704575976032
29.04693004513457
27.56676036187938
24.673991737846386
26.659699987604366
24.88759517383046
27.845868689469015
31.823323178094764
32.200465482159295
32.5612958367083
25.16739513226802
30.471381109377198
30.010158432339885
26.813954137225423
28.590212905864448
29.969099988154575
28.14586158306058
29.130488450590157
27.862079908504494
29.305047285782777
28.183539902275864
29.977303819463323
29.78783490387339
28.594079761694296
27.371873121689173
27.389866411331223
28.153432911109935
29.21826896199955
26.474918463396797
27.84187212616907
23.613258605656434
30.24062950882967
29.67869839161459
27.173257209007872
25.90820481894677
28.114816063692423
26.837604339879398
29.1687585410745
28.628140318169166
27.52928045810083
28.838407787610876
31.443358718485324
24.297367376107577
27.805179814224747
27.664263123758218
27.26884742410955
24.69552294190641
29.9049247311286
28.66397437180119
25.03741538102151
24.171645909483736
26.7940181767087
24.942983599199195
27.24412307795901
25.951451979935424
29.001065739908416
25.452693268230767
28.136360880723718
30.053920368608033
24.41136477469588
24.48160884770956
28.87181220312963
26.667627144658617
26.278096194745522
26.428602429685853
27.433460539968046
26.26115626811368
27.83612097671555
27.882862172170782
28.07408483631485
25.726280140292758
25.96222927218264
22.626333003711135
24.634489435141713
25.69276608088951
27.86869140459141
26.147129078186737
30.903496193295833
29.926879569694908
27.054148570308783
27.593964907760338
28.59457210225297
24.715953852538515
26.71012701995064
26.142712834833233
31.5922332183476
28.333662240735197
32.78590614950551
31.187462223331668
31.930588047663473
31.50411067625654
29.848044888597034
27.171007076739016
27.317033053804234
25.137327660441102
28.70883977505514
22.900657312586358
28.641870822872015
28.207629193985966
30.07312086266953
28.92791649518568
23.070854112607222
29.424765214415373
29.541387096112704
27.57817425003545
28.455859004506337
29.120796431631003
26.6204763028405
22.2088649529456
29.76088016842824
29.24870631939749
29.4991066356177
29.20570594497167
28.483143500408815
28.514589794362447
29.033825163626915
29.628864367814842
23.95810910355806
26.8492625780842
29.6539185960759
26.265850208150212
29.695021202292228
30.413670809347387
30.50409234203175
25.71754981853563
29.009349530438776
28.75547814297136
24.673079802800267
25.75372352344352
28.83702897965686
23.84065833572954
25.928427490862852
28.733634608752045
26.529148981650234
27.002725098695556
24.52804499518477
24.608134291548502
23.276247357196972
25.496863768631826
24.832707492834544
26.00601697733497
30.510517919738685
25.59339325279724
26.89483114849306
26.641325500810414
28.353568097109218
24.25935356664631
23.62815016561628
26.289342216572887
28.761412268499043
25.955198395464503
28.038866063629307
30.247217770921694
28.09487666623702
28.11899157172201
27.65083576651955
23.30623106951288
25.973818987210365
29.959099185680152
23.72529565944494
28.941352533939963
29.085404368816885
27.619871642376225
29.329536332477847
28.57710649285252
30.654923711234996
29.053322679483912
30.023510128542362
31.708121616984382
31.431188020913613
29.57528063994534
30.160040788948663
22.448348464174796
28.34323765785257
29.375791929209772
26.757869229989055
28.359430722892284
29.009311967384374
24.037192333378517
27.416908273131103
27.7298200416838
28.461109792508594
26.056608224986277
29.195109620235602
26.150361780652357
24.068589833608325
26.887494615455534
29.84655735400234
29.10222199235368
26.954784135468476
32.290012727518594
29.444700614105322
21.95983411496182
21.064011760768135
28.518423326279652
28.262606625136144
29.529535772185255
27.69951981066789
21.001045947058373
23.68820247394975
28.9968406970941
26.83994112367407
25.68770490920303
25.832951401996578
29.801428054525587
26.76488956198084
27.577848435179504
28.266712295769075
29.117860901672785
27.951392961254545
28.445512753302026
28.21743660985734
27.634226907916428
23.699703260991967
25.17671077492987
24.587909079430187
29.984266275251876
30.612593376517943
27.741242328873184
23.48602965599509
29.18240357130044
29.192038261851277
25.791878937465636
23.44710055814305
27.003407124405623
30.293457089346575
26.278930345956613
25.845576461586376
28.906753075906245
25.00112614101131
26.05529676745599
32.60206534094696
28.830116250206437
35.77029603240351
27.45609042064083
24.003320245067076
32.56806147187599
31.009976003628015
28.85298009555171
27.290185747248405
26.94442847466519
26.159543827328235
25.207380088121532
25.771348842257854
25.90146743053953
27.873116163216732
26.611165808750602
30.337279104227356
27.147335026058023
27.157770813978622
23.73271527417897
24.192005649987156
32.44179529495872
26.111442722884693
29.646562860334342
29.264562439021084
30.675356873232605
29.919774098893058
27.987956310612535
27.42070391108059
25.08686093663204
23.314161019778275
25.848195897760384
27.19324981346597
29.713769928554633
26.354870555389518
30.532597879229424
27.939863611796408
24.959539398472057
28.889711952095766
27.77549075883986
28.936001450644795
25.123679549979325
27.097233175733273
26.001988660055776
27.229474487190167
24.41818367266826
24.31780043514314
29.024315394560254
26.217273405573334
30.14737393424115
29.694538014467536
27.268428802893357
25.592130325674496
30.1784203802874
29.683651703167047
30.169635497243068
27.9339269758486
28.246203934255337
25.953718034761113
26.30809193500223
22.95013035733011
24.10152204264872
29.56652546168092
26.479031888701908
23.468689387723067
25.384661380304195
23.48473492989977
24.27398577059138
29.60430821585992
27.78792355368539
25.650186645676396
30.7944472514585
29.986490838663325
25.362010293982557
24.387230134567634
27.759875149724152
30.042394661673587
27.315808175684932
25.494168013805083
28.656785828068585
28.031488519649166
25.384659067149883
25.91559585229154
27.26612453727922
26.740786945468027
25.861779358447638
24.932425853563004
25.556982654057247
24.923553086448123
23.038588649778948
24.064493959053717
25.387783166506388
25.257200212728158
23.396097052226523
21.21032982606934
26.712500243259818
28.089971214031106
26.664721907209376
22.26238579113361
26.15195231300152
27.91345668497468
25.64404409612039
28.894195145626455
34.74924237860856
29.08159851135874
27.007810549829756
28.321354421655222
27.02301359774209
25.42880595896523
27.25977075759408
27.176922903599806
29.325837413646717
29.088073199020826
26.6184149350705
24.75596340303528
31.27764675819625
29.60719096832845
27.551373706289613
26.8533983337709
31.784241651996098
27.112138208640182
27.907728615662744
27.064288566648656
25.87013452416729
28.56213703036401
30.37746093603827
32.068871869306214
30.683893524925683
26.658456285185295
29.28658218028102
24.899709946032637
23.89599110055964
25.883407423688013
30.40871828621313
27.678778279058914
23.757156452639578
29.600499953930175
30.819051143156347
32.157329260194516
29.143379476438568
24.171134456854144
25.681768896109187
24.611319591252894
24.638981775363096
29.263716379354072
28.44792543097526
22.66438398857166
27.76434224600721
30.67735379583147
29.633657031154836
29.856934469064598
30.272753319857426
27.9205424855802
32.159846567195615
30.12699368178638
37.86687524812951
39.26341300237729
37.8269185685596
36.17111536634089
33.62092332473252
28.739723029106973
31.91804586286794
30.34495791707601
28.72349592935694
31.864579927660944
29.12154738858098
29.275783647501903
32.02264955762849
25.365532258242073
29.42739210838098
27.008580409093167
26.896574310642908
26.919483981050824
25.870384426933615
31.253243841950535
31.059932920914076
30.313783661397665
33.12061391094007
31.035480727411205
24.01013273407047
30.386281448856845
29.99680583742319
29.471957235821783
29.86510813346644
28.539868547426714
28.971986446819983
30.748401879081175
29.069188742026398
27.708416872691828
25.627091684707597
26.396437067699562
26.694592326446664
24.52791594838775
27.88341497351679
29.140697597845527
24.097815798592706
25.53019689197673
24.392326423248583
26.231572876004687
27.17678495388378
24.4656564807718
25.273449209773208
32.98646254669829
32.50351089309214
32.919247879571394
32.04452576675565
30.21209804213937
27.880625576030816
30.778294002603406
25.9828201453938
23.927632807826583
27.777753407534064
28.098750317997766
26.5646609344984
25.59446179538893
24.954051976901482
29.67836561366295
31.56908690836635
30.74868577634121
30.161758179389263
30.77531038080907
30.850763181214344
28.13330574729031
28.177023675745485
23.839637044929106
22.86232638466257
25.45112099988504
26.221221015831443
24.87514101931258
28.56228403115758
29.37657597362553
29.104922862164212
25.313978786599154
25.892934812683553
27.958886146718342
29.302467801773265
26.934959650929404
25.303405536728476
28.238875163108798
24.274014286476277
29.3152281990746
32.12937282999304
25.957057206539293
26.146502588393723
30.708648298593626
28.40914345179012
23.55312668973657
27.417959029316197
29.846682830729534
28.40116018488162
29.87085805226967
28.410374328867714
28.13564631357166
29.16782547782748
27.61709060611828
25.274826085465556
26.137490007508994
27.013033499671128
28.57513469623108
28.094826497856864
27.436591263998924
26.096481053723945
26.90684318192993
26.65737986969806
29.09699612306516
27.092715875552006
25.778220583849798
30.622356530945673
25.636732196342837
25.399917538098872
27.4058446912035
23.86779224810745
26.793007381053943
26.977846086675182
26.17726475931495
28.28754670033922
27.22730619234927
28.853757751437115
29.66687756389215
28.84040641075774
27.71813099529756
29.456134133778516
29.651042016791664
27.12793135233647
29.838475545725725
31.403141859199305
27.88106065509329
26.691718265646415
30.147723971077294
28.84394010116707
30.625764496171197
30.05798972286625
32.06460401214554
28.215955072845617
25.395901428341247
25.76153995918412
25.546263123132366
23.394286871290745
26.377807484727615
30.531669329607222
29.652279857930964
26.915811787858864
26.95450037047418
28.642193829874497
25.90559245576108
25.486678627459824
26.776036405465792
29.32229221939771
30.88731366014026
26.699373714092694
26.64207467982708
28.578388444576003
25.36560774570392
22.720930298129634
29.086945738847017
27.01782233717889
23.322406745959416
22.641679835828118
24.216172044369305
26.375264588812787
29.368229536359078
28.04186048073334
29.929438064821706
29.877328842061047
26.681547835344862
29.585004472620586
29.82825618092824
25.82237874478585
24.83618709127024
24.30926667780428
26.753969871049733
24.96250461858446
21.715124186647845
26.627933196694812
25.54238551082739
28.213906591779825
26.875959977004886
30.402176562912118
27.012600137262407
25.980228275701084
32.53177792421859
30.015276770831022
31.41789948429784
32.3816607824591
28.49479227813888
29.58557784663856
28.262120705448325
29.370831058302247
28.75034761649903
30.274215982351397
30.251299288948356
31.878227508470186
24.017590165251512
25.285362209813158
25.25163999181821
25.934370860331054
23.969489290901592
23.89004087771873
28.109504288689124
28.89914405943227
29.364035616604642
28.31468879090541
27.474889433228427
28.809883532206335
22.915022891343234
27.984106816792302
27.226949423961095
27.464617045745193
29.94566673121795
24.22788805021353
26.506077991023187
30.291167118070515
24.649502290932716
26.417626788507743
28.54545685897939
26.415968890817112
25.810011626871525
32.212292993347816
30.97903970694092
31.215256544968998
31.8710529794225
30.751563808500443
26.841736621419386
27.320827433929875
27.564967838772855
25.92070759259481
28.71700014144527
25.558486505234995
26.966560937961052
27.487545508194653
27.076344592756104
27.453809499288425
27.150408656642167
26.608453571755536
28.097504987470302
25.850604594827992
24.9743991168192
23.87238386418836
26.653484094023998
22.98156800889108
25.61656450255342
26.33019358766264
28.84696901639832
31.0899143755743
22.48523263521234
25.298575910886246
25.85729573763309
24.387013484448243
27.90782360944648
24.720082567477334
27.500637407744254
28.978927339649772
23.957116237646634
29.017264455391295
25.77602230922153
27.659203999244678
27.848162937320694
24.84756678065189
26.04961016497391
23.939361804832824
27.57921027324447
31.94423519584552
27.816774914511214
27.957798073985533
25.777480633501735
28.22278545475872
32.119017076575375
29.56128118407094
24.317919115426402
28.50201935801381
27.05248236514665
28.148699060754225
23.92046893492469
27.201024564308046
26.29635302273421
26.843104112948804
23.65315470122186
25.06904241286114
27.68341136475296
28.524039418614283
25.779605969579798
33.09537052972643
28.843580353955375
30.92958870188717
28.467072866435977
29.493123554834938
29.6336581126048
26.108246026808974
26.890527068931902
31.213451331443235
25.006587064580962
26.976630070618622
26.64021942193749
24.024014658103624
26.29333078124694
24.45021147009079
23.30721738600198
27.667360770340586
23.167265770671648
28.961006515944845
28.18227084216984
23.93963807684624
25.87136547743211
29.59415260954794
29.788728326888254
31.27502316992287
29.00800527769902
25.992234513828365
29.657634381172855
31.668455951198393
29.9787695976759
29.903764149549907
28.607880998815563
23.286177546993553
26.977267539329006
32.13451855841835
29.13393657726563
25.71051186846397
27.22459309908476
28.320612845983536
27.478693191462543
28.460891072244266
27.198532774332417
27.309742232005856
29.68042371894654
27.65169115434872
27.919208708025636
29.148384575029603
26.89271137271684
23.040909154324492
22.78275493454923
23.929606313853654
22.692032129965295
28.371614645641213
25.440131192288636
30.591473885492167
30.87771003930386
28.775330560530357
29.563020382567224
30.093247617008302
26.484184645466165
24.73052922376339
26.198503253876414
24.7580224904948
26.798504508333508
27.981222082703997
26.318908729250683
25.45106676845223
24.89844700533149
27.559745157649772
31.090367062776533
28.998812684518207
25.510510952927916
27.87457293500545
24.851737799720933
30.56485372534048
23.088035070942045
27.645619683040167
28.78612892082109
27.577904274942057
28.918552366362807
28.567903151257177
27.934360250095988
29.34105030795657
26.60906487312507
28.87807703649004
29.62838467559586
31.37954104190989
27.953392719899703
24.94464589255413
26.837959313358514
31.300765985843697
29.816840572358487
31.136022960848777
32.2745332165572
32.117735947707914
29.340327003025322
32.5406159178829
26.082986601213108
27.288608126227086
26.313200516782054
27.23979861988479
27.89119686197015
29.68229327689988
23.38464977393591
26.345116154576882
25.93136368540851
27.257677865898476
25.26926780278205
27.49842285595751
28.768966779301728
29.448094390914267
27.850476209253547
27.99678895578868
24.939629624561167
25.697255727387823
25.80216469422922
27.028708033323365
25.956596582262964
25.36653076736835
27.706751919646276
26.627881068004918
26.342313050498817
22.310988106366878
26.229999480905807
25.448907222233846
29.234292613397074
25.543146374301788
29.582151082193914
31.801062940805142
25.097417969868157
27.161070687571
26.723115260679617
24.90159873471669
29.227932792054553
25.933527930300347
28.687580538086863
25.91281624867647
28.66329033555151
28.042412306939603
26.451739368497112
28.74470238524519
29.298207756848146
28.54104571524481
25.959589992477163
26.543418857989437
25.318065872075884
24.200728880833122
27.789398747765343
26.578349429221102
26.22000311779277
26.329901342861522
29.41999541065299
27.929158721241855
24.441427483850166
29.039369977627203
24.909075938268685
28.25431461827112
24.982778600788343
28.623113141706952
26.97553580169032
23.416731186061174
25.49237761616072
24.153787797313882
26.15985127557534
26.481513375066655
28.153435479149856
29.40177141756927
28.891183388216618
30.21065717241105
26.705084462980402
26.9701728117328
27.191309335546748
24.85996807025414
29.257636829901184
29.46024769070038
26.643527426873444
29.103577907072612
30.61344316032357
23.4122689634154
30.65395457452878
30.14247616131231
28.439760394433193
28.619867047311487
33.73336570105941
27.6915562866852
25.582275471179965
28.18771930056262
27.001715202551733
23.283395818951316
24.675040508808785
25.564946586071404
29.496554780442608
27.450365131095552
28.41995486813426
28.96614226810878
29.460728936352005
27.52862690352043
26.877106199014342
23.730102361620812
27.11080889718921
30.341638864547452
29.11232288947604
26.991374910893718
23.647729358681183
28.764801150151744
29.687773935865252
28.73633037610558
30.62508217172189
28.585127285509678
28.254708105431746
31.475907101320196
31.60922155455878
29.542127111242664
29.362481070834257
30.350335253022223
25.702920886004218
23.70186233356492
30.47571397357335
26.303646120602753
26.798067003185388
26.564073722520355
29.671686196407236
29.02361994350432
29.18916831682659
29.713643011664217
30.150735332489067
28.61276289788438
28.621925326236216
26.809440181910148
27.56523396286677
28.697296049102256
28.701696624039897
30.445662535343004
30.89489428833509
28.057485773438426
29.85780417791821
31.49498783624076
27.424134469127047
29.039832988987072
23.949296151113074
30.908370331134208
32.92062210122607
29.663688032425597
23.701295766248055
28.943492103840587
28.831415390203293
26.365739702989213
27.983928253292298
27.48569853830725
28.260864269107504
29.143713753377405
23.217621440471405
26.672563898741547
33.548108185575444
28.382451266336446
27.767265429695065
27.10363289060544
24.09878636439762
26.02079981542527
28.45987450815809
23.700777070564204
27.405882832507526
26.06392955527067
26.16692352810789
26.038568954415787
26.980170998244777
25.23711365296824
31.99958334313008
29.085138057789592
29.631852944540075
24.616888576625353
27.21115173607833
26.461436455650702
30.264319108977016
31.491835679693327
29.600864202455238
25.185597638331856
28.21352186414656
27.123336606811726
29.10711424970738
27.32363568777324
29.686975215196235
31.398360026074656
32.40707403759197
28.770064808699807
28.069191435051724
26.925748698086995
24.271881129303537
26.667329012566867
30.333669592307334
29.009390108702615
28.669632009364786
30.802134625689888
29.051744421467646
27.729901666481652
27.716749092066976
27.387439525406016
27.066564795920478
26.367118810859246
25.16076186336014
23.373555293859237
27.674871309873826
23.325107229750312
29.715032656329765
30.983056648734625
24.86475801360429
27.95120879742935
27.193901236417915
26.418252879015636
30.159237662917413
27.326938744477538
26.74871157200365
27.325893673968423
28.0874371913171
26.735620869928344
29.121373510094244
25.183325651374634
26.050079847126916
24.09786511010917
22.956205286071523
23.595678506451012
29.384060562954463
26.701947533541947
29.779544148371507
29.990746539287628
32.42868021270375
32.6853620903851
29.967038244320257
31.90223314049266
27.309919437401067
27.817586538835403
25.512787802019794
25.153399355337786
21.90821272265186
27.01387726553985
28.383360531992647
23.945023961701462
28.324404063819987
29.66880482981288
27.524614264049905
24.37353877392643
27.923576394057445
23.871064160493326
29.599495518760705
30.530699627305438
27.88615439448009
27.25253646234787
26.71502100666788
25.71155230345443
24.156438192062264
24.47040967255497
23.61807284663056
32.36409628225941
31.323121539480397
25.435058264088216
23.70430842450808
27.19800533945753
26.49038700699327
23.356249368670678
26.46227568317834
26.293557425605222
27.468408734595457
25.88913482977673
25.26903707991648
26.325865792008855
21.813069694630823
30.295979062936958
31.427702490663513
25.250510344708683
26.8999178010027
29.032967890656973
32.07071270569066
30.29313547394274
30.464575110446194
29.762666284549226
30.966569165621454
29.604449268412417
33.11014608049014
28.037837058345666
26.70043680792214
27.522213166435787
26.01820220830803
23.999742537399847
29.536756745817875
31.038117679442177
33.19677678503545
33.98641424538193
34.017835814417815
32.37642226340411
24.121451073293684
24.830099384193964
29.861303871164637
24.742745953607496
24.79538927771503
26.940522811569004
27.406107249284137
24.012538749109073
25.155839105918552
25.174558350172997
26.852195042071074
25.917082734722126
24.551663760566317
24.990114753193506
23.172996847043905
26.496419398538837
27.8143698251215
25.543137094451914
27.051044250848104
26.153567909996426
27.140807849750498
28.417665616983076
25.0617875267955
27.626634468940132
27.002292479524073
27.619608037851872
25.888198403095366
26.717153272887998
29.335312681988736
25.12058524405687
25.55895089418553
28.064220205782966
24.62600255476005
28.169289249881857
26.382708232679107
28.789422783290785
29.748744820877548
24.375639786468728
27.847467866668648
31.426471126715164
26.39707395021076
23.188303166263402
26.19104023130722
27.995451494325117
28.20092765656869
27.331789093335
30.36745844466508
28.913958421734332
27.932726508133122
27.152583150829233
30.60696843191595
28.443175661116666
29.374038739130828
31.230597871542617
26.97611781319553
28.674168937961763
28.497758578314873
27.507443058703792
27.798170095990876
29.478426825884156
28.095559726795546
29.207706616533624
30.25636340637542
31.734552129765344
28.72101680201078
27.69151690721999
27.400886856978808
26.31351082996766
26.694963239772022
29.810284073897545
28.125142839144146
25.211907859789218
26.170042017990824
27.263487337333
30.86299212572627
24.233506092568987
24.764540518662233
23.950035039526725
30.524098008571958
34.45565289611689
28.26103127027799
25.920972707762253
24.33101834883718
28.512112715631183
27.64519817675962
25.098517736595742
29.451561159981956
28.15560893638329
26.633671357921976
30.17268642715578
23.263361511658246
25.7667759062606
23.31907744594316
24.72290059011274
25.01491190047605
24.948781528428245
24.655289663635514
25.34537102777495
26.312940895607106
23.644590362980374
25.80081202911365
29.065226069832306
23.22924854316516
26.903375199701408
26.7214286129611
26.498719271705912
23.054289390612926
27.70684004042703
29.5468698694548
24.96442978950033
23.620599878267758
27.433171807245756
26.46817673105902
25.018248917812542
28.740379498335688
30.276856913606963
25.560501876373074
27.580506318658518
26.843731965687024
24.635540450762864
23.776115434937847
26.673248627566135
26.40362345643708
25.659745629166245
26.06918239465715
29.529323937980145
30.14031760806136
30.45251516982888
25.67803113593223
26.402890383203115
24.599371968299483
27.12633645030647
26.526021441758047
25.275411764834317
27.177707804976514
33.065729611151866
28.680270447893164
27.76790172319641
31.187828707488734
26.840076723109497
29.725129534402676
30.669381642844044
30.520829330392427
29.269739171898735
26.001438143424377
28.48925984873789
26.233580893695166
24.677931034396583
25.423762744371544
24.323290278255364
27.422859260623227
25.09744335911644
25.11051341475744
26.328209884764664
27.71626200735508
28.319575832247192
30.083989314716135
30.889184945894595
23.736405448680962
23.35478728189905
24.216149164761397
24.50027559907164
25.74911688337772
27.068276180026377
29.43582991337649
24.64364317989223
23.661519687958744
24.37828690913141
26.963364363409518
26.49060734704577
26.300501584813887
29.972027521904682
29.993597388693015
26.22952234061131
30.038421273404992
25.88668508478173
27.344217369669195
26.783216251739812
31.198483589348633
29.45782282514451
23.877759987008446
30.11184482378844
27.174123729212166
28.18062140250458
27.927130905438304
26.364334144795958
26.92540151647586
29.37985793886609
26.191729861497752
28.329762246424522
28.581456959833677
27.416309028161923
25.509137593289548
25.867022180124014
25.144435787697592
27.496398159037053
27.33658202861521
26.300560636366278
25.669234254308975
24.443881408238813
27.36840994037435
28.16276988732628
28.12292405822705
27.728961796286253
29.822562106589316
29.069042353325404
25.89275397341376
28.42364078947695
32.81148554932267
28.935996417774103
27.096211045555332
30.70180356640778
28.77328595711635
30.72604474440098
31.0912743552644
27.742323057269413
29.198864276715796
27.382406950926978
25.4973370064567
23.440682776095226
29.057810319154974
24.620561939159835
28.508210017828272
29.116061848133658
30.05065793978068
30.49313343060531
33.625960529817874
31.49163793372876
32.62318970355224
31.4418603172891
29.490137836079256
27.094045971416755
31.371808272187238
26.93310734272754
24.119045172548777
27.55003710078441
25.077996217543046
27.196407705184228
27.896366401987898
31.559853851078223
27.931246784593057
28.118126227407284
28.513492694913456
26.764215971083196
27.365743792901768
29.30376951828889
27.32178804792254
22.13738518521771
25.336058304588054
29.75373391064294
26.77150644936387
31.654645457176745
28.551202364386082
23.691619700008463
27.515466939074003
29.416442945680675
24.7654420578375
26.472039579762658
28.80959866517953
24.42475668614861
24.292210183799963
30.795849110706694
26.24241595811568
29.287469245713325
24.30263546603672
30.577716654693436
26.238142669207782
25.138520822333376
24.919226736463788
26.252856304408695
28.576713933815974
26.97274331304422
26.64371014378692
23.907879047061478
25.08145623806289
25.3322946135875
25.882561361380525
25.4570287392323
27.725598626433268
26.5837763539531
27.75208169794122
26.922359777456744
23.90589461507074
25.66512988001172
25.446090137938736
28.207641497467886
28.03130603803465
28.082086496337137
24.002904988509115
24.521056624093717
25.10008785266752
28.891596117728838
25.78370651665505
27.06733995149187
28.813483852244186
25.82155430133802
21.980075673180842
28.0403627077423
30.85855807541191
28.72437125409686
27.737532150279613
24.873976407373767
25.391700142985997
26.232167648210925
26.118256422836154
26.949255972440383
24.838979328281802
24.769655945890705
23.46979257981068
27.806326392659685
30.583892595654323
31.02245163837868
29.710571814596797
30.99256766975062
32.76469583837095
33.17399075100254
34.35951937050586
30.157339093573555
27.53579078587105
28.75062822864337
30.553718551118788
25.870274171257943
26.083489357881625
25.86977734564586
26.299189589894546
27.360632376518623
27.212044673735072
28.58039048851599
27.657698892855628
25.86027554892265
22.969862249380682
24.505811428938987
28.293478756758706
28.8253466151782
24.243032701311705
19.32896039417955
25.693684874391238
26.208347791884627
24.258558790064253
28.598590364608807
27.8737877450345
24.454824810911223
27.61121687334703
25.133492213609998
28.296511518777905
26.936754152610867
25.235600141205715
25.928888035542965
24.619751365769588
24.1329515248075
24.025825012951877
28.655693551959924
30.35683502212912
29.819201900086796
27.95086771794019
28.859373073098297
22.99245547976965
30.320818435853365
