192.76004743105167
148.89570251357603
149.1921198125569
158.6271651370398
153.92400375287778
137.7378835114489
126.46357862369496
122.3130317409222
126.47858306582935
123.98884858177642
111.0135194201647
114.00758422428974
109.77646223950097
119.16126121218811
117.21592404906158
119.04031863540565
111.19413579251385
124.12620127278166
119.60168548977546
115.53909429855645
118.77640556921662
121.97089838091262
123.41727537862404
116.5798502006521
102.58241705485472
99.74089497339178
106.86201343233171
108.74456247780316
104.97682847623119
95.42384173879705
112.48518989455572
115.26155382739078
108.14773325366667
107.19872268618721
109.88260357547655
114.12438613150469
113.57781322414034
105.53302627863957
111.1527381074245
109.28607967839947
106.83587010229174
115.26999179499296
108.79046482314264
112.42146167479055
111.63583730001861
116.20650403904295
109.82658982281683
97.43991408630198
105.19216194068747
109.2669308637346
106.23975515199383
95.55809900755764
93.0856564712966
91.33935688251408
98.87523783671513
104.6893455415512
100.00547065749039
86.8944689403153
86.62345967235038
91.96283197699705
91.86374305891378
92.17392267777217
87.22367910536224
94.63088927813824
92.96604759098165
91.28581048963802
85.43318733550822
98.41760791090546
94.78611988629935
93.12290064273542
96.89154119072217
94.76648243796767
88.61464603209042
92.88886571289214
93.9287950393905
95.88684446497886
96.13253573414968
89.43253799180233
92.41973353180506
95.7512342358422
94.40312540708159
96.22541277608187
94.80724231419532
90.96920730410866
91.60054551249418
90.09247256093043
90.31257051893854
88.70271771294301
81.4172710281665
88.08983853189666
85.92702837242783
88.99589367321418
84.46330773685494
85.70317029857726
85.68953369174291
89.98361022353497
88.50497544325899
77.44512515843138
82.93967346076298
78.33611734471994
76.67562621761797
81.99549265188591
81.63876454161938
84.9489179456395
81.9414379082116
91.64677763836521
81.82206595668596
84.50837548201245
80.28076402340908
83.96622928265572
83.87585427140252
87.50701576619315
85.92436307222879
83.84972712733561
85.52008276483517
84.91758748265671
83.91328698047307
73.02739575252363
74.08113158937114
70.72799163419315
67.90763702762843
73.49232584184732
74.40921834152009
69.75588658624586
67.54695828137098
73.15652168711068
79.86632168861172
74.37934756310298
71.00718102746004
72.67951285079492
76.75086214017166
78.7837755206378
78.78646437957522
71.39050680149978
81.06916981585374
79.0922922842003
78.65948500797202
75.47104621766958
78.89256038951922
77.46282286737136
76.9636734232802
74.71002083263485
77.27050769422367
76.27496750314126
75.09345956476088
74.11533608298184
73.85402959523553
75.38101887321913
73.3412608413765
85.39918457134473
75.77427970774373
84.93681759800523
75.98741787774499
75.73238418349156
78.16660164527359
79.88104343299472
82.3596651309192
80.88829016704115
80.00752334338625
76.13581103482164
74.06945343713795
68.97177150929767
74.1722365083473
80.65419213541317
76.22471442199284
71.78223774242699
74.60760843524598
76.59290242607022
76.31626600289002
68.46686634119655
72.09940077655143
68.81704441825528
70.22780317259034
76.11707138144625
74.04108900986844
76.59699321039311
82.20330206156227
78.60656463146077
69.27838225440408
73.65022891280137
78.02902619834123
73.81660316056109
77.09014929580631
80.54895780275655
78.42248516477481
74.21387610519538
71.3361345429655
73.29762018642364
75.02027808358949
80.51771345989393
83.04727746913768
89.67874220922481
82.20026747337585
81.50162417319922
86.42051993280944
83.36138126042775
78.03173747437474
82.12049955372918
82.5288634225458
82.92016564466269
84.86160013547389
82.2081787417961
82.98437968341183
79.33080958508215
84.26400115751353
82.4003168803859
88.00854268762345
84.59628443382798
82.94899061851339
78.71230936601833
83.9367140575978
80.9015182569307
81.54671388561098
81.18405455391128
80.02588327516216
82.11511524748875
81.33851426642768
81.20157678952563
90.37673835367148
81.43266332069123
85.8698091295373
79.23003392055666
85.5712081566202
72.67229371143912
76.90830965281559
79.00412760398387
82.77380434132145
73.21165243281418
81.29026917461525
74.71963687958261
85.61490074799636
78.65141757229894
79.72452906611788
80.63380230094123
81.12392950272967
81.50113782021499
75.65450623044273
68.21354984994032
71.2784337616878
76.9823605420201
82.57985459011098
78.75755815207829
71.14748089019679
74.51703085421455
78.41030820023842
76.0252301133834
70.84229950098
76.28601265262212
70.40308689766965
69.81291961380644
72.87077356272313
73.67126302401442
73.0065696460444
78.95277300302949
73.98248830691449
74.35982672435478
76.09660656848065
70.48066807866566
68.66069085345411
73.200046010784
75.0323611127095
71.12730595059374
71.96530559330367
70.45291399000253
72.62249151051738
71.03301551871752
76.66727923538544
70.7767831687445
69.46419400863651
68.5221678359233
75.7272127612339
75.05945525134977
74.921423872711
70.01733040736225
73.6607140833641
67.33750355712266
68.10576578801256
69.69899880634895
74.3769787370155
70.1252356877564
66.18248313350999
65.09399124220013
73.49532056704311
66.79589787270542
72.66060207032933
74.30792730546453
72.1745830100775
64.87173912706429
72.4905373983257
73.50099434388348
69.62183750291302
71.05686132248911
71.23494475265542
75.43698939062669
66.0573223425772
68.27738761751911
73.74586864282941
73.17740950758393
65.21354330180941
63.56717260686212
75.66447817499831
75.40123726712731
73.66172607203687
70.09368513902618
69.39861608284436
73.36206673192416
70.77966367710019
62.95393464770113
66.63825195922931
68.77383596960252
71.72041202567888
76.34307669680764
69.00596555226417
72.32056320339444
70.61033608625587
68.97187882881889
70.85974198489869
69.46674578744977
67.74604085424556
67.58682059377934
68.95910870414093
68.14130093181862
72.50546531911864
73.00204779734369
76.70149613133948
74.1568206412534
76.13943676860887
66.6684523346261
67.50304293165925
73.90805334016855
69.76555356266005
70.04203028734985
69.8099451238801
71.34745124778726
73.42411251767783
63.13041237004288
68.24403900337765
70.20005439012805
62.803173445153604
65.06401068469822
67.24355327021033
72.18771896681011
67.95106932986961
71.05291571017682
67.34718757230904
71.5195058468019
71.98095510702376
70.4115313450472
71.01593047829016
62.857858413017745
61.76754382290909
63.871345439311284
72.05252631569665
67.35646731492949
63.13170977325886
66.74650449102808
66.5228257562155
69.57035036202892
73.85986915814792
77.85943872704485
70.17035103225545
65.85587029489614
67.97279795970262
69.9508439041782
70.39019845090276
76.98999893000078
79.51119854845565
77.13621915338784
74.13827635445759
68.96855884668044
69.02069783454816
64.05492220995126
70.29800815795535
68.15983167140435
66.06563103505277
67.55870648675645
71.34127838597347
65.58350749887886
72.36978431779853
66.418817729403
69.80138295755651
71.42367239916736
70.89978260917111
71.40314351018985
69.12699605818383
67.10456776856866
73.29283158750178
65.41916530649829
68.77680051477564
67.5241029577507
64.32464140433508
69.21113833718977
71.3395306568481
64.69287146294957
76.40246097312685
75.44310475600915
73.00834036804588
79.34110037054192
79.96713100673841
72.1234683272425
74.09757870816554
67.65208154516735
71.58097402857757
75.48043062132157
66.01243652873016
65.1607464955743
73.00592394712689
72.58062035286044
67.10039241202425
67.8188930067506
64.88418963064228
69.7580282377518
66.94688576571514
73.1050256033358
72.70244628483519
71.73086393085799
69.70918767393655
68.99740367304543
69.64895850808762
70.12055210195774
63.63776617378553
69.56343005042716
72.59357067933935
69.25366217804024
77.17694862993619
69.33265932339023
69.7041515469105
63.28925083971687
73.12383334347342
63.54152676397816
69.60256139297026
62.522025942734516
72.71873561091174
74.1104488870404
72.40227987083753
62.86406321154418
70.99702445446361
64.48112342942258
76.26079068659736
68.05172937994018
66.70174177414569
70.4175688590764
65.75858240119695
72.63977263673067
74.13622237155897
70.89705592003304
69.33764177684432
69.59237341096632
75.99240603970456
71.36854209900838
61.79572375686677
71.90716817836383
70.78759497253054
73.10116818873584
69.82369482508942
72.76521445227243
66.4393726465367
72.35928018485416
60.153191823637464
71.2600796719829
67.29075297177886
66.19922212895871
59.66343463229341
71.61626146034743
59.184617276031325
63.41101444240266
66.61280465780308
80.43710664391895
68.4421958632881
61.448319662707014
71.99201978475598
61.45776052910475
72.45127621104062
60.96904502548899
67.5938261455865
73.9519070468437
68.39813361500242
60.90710265099739
71.00170186940481
78.38655921700136
71.02120527807261
61.83553609542745
77.4643983900284
67.94018175962225
74.7075574582783
68.6017680272432
66.48879272076628
70.69067990669129
72.99632516634495
70.22143306879607
65.81773897022697
73.48909968851784
65.7518017919464
67.66779491254194
67.93827899816986
65.9365406213646
61.123994208398834
63.623445533329814
67.1070435084103
66.22820911590709
66.72476051944112
71.19747942298922
71.03080985709714
75.85934073112152
75.40155251553023
66.20476268140006
69.28909934560883
70.92706400229012
65.58782723266704
61.01243207972978
64.8974730250211
77.54462182824774
73.5078428176255
68.05889224762203
66.23370452340338
68.21304605047591
73.01491811804597
71.26310040449283
70.49528136832731
68.09185910290529
70.2081724120095
70.02841812994521
68.28103250868628
70.73231262308992
71.3390354889044
70.34609435433421
72.00818174866194
73.58741497647178
73.98935131684794
68.59524654945545
67.0079720701883
62.3102127705462
67.43109852835212
80.08594588479136
75.86394698714335
66.77545658004529
76.05079418407723
73.5878537364448
67.70690337229878
73.21878503710141
72.47082884055297
66.64629619696535
66.97072035241719
71.72998587838893
72.007771028576
71.5693258146464
64.73114165883572
68.4860989437679
71.55866864307629
70.71836310784897
69.18490611729949
67.55310718574161
75.35211965915182
75.71025085390325
67.28321758805082
62.565078155737936
76.11545575093733
76.7425384897635
70.33274212511975
62.17839455822719
67.25319676933037
70.67850847477789
71.31508489572147
65.09608270163821
68.15152932455982
77.86977257058474
77.76737232012289
73.87092453302276
69.18841507190224
74.06652552782066
75.6525277226479
71.89721356007156
77.94090328420312
75.71279835227732
72.841197686137
66.77020123740711
73.75372485752544
79.71491015955375
68.07070671146784
70.22168376654514
70.7555687289309
75.32397761523168
64.1838270363979
69.11958259366044
70.98443428375226
75.91467332179226
64.07671339331974
65.72828388964537
68.58617388052579
75.1355090406613
68.85473228996763
64.39814845727771
65.79495249123788
73.4728524999737
78.09869493563836
70.31110855929762
70.02776286151774
71.54567419582207
69.72590279361151
74.11708437377311
69.95689390929014
70.13220620763212
77.24545926120753
70.9618105425865
66.93445537975853
67.40653351416113
65.87289501045629
71.57634658103662
64.00157390876826
70.52707786862771
68.28322694172567
70.22270486197522
66.24187663866444
69.42052603538694
75.28285595695908
71.73480645355002
70.63575610161071
70.21133441148253
69.98306982722983
69.19620726119787
69.45056107872678
70.57235599109072
78.56845485236425
70.64580353019397
68.3182174318742
72.48171899727532
71.10820650495849
75.61050422011475
66.67920704494252
68.50250954348266
74.62521420668308
69.07865319939323
66.81601085626814
72.72620530040216
66.97704023434493
71.87711081013492
68.58071267674951
72.57567381486895
68.86547003195618
72.26036170489306
68.6780276736396
70.71217401058654
69.81388513435823
76.62993442702513
77.52147628815095
71.76042421230642
70.52819148700486
75.7752204383239
76.90069313911654
70.71387292697902
73.04104744847609
71.13272883618819
70.55055401068938
70.86851312648184
68.5445872048853
66.25485044580915
69.78368168422799
67.96651872330958
67.16628385096809
68.21189699479815
69.01142616170033
76.50188820157467
72.9719239090755
68.3766020144373
72.57226573572245
74.77583020760099
72.55111124316882
73.83550175930048
69.4826733285525
69.68296001379139
69.69398989527653
70.78501415398608
65.41205013020662
65.86533394444554
69.9597946402275
67.82182246527209
74.68198328146809
72.9202743919312
69.07325920639367
65.30007901059095
73.68123639346628
72.10432585070818
72.76860878741485
65.42725163485335
71.01239773793628
70.54958766266157
73.63470261782909
65.82785152775759
69.93845500015303
68.37891265151501
71.27422831125442
67.62273993452766
67.72278042276908
70.40162451452046
63.13195915863531
65.46328770264779
70.62285451898101
62.357701480053365
61.08370779620151
68.72821644721338
66.78985127521415
70.09919298986057
68.24122772474297
70.91220774505932
70.5272852162235
63.184291992543855
66.61518273929687
70.79659947250073
71.50671146923894
71.67195886808622
70.24237392744217
67.81871936245663
73.36356582239746
67.38080523913213
68.87208927606422
62.45009919101403
70.86258494214843
68.55904142177855
66.43777046143853
69.3018189592984
73.06094355196939
68.94856492798147
69.56022927983614
65.51199609543465
64.14271544929652
70.17357780548205
69.33216297596734
65.73991765517229
62.42692243984698
65.88372051904744
73.9686287381329
69.11284871594454
72.27212718220005
74.26601600983818
67.81646074016636
70.45259177490328
65.53846431439763
66.3532641300581
67.38704804308439
69.75139179526408
72.41231359321422
67.79336674524778
62.74991517899294
63.520092563460366
68.41288799216768
78.1980937100122
75.68536657182477
66.93350562442942
66.31518887023947
69.0042434934281
71.59589930515932
72.31959396262319
69.17627158144845
69.02236419982526
68.15257935501243
66.87600988257776
66.91807565797595
68.21971414452271
65.18718370053493
71.05368769201182
71.11815479535751
67.34915519192808
65.12563993077976
67.75367336713192
66.57563554938206
65.1266025408417
66.96998069539168
65.58001914583781
69.67918680724773
69.91269296812483
71.56228719810716
66.71959916992917
64.62161230986632
72.20275890073803
69.63670779156297
65.93672473876578
68.80589102711183
66.46995783772032
66.18257234402954
69.08237186672073
76.79222802684518
68.69936103915381
72.6452807088544
70.09570938726301
72.45698654030859
64.17653105586801
74.68702415480033
75.75088564109294
73.94700067756378
72.76067182587107
75.55744941656405
77.46208251712343
71.80332765950062
67.4245235231323
79.38196716212104
70.78305262535382
70.89331972258762
68.81759215534989
71.26487737113725
70.47042634346676
71.32174566448866
75.95840092870728
77.92822526174143
76.48523920194471
71.83260512250011
74.88548401010688
77.96589233798996
81.90182984031524
77.26093898727677
70.38718405009276
76.45036532503364
71.45890625327016
72.58053929606409
74.2903599530078
77.88535666845006
67.29462699751979
70.28337280819434
71.92589610757446
68.92735653153768
70.08677039332022
73.40109606063145
69.13848485758191
73.78055678341434
78.674951484954
81.42469005422547
74.04918071253884
74.5158959235191
75.20566693146895
75.97238207012022
75.18224489898341
74.20018349812551
75.58421247806174
77.71401423296722
73.39042659726415
73.41755457720599
76.30789587447802
70.75920575010366
67.20253805641418
68.60582793445147
67.25964789726478
72.20326715262587
72.16290937293779
71.11777446374604
72.0192059016613
69.15773422906318
68.79928950017289
73.80579631026956
70.99751761328443
72.16026378228332
67.39597412604296
71.9297262181868
77.06676514329155
78.34287364031148
74.67347480121892
74.65125635304588
73.0968138515395
68.06977435386429
69.65150747499993
73.38088028504325
71.0116316302238
70.07283364130076
67.37994463497462
76.16772953944448
73.89788264555986
74.93615990556286
67.27788797117994
62.5216372174388
65.062076651454
71.07640057229959
78.2547084250666
74.35691474600586
77.19227983507524
74.50785427637506
70.8671968663116
73.86518563169425
73.05219885789673
74.73078314604072
66.80889695255779
71.38681352826626
67.29833546063618
72.69499041648986
73.33545897917584
74.54385884549485
73.844713297111
65.69781561201182
68.12225262301925
71.61227141141266
73.32918973043985
66.07435912984167
69.26521238885155
76.62813720607858
73.55550706429258
69.39164807632233
69.36825427560467
70.02408377600261
68.87966585378723
74.84286126243907
66.65878736113638
70.49453280139588
71.54234264049619
70.2396168432224
75.46268401358144
66.23096580020228
69.9091868311134
69.24477674364326
67.19523058227925
69.52575754189988
71.51902780690108
70.9068328038513
69.87426334048854
66.82391759369149
66.29309978830703
65.57710857555304
71.92878718407137
70.25834514631909
69.81641177416701
73.39608464980279
68.85158529642226
75.49784258519239
69.02629358231884
74.13587950583364
73.56234468396096
67.7649069582339
73.72658042740501
72.08228978813737
72.6335657063679
63.84931859543651
78.37922317389416
77.87588213962576
80.07591105202162
77.49535429991114
68.67326743617708
66.71911266446504
73.49112741406717
75.54811515432675
70.6931286881898
65.35729120038313
66.10214301948392
69.82427656023533
66.80581039040176
72.32202340775943
67.36419936767028
68.4188894829757
64.08740185732916
65.42178104160016
69.73043026199315
69.80183083679898
70.12590330266046
70.23624293176253
68.60235068220352
68.64020348314352
68.55470670960527
67.27723790360115
62.99574983148757
64.37166809908909
70.14486543450002
72.45566092306503
64.21790333754318
67.78771672945862
70.01701268114624
72.74491941254729
72.0519315863686
74.20444537194825
76.28468321465971
73.80889209310692
72.99936019143149
73.34030344305572
71.84050032312126
72.23618182759958
77.05337337796514
72.5648225783093
73.83099936990193
67.0734423751287
68.02885353148255
75.70805765932599
74.4703872410843
70.44244713895716
71.96651026599173
72.01771253100863
68.84354875630673
71.39087515041973
72.50064293807165
71.21919431768076
69.01827602566964
72.45526919034639
75.66680374141352
73.29117812937405
73.42744852589003
70.99750599983237
72.98554496236689
66.77401621093082
63.74884665964155
68.00171801877974
70.57324856529982
68.51320516608412
66.5007853038626
64.57353034769457
68.89200514371002
67.00107873297517
73.90462731388838
69.87912801263
68.9444112801698
68.5859725767175
69.64778956696766
71.01721919931873
76.27482470393292
76.74163677355247
73.80646409048335
71.87597361701187
74.64999254662561
72.20333866054834
70.81047499814576
70.90461919113586
71.48172562232544
68.68804443166674
66.97574302796961
67.93363011098027
69.83772071671791
73.51490115872336
75.79518746941496
69.99399740777089
66.32446132302195
71.31881866723872
67.25044958020678
69.4121331534854
67.51497684818266
69.62516545618281
73.14372133277439
70.32989604172873
69.1455676273731
69.89989817774466
65.33766134694265
70.46972661269068
71.02324131287861
68.40134688367615
68.67542794405354
69.91162586960297
74.10473995348826
70.9686860021959
66.61025569938342
70.74318993303837
72.84700344243299
69.32329442987648
71.79414683243577
69.63062560496914
70.031243625007
70.90408512688533
69.77300555485748
70.8332268240215
68.9275409914501
67.54268482342447
70.21594235961979
71.36390879312296
70.14556640625884
78.52843608957014
71.8909999555577
65.2258962785748
68.90453837939312
69.93362788008628
68.74480119595638
68.38096208854137
64.55440576824776
68.00444761273229
71.8738972111935
69.21613555572722
67.1986821268719
66.31831614900483
66.06588805674387
68.1443684197745
66.48072663652151
67.60466439193424
70.48814507617666
69.37131123125393
71.83546660343713
74.98359329015842
67.63102807672861
67.22487859493927
66.33081030709126
62.88729162505325
66.9660126137177
70.32911307646754
72.35301122778428
70.66254677960019
71.771852961104
73.3643637250233
71.90104927901616
71.3571976796324
67.70039127791937
70.84846314546036
67.32963929636935
65.3095186637951
64.46092200056542
69.08790451931591
67.6385086048556
63.060065943513855
68.7512704299308
70.61335878795653
68.50817257374571
66.1114220282821
65.01175748318165
67.60111480447203
62.9719341124402
65.97038211852276
66.82086349907976
65.42270530106036
63.8607721766201
65.22029639896628
66.44969031009587
67.38646559545879
70.52356838956308
70.29156770109398
69.64148723367725
62.321335456703125
71.64162444173222
72.4467931622511
68.44320705457953
60.25788101239866
65.515561414425
66.6857679368851
68.96587334489581
66.68123423701637
67.94814808428528
62.64148337704897
68.58925671124837
68.51321556299573
71.08597380556142
72.65562080272166
70.61159899053439
70.05118294980933
72.93481700305696
65.82541962747788
68.8740464766618
68.53821472303413
64.11858493435852
66.81946159538064
68.4710751889591
66.79453004287011
70.37665617976121
70.2227001679451
64.20793650300718
63.29393545835481
64.31378237206675
62.72868128067459
71.20591104133959
70.93771443306726
65.47159159326884
66.65346592818717
65.22851649985687
69.34361160396837
68.1588253430921
69.76168986695806
63.12196623903931
65.05360719510477
68.41723839485766
65.68010448981981
65.91913128491986
66.76884495787458
75.73971772965739
74.24107699172124
71.42302749853205
68.73508254746726
71.56213834985324
67.07992544431875
68.16512998561589
71.59901127939584
73.98622059975096
68.9164639974929
67.8698260717352
66.92859533007304
68.6705783449813
66.7633822316543
68.75637532840473
67.0975182884568
62.68539767768917
67.15687319078167
74.6146225517282
76.3614984878314
73.63724067361892
69.44952592246402
68.69097899569827
74.41890931798729
71.81922600334208
71.05203279809336
73.28092599880868
70.14313155923483
67.40818471579465
71.30051154746224
70.33663676546506
69.08201528879432
65.26810051305107
67.77469371778191
72.02600966636723
71.117379377134
67.20849787231276
74.9388649211747
71.79235313513615
72.85319399906662
71.09016747371534
66.38922949099546
69.7848237551636
67.14822902251203
67.01053341321962
67.93549469517558
73.0439385274851
70.82415058924963
71.66118127227172
72.63524193729205
73.5607451508718
69.8242434066214
66.51899034652178
68.28299868045157
70.5273578796236
68.69848293860261
67.86520725242436
70.05776968205946
67.8287003560808
70.4844680729756
68.06703350833119
63.60207851957131
65.81184484200699
69.53557256638678
70.51780421419144
71.48165019665767
60.766504121293664
63.516212931051676
63.62895962924431
66.71193969752576
66.30557361806487
66.47829037036719
57.94149097404163
63.43958851598727
63.32033768125243
64.37531134499238
60.53749367917248
60.43754839596567
69.55985514431497
71.25101966971305
73.62684409772766
67.43485851897168
69.4095601516741
69.09993918701439
70.57550718902063
70.82654049765648
71.44316317208754
74.84057606663823
72.94078191485094
66.27057866173202
65.96521865747428
67.97909621633939
68.26905341475359
66.77126528688596
67.89609677006653
67.43054621925248
70.90641715859518
72.4632100317389
72.00343500611521
76.94090486662213
74.50653993171667
74.99230066322193
71.74760053794213
72.01273525949074
73.11837656019357
76.47462425768244
75.33562399402203
69.16793032281595
72.3441389499629
76.61621391654725
71.853984174022
67.41969834009521
73.51988635251887
74.0210673348484
70.35509005617516
65.89124597639214
72.59156053647108
68.65811017991822
67.139836999898
63.534562130655324
73.30052347176135
69.17696699127765
63.95113280385451
67.26220230440684
68.75211252171012
67.58609927618487
67.13532345465767
68.3955596335457
69.86134528661202
73.04687836393967
71.47066021438575
64.39886680969518
65.49866268332207
65.48057048519266
66.04778951014154
65.89644451668256
66.6985045142157
67.55901785545171
72.19438193729272
70.57491556218794
72.30127097250548
73.23547969754443
68.3681648657903
65.5729869695292
69.92522203168333
73.65347238037239
67.93763616468301
66.29898761541205
68.06717247501967
68.512302637007
67.11709455850348
68.80385421509408
73.09661657088537
69.71471405725698
67.74843371704013
67.01873922933244
65.98440495402188
69.37809021135088
69.47537454801574
71.96871034060386
69.56420724127783
71.8908101205564
68.31292148522658
64.35659121472881
67.6479004287105
59.67927673890086
66.11269115486174
67.03001917956568
65.76599580215499
66.6241288843081
66.40912989580585
67.29324672658827
60.56924150090237
57.449195590058864
60.540943231264635
60.568938163306385
64.17508368379264
60.842522446070646
64.30785525708787
64.5040257844776
64.63903843093898
64.18165227446488
70.5617617919873
66.88360704530979
65.71755725836918
68.97210037905592
64.82628774203066
59.45488359598599
64.10454115203538
66.16021419675796
69.63423952716913
66.87672404304686
70.15831660596197
64.73213798942162
68.38510609571664
71.48302841038732
73.38344499785613
72.54275391841232
71.07553309032845
66.42187975867866
66.87619376644285
71.3703238644031
71.55342009169838
68.36327316512352
66.47646486114027
66.88574399259423
70.32988393714909
68.33014131472481
69.31794900017317
71.19483687842387
72.3565912861361
67.59328525947797
68.85688059447602
70.0048403440607
65.64143397898883
66.62858469333035
67.41382056242394
64.75434368044378
65.98115303122553
63.87197062238224
68.11625740107576
71.04229497807219
67.16725353969188
62.71612117442266
66.8781718549086
70.62407090260605
72.037567849105
70.2915436347397
67.858097144365
65.72455830356601
70.94154958352178
68.87596403020599
67.59643524930853
68.41500930315134
63.811901363448214
65.95206346345066
63.162135913263704
62.93395736847637
66.07662358466455
66.77405738048708
67.85487989698669
72.27738756127277
64.68501547691473
69.25691443941209
70.78721390130514
69.56190572133198
66.86426716077604
65.93182843266172
65.62727823910208
66.64259688040462
65.54372119914636
65.41523009369774
64.0870893392991
63.375244464820355
66.37886947233375
65.20598212558268
63.8764551888223
65.41860920719687
62.460856817637335
67.620894641533
66.42551487348497
63.86498390265329
59.60464479446637
62.94289448233052
65.78882619662801
63.989437381595565
65.01091741356932
57.939478564257534
65.26339901414639
68.56662410865792
64.33509456439177
60.57229302391234
66.22845606096745
65.6256749684414
63.94700124921044
65.86863919244435
63.79089481796611
64.15120172954803
62.98365922764999
66.04830917187066
65.04531258609299
60.36409634638312
59.27380893199333
60.64968247740275
62.13369567846094
67.5694997561902
64.83770082283654
58.78497139643008
65.79853397319093
68.88754283543587
67.17292490859472
67.20939149005437
69.37484276648667
71.43984500154866
62.10124660098152
66.69084605881447
69.72886222766904
65.45081844116767
63.70871370313609
67.29825319988964
60.843432019372045
61.28818455123128
64.94845177119592
64.98750449886151
61.8210349455815
61.782927802889844
64.34619126459417
63.91729702740517
65.53478007722741
66.10163941801999
62.71361478515217
64.90314661558446
67.31936600584001
66.94017086370502
66.52235126267485
60.53135670858754
61.40502864694556
61.009698074861625
58.3957935284714
57.946331627347305
61.44460693794496
64.57080766799868
63.18921427804548
64.56975084675081
62.90352688005427
56.19836710275592
54.949063868449464
61.24487638737384
61.65021392354509
64.05741680881927
60.08186453872739
59.41689312767998
57.64165918045726
57.536051664898366
53.49698168199633
65.28641487691787
57.79845515830539
58.235285363466595
64.54240108320717
61.47298127842107
56.0214529964331
61.33776332219446
56.43205403079312
56.335127059497026
58.589384105048865
59.866093828154256
61.326095536626255
54.43411089568348
57.508650904366114
63.88530858263569
62.965313409202864
65.57392741624359
63.567348753348575
61.79615446986302
61.95931881425902
63.131004961108076
64.8568044394878
64.20137526535486
59.448611889783905
57.42913144465427
64.18383815631584
63.57954261816616
65.52140860331905
61.001836741055705
63.9938078513178
65.30056007592015
64.11266705820091
65.02464559713557
62.16526336626367
63.313421868770476
65.97143891888423
66.25802566013498
65.22899430517307
67.28215913433483
63.52009360311567
58.98235879331654
66.74517729071144
67.39314351633729
61.40183539512654
62.04329726053838
56.66090608567052
56.711582428430546
60.77216722064536
63.23958946693344
62.41992919591956
64.85019586498767
64.8308366256324
62.175200137132016
62.03889186149001
59.79117945617103
62.40830994405841
64.63199406390046
57.7865223080814
56.02057672181081
61.286725173352316
63.95268943611823
56.110969108725634
60.221607759303915
58.10943345832284
63.582350883953616
61.45884031641076
59.514340007713436
58.75708514637946
58.42331580963433
60.113695763164195
61.655383633978765
63.09864937019103
64.93603908381822
62.015862382561465
59.15368880540418
65.67747002314172
61.754962028207466
66.22469677360836
63.80466968581579
63.71941321088753
64.54119936122964
63.581176276028465
70.32172620325967
66.05269067408797
65.48728158355092
67.5102311592359
63.040699586890895
67.73536827216303
67.04442546348996
62.0623028001171
71.21908911299234
68.64064958474741
63.583807817019206
64.43632399655492
65.67504389188508
61.77555251470482
67.99294593854161
70.14630925445692
64.91234851437085
63.98534215922737
64.14926808887918
64.97066180171504
61.28526847604234
62.14908682207579
62.23187762852327
68.66044059506201
68.02188390563337
70.33241771374387
66.19610205535615
66.66600079338055
69.94448410742785
67.7542805081776
62.36857984759636
63.31092775139326
67.13673342924545
60.85802994533496
59.15565692502859
63.32559854195817
69.4998793784151
57.88557575527915
56.751662003321236
65.36329988375603
61.792832707237665
65.08571054282423
58.828271111717044
63.97916060521791
69.69954316137357
66.49442712893739
65.94063442048123
69.18774604379196
68.37441900541735
67.52831139740276
72.24924617390684
71.65773792773716
70.72775614680376
65.83418175184055
64.69661666174977
61.45298727691052
60.82037685330284
58.19053410628618
59.26471174830339
60.41354457797839
63.14617888518947
64.57167866065338
65.28055732660933
67.76481395649834
62.09395726354182
61.03860742433122
63.376393078407254
63.17620749426709
59.4667008459958
56.17940942535562
60.737038046238794
62.77658570160943
63.53984473886134
61.25984025024007
63.358355370260924
64.50916576018876
65.17504675282224
60.74382429857678
63.541565148897824
69.55830159714176
65.78413928596417
64.62222672444642
65.67045562732118
62.56457092488725
60.78462504321368
62.16181746928991
60.45976175556282
64.81504801089382
63.17935279068558
60.201466508205506
59.26569116624707
61.05550736968169
62.46854111530959
61.85574684237098
65.52508911171692
67.45581897432183
68.66259100486798
66.79295209544553
62.3638138166136
60.806519899409196
60.63322421978936
61.74855498319934
60.38192013280128
63.13422813646682
66.74493612537181
62.14130821385885
61.848651991156004
63.42338756852356
64.69855535832083
61.38343170945434
57.840232601326626
64.39419262984083
71.1764055949477
66.46892551788731
65.46648964450223
66.45501347920414
67.82217959872808
65.8368987669802
65.88558943868486
67.48835469196278
62.338146534907835
67.58092080038807
66.70392545587848
67.36970276892929
67.05025510280602
56.96630590916555
61.32148414153315
60.12227471727968
56.50248034621464
61.04548346328719
60.84237125058709
59.18332733985514
55.31068745526909
59.316888197572226
63.220737674348186
62.7029034951592
62.82632319913211
57.336691344695325
62.631251149093025
64.18449799755719
63.063803983196664
65.51733946087978
63.19547390380805
65.42837784105973
64.58242838920418
61.186583664005795
61.5101371046497
58.27435128412532
58.995090548808896
61.44446484490627
63.75151251346466
58.5507683038093
58.514083534113254
59.603884540602905
56.44625422942194
56.631147707434735
63.50801444861239
57.36408853298236
55.72351955770373
56.45214694758936
59.61205600530203
55.40887786566262
58.18365670994601
62.60428354046166
57.366878046606836
56.25032204680185
62.13994025208157
59.8502054204086
60.805338780165066
58.350715242628645
52.88586942761893
50.9984229257991
61.221537845610584
57.268477972681595
59.214389792481725
56.395687519789135
57.718184640409426
54.026338994904364
56.357924399948985
55.31719960601315
61.176815116735824
59.6445871675399
56.39110808266723
57.98292203162741
58.22000356065184
52.98396506912249
56.42298041442804
61.31902586009811
62.20302841170535
61.703288307053256
59.02704665652692
58.925365863041904
56.786501907570454
58.8696610409787
57.36129334258634
55.319438771150814
55.34944484602352
61.69130002749102
60.5362515384164
56.4580369748554
57.981107889187335
58.60144848567256
58.65946481863244
57.543422050214815
59.26090492912985
58.946652141472754
59.48078802643648
63.19434076776499
63.20315319861067
62.99680659148966
61.3583526185179
55.28007190537191
52.416509150198635
55.20468641021958
52.45181565667098
55.02497354009243
50.80974054233626
60.885364335413485
60.715716276826264
57.88567445726701
59.7082793645661
55.847188790539256
51.690063229247016
49.94674853335762
53.971090808574516
49.87200128473674
49.4989978769476
52.96713913137467
53.84709273537399
58.18951183094437
56.26233202605581
53.52955805027126
51.24201321119452
54.190485355018964
50.667753366462236
50.55005765939714
50.361174497160974
48.77896886701183
54.175345748109415
48.23314743244936
56.577604864421325
55.2442019215755
48.73989004481971
48.792144542484515
49.869267278333155
53.375931187077406
50.653071581089634
48.7715738762853
51.22557201161062
56.13179642797613
53.49587259589785
50.35629884717683
51.17404568207105
52.29238706138566
54.881628612060965
50.1883655334656
50.24899406735007
50.94127955413978
49.073347224123054
48.66866870039028
52.154241901050135
49.25086377416866
48.709690340881004
50.889141324631964
49.70475302858695
52.14875687049844
50.29909182999105
52.938841613978354
48.290222147742725
50.05903597861968
47.72880754744168
49.305915632410255
49.23420890599255
49.36077308906263
50.690995927054175
49.34400729722575
52.14276875013568
47.62987361491693
51.186541391832904
50.58059477531335
49.54082417415598
48.83372055035757
50.42324373271768
50.704350900944085
46.555129578518375
46.747196425148125
45.85237650282207
50.32568641113079
48.38168079073441
44.39995259275026
47.98067331504635
46.40338147292463
47.107997329566864
48.0694923781164
54.27462753716757
52.32858076061264
49.57804231482863
49.23076124904242
44.80164042738885
50.66266096892386
55.958355291380805
51.26610708704544
46.78685393319054
48.83711432324904
50.3401251582582
45.864117979180435
44.99303562621672
47.710356133352995
46.029973801706745
46.17624046156965
42.83558601009556
47.29084753752648
50.61839973567963
44.487533781936
47.625976558055214
47.101960251570326
46.12134021533333
43.83413943505824
47.99111361066773
47.24873763050592
48.56059440005669
49.17645886561044
47.25849524937026
47.96057948144287
48.11181644030379
46.72582871593951
44.456684376782505
52.99341845829066
52.79221754647198
50.366011401973736
50.20662326897229
42.69134904086739
48.05554951059625
47.9669312018999
49.62748141537115
49.418960409182255
49.58705077590415
47.55358262057143
49.59428189462329
53.26897022803158
47.41875983082777
46.57279008632214
50.895259220187015
53.96936088175824
49.446496508562376
51.645083943686885
50.84894097771872
54.31190256491775
57.157318361945556
55.72010013574936
50.086142709121994
45.94459442252615
51.50709374822207
47.199393689312686
48.01704603811828
51.621308242712075
50.45336004642404
47.83391914844868
45.62785501571856
47.136513280329034
50.88580742950987
51.33561580796011
53.498965647475195
47.58714089019038
49.46375308021328
47.31331247574219
51.73313140612363
55.102046396786434
49.72484347752
47.00295864415137
50.1075477434662
53.84819609260869
54.23580393532002
54.98492769817492
50.94082136250404
42.63428067427134
53.01093388779689
49.59496270090445
50.41721444295421
50.392655051598425
53.61152835619161
49.5359420774976
46.592099919468986
46.09379758158057
52.90916954630585
50.28802356736979
51.23017401963886
54.15891245750498
55.060884233583145
53.77905077587543
51.94224651262354
54.93785268106008
53.36509761462341
52.66303228771554
52.63832955525894
53.016196026466645
54.168162307011336
52.01902832836367
47.03633192235737
50.49191590044309
52.72273196924578
43.2781851959695
41.51826585725648
50.56474859803146
44.92325267553264
43.29263562583498
43.73201628726458
49.571200172323806
45.167177012514415
46.82854721505336
50.57633183926944
48.11710049186233
52.41189664599375
49.542195825737195
44.55186332683318
46.847743881367975
45.453716219906255
45.76381515475774
48.20938715926672
48.5868296016917
48.219854015189675
45.70104497702634
48.47784990048358
47.466146175746
48.79174879365318
50.77430557167445
51.60180851610419
53.54188616525431
49.675184484783394
48.72085390121438
48.60876327491205
48.131849902013094
43.8424759353427
50.61756379193815
49.299571106208674
52.25400215532008
49.13441546389873
45.701144616155204
47.38422211450819
45.23898425265277
47.131298166719134
47.06761268795085
45.338220114659656
43.49086587475359
44.81189244678028
43.62986801615638
42.722407638178026
46.913881931507305
47.868544439523994
47.78712606750932
48.41304967814058
51.14365268156767
49.1617005061829
50.57429738153922
46.706087008057494
48.29334636219872
46.85315483606133
49.44638064124527
48.93782693773411
48.4852558519447
49.52156340469804
51.291752110277166
46.268473218130914
44.81904782462994
48.17163759539751
48.38135049533042
48.5599296271062
48.7107572712046
45.277930186457645
45.79564905546417
46.70703202166212
49.675001056234485
52.81333607575507
50.252646615378616
45.63143458342269
49.5657682662175
47.16581249770246
45.65562179668941
43.68052710085749
49.10698815233166
47.00360313962448
44.37610611222707
42.595531872422974
48.4456168089512
41.06134057296427
43.553263572317626
39.686588892234454
41.31721631649778
46.46789555302156
49.078039977445734
48.853364426389874
48.41816338834311
45.87598952407831
45.67876701945359
51.550424662428185
50.003596341394605
48.411589743093664
43.8451058146861
44.12787553621913
48.83753649015367
45.600481885007646
46.65840545148791
52.2099896862923
47.6414203241492
47.9256726759608
46.65486836644313
45.167913281732346
42.77664436706431
48.95209692464719
42.940274712617246
43.81648426798048
44.4595602236651
48.25598508381151
51.354277817898804
44.35992695679659
44.089448930333276
38.95244971882896
43.032812588972796
46.44261410502068
46.883049615061566
46.36443932055102
44.5017982236529
45.9421106092867
42.87647094050074
49.91351198927403
45.40705096805326
39.23500959791925
42.36983026298801
45.20970533561496
40.64189572349924
45.92853698248898
47.80366023472106
44.296903920347496
44.67066619089964
46.97092349712952
48.735370182088154
48.39370662626201
46.45201045809248
43.30415329301951
47.835058369848866
51.72760289670836
49.74028519200161
52.80539562811803
52.690157292794936
45.95936110721905
45.01803304594836
44.26352638721752
42.08835745735948
44.68558969833218
41.141608260946576
48.977099575399414
44.979054873357235
43.24252121601409
44.22617801611719
46.9353441071489
43.90989572867713
45.580560411422475
48.69110212072505
45.85733390006083
41.697076026126325
42.38873908670133
45.942375732051225
41.48597402605129
39.95872313849582
39.9073514894672
42.92134993494159
39.135508091163004
44.66361968878473
42.68208684102195
43.34499299230003
39.90217584927747
37.751203219231456
39.96924171801606
41.062031264913365
46.266248093305066
37.924890557437664
40.1828712810063
43.49332752280039
40.05006064935865
43.297101603955525
41.47433055166226
41.1107295971457
40.215907767703825
38.58892033676356
42.809006200322
43.227108797091226
40.95200665374368
46.59752245313152
49.7561019150792
38.85671423042756
40.301357072681405
41.21900566958143
40.18874742658599
43.86766835619776
45.96146738913206
42.89850080598304
42.49278966802192
41.16068892088306
40.98878804030248
37.15716583709177
42.359769681100985
43.45725169753523
40.847345969464236
41.9457410287358
44.988521322818876
42.154887111275414
38.57212949557338
44.41785458379689
43.222918540665034
41.24149129767691
40.74666500091878
42.27868950020717
44.11313432227055
43.441858799403406
38.66476852816159
44.531316006973185
47.61660078033164
41.41716378363044
39.17599627463219
40.43777352609453
43.18481787065732
42.174666340899094
41.58728424684355
41.62515127546651
46.39334502000207
43.372510869709274
40.89623776682635
47.34784212037145
46.96411807944939
42.633022798796446
44.51209784975303
43.61222224312275
41.023005881043666
40.80797879657982
42.72559034595397
47.42199019523719
46.59713991734195
45.2653116624418
43.12646300248311
47.948921071438875
37.73030870156784
42.513061608810716
47.63713418611866
42.948609264922595
42.427350455637644
43.06649097039255
42.87825400020898
42.02120917043323
43.643944457019124
43.65597776013939
45.84234061122165
41.564513565362574
42.19834532653645
40.283646793338036
47.5185896813563
40.47846251612372
44.79762921709912
44.28122882066205
40.82980111956055
43.15708703869316
41.21710479527906
47.3224317608664
44.780197350704476
46.411865944183155
48.563124520626204
45.164263398357505
47.36516236009443
45.23585694432664
44.60805885094418
46.43351673105919
45.05991101862023
39.63600135255371
43.93769628733782
44.090258367561674
42.87151506415119
42.45591823327657
40.505782372030616
42.410219400012984
42.972000859929196
41.24670209507049
44.163062375818875
43.54469502315138
47.1554706134672
49.079775498128036
44.13514818426134
39.763673389457175
40.1258610124825
47.25224879148199
39.8308482335351
37.45533657113902
43.10348022203775
45.59359352240406
42.859590146170724
41.05786282056932
46.96638404603984
48.68100536541435
43.893546040092495
44.1522097952007
45.40606285419899
46.34285865984579
41.587462144816726
39.06538770411451
42.031485245273686
40.021313532827186
39.86472892767219
42.99962958478808
41.63519595175105
42.33773845953326
39.189810715025814
38.14372606381841
42.21352755376331
40.858401525935804
38.87678792557453
38.071468451308505
41.33105050609981
45.58878014680906
39.8769634722637
44.4969662167449
41.55650875191921
38.518673165866446
38.97911815850853
41.39312647527955
33.960127993582105
37.36820967756276
41.68508145388225
40.125651873000606
43.355145520342695
38.06839769344604
39.97662216845788
42.71413288505213
37.46478005093481
37.39455610142588
37.021973776519424
40.190513265649145
41.393378956718514
44.522377957290644
42.98495238509193
38.781643357020265
41.3285631884535
42.40564441398285
43.15448763371758
38.734212841479334
45.0301137107194
46.090831396177144
38.869013423965704
38.633716453937936
43.05974977096473
41.69534595902698
39.776706833521324
43.416905626665475
39.490217498429594
40.67753699150423
39.25444239068435
41.61664610151326
40.86288920681038
38.05883443120709
37.260903427134245
39.465778473838576
36.668871396894595
42.19621087884982
43.762778625706815
39.03621618567486
41.042933907374916
40.472334505581486
41.51854015561721
42.321384468892674
36.40169723092068
40.75656549444041
40.25960033420275
38.25206114475162
39.56071431543673
37.314526097186665
42.16458324627952
37.28590279965665
38.83288595554722
38.21702831941196
37.607627966259244
40.87201552628265
42.38745617782683
41.35189272795362
42.6593479673215
42.60406608512891
40.365542092614675
41.94913317927512
40.234690544900516
41.37885599950765
44.49447813799152
41.83582964303661
39.71269612857102
42.32354588630473
38.13710452746631
38.41787800434858
40.814890841449326
37.518509498315574
38.398678321081775
44.068536636972475
40.52773247689731
36.85996655644095
41.076683959943466
46.26537211971728
41.588485740800124
46.20688929635939
44.52194550959989
47.47698151986699
51.764725360370385
55.015496538701065
48.4465024735801
52.87066084848367
47.68288598409401
41.044765413991584
43.347750096529715
44.61585555209968
44.45048948412646
43.908149801322345
42.64816972606685
45.37388307136781
43.340266709633795
47.04215750101395
46.78003896092403
40.994433390264014
46.0350642837077
43.466078280655594
43.70497522351064
40.668799172427114
42.02643477315633
43.23170303861987
42.43460360775512
41.64001226633045
39.81832492580766
37.73812185629444
41.466066312156634
42.89924552687365
39.272356931655715
43.66185295718063
41.53775507033134
36.8352136765607
41.10941945339063
42.106405041224406
42.677710152831295
37.96449831115721
40.83399683847827
36.45369999220415
38.15046568533955
34.313473155204484
43.15665378944287
38.70796067466104
37.90898474966797
46.86968783917558
43.00700574829758
39.83615008027249
42.35927860433543
43.82006740879588
45.380997412149235
42.39895174340168
40.46550275687775
42.87667900941644
45.64024912034331
43.725985218407615
38.99789645333852
43.14582124414901
42.588008223074446
42.0881573388566
39.795661848810916
42.32939308211517
36.932965403726925
41.576293615835255
43.830548635339966
38.79739863761456
35.47820442614427
38.07158342765528
37.52784682346535
38.346667396055
36.23996675837267
41.32716251747535
37.49267362768784
33.79192062812882
38.612868225494616
37.59898741446228
37.58544201380403
35.11830420707863
41.24258536018978
35.7251301299844
36.37415073200263
41.10597797305009
38.24275171469377
37.93276008208585
38.67115196390579
37.36725319876612
33.6820392187124
31.024920692987088
37.90484259734783
37.021592397328675
34.61121421326289
34.963043916021896
33.961234491130945
34.951207339829686
36.80862340473322
37.492058357644225
35.41055832920944
32.43893146200864
33.387811872086765
37.41863836594473
33.386364319810134
32.30158302005403
37.268771913382096
39.150542416160505
37.07320368520314
32.852893806558725
36.870749682292995
35.79143874985113
32.619833705623925
31.77352633723909
40.55215429219234
40.65690424244278
37.78914551950601
39.93474888734286
38.01851075012145
40.46992220088072
35.32796454655297
35.031490101431025
34.98677386965751
39.705177218530686
37.354262796812534
36.16796196713439
39.91514587001026
39.295642406388254
41.593308631474656
38.13512317982649
41.584849645317696
39.556767317300086
38.87987204202125
40.979659516610674
39.62600422001017
38.887324083374935
40.276370290135574
40.61269016679472
43.22260037418586
36.44324555361164
35.256997052518834
33.592295093356704
31.745618389452257
32.06617196193141
38.52871613387537
38.23447997520018
36.46950189972153
36.32131537935996
40.75576411588093
45.527552791102714
45.07931843526512
47.739332294947296
37.07274763352834
38.09225922343165
40.59234164648035
36.76890339042204
31.89969786600336
35.02536264724154
41.06910015832536
35.00415703486225
35.10118394663746
38.550433126339854
43.21990040499558
41.34417745641871
41.80437204548248
36.02399299956801
41.3009250034696
37.21874739981741
37.671737399565885
36.99038396660843
35.338624424703376
35.24982019983989
34.478513050737895
31.278914200000838
31.135696403988113
33.42721195219593
31.311814149955648
31.51773532968178
31.60989290132771
33.2057386119771
34.13805038392849
30.344440158635525
31.769333914035187
36.20860384455545
34.78456024141464
31.19911308064137
32.966841840635496
37.11919390941166
38.233295083486766
38.583354368161
36.16052778883775
33.4036717874971
34.01939059906883
34.80962620075197
32.98023273214419
32.42370295728745
32.862859634738044
37.865145909791224
33.88700545106826
33.75962312012453
38.16040030647491
35.29007150226484
34.72716921914117
35.46517031552292
35.44324975683999
35.8588293921393
34.68732868950424
31.467448934008285
35.20146179716442
35.73689250421278
32.411200949599724
31.944538706542662
32.702818420055465
31.156727696256812
34.438840355047816
37.01910249293601
38.47129989324465
37.67143014696824
33.546958529222834
32.284498569514426
34.47882011756057
36.80323206820932
38.94741090780153
32.1040582392263
31.466837864435348
30.918645022715303
35.19372081353392
39.30949102595921
36.861079832438215
33.87132299731872
32.58995605624972
35.01782971428772
36.44300961460732
35.96947660736508
30.87072177759225
33.529025907058525
34.91416910036902
30.768988480633638
32.788890324739775
35.01611393495561
31.200968530457338
34.65521282542247
33.64736275878718
39.08185771554524
35.78108633020292
35.093878068772455
35.85713767838152
35.896218664080735
32.414856910186415
33.741957875352696
36.84958835544253
40.23701234642627
37.53837949833141
39.08853805741782
36.34953042178391
38.58590868507525
36.063844384605865
34.83548566597197
37.66382106246806
38.91534122806822
38.23314220364294
40.28991843430504
33.66426515057049
33.52378264251415
35.5760444880938
36.30669938841552
37.63252090052797
35.621167143008755
33.526892818827
36.98598101571281
43.54280708507908
37.84324874228699
38.178181102300066
38.79270083066266
37.598409960503936
34.98735127640794
33.736835365868785
40.774038206342986
32.51371718642566
31.34413319255521
32.93237987409179
34.854973652886905
31.77687901215376
35.48353088870594
35.0228940992523
35.2100010283007
38.287721433265
38.95983782238144
34.800843416007794
32.41579450809035
33.16707002593258
35.60930062474592
33.72635962853665
39.06999830142481
35.514179946609204
28.65587633485351
27.75369918144833
32.97311669735985
34.793429215208356
33.908312464553994
40.75434125841456
34.06674121750245
36.830036533644815
36.237132953314365
35.70393008909021
39.53327671196441
38.39099716958628
36.28888425951068
36.13137924317252
34.56473934749523
32.40441868656546
33.67030611924525
31.452312293436357
29.050455565470553
27.25237389266746
31.03306126757103
34.28109139938797
31.448711959217306
31.54203035610085
37.82333912846437
36.550936478753385
36.08432257395335
35.03624061099464
36.87424220606016
38.23946558964603
39.61583914832712
33.857253723366725
39.10682904709181
36.012124601988674
34.14366053308804
31.947743513843115
38.51203371532975
35.24018967253898
34.003191854212666
39.602083227180096
31.423958432329986
34.70976389581418
39.10199069150106
32.386175101130746
31.997625286554857
33.75207819325037
38.38540406936643
33.24973237115675
30.66228667957515
34.26517059983146
35.942018492171115
35.249759051347596
36.16206590280711
37.717991853676736
38.7040882225794
38.288666571396526
37.02314350267252
37.38745508282605
36.58299596844504
29.3208001414693
32.86968513268052
35.55596994997712
35.647073513281626
30.432375856447493
34.258599814574474
33.17579490839275
35.11336493853606
32.53976723560502
38.25132397126156
33.8053745045067
34.05316655934396
32.27817040075397
34.04353048484924
36.015077664325034
34.49236396487265
33.49013521037082
36.37087012086726
33.02728593968854
35.03542655881106
37.128694661944216
34.82460990134634
33.34066964595058
33.99164088504676
32.50629607947641
33.07960927517242
31.630014399220663
32.00827522695391
34.878126027275684
25.778638743130486
31.838411320838258
35.752634987421345
31.12382911179135
32.553609379751975
30.164353531975976
36.665396122364804
32.69437374538185
38.77307548692984
36.739753180152064
34.03668419613871
33.45260311185653
34.44430713051358
32.350996269742325
36.72715386756318
35.24459414548579
31.633157304082687
32.99433098130353
32.25987663806973
33.375928597202275
38.36394250039743
36.656211854471984
36.92180316532221
31.648626266389023
33.32929286512738
29.58075648205277
32.38938973494247
34.4797161708229
35.8518956327463
28.845120271789675
28.031865450678087
34.17425741163817
34.535399396562774
32.79604231091659
31.192192829671153
37.59205747717451
36.6082570741998
38.120194904511436
37.566157837434226
37.40795970247792
36.25474612787234
36.4029412426717
37.90564216709758
35.638198136619636
37.31244563212273
36.89993669729178
37.628519924067994
39.425747067203616
35.22527935186053
37.321827011120625
36.85245840924759
31.272064911353723
29.10590800261967
31.50189388943115
37.977065713515096
32.84045575820349
30.65713714176366
29.124667774618924
28.788969731980067
28.947132408206535
35.04396990129287
36.62680897481236
35.237725249207294
36.066503417186105
36.52750130082118
32.26897531979423
29.974865335889298
33.355025694876005
33.171434914897915
30.45600360996005
30.607182629430646
34.1041114634279
31.882703789352526
29.98061266441973
32.66864381522357
33.14641541366779
34.49794383900507
29.59792070768502
32.210335360337474
32.02196210359588
30.035339433023037
28.98305601991349
32.19390831949255
30.301694448906638
34.902326978581556
34.398517747172406
34.127003211728635
32.00351135128571
34.63135398796365
33.578852991473205
30.051543859617446
32.00566805027819
33.98693819556054
32.22168682605747
32.798039864432546
30.44056168553133
31.61236720085013
29.199489341626986
34.5174080244668
38.84744634952991
37.827165880352865
34.48463927348927
30.475363282284164
32.276082118507226
37.33983945653861
32.99627585646308
33.031279475947606
34.2429685729161
35.04474734423983
31.31311793337322
32.83293007563562
33.35170904979724
32.8322824709269
31.463076498041556
33.63287542132758
32.313734659977214
33.15826801995465
34.958982312944784
36.50121036663648
32.60326647024969
32.4900968940803
32.012152432503264
35.57225495013236
34.21723061663175
28.155970895035598
32.278408065889096
33.22108375265148
31.345960038614113
32.91961551651829
32.443435319257404
31.44493219980244
27.588185620247017
35.5464107170323
35.12157548118073
27.993340044395445
32.60378772944157
36.37775238458558
30.90845294745911
31.077548133348913
31.90500934659095
32.785835889770595
34.10669363396175
29.536185805345035
30.997474260080182
32.11403329142655
29.612668690359357
31.557379624486444
29.33632851826815
28.080730714198015
26.563347746141186
32.707467131580024
26.931183114687624
28.439521056166654
33.77156128833042
27.371912017391516
27.645342270962214
29.53506137506383
27.08119847412094
27.779916683878906
32.80590403103406
32.42901564345577
30.549226403194396
32.3102243803192
29.80704780221983
32.46192316146072
24.87297335841465
34.30474966994847
31.92050224253324
29.34223799119669
33.21551732563992
36.08760972020336
36.08031853207303
35.87934969600558
32.325183240796584
31.883549473044457
35.99448118222788
29.643068962918424
31.88061535953689
31.04965981153573
31.836672285764116
33.25987721497365
31.63638838502675
34.82152274501352
29.140816375904343
33.17537915159629
31.683768789818206
29.835074449400327
27.27665045862972
33.77399408052004
32.707160487120966
31.889985840623467
32.66848856743335
33.557369002771864
30.88298679199119
34.474667507332335
36.14420170014785
35.374865553486714
33.129900345109384
31.550955327168477
35.83821077235248
35.99415797789433
40.71873608283467
37.32719217348288
30.362557146438466
35.35239179429334
34.797912956174976
35.63449306160289
32.521593347064815
31.609030475876626
33.93858014005834
31.94370591373609
30.128779901012276
30.0778432844307
30.132302102872487
27.778359222582413
30.28773684412854
36.09749199245448
30.61663861998474
31.023471703777815
35.422824032457164
31.48913526949533
31.351933657055206
28.997739739290708
32.30816150642231
29.808920918292678
29.75840832346656
29.313455828183915
29.769384269556458
29.4502141114553
29.674093331273813
30.375269882868746
28.584660568077105
28.850051943003436
27.806497174352742
28.41161002848306
27.58198545461839
26.223280680396993
37.57287405944081
39.33163545696277
37.90928413311764
35.58569233020581
37.04784552785362
33.10480720391458
33.724668530479626
35.72305729945002
30.924065535819874
30.536777589290732
35.87671379204497
39.3833136109526
31.49673621039669
33.110633973549874
36.88927674290321
34.62029851680879
29.64704473161042
35.237670808234924
36.09936847090939
28.7570743431996
31.54950791098745
36.33033854084979
34.777948822875295
31.760306460565243
31.226827375449243
36.53442298368497
32.46005756843334
32.10507820360642
40.57963402611885
31.219227201023912
30.02095858439683
45.86153685965093
35.93074020144857
35.18209319353414
36.55340401191271
37.99652773701746
39.55033366840705
33.46363228854238
41.06791866477715
40.756180670279385
37.017720441980074
34.22910612885185
35.15562019459149
42.59600691717054
40.811700854168265
35.64422225851054
37.659446881570695
36.578979512849344
37.76688067082535
38.384925683499276
28.213794818946766
28.2983820418935
31.29110149579034
40.622657118737855
35.26037680196954
34.85154266128598
35.38528588308548
37.74370383493818
36.99191690495056
28.37096017651071
33.98940749108565
33.62095328699932
34.01840821580482
32.23879538055599
36.97812143267903
37.13503335010826
36.7760412924697
35.33511116804172
36.1333412585524
33.34762722052404
35.29887135432298
35.34678401571443
32.956984309581394
29.587012922068755
35.51448387197718
34.277422047867724
30.74274787371547
31.18031075525323
35.81623723427902
32.6517088545377
30.10688505015263
29.19041800462503
29.657279547967487
29.217399293401215
27.496783221232093
30.24705802493081
30.13833649595285
30.15238463599084
30.699530715443217
28.82038376135245
27.305026262945418
33.5003595472617
29.784601231400476
26.470634137567703
31.09278501939847
28.02865707759237
30.69003109344976
27.02950883063573
32.032515586451126
34.87613739543619
34.60575060908761
30.74107385246017
34.82871180896198
35.627685365731665
31.726662719134673
32.41757808241304
35.18452818807519
31.887866276744184
33.01194696549483
38.16386447930096
34.84703867173497
32.57555405760663
34.51038259690997
29.96789520337312
35.82254877316415
36.56605073915157
35.29974926762885
34.103282154093925
32.94253015139556
34.09410400652992
34.07620003465707
34.392321722939926
38.351484430190176
35.07538136517515
34.36503408550767
35.69849771104656
36.15023948008099
40.12543981724416
32.784276713083074
28.780690125842646
33.354866887375216
32.7691883352539
32.58286590392156
32.80438845462005
32.675596866189096
30.151025588325542
33.09779747063797
31.13253941083319
28.49721087829513
26.222521177046225
32.69750651060823
34.3520750442031
33.6263283906605
30.250312245540336
32.95897066550108
32.75586075268654
32.70692215729699
35.6567201976719
35.30838989098991
32.81555628779113
32.89455350919696
33.61736869260578
32.73194244521459
35.358439608586096
33.68025608084047
33.333529516495155
37.54680500486244
36.0861628218664
31.961768541972187
30.397949876660704
37.582615275191955
30.164647094369958
31.82849325226318
31.138430066951585
39.78841302112607
29.896391382778496
31.672029941274417
34.17649330275276
31.08010686731027
32.35708251763933
35.04462066529651
33.225122381524855
28.2440334236746
32.303490497377986
33.12652886256878
30.71642681287936
32.54976264875388
31.441475166022364
30.479864312189356
33.299178256731814
31.535145862016336
29.210516347518524
34.42880910740667
32.86119942739554
33.456991668585516
31.074563621953335
32.91656930722784
30.470511009445918
32.18038117387018
35.65063513890352
36.96955795171661
36.064947225073404
38.52514477904069
31.456744838362493
34.57024600801884
31.537818183679875
32.39882942573962
33.22735805771167
35.40293073562774
32.95255374360059
30.9551437606715
32.391746051018806
33.99860855615075
30.15436119245393
32.512603184982034
33.38072989009983
34.39790439432437
31.461291197217037
31.469246154182812
33.79468920423139
33.434146910332075
35.08401901546757
30.671995419650163
34.885192570734965
35.85440441812475
38.76752899010415
33.8307911954462
29.864323666336706
33.01484528871728
31.058410211465326
27.893141481539978
26.80847744463762
28.937952418099012
32.53916849956612
33.9733023459691
34.920530610486985
33.88919375072576
33.33519800518475
33.753455586956015
32.062297504606306
34.131073475199656
35.673915388725334
36.79139251967502
38.00440955623789
33.82427841853956
35.93553948091287
37.171145195753304
36.24873322907446
35.34645297935566
33.59575460504985
34.8265550977628
36.76217722808205
30.705759728046658
32.135247055931636
35.64162559300609
32.14092005256634
31.503145548840877
36.080052189070656
32.17159693820901
31.838063946406916
32.81585654546649
32.14073884190766
30.06231261836982
33.443612062078365
27.6849046866051
34.426637017536656
35.368892561779774
30.21105365925709
30.97315411082959
34.38252616340756
32.98273397733891
30.009456529842442
35.112803158311344
36.023531461578784
32.98985703099358
31.702785313721307
29.94830010040384
31.69534727968916
30.03486796688865
28.455345568162393
33.117724812104704
35.133922861667806
32.44702292337706
34.807015853246355
29.80188994352047
32.9143628467176
31.308261298627393
31.09121800525234
36.6909127739333
35.98732726224415
35.95845898200848
32.24360955413788
32.921689477913596
32.86509623331789
32.016633543179566
37.4253393754945
30.849783235174655
28.58950746228137
33.59903499596758
30.03195546191175
28.294290407352502
27.61537577675756
29.94334529827445
30.22309150909439
30.883947690461564
34.01096628971901
32.90876994126359
31.578440560259907
32.91569678376109
31.13596711618131
33.629095410099275
27.79456339223054
30.404494071603594
34.683670512626946
32.70247048549276
32.42487380589634
28.46839334992239
36.51868985199856
30.372475160689014
30.024255617508445
29.476262411057046
26.38210213499657
26.915554680583814
32.2597901016449
27.49128146272562
30.06538683238099
31.31513100171144
31.983957369279906
34.65015969996179
34.83950145955915
32.78146704061304
33.25579135536942
32.998789528416694
31.684876264454378
31.93726904038877
34.65431056263309
34.39181608390991
33.67231520122319
31.726943425604794
32.678337025572326
31.984447821291404
31.838440553241824
34.79714532322082
31.539636062116283
35.413029073203404
36.81362514970575
31.60663692714503
32.82143962641951
31.643838377097072
28.06302366508307
28.765479910702826
32.004372643917876
29.681477453340904
30.489915038772825
28.981367868694825
30.186609869656596
29.46564918788986
23.958916820309863
30.3792934881589
30.91005082247778
33.10146880817124
28.882021769299556
32.379719229001424
31.624745625525726
28.645880549305957
28.788134726921903
29.612508959676653
27.503687946483307
29.066029561671424
29.364445504427604
24.794245860572918
28.766294789535213
26.622084030723663
28.052453233807725
31.1605197916227
32.758489567142746
35.302236668317626
32.20900072875929
34.21786310935029
25.7276222912541
24.150859028811272
28.074105630016224
30.042583918073372
24.137180614501148
24.35822474903299
29.920296536413005
31.568090784075185
29.859955575497494
27.965226028628464
29.665335564416527
31.432842329379074
33.43329082554227
27.755855256957684
26.906077721464406
31.841785101263667
28.459186751916615
27.967464137786436
28.578408069264416
26.846641693214323
32.04465189493133
27.114720232299277
24.94749083496872
24.00647579850542
28.03352061382683
27.62307742589365
25.9635189721986
26.726373140420492
27.528222485690822
26.781405547036137
25.880961708940195
26.698218649399127
28.799296790493926
27.926000813457804
32.34680022612697
23.334968000007095
26.651241523792542
30.494957804784185
29.55795629976149
31.540972818201354
30.746170431170007
29.870065710525314
26.784196484795665
32.02098486520433
27.61954392176629
29.469553370969653
31.90860736099761
30.949285699188305
26.24722537248481
32.40350997198513
28.439540655512523
23.276362893709866
26.465102990051655
27.674111441746263
26.899206756392136
27.17652015538374
31.625232783744337
31.378402652493854
30.066197065931036
26.25481403966298
29.385772497795273
30.002553677983325
34.100137901122224
23.93089329325176
27.67521968742546
26.45537238933316
27.900269523496526
27.254760702291286
32.70760206481028
26.264868347953225
25.636625043587472
23.638015363576642
30.253818551631657
27.61786585749086
24.745062689143495
27.087959723757628
31.32415430091304
25.396210321037596
28.207218919215176
27.649089492039785
27.889906974700853
26.828961248116407
28.58844692487279
28.581811059682778
28.510098964852872
30.24337074530491
29.774859006292
26.225743914650366
30.93479058230959
30.705365503557942
25.65244954997668
29.198763453922982
30.0826980707224
32.43321067449912
32.8470298391044
32.710009983715715
28.92899939499469
30.715418387187295
30.907164161077855
31.25844147003272
32.22457131359746
28.446854724106807
29.949973737766932
30.150679119221778
32.46843599671327
29.76037821756732
28.90516466793965
30.24679312059048
32.37578422406249
28.790655657521732
30.26885195073231
31.456975940888636
27.496395481278736
28.24688051472418
30.389774857452558
27.036086494158987
28.837152971960577
26.623596507528376
29.84094083928673
30.01067030058546
30.90451976713278
31.761628949634115
32.48568712706793
30.734892243784707
29.88540408625993
28.25986563048999
27.02178410933032
28.30070340652539
26.018933511505644
31.44061948036858
29.99440290412374
31.293044228690963
31.075137024281084
30.40847169629312
26.12426649544904
28.4418895614223
30.80811308432861
30.79422134524807
30.353657644229017
29.487763808662777
31.379962711730514
28.90095566797371
26.970176503955425
27.805110837617462
26.31223094432841
28.979599605114636
34.73446684577615
34.35623246063736
33.460263150867334
32.777172366917995
30.474142170515485
27.47552298093276
28.844906885562054
27.85845325212448
27.84353933924537
25.514582416256385
28.81832529263911
27.330815872867316
29.456870975203202
31.254389993066024
25.48577477053475
25.336829118278747
28.85433579635056
26.635035856043054
30.296206653491826
29.44549529363496
26.62549126901522
30.41051946760532
32.93103950048894
28.99149957990095
29.110905104764974
31.48421460054348
31.217594379922303
27.766484157074242
27.23134636155453
28.87714142602838
30.88048124114035
25.056294214543517
28.073402900922176
25.818276753683314
26.119053302703204
25.832012171443445
26.91299655211311
27.3956328458427
23.623553665345742
30.337699922111984
28.125605661501204
28.47888607793702
26.621830032273827
33.88600468838227
23.113129176629357
22.184647074258738
31.17677051702889
28.300682324798146
29.092981465577463
27.071456579909473
29.713111978232945
25.001694692935235
32.474726768430315
30.108440809718726
24.316377774012558
29.358099977051356
29.36273888992943
30.18265298495235
29.38881333033156
28.37637462405657
20.951767047054478
23.299489564283064
24.841376341647095
26.447343786875216
26.89241759519859
26.62972940031416
24.026915967337544
27.066884123820593
30.948203672325644
24.879365862036334
26.47925415026152
30.06914474063693
29.71769331035606
28.006071684309582
28.673899576820283
28.55887931992164
24.703143624423006
26.42884547696268
26.17264882149069
29.176051687021953
26.478272065917352
24.91138747535095
27.344792851264593
27.408598722641262
27.83801859103047
23.478526515305692
24.61542594945781
30.522143883506605
27.03179525895014
25.541756837580397
27.575730892074635
22.508017389015254
24.55754437497176
28.752754776714447
26.495525472190362
23.96046855605724
28.07569280951805
28.182085650034693
27.469751657748752
31.33481251244911
26.834328570604285
22.561653578747247
24.123659256929727
28.079499424494493
28.033125541691216
27.268283165081147
29.189244434095723
29.44945182274264
29.315152237955598
29.26180900716562
29.19216773134449
28.874516223419743
27.413156652941034
26.18578550197724
27.641375376701284
27.24602210650988
26.270766170468487
26.050631343246504
26.682174770221135
26.001165457798738
26.760868654166515
24.967170537253825
24.956958811111758
26.087474557003926
23.243384300022242
27.484780464769866
29.992077719489902
24.806515787236368
23.109385464006365
28.088665411064213
25.700053845489055
26.865094555730966
24.693811212226038
28.009362020040786
26.488414776331773
26.008101248368057
24.1775609333387
25.349834195352358
23.46705939231523
27.143152082622024
23.460246618644163
26.918746551997472
24.792264553451158
27.59321278199616
27.841308509018106
27.399363335070774
32.67625265581442
33.53727757278706
33.648496421647764
33.472643628447194
32.62658434663012
28.293631864021073
31.838412886131547
30.13436158339256
30.336826747674948
31.013757361200717
27.06906610995382
25.573998817548468
23.89231794096408
26.97601970880188
24.09428518492962
20.836826666924594
25.178313808103645
26.723718020478923
24.716751797531163
24.70017296413092
27.104308062134866
25.33903069051441
25.14195226096462
24.85972691360752
27.480772252136997
25.6884720893766
23.10046399483346
23.317826644781334
28.040203118402832
23.92369584782803
22.824676371750144
21.602374926698293
23.361588735375026
33.29349079095749
27.34233141067325
28.325388655126197
31.260280228607392
30.98225276893352
29.24525280244022
31.252901233536676
27.403536995921108
26.47511519440374
28.928405658758557
28.842445551999173
27.472357868771997
28.669880225512006
27.459292739207743
30.007039995960117
26.574205019484616
25.291421035148513
22.98160077837991
27.872173168605904
28.990953124599756
26.70251950699864
25.722017870014362
27.050029989100548
25.667256638209764
24.107136970823593
23.516147859974108
27.574601514202197
26.714423273536617
21.554858470223216
24.9865062304351
21.81590163029804
25.73421441315825
23.160544224100605
24.55521332214965
20.810079771906395
24.238792153673202
23.811622905753964
23.89744342941598
23.74504971903879
26.059120252045542
23.842906761495513
23.830723094826734
24.07541032659866
28.5159939096973
21.61164754573393
26.57955748710197
25.395252230194192
22.211841955561358
24.66940293550022
26.242651881724598
25.588613231685613
24.286339006523814
26.831331000042447
24.241912800902966
24.21613689838232
30.59011193703234
31.06068457751602
26.144388785348802
26.235358157289415
27.74847349622627
28.51971898882916
25.675844759746756
22.267199864151017
29.3680211229129
33.87228610046538
24.617655546828217
27.623882926935877
24.266913434412754
24.89383758185197
24.101887046123373
22.722563887987864
27.215016422236623
30.593835798128676
29.360249187907485
26.761420923273025
25.20683251899589
29.11842037419615
27.4142919393433
26.595325177455507
26.61973770925082
25.840341552774976
26.35790553638399
25.051970382250246
25.04189660626334
29.95918456382581
28.253905827479038
24.486748240244307
26.314680153327682
25.82774143088669
28.854031923379477
27.50591741121267
28.185440117740853
24.69854635551194
24.26138779416958
29.178685673085475
27.53404584418451
24.262799174445153
27.21532443787026
28.33630648042963
27.218284896310465
29.913654581827863
27.82482199637525
26.34113710929609
26.38319695029764
26.20404182343077
24.34513339641853
23.688918229064893
29.37912002992633
29.56749527025353
29.06594303873814
24.75538551094381
25.957790392539053
26.767254043078275
25.68193219394927
23.25540368980955
20.481312721636158
26.142980516316356
24.630386477045974
20.084724040142405
22.2932881696092
22.50477590502247
21.296374390911016
21.133760432705362
21.760476979486373
21.586397795083094
23.999424809612165
24.038356231934255
25.273908240216205
24.218405285868766
22.251467461022862
19.672428689776613
24.585335888019525
24.598481877871325
22.706523298632174
20.434123215606764
19.34567124188671
19.060623687115275
20.53522115206632
24.06300278946121
22.24656947081199
20.206163435832615
19.515577679875225
24.88199736175632
22.573169880960467
22.48237408474168
20.028765577695744
21.35842939863471
26.243324829641026
26.23179532862883
25.008630773361645
26.720151982351908
20.23558978142773
24.27804738480047
25.6693108747439
29.029653319337857
25.551349649273043
24.28284948587939
26.077350701866376
24.64469029513915
21.422872561369527
20.542924548022743
25.678099471205016
24.585452908829563
22.982326084693305
21.194570735804128
25.36532510050677
26.09567119669068
24.44192229406638
27.764236905471606
26.983118661774853
25.620369695486705
26.60211870064315
24.57660634018058
24.301705418709645
23.624498152109172
25.297453021654995
25.070576057318995
24.55087710098907
19.392510280695983
22.31148092475221
25.84260384703066
28.170384042483693
25.81239404539942
22.024589706630167
20.41118684751264
23.629103153320212
28.286367429113984
26.459225144893598
24.901427744376342
27.002337616592868
23.38789028956814
22.95397123977492
24.295172831736245
23.360298006273762
22.011056794297055
25.804528253871
29.29647415950815
25.032493029481852
22.96941041471385
21.474836777050367
22.935587448092797
23.60630442637158
17.79828880460561
20.719004516663393
18.80213084162083
21.85565600232302
23.64552285239034
18.348623027435032
19.89243261368861
22.432064771678142
17.31360677727092
22.45391927960667
24.934279064361508
20.48514554922313
20.735225418095414
22.894251412686643
22.644993859852196
20.02730910193787
24.114762070584575
19.984596809786623
18.421122615932646
20.516483875754457
20.667263825707604
23.570427521595384
21.793733566114224
20.78974100860213
22.28399416586788
22.90914470440559
25.281848872106078
27.359232826767922
23.707986531074177
22.925691300515687
21.149214468548934
21.616579600124613
24.178883414779555
18.458429690494697
23.199981986039283
19.221205840835268
22.15105124439132
21.489147012138346
24.784258131828953
25.639838247342627
23.07336357875808
20.867450362336157
24.887680963288393
22.202368652093433
23.025175970059113
19.621393115982134
25.289447088522433
24.866229469433573
26.068821628186143
23.528340333691936
29.69101763013756
21.85607863335937
23.181444977185173
22.567363650127444
25.299366592406045
22.92214617429335
27.474774144569682
24.29248207570964
23.330276343864707
18.361979374003155
19.604321995196784
25.312494090536838
30.23541881488304
27.57187469635325
22.478068578412813
21.594921066063097
23.920748646129397
23.460155336680028
22.064836555388375
24.159882423097798
25.065496037186204
23.657344116492794
23.778223714169652
25.143432426572044
25.207211716606142
18.45936369657051
17.911347005939486
22.59109265759102
21.123396067292436
20.48536179126285
19.396339755176797
21.88311510489424
23.917405837362836
20.97483218874824
20.668463337000265
17.931208246498514
25.2176824930408
26.69847064963984
24.830145481556954
26.562680800900456
27.95705584426433
22.620090389985634
26.326445004242352
24.83644463383969
29.724496798496624
24.87374324037647
21.149311931777987
30.57891163506798
28.538324258959424
29.162264180415903
28.743427386563827
29.376988734191926
27.801924523662336
24.160640064623273
26.1067708872093
27.004575568152724
23.073055104884542
29.074143350818908
25.979867343206976
28.34608716723376
31.062296009125
24.377723282742235
25.010286261223897
25.241699703287715
24.87386408225754
30.87432066699931
23.554113926484252
22.952027476060913
24.88948114407609
23.26473044257757
24.42463651915
23.748382640661774
19.742201143420196
25.030519129683512
26.258662210269225
26.206251568067096
25.00749030120799
28.298243868891742
32.289595374361696
29.963083213809877
26.001625815785083
29.20715689103019
23.608034455587973
22.967679228585066
28.021167443983305
27.22939496433053
22.738234858074282
25.809982153904386
23.72902907612
24.355177584709214
25.97500148989819
24.850676635476265
30.12223099619267
26.50207819341137
24.538769604816302
23.222250652164576
20.557246804744135
22.069282813901562
26.616785296554664
25.66723367180545
25.69485591336013
24.731835127124413
29.27259953769142
26.693250435604632
23.904415070788602
20.262720039395294
26.01895140394298
27.777058302053025
31.66228349886042
27.043936433514382
26.734175777956967
22.003943170263934
21.75586264205638
21.07394492600003
17.977806841079754
23.301562835236165
23.985920687202793
24.357892187945648
26.222738694632724
31.23606587226446
28.91519081011199
31.53809481037043
28.977640000397596
26.60054265558133
29.105761966918045
25.143452279390885
29.65902621686062
26.333750377033866
26.976043812461295
25.80687942206453
20.70383456742221
20.453789389077247
23.670869800457332
26.56449768111057
25.552672996603295
27.87149826646679
26.17328278694179
29.82087139614719
24.490201501329633
26.436810718020705
27.846820233002497
27.803842582055157
27.98360088937776
26.272262044689796
25.85897342792091
19.8267491036295
22.15527498794846
19.861540196558863
25.489425986571685
24.74379362929122
23.98522128739604
28.556255668710296
23.007729179697854
25.502564008429978
22.890394163048498
29.35560031512456
22.90768626638153
25.692658832116432
25.603519759974915
24.248278322387215
22.180325579342153
19.097754973056443
25.608106396514493
25.249994320582957
24.433805496276538
21.217465769556167
22.958529517903372
20.30172544650185
20.685146695436288
21.561720673602323
20.2960691298018
19.988254370989612
23.348560872373856
26.884830269190545
28.17157223934008
23.721838623479666
20.997204611208463
24.507762195998158
24.684253625597243
21.079799830410657
23.611510978411278
29.456164385510235
29.241342234344575
27.972631882321355
30.340661833164422
27.599934807212847
27.173574990914695
28.210358006530438
29.595314860944118
31.635079100131023
28.522385946649685
30.008032945817554
27.458713014250133
27.468313939796026
26.47383686420396
26.428794023765526
22.124276920703696
22.124765199202383
22.886938060143756
24.760242117193258
25.59487768909516
25.109901802344474
24.11532803111296
21.94757989790839
22.694356039801036
26.27892786267252
21.56152822789877
21.09990998937666
24.95598803462875
25.912894001469304
25.648758760185043
27.5308987340126
26.939426999686567
23.218983239959407
25.12238984167452
28.762798298651827
25.990773096618362
22.604873681276025
21.096789087719348
19.861689106816215
21.458893547192996
27.125499824143255
26.18363194250927
26.59798713535058
23.569945047216244
23.065943812493728
23.79148107885305
24.82775483912954
22.446181506726212
25.872839296434293
30.846059621590076
26.905143757470018
26.0566696254604
23.089710501523463
22.584635180894512
23.639823020091914
25.552206749241307
22.85844423795627
27.45778691064018
22.35464039224527
23.398357235534633
20.970180520727943
23.991255308401943
24.03017423267886
22.263436365523038
22.34585627839236
23.63483492393734
23.533673566445817
23.99176736124864
25.464212831513557
26.291858158463032
26.4002898686533
27.57462886811738
24.584185943152274
26.097534970212575
32.278955861344585
25.4223414121005
23.668730156054764
27.03529287133412
29.048129684453123
25.313485444078168
19.899564070145644
24.95002500528212
27.299049203773702
27.162015848582033
26.23928826118383
24.064985119227583
27.78021121293781
27.584066665402453
30.57048338529033
25.2083644233364
23.710958387509177
25.925286431287518
29.204220170055006
28.315495027771878
25.773133499335778
19.849727313920575
20.742031180654585
26.882013199267476
27.063665780862824
25.386114193910867
28.021018401785724
25.26030364792293
26.941454279507308
27.14918057960573
28.284398211488348
29.36916657109212
27.81513975404231
34.15357062958525
29.352379405757137
26.46952183106345
31.16949500026351
23.786850015293684
21.21307789273981
21.363746842461786
24.697300930107254
19.55033943803279
25.587322264429318
23.868138676658138
22.714758431001833
20.181856146990082
27.25561234270766
24.935515727296877
25.039607765638607
28.00800235538105
24.14958639876959
23.03672992180449
25.853245163326974
27.2120199130946
25.413161171444536
29.073894378623773
23.061216124689594
23.521372775798724
25.10096224166331
25.08214010077933
24.467796279886233
28.546034512571214
25.23924162413196
26.57350319727275
23.714751623713404
28.35281854399192
20.359131962194663
22.448421034187987
25.38031742807688
22.750832729087836
22.89147001925466
25.452278418809396
29.074270254587827
28.84147514818782
25.84090137242816
21.306326111959816
25.433490206371825
23.997692883366625
18.180167090362968
29.15367019806805
21.624955463479218
19.34956715257032
23.626043279674892
21.435003201261033
22.577698174364357
25.80545570353942
24.182255842884743
26.321580816282268
25.63343060270711
34.39289961372689
31.7011469096043
28.826737803502386
24.80901979587164
26.573699772149904
24.775901390444087
26.207299812735265
24.847259333565315
29.351784039445924
26.733949804991493
28.718463354395855
27.108055290260992
20.240920963339292
23.552121464008188
25.8318814466213
23.813759726621296
28.225145623613543
25.768466087156895
23.66152529631495
21.808442250563292
25.03098829450976
23.8165561776749
25.016040411288778
23.923624539211474
19.52873057385563
19.63764821766603
21.783560196745487
20.16334816152357
21.037525472908317
17.835960320698465
20.0483378846863
19.25587409602422
16.943489230786025
20.905400579424715
20.06586669771379
23.72925650467234
16.17905803803178
20.022167084678188
22.317271679207387
23.8797521100248
26.62561731632786
22.37887081098622
24.026201956591358
26.56182091431875
18.00401030113392
20.957207441910185
24.651017339489627
20.445063680473755
22.821079600059644
22.247471219028174
25.73983154511301
24.712954570414446
22.51934357319162
23.275879828586813
23.867715170967347
22.838387956625766
23.94787179979364
25.372343188802887
22.09260827308054
25.137453428219224
24.86613458912698
22.850549459820826
28.108354299858988
26.319329681924774
22.144362421862557
14.156114289487482
19.642660996108393
21.151906017015914
20.88021725259135
21.23522688078392
21.98857855893789
20.653765385977923
21.299783538377987
25.355241479653145
24.625116197228845
23.595990458257766
24.093899624979414
19.919174114586056
21.545436411181395
19.75729419663302
21.12570294947146
23.44306177962031
21.875647165704823
21.322912740937618
14.097440242192425
20.198754205989744
22.843278475680272
23.205692988612363
26.25285290147821
25.829353797281257
31.29531353262977
32.04577112782914
25.576020145875034
26.357003173465568
22.25103881367418
20.529691068479906
28.07312890370477
22.33608611075728
17.761774772465767
20.805551015031526
26.98876708255484
25.134742267272838
21.742995779937484
22.985142162842113
19.427430838516713
20.605618385042767
22.38491826904966
23.982498729765503
23.148926737361244
22.03737244534997
22.63245093047145
22.417937596895968
17.739909612561956
19.42140170353328
22.353285256131716
23.647514366681794
20.13414448477143
19.004569260440622
22.638242753813962
20.869683805604332
23.559501758391452
24.823275296300817
25.426308755632796
21.41889259906492
22.24445054815322
28.844754482111348
23.95904811093
16.22666984805997
20.307577684097545
22.932940297934145
21.25806235691165
20.482531889448754
20.49845080043528
24.340871982864037
23.953276048390432
23.126661472219574
18.19683489762053
20.609034280644273
21.742371778984367
20.46281805624988
20.3056247181582
22.250038442968226
21.17105441593454
18.20049605325676
17.871354983280977
21.098042953510877
21.840713863175825
17.314959160667755
18.07473222163854
22.174811250721913
22.094989873059728
22.13363708802149
27.7273890097543
19.461151413245044
20.33252273801627
19.817954608006858
21.88271730521389
17.43708675242342
14.391787105175247
16.672700514791657
24.380562330764043
20.433708182933024
24.565398173660594
28.05421337724132
27.03442570694448
26.911047941415973
22.43950363309551
21.742950199356432
22.318326767224207
24.50054163635377
22.624919309278184
24.794988203891265
21.495712995965096
25.315878618017067
24.518632582567587
24.255263768312556
23.02933752401227
20.81540246232307
22.464253095450353
20.89481958032043
27.059960302574133
21.15042678703547
22.634546294161726
21.823212005306676
21.14043593332075
17.682481505517767
19.675842819201605
21.73970080910266
20.212428997918146
19.24371501770859
19.146823447706744
16.9142352165795
21.282004589326462
18.37099995503678
23.078520339776816
21.81154335845219
21.00570466283172
21.779112486481008
18.21943570761425
18.89291163904245
20.69905433826144
23.034598854572376
18.031272170751063
23.34454490998829
25.45636341376785
21.77198408477401
20.96973786862251
24.939911963565923
27.9282688296137
24.11543394119458
21.877435410785367
20.409104163141944
27.16086041157514
22.132816353777955
17.82245484239598
25.902616265597647
18.391525384877966
20.69943406844079
21.465660538303077
20.060437098909187
19.3154147936826
18.22436638131863
18.54418000003259
21.74556923749161
20.63017515605259
23.63484359665263
25.401791923097903
24.216351509369332
19.32961264068319
19.13510051446827
22.429418527140093
17.496594067122476
17.07650015300676
18.919837527941276
19.921399554288996
16.457544670025843
25.81468809809638
27.20444386351851
20.821701705245022
20.214418103602444
19.82695279320201
21.339031803640236
19.491784730472226
23.666186179318846
20.701149706862925
21.771784524959475
22.278671049735763
17.782021873636058
17.277883645607332
21.178463316673888
20.509090344385424
25.889828825199277
25.51184909298639
26.725166354459397
20.95212510078305
20.10474945661197
14.282784407792091
19.873235505481755
20.263380757757442
21.48321202416329
22.786420026312552
27.12469046508604
25.786350066413352
21.285962408102883
22.447998353595914
24.52757549661872
24.466934452389147
24.477419948039753
24.10168137376445
21.82307821146104
25.00977063707332
18.92105620749587
19.305239569364485
23.876156633900788
23.505198324016455
20.76894777965554
22.89386691135188
21.83682232086442
24.247722956611288
19.013776374476322
21.82937100658462
22.496966814928374
23.35275301893133
20.231946221664174
20.302277457672965
19.887245527341157
20.113808954704364
19.221626020459315
14.46644801342378
23.531477682248177
21.67526801702916
22.59870199576387
13.782102397886042
17.655618581922877
18.8670029276864
17.125860615126836
17.62361559033885
19.464559480427944
14.859742142060073
16.326231397916125
18.88163993730182
14.739859594207589
17.638760724055388
18.688857001188293
16.997951291630628
17.241845330717027
14.966044036114909
18.973708463803437
20.747595767722757
21.593225122033182
23.056771930051028
22.960935174310436
19.453260275353383
16.65659637302377
15.409862583315855
24.197321096215465
16.438824861230593
21.60505564468068
21.850617609678512
17.219109426414384
22.30554846721684
27.13023844858258
18.627715554054525
21.189417348539173
20.394629156630497
19.575503029619327
22.6963836401144
21.628134705714775
27.31772703883912
18.760969748316363
16.975550592062902
18.54414807884762
16.82718902820117
17.334663012259483
21.146877550706176
26.80230104181445
24.796561705702796
17.105506660292452
17.060673691018515
21.569219006171416
25.803534812357356
24.775327989311737
21.923693523794235
21.701213702650392
24.28680385275402
21.134710304100807
24.932777902521593
23.047777696039294
19.843020170864353
22.975454477633495
23.279530508879713
17.733348853021244
18.61178008688773
18.41452087483133
17.051242399940364
16.79125457309615
17.782100848631895
19.21486328157317
17.034771450250027
18.568345181636097
16.47045805257546
15.058883240096975
24.701624596897364
21.871476335209923
19.145529173822112
19.56456560678474
17.42186080542497
27.60277329630555
19.844564111230216
19.958039999292712
28.15845892894155
18.224928900386896
23.504845526363347
23.060717154001267
22.509826879459194
21.805209116071865
20.36639715979162
22.34674232333035
21.70131826765768
18.176012055424547
16.993654308656847
17.229211839908615
17.491295709847385
20.836965986780605
21.56131194774691
20.371968965216183
15.149980736569677
13.663239254795657
18.027029479489258
18.22690054371748
17.946027169006452
18.193055167625108
15.697263232624605
15.33985480725567
16.872861345558725
20.99035141863495
22.0121623619866
22.204433808595894
17.857634693848933
19.454998112219865
17.755479943857203
18.705179784744477
16.33155053175013
14.831897775982043
16.271476510430833
17.45735083196774
15.788269456943306
18.49978733161719
18.733505182089086
15.811221263075483
20.486386042039065
18.28441067707783
14.86797386922039
19.879098229591538
16.36960475671846
17.899879458685742
16.503762394363072
16.878612401637426
14.853857508234185
19.248189239397554
21.46441802738842
16.45337098387692
18.549863926418336
20.976642108699476
15.008890359693265
19.036488430436183
18.902833785581468
21.626564402869935
18.71537961126947
17.836147297081787
23.4651021486065
18.554732999712527
20.913399931225758
19.23419859509241
19.314008383051128
16.764187055713514
16.265211447123725
21.260898436046105
18.877463911911367
19.504154058170354
17.916367426305005
17.33725723241635
15.06518046526861
14.397839927799762
14.489765348836402
16.74826527148671
18.74664479278238
23.347541213622634
19.966113659841298
18.62483593914667
16.78540828578939
13.183132150446195
16.707846573198125
15.891971022776401
18.317814243710238
17.748617224498393
15.965045126812155
17.561600002851073
15.279156496454734
19.08992177052021
20.684148461580563
20.668576904614937
22.83482361895278
22.75306551665608
18.191431489682984
20.823037655383825
18.557338602140074
16.32102357127173
16.5447969509152
15.552657663561831
20.888682445962832
18.884404775279567
15.2746698440541
17.99769291155599
16.295777887466144
15.18843525860867
17.22961946249388
17.279077717698076
17.37341830052936
15.290269495811295
19.360328487264596
20.25065400606853
16.88838950313465
18.771247547304498
19.165507559366525
19.442937738978507
14.566775395937539
19.64471334715047
15.818025824468227
16.84623767174363
16.746774015975795
15.427222403237884
14.81217967338584
13.990098183973773
18.929934888608244
17.131473834115326
15.97579034166531
16.60431735745448
20.282284457311256
23.73355440533787
18.81359634221508
22.9921103936516
24.105733021984523
21.507688340236783
16.43084389642838
20.337378630423686
21.20691405188646
19.527902537759726
19.483295401270826
22.04770148845212
21.842310225428317
20.702306794796094
15.898425231975663
24.72441012239259
19.284360971589948
18.335504695455683
18.764636166467607
22.76430269736807
16.667835244528373
15.8113651562618
18.862130160131688
20.523056815434312
19.67927126298566
22.72784120095469
26.02944599311455
28.10371445290124
24.981755817185693
23.094954458992316
25.583635371496968
26.092319228091583
24.307845880505873
31.689892245893425
30.191343034714496
27.90773120143582
26.221104038152717
26.079640720520295
24.28171094696619
22.456505734217146
24.8711517849281
23.73637395304024
22.476464213433175
20.53236811410632
24.322236446664945
20.184037134613455
20.70759237482178
18.916120757178223
14.603842932717425
17.76000068470957
20.431862605511377
17.653045565557225
26.857231169993838
24.826682725375672
21.87994508288997
24.1064067774607
23.469813769008834
23.2421672366145
24.308694593676627
24.603171010196967
22.102614141157733
19.408902596520605
18.32571748720291
24.711727017537264
21.379732310198932
19.95664785401712
24.53494109005008
20.06888504325225
17.82747912412791
18.749566641161838
16.19865315174471
20.36328419156287
26.440626037761948
24.35752024981054
21.05591672594242
24.43222786091853
19.21697364909882
19.151641872137265
18.85650950545383
16.63815438260643
19.611648025560328
21.577222385567502
17.32627123834197
20.474615483240324
20.361338665869916
21.55227064990303
16.27754703099381
21.277046376212635
21.831104148474715
22.489005606858004
20.226774596204024
24.078247305554928
25.700794760213856
20.97791926361083
16.938033684543484
17.438650277806204
18.590122039726197
17.265041762461397
21.816384137667743
20.499514649070917
18.029599419172623
17.957665747604832
22.295393665713775
22.918827382953133
21.54993983561911
19.019425260077707
20.862696538589113
16.78898291793105
20.447893212125948
18.76234931857867
25.926693394493896
25.139069453147414
22.83113502468629
21.92548712573567
24.132176675453184
22.63118861139009
19.854075136477366
21.090745007215972
19.09693427451573
14.887662150611384
14.350633448121993
13.544738900664418
18.11523429352305
19.45507535184145
15.42474877991785
19.70994761094882
19.14616237780632
21.182927142284797
19.170592912016943
17.44322344892748
12.904180930958521
13.244586210828215
14.533136272282627
14.42020395123662
14.091261942909687
14.3989451469193
16.532140036149887
17.725374625762996
15.42535672138798
18.303988726946653
16.578818451033122
16.75767275760127
19.437565704471712
15.628608969673305
18.780780524787765
16.27171323505338
15.909471314770625
20.582503487139626
14.49529953461217
14.800503758463433
18.69614495216685
21.614557025539337
22.064256987971316
19.344602140819273
21.809857823672566
21.297202923010136
23.226982735071573
21.87647752746778
18.52696280555775
15.061561799578236
13.051340570425818
17.108093451801825
18.171285213730094
22.110166380347408
20.77204304834594
15.578745419290948
17.79651234887198
15.207842526289468
21.23617813647872
17.044928046109153
19.781777000841355
17.988018188851587
21.35575210780764
21.826569402203724
13.953004718081491
17.180084451264516
26.76280320158377
19.427446997383235
17.327319393531635
24.047833286358372
25.523300457677838
20.24079648083584
18.81201443400074
20.25892785286401
20.70662046113908
20.206419225076996
18.87211851914019
24.343650991196466
22.247759600949543
22.37971918109497
18.8590528882838
25.705234527959487
20.161643752694303
21.01259348720923
22.032831372053415
20.872318011492005
26.663181485859877
18.75767125065556
21.635536870379713
21.323963641937617
23.159740061475894
21.345109601395237
20.964056784216428
19.416012746517996
16.136407996969186
22.940405642786555
21.14763173746087
17.757580994739868
20.214261131766975
25.65651136811013
21.498761142386883
17.804728802657184
20.751642817748706
21.43417105923279
23.110514353417813
24.57966731370189
22.82693818148669
22.6300513455874
23.7378652121247
22.89601417184601
