189.81775290014193
174.16065267502992
160.62740441800153
147.4601241191291
132.43606140444177
127.5107240919465
121.36064008386873
133.5471113345475
125.25574320332669
122.18747858507751
115.93280250326144
127.08450676524426
97.81894067188418
96.9115207207811
119.57041622033277
127.46990494598029
109.55651842216308
106.13113464397813
112.97894334813063
110.31462648071931
114.5287897075776
112.94497527660965
108.04501484295638
110.72822488385296
111.05035506257944
113.66487422039091
111.6985767419669
111.11510625890081
108.28350993059108
101.93429229138184
112.48747255998704
105.78932544642772
107.56129960729417
100.9834782929758
102.74225169394103
100.33552316953384
99.41721175084153
100.6648796006538
102.65166487731689
102.56792865465042
98.46330708433085
98.86800394719796
103.21779411674235
103.72877450418422
105.32879613888826
100.2335177894204
94.03269592181225
90.24626361822082
101.65605791475556
100.82807199208028
95.3902089017468
98.36292681406181
106.85251812272091
101.06493820714951
106.50544326858464
100.98750453854244
94.69153134429793
93.32917745018091
103.26866822061812
101.17728327526896
80.74049377087724
95.38829225049126
100.31214920948554
100.10519482068459
94.83569861058069
92.67069689952977
94.69849277103724
89.33773662058945
94.41979390224304
94.6118130581849
100.25974403381082
98.62344867298256
97.81205485087543
101.5438666768243
98.28499207833374
101.09131087304188
96.75268016463895
100.31935369226892
93.65459361792252
93.1716300797827
101.65064446798095
99.66772054506241
94.74691787725925
96.14309122543963
89.5466996205807
90.3679607276133
97.47983837305777
107.58261329457184
101.38419066847833
97.74813199269487
92.2687683298206
100.5697243817538
108.22500755392338
95.61135753509787
96.9641952629542
96.03855166265188
98.42902923634945
93.45192031166516
97.38565359427342
99.59706119708288
99.60301895419842
104.14722228844394
100.67276621601707
97.04336605603038
100.34087274368592
100.85366662875704
102.77547425337623
100.4740026632268
99.65054126376589
96.93268577464055
100.94851415711011
105.80316955697674
96.14676069424287
102.07648904431113
100.47634071445245
104.65752333236412
103.47509546239507
101.98494012299724
101.15948702049292
100.36051361758662
100.65165051431457
100.76142634832186
96.76102370238537
101.77981763468927
102.64755292787945
100.46759497651489
106.22204231702173
103.55348526353951
102.33290513222582
97.91516967840023
96.65073741113821
97.6586948846147
102.96249142533938
100.93187952616623
97.25649513069239
98.99015862587298
103.58297288969348
105.9282201757847
100.94437352351801
93.10835746591573
102.86726027740852
106.03176810775422
104.67880650567129
97.30458904755929
98.37723071963605
105.49168899886044
104.21986057880059
99.24017644364525
97.17027502801949
100.06175806080792
101.04659930839445
95.445777858631
99.55261080184457
90.02742983541931
101.11766449268984
103.18241828329887
103.71038337951144
96.99567144915751
95.5090160932284
97.17193111104436
98.64974376321206
103.50038097841148
98.04845649595038
96.15527429977693
96.93932277384349
96.16291429307432
98.93778294792263
98.58390916757952
102.26276701129434
96.79498232943513
93.71567490006342
96.57353269003346
102.75571574881418
99.12962066132378
97.57843495237877
99.59544600020872
97.2244713072349
94.25017979873978
99.2757264480065
99.61477447189958
97.85554877405974
96.93729927731746
99.57032334228934
94.61904466367996
95.59334947834527
100.03772094276844
99.1377809569599
104.41049498733867
104.48166194088324
101.00792810212272
99.2296124994527
101.58416010553566
109.25780089053562
99.52749452658838
93.37187840094401
97.21428876303406
101.7221128718722
100.5716794661901
100.14219015010363
95.02171805605109
102.32385330707831
98.55397806442987
101.56212951815695
98.77575861313814
104.69768968868493
110.32040858924483
108.58273039112761
102.10352597829042
99.99088037005004
102.16313986723021
98.5956346954904
92.18020375713586
100.18220987075834
98.25563591942577
91.86589185094417
96.12392962996059
108.11639631796359
98.50988757889641
97.63067537941087
96.33659728821715
99.32192804441587
105.10389066478787
98.7103136779391
98.91310873285688
98.65193509099305
93.95078717525178
96.04440282800424
97.16575477808193
101.0703378328561
99.23168000663547
96.07682615999308
101.35859381326385
104.39627741240879
99.00466483723255
98.2717193184861
98.52109835245669
94.59792998001707
98.20830265219028
101.81716163670286
96.67840670873055
94.13101877604055
95.60654848230297
99.38416196250128
93.53333718207203
101.90762113541474
104.43064934978723
101.09666188745658
102.20519599223525
106.76461029615311
100.13953907112663
96.0156562706874
94.56039141862675
99.82590460395566
97.38373860581396
106.10745197833155
98.7898630085653
96.2985413976536
95.81666727351909
99.71126845756208
102.96968755573648
95.73339750962751
100.3304572092867
99.35766080972122
102.1723549342488
94.50742012347501
93.05458398842161
100.23984693798364
91.98539390930488
96.11293221664651
95.90191003875302
99.46321268847359
93.37613926202059
93.41516252299138
98.04954807276397
103.02502645254434
94.5684326151767
91.32796456387815
100.94621480512396
102.43054322496724
91.01441553676563
100.64208258435086
102.09377233213317
97.47578125255684
94.86142232409024
90.8981016913232
101.3790952654416
98.64241440152749
94.72532866644933
92.46277985170553
90.48398480786062
93.09933879794336
99.02761475314881
98.50577471445511
92.91907331720759
92.09780165164558
97.34293573638661
97.05595752766469
92.43634040449025
88.12556644270124
97.74166930192612
99.98454413285407
93.69978118914428
87.26145303674312
98.62429204041811
102.96203466214469
97.27932865983956
90.62801299085662
90.29505074345549
96.8451851226746
96.69351034897208
96.96707290521246
99.28987636332988
94.45760695756859
96.50041424863458
101.135342769614
91.81726140642499
90.83113892425264
99.81432791164812
92.16399093520154
92.04441496906827
93.77711310206725
99.38974973168574
97.38996377136908
87.55047694928486
98.76630947258644
100.45887308101108
95.13848787137482
89.16053402111572
93.46341137442974
94.82256980348407
99.36236229948922
91.11141678230237
98.06289673428982
92.94350286779755
88.28240065654951
96.58391599032963
100.94306555164762
96.87705997875499
92.0508782185301
97.1389076844225
99.81675649675235
94.68313631818233
94.01043347388244
92.05605311956293
90.30196808928856
89.51988990834269
94.1297947608347
93.5782938231503
93.12224663045131
92.68404992206459
94.36867612984932
94.5227443578423
93.84487985363462
90.2216258319244
96.8587414892105
101.65658611157421
96.34674973090205
98.99674912708137
102.05696756315918
96.80287050298591
91.26148463775708
93.50285078239057
101.76645339317223
101.4460392841492
92.9323864489506
96.95217868185547
91.82318490593389
101.0085097502367
97.98467078405662
100.19606822452596
98.83478469410028
97.06384364854958
98.28623662827242
95.94289432190155
93.83696193041229
99.88475062217906
92.39244768001626
94.05917181274495
95.11059723906648
96.302262367006
94.6735367289147
91.06176515585817
87.04857811439987
97.84701767671889
97.5758493881853
91.84858058010254
91.6129295795607
91.05331234641017
94.3022641433672
93.56759342601323
89.7521662573174
90.81367666859362
96.36818884617286
90.73480607997436
91.92584584717468
100.74280853642975
99.57608745893963
95.16290563014735
94.12376537653518
94.8539493948917
93.02755562522212
95.29042369601758
98.94051561567453
98.59089381758328
96.83414858663258
95.02372628290266
93.40677581598246
91.57836653891987
85.62505957375933
84.4024435049127
96.03686532883707
101.00701711810761
88.48511089002275
88.3851153745655
91.34581699483715
92.87098300661732
90.26729580226947
90.4255367574378
96.27942100986547
92.06810786590555
83.70486436634488
89.2861038956514
90.44453078335668
94.39208846361856
89.67344591381334
92.01503939700731
91.30605777135283
91.23610217213067
85.23913482761604
85.64002049869526
93.31764516900233
91.58896616130974
81.67518296642407
89.02496122917294
95.97778055875786
95.97392079067748
86.46754296242864
87.8992455586933
92.06023752733812
93.58052027514319
94.93394493670974
91.80829310736478
88.21491722374749
87.92651044274893
94.20616882926319
90.04639450611143
89.50925794338836
85.14316316762593
83.83447275579944
91.2081426485137
89.65597826475857
94.7057665862454
87.72584909232683
88.59510048747453
92.80364682317791
91.31749129691578
88.74064061963264
88.53442847350719
89.30136653476816
91.68168344988793
83.28427235022673
91.95174040515423
90.34709917800085
88.86073878836865
85.05936750248239
91.78886181638435
86.44796098452032
85.00610920172349
83.03211624738877
92.88165903154217
100.80277568556676
87.51583333828465
87.10047809255663
94.07320808198372
96.55494168039338
94.44758968038983
93.91476894405045
93.82452495035075
100.97942784490442
93.6213121293854
91.21715225372998
88.81399426233787
89.56406578221056
95.82685989838116
87.76791254163071
88.6085888574909
92.79381649884273
97.42187621806984
99.59978431029005
91.42287165413818
92.57687866299091
92.02618447880766
98.54975452085732
96.68361412822989
88.8185418803477
92.67881721132893
94.09442974650938
100.23715586922688
99.15996975253995
95.46221989347039
87.88057854799368
87.949884599326
93.39535242557275
96.36313642069511
95.99899002758622
91.13566895808894
99.16510516015929
96.21830027397722
96.21152286165344
95.47942755414084
92.43439794770639
93.90005173440873
97.69417150389987
95.99618996552954
94.68667170959785
101.06607240364715
97.56230899045306
95.09502944895132
95.42045066452668
93.14444217692174
91.37302076508166
96.3023283022314
100.87143660615635
96.38875773028886
100.59159119694388
104.81196323353284
102.60173038936456
93.65496752388135
87.58484664223143
98.25736323459343
100.99338412224432
94.79720213386092
96.42658403889025
94.68170360338962
90.82589313010818
97.4293306734302
98.63276976311506
97.79467495048546
99.1909696332169
94.81127927660026
90.33656795639651
93.28716493399556
95.85588104113795
93.38062290452842
87.92457054613675
96.10118043095756
97.76398543821435
97.6783136428212
94.85793845887999
97.87818816002454
94.70852963615671
98.87132112618345
103.57525173042377
96.80418148344799
99.12876969755668
96.22071380267823
96.00676767872916
92.25445319678927
96.96647395017114
95.31877955494248
96.6022222660073
91.96528787193631
96.93688096989959
102.36680353175078
100.84956071677749
96.18822864475625
98.04461884356792
89.56659588018927
90.67337427770437
94.03451791274794
98.70055464455659
101.95606821182817
101.12934024876544
95.98755534361055
99.46132278203724
94.97787533856939
95.12894071565235
95.30364472070906
98.20804453385253
92.79410738971245
94.77541609256136
95.70124445276815
101.46587188571146
98.39088406484738
97.91128680711464
95.5575572104718
96.16583858691473
98.06574384864915
93.48223595157484
96.83598206145892
98.63054189531366
94.40529163657939
94.75788098736892
92.5021141133189
99.4993452228796
95.75038280483746
101.0545785209834
94.55752898389346
95.82125840988289
99.37298967253109
101.25199635652449
99.0661059240774
97.80129041399152
97.81130522274321
97.67956980072945
95.74613488781424
98.70050632185452
98.89956749846915
96.49261742346313
96.50612104122955
97.72251711759814
92.85119012188512
91.70327051610079
99.42211002199866
103.74526636678534
97.79976804394792
99.04489330073487
96.56835576729253
97.30257660160567
96.98899477200062
98.49597746607078
95.5336088248952
96.58055584637005
99.98781860399376
94.4722684518586
95.53355661380323
94.43903401130814
97.0597876866526
97.1669161365494
91.88583299150488
93.50831262091462
97.93685704789691
101.24275555873469
96.75832489537761
87.52657672700188
91.82199717611998
97.41381661787699
97.51703139002939
95.57447785249413
104.81087934642503
92.87887026931367
94.92948945247066
94.65559764995727
100.57552432205584
97.27660788864068
96.98983897376125
102.49174741875375
98.22067125714752
95.69992537863321
98.8928737715665
96.13977373614722
98.38681232382083
95.95643495146916
95.339894027971
92.08638176001597
91.62441486644384
98.95732840174445
97.29867004453472
98.1086402130019
94.77829799101171
96.89668059473402
94.63665230841605
91.2408664689237
92.92195881342163
97.04069062746689
92.58980843542389
90.53887199384728
94.80302794830149
99.64460724185909
91.57707773235065
94.13990737320587
94.91594069749947
92.15900898690515
94.54027953296878
97.55672045085267
95.43165396540648
89.80068879645802
94.70954710159512
92.88446398634886
91.04851457989298
84.38925009521463
84.501079419459
89.67534160219486
92.03923845697973
91.84768504059723
88.87031814464036
92.2376943667601
89.19445880057145
89.13815261464799
85.0014298176131
89.21864459267708
92.90476489366426
90.04897908543688
87.0891623209151
94.28154259038338
94.08681770252014
86.48654329101642
88.36498614388167
84.30674313236626
88.2743221590952
93.70952083176282
88.20175281418881
87.81910730632892
87.83196976449352
87.83823483263183
87.14438592781094
79.34515442510748
88.88258598897059
89.37914172981345
87.89412528933624
85.7691783130039
87.28760314155898
84.80138121453929
88.49656320958657
87.52989030205191
87.19943899230334
84.54083544779535
88.6222186094792
88.368869853538
87.8852123106022
84.6893213157607
88.68048882634143
89.00736831917878
97.35066123188096
90.02699750030789
81.63694399291482
96.05706331031251
93.36668549323964
86.71284778153966
88.18761292816295
90.36755541004463
88.92487182233712
87.16614547554627
88.51895319093215
89.764008191334
88.8501833586694
91.1715222467455
86.22926021215386
88.48201261701263
88.67979452182848
86.24247248923756
86.36776037695591
91.50344284559691
90.14780860239227
88.03816694144135
88.43614222963497
86.86205135361004
84.45184872789746
86.22016899217603
93.09525977140329
86.16335092817793
91.18283921234615
95.24385448608027
97.06584348995494
86.50993766381758
86.08125773765266
94.01324403924264
90.93765790339181
83.54290211575193
88.92353156921516
89.09704242281528
89.38700659306785
89.23611197162998
86.7550769638659
87.13674595121003
91.05657611187347
86.63026221618351
89.97196874810011
86.39355422253345
85.84194596993215
86.99591945259336
87.20461209040462
89.32930537527372
82.89748325738182
82.6033151483546
85.48370634290255
92.27030178876083
88.47696655141404
84.75644112600611
88.19278228626044
84.71405713635134
86.38686474462756
86.58308601124813
87.54400837362172
90.50240388961109
87.64339361988499
84.73033444781795
86.03504520677963
87.9833106039654
85.95298398603875
87.70891455527779
91.31357091635317
89.44122335706011
84.60211076318097
88.11358629079321
91.32201827743273
82.61026213219756
89.0486030913039
87.92493896630192
87.43289138252227
83.07103198947003
84.08851832242661
89.341675717334
94.4016934213062
86.92319089357974
87.56922930159106
92.48406460245579
92.24070575056389
89.57590025568544
82.70571280176057
82.80840267303073
89.9778191765552
92.2308269279556
82.4976338451231
83.53409662361427
88.87770929682917
86.30330218706489
87.26802629597147
81.94633379886629
82.88067331085821
88.1837257805612
89.2817738154556
89.84055818853402
89.43594484715823
89.39264836256714
91.58549585424069
85.37490061962079
90.58801723813082
95.2100806612959
90.90484526294019
88.32635181667874
81.47171077357095
83.1028312058116
89.43139327890758
89.74303656313037
84.55606548222731
85.32104139049396
88.84897741887275
91.77758199328899
89.10796690450061
86.21662063109241
88.51435305615873
81.42443552164269
84.01354161323405
86.29693180754215
84.10228755616603
81.24444843252435
85.70951299694134
88.38611452301953
79.83046579742012
81.25858825370433
82.97136443945855
88.30664977837361
84.36022572584893
85.95294981844029
90.03611596221396
89.37986179438778
92.06056671212257
89.04392049104041
85.770011004807
85.26216236780652
92.91366313977531
83.71189721793749
87.87705930252716
87.49268157844135
85.69307633853052
86.0232475559558
81.96192939089774
88.87941276743794
89.77458773192444
87.38976082810495
84.18728532005811
84.4507069777388
90.0052639350825
87.05416616728627
81.2540160942834
86.66078591151687
87.14697317659298
84.87054871646271
84.37447861224403
87.10914829415123
83.80843343585163
89.6596771229943
84.50428933411716
82.64927797347957
78.86597400365503
79.79690982265006
84.65809232499807
86.34654893200126
87.06971606505631
89.01874457519581
88.46562801669502
85.09535533302085
78.74556799499979
84.59497638817817
85.75935528619364
87.18021952881195
90.54560601338261
83.38844547844582
85.54153123551276
86.1204749084635
94.17477271579588
85.47610548714835
81.54399832319923
86.08591108716229
90.81021411896889
92.98705058111813
89.88198896436162
91.09604905717306
87.5410772128114
87.92715909859747
92.0846529827248
84.48268930789283
88.32437008699158
86.70206299944057
92.31307607042443
89.35523299005686
85.7119514218474
81.5967470001609
83.24265838345379
88.10260273726523
86.47776612452215
87.95753069696612
88.79024861546397
92.62064069961623
93.06926663039052
90.57304652309519
91.50225513054939
89.20031106287028
89.56892501291283
90.76772849898731
85.09762048675682
85.55751220988019
84.9670408719462
94.61069450572319
91.86983381953058
86.00681880228986
88.12975993288903
89.89801781815024
91.20375670513695
92.9471469212261
82.8089198760631
93.69483048877959
87.44815170086692
82.69292248164908
88.20695932691922
90.62077371769512
92.38544998394939
90.17923003013313
87.47170572248946
88.20976441356358
82.22251227910421
93.73612048530977
88.29741310918624
83.83657367494023
91.89322717598296
89.68147433407677
82.55487645512119
83.27017270997348
84.97201970840818
83.79797840012344
86.41999407842356
87.29037626346307
86.57965596349769
91.18726065533892
91.11089392357835
91.61220972770211
81.834774491064
85.98462339270183
93.90629312191199
89.89046906937172
85.65026362312199
94.0956506015502
88.51198426959986
91.6288969172912
90.91542302724359
96.27214016579987
92.53753072869688
85.32840418484797
85.52277372732463
83.48399941318013
88.2755667264303
87.31749054837006
85.956062236322
86.23052422581121
89.4447174043824
90.74950975239823
92.80773307285551
91.5465267945018
91.29542172042483
88.65123656118807
91.2923391218448
92.67695151853047
92.62713273216703
92.53247182748609
96.42573501427489
91.91262851171231
81.63058651551087
88.47296708565376
95.47628061097741
88.4761493028282
89.83597567841178
91.4128098017375
86.50608247024054
84.36585278757994
87.26042785931942
92.39989388834292
92.83212276143986
90.47517935544698
94.36622810125795
94.06187551859199
86.63790033079496
90.44122221917702
82.22752909161234
86.9604530456047
89.86299039796322
86.27902886447791
86.73595148157489
94.3807586100612
88.03159892513044
86.98577831349075
90.49541765036933
85.09820080309778
89.85650120290269
85.8766902662067
86.49127953840885
87.14907957301665
90.13784357011386
87.61228824366113
89.7963141056613
86.00437664683515
86.72431613764861
78.75488933194748
84.11241311907528
85.92554764536334
81.71190849045993
81.3596295552134
85.96372926003447
80.17440527719222
80.4984783664321
87.6346210628217
88.21403348484557
80.59413823119797
83.24840816003343
86.15084733539774
82.88838113092784
81.30284737564133
83.05775369701043
82.91302002411447
82.94806380635801
84.70157937041222
89.8760941167219
86.2591996807498
75.37969888249195
87.8342875148658
84.58026646184655
84.9757076294873
84.71833485463017
80.63393978897908
88.68310485005162
81.59147578812626
77.0446001433872
89.43068091897463
89.89918159641296
83.88201733032103
78.2832734245246
82.14724717909274
89.02738518034221
82.61898791510295
81.08650545398004
79.7420056361369
89.72936288626492
81.22054137763467
74.22050436521907
80.24842982948465
89.54452442162248
90.04593252703795
83.6135222669179
80.10339249587203
76.02268161054724
83.45022125009838
83.25861243617796
78.66212505777952
79.50198231149551
80.64660450131662
85.5096584666296
78.47157206436549
75.18864885422884
83.54738429551381
80.00793561526677
79.76010682178561
78.76908869385657
87.54367789215367
84.47485593042005
78.61792713354524
78.43587274751278
76.32872446249652
82.66206216357568
80.82402330077828
74.02624100216785
82.70454891390057
85.35916027710363
79.87455963053641
77.14933812581836
82.47649368640947
89.99843233574927
79.82571013940627
80.30404410802072
84.00616629979173
78.1627102088216
79.83109626760219
82.48196930250091
83.16652205508777
83.22150084243476
81.68565304339069
77.18807583601685
75.7946804438834
80.54769099101718
83.83294135910083
81.78887633318561
77.53439199104736
80.97556827206807
81.57233939364954
78.6745777695566
77.5324965433764
77.81392452318036
79.32670890642335
78.25533257105626
80.151298008159
84.53540373324769
76.72490462613173
73.78532321750384
80.88964668440434
80.4585060176675
73.02871774492296
66.155325618748
70.05296339914689
73.97245142962812
81.20807953467055
76.0333551300496
79.49978113743704
81.3589345454582
80.94224191694407
79.81502947937244
77.94013235668845
83.55250984731376
82.10280963598883
86.04907304855868
78.63053962099481
78.28240405808737
80.26775189223359
86.97810474372248
82.49619316955788
84.72540249340734
84.63255702782487
88.71274689800896
85.77002882392375
87.42375311081592
87.92689087756837
89.13075117121734
82.248502198522
80.29532476039303
83.26823397826391
82.88175805687268
85.87479467199326
80.2325384921945
79.43117463809479
83.6333255523448
78.89372742982069
78.95599052085818
83.18562764066027
81.91534840828007
79.16503098963685
81.02190090330163
82.5929934050352
73.43663857080458
88.06875768297483
90.21962212788544
78.9858283189413
78.64118706934522
82.071749822267
82.8105181552659
81.32049300072197
78.80556240181673
77.19234269352168
72.5792864569723
73.74777791746766
81.75007649124854
77.99451508068854
83.4271934710625
78.67583927178853
86.48733131119546
87.07648567732919
79.5253395931581
84.43163154999269
86.52243435286657
86.75677419960492
84.6045731444381
81.14151105935275
86.31865699837023
83.00235202467131
86.08393566266845
86.91673126693499
83.42071108949307
85.74289762964877
85.34163132516434
87.45772094415057
87.34836262739614
82.8047478125725
84.95896673348227
87.96931579330659
84.143111572128
79.60164624103604
82.92423494336043
84.70105862046486
84.93888594548625
77.45603657532772
84.77278542958473
86.18713825823306
84.14143556117673
81.69862459362898
78.93699422706243
80.86161503180735
81.0852079774273
81.95600317672601
81.35957977966113
77.56994500121391
76.8052176676245
80.49667043598447
80.94994775325172
82.3175760253661
80.44057328533589
84.05472768752738
79.35517158908347
81.47279897713673
79.09401238370451
78.76457443867453
77.72840169690579
77.87319198160768
78.65317487856466
73.45228488296647
75.2052062006015
80.49240189323224
81.59444937787816
78.29934264682433
79.03773577991835
80.51007884534278
79.52858527905107
76.19916217571178
74.73445611918164
81.90785649894778
81.16460968593069
77.14949019173366
79.74835020865248
79.58707348593973
75.09814598229165
76.58688634946303
80.91453770734603
81.3969941527605
77.32985056460683
73.06558857514615
78.33189999937191
83.61583722316652
81.99743241097377
79.565384705486
80.95649662827907
79.92205363954186
82.88077903724037
73.1038674180983
78.73252966608953
76.71151218250593
73.36925142721302
73.10863997598227
80.54258296424214
81.95628888736792
73.83322875786652
70.12692637049837
72.79417579318532
83.714625008843
81.0676337461326
81.30723994715078
78.23336583189555
82.12373462126745
81.33066965744489
80.06598403418639
77.84419588757648
85.18322969856781
85.92322315545222
82.94316742468418
75.2910847564358
79.56260423950467
84.94278829041566
86.73689563176045
84.93261170030696
77.07535139109496
81.43356602607436
81.60746436719438
79.67499546625805
82.1438291249472
83.49801898077894
84.94755151724914
85.47305190419722
88.43532040303391
83.5388353610235
87.48456075083347
83.87710622200836
88.18171539613853
85.0240775979598
82.37046669499047
84.09661930477658
81.36351427610805
79.25808281394504
79.75899644182644
77.97273128286898
77.6749251874372
78.37639683915693
78.70987430463136
79.20670776860287
76.7409666969603
76.06247403823835
82.29270438702356
82.59590631845482
82.31864487219765
82.5734066322756
82.51453894376886
85.06289104303282
87.34332560207316
87.46931093204297
84.11470812561082
82.6769333419117
79.17079444985977
79.6790824273185
82.55458624873714
84.87538106648248
82.83936710826467
77.70782344833799
78.97040845875034
77.60201459741943
83.93179396872438
81.54010460829173
77.75784701701023
82.8493333660112
81.99306890987042
77.16213088694327
80.58903198442084
87.6003559154375
83.39786406491105
74.91120870133496
77.80522119540515
76.34132216242084
72.60060247290733
77.25659212320089
74.86518763646673
73.16094476648085
75.54355236476279
76.85385888380655
70.28208825741054
77.30604842307537
80.0201456823626
78.06192337418234
77.98415116642985
77.96747254086961
86.55538545364729
87.17436900866363
81.40446718645823
80.83851363446689
80.8315372952233
82.07920222077415
73.05317169362894
69.49237287435074
72.250645555291
77.17551394531763
76.41772149719799
78.05807356803709
79.33612787230504
80.61811387493488
80.14977187397218
83.7444863745613
80.93394349592467
83.06275511097192
82.01753975572457
81.29281640429411
80.59953935330941
77.95561164776296
76.61509402654319
78.58736192407844
79.4221965518602
77.29992404096075
79.2079240863605
78.85494672864559
79.93116240640117
71.94882171772092
75.94773505644959
77.91883689469836
80.15750858504217
80.78223381796734
82.88956387332757
82.17273741644426
78.35097392236439
77.60838520351692
73.79339705826285
78.6048811669709
78.75616157695485
78.46197005959277
81.51465948545555
78.26965731483608
75.95994567748069
79.5239069431878
76.51204240686248
73.39022534629541
76.59465672540071
73.65389673336838
69.64093589840162
77.22566973063367
75.4873496497359
73.49359813007572
76.36344167995613
85.25011151485045
78.59948385553824
79.12918923406001
79.89842150364817
79.9395444677566
82.29363510069916
81.31974601788146
81.39163606123527
80.60060502275657
73.74494120494585
79.08866300598245
81.40942957170483
80.0715381790529
83.25991434937563
85.88713896854631
78.21458802849624
78.38571984221436
75.84612081066454
72.30315076602395
72.80053438888741
69.01834832195881
75.19030118031405
70.1068422456481
69.21412307684308
67.92695351773335
71.8899586428647
70.76157760796946
76.02316829606815
66.23044690121179
70.19744522649042
76.9934092304279
68.30688959169403
73.01855709923974
71.16345161611557
71.98992450242923
70.9567289473759
72.14831510555297
77.6245833005546
77.12537619439098
72.9226710794718
73.30429098565737
78.24664549512657
75.2953249775511
81.13446143721215
80.72957752792007
78.13870230330832
77.77464172339539
73.84125649682262
75.29194730251783
74.31317149005413
79.31272494089244
74.58700471456238
78.97251314669407
78.26257331064738
74.47513139720473
71.82405226337629
77.93230966523092
78.63666656066378
79.50075268114686
82.35647157873245
82.05006873564056
75.94354459471785
73.12051352978752
76.86391870457257
80.14602541603328
78.69338570578151
72.06905563331419
74.5698954233888
75.74718689728996
77.6804801336364
73.1932026605038
71.46774548411452
69.76148840324
72.03577543331821
78.4406563714619
71.13982767025529
71.66935412872459
69.39765822971944
70.37597482309248
69.20947171302713
74.85141345128386
70.46568150326442
75.82778723555217
74.44904435155611
72.5987818058185
65.67544231135498
68.84450112159168
67.38489678894598
65.96729527163863
69.30601697421837
68.98335627332423
72.82162843940357
67.17949335697949
69.57246314486174
70.83857232811525
75.40647821831386
72.93981612616126
72.70719840775848
63.61601948096024
69.08378171109435
69.30584339824662
71.64013506060877
67.37743596561234
73.51759397577436
68.73155401099527
74.74783904688698
70.76081017295111
68.90358643493497
72.28262044073773
71.68079056576029
73.60942603889706
74.26189888119157
71.20043967643986
72.61320857419895
75.61273894960733
80.70166772157864
77.79052022030841
73.00665461744757
72.02936090388533
75.1720349432429
72.17303765024434
76.21077932803558
70.85813334589848
70.87635928009132
68.74032166865756
75.54967152184001
75.12221622101082
70.84016768609631
71.60827123481664
73.94248322623034
67.84578046755135
71.33758713278635
73.75676274283867
71.45010193131246
68.78118638473303
81.12656336908802
75.3710252270645
75.0468983441441
75.55663607765139
73.64962764399193
72.44844100642611
69.58926676197794
72.86766469887385
72.13507630698204
70.75753346782476
79.46823195240385
79.87087763133327
72.76818355868947
71.70013385790533
67.83591948149429
67.1425404221295
72.95515059426977
74.15814640752714
68.77612386899368
71.36285229136169
71.75124537582391
75.56296239600064
69.81840432586687
65.69480812455032
68.06464617848533
70.70772623600514
73.05644734829515
73.24149363393396
78.27359576276154
76.12005053823187
74.46997048722521
77.60876204767845
80.56203741892801
76.15108292240431
75.83552523942832
81.19347205477725
83.80888094183847
79.45649574567102
79.02677478814762
83.13254832195736
80.0715410128587
77.83602467909553
76.18153442019637
80.49730476144602
73.73085018343293
69.63759308026853
68.91832807156032
74.13802649284742
77.52070200808231
78.18379040291624
79.86879639669455
71.03990721701592
64.99617789489132
63.306799767477024
68.15769282790822
72.57176445287708
70.92103771563039
67.97368745885765
71.67565291077788
73.55476212967541
72.68111442605654
73.82446460978949
75.94467132491029
76.35721048502087
75.97994016756289
78.68375896625113
82.22490469779717
73.59333866355824
74.89670287161616
75.62119212109066
71.04468724924664
73.17911950234286
76.3668150508741
74.21795207582917
73.88030493788094
67.09946468901495
69.16804565948773
72.72448053691419
74.47651092257891
69.39730137199646
71.49374020932632
75.93449372303614
72.43156178144346
71.3068318743753
71.20390016334726
68.4697051492168
70.13245876406945
72.94687693207332
65.71939516976764
67.23941248255034
72.90696512207074
73.35204425358053
66.62505831468637
68.08192290026554
66.63941463185756
68.96071126016638
70.30217220778457
67.83686480404522
71.63470132457644
65.23235791630758
67.25711352380327
71.50065969801825
74.25021930122747
70.97030472585962
71.44495225096283
75.26601221239326
72.29217264158633
68.88420529460214
67.74638571614541
69.09149616525313
69.4342286621028
70.34465614048712
73.03203011155985
72.44344348282183
74.7426162470104
75.79388380566601
73.89288629544822
70.45779305811593
65.79285230427277
68.56903431130588
69.94845558816351
70.62909230724885
71.32525505196463
74.55222907558634
73.04578704401492
67.3250517872166
70.19363587163262
70.67592893873056
73.79347198878303
72.17988087366356
72.62433542894107
73.49845226512512
71.75878978777942
70.24236238256763
75.08254168067899
81.50826391100159
77.19740837263844
73.27804385868114
75.8625151430686
71.99399074171114
72.45590506820649
70.62915555401143
72.06006925670478
67.55880592467
69.73232634365928
75.1149215192349
74.26712233603257
75.37364879647413
69.6410442916318
69.30858358985235
72.05092976289477
73.65487916674951
70.15898574865066
68.59404387765217
70.38263938387875
70.81183784484618
71.33217257136445
66.30184123759562
69.82004556568971
69.44144527130584
69.35587566511603
64.73239210312556
66.50558471217997
64.55571897692549
57.402795883843375
60.52990634335279
64.24310255186292
66.58210958342387
70.9617352118101
63.82502374378611
67.44319616082085
66.37737004164411
73.83152487529203
70.61319148862745
71.07951355458057
70.70923673087516
67.31263440624231
68.8174439280272
70.72187351196106
66.4341404088963
65.01645224644479
68.43678091422356
73.03368711838915
67.48645816053977
64.83046080143896
69.46530864745687
66.52166272550986
67.79137718130731
68.36975909905341
68.2399224788054
71.98948667722283
69.22116014399164
68.13056049380049
71.07182204546626
71.5448644169349
72.9543764231545
71.8505483936378
73.43590171076141
69.28688531989879
70.96005555491973
67.50453821621915
65.70180516272923
66.65449658955184
74.38939323092163
70.05273839149665
70.57445325821733
70.5656029308987
68.78864786370332
74.36743813107374
72.67514621463961
71.41188262738038
71.05242350737859
70.84777400029112
75.65808961386999
73.08692699288413
77.1636682872922
76.98806253052643
72.33890358049035
76.44450261103691
73.11056930846138
68.3551555583764
70.29539344712497
68.61161233396317
69.22117436822599
62.28324355671839
57.46171655767655
65.97185359276499
67.99821223675886
64.26641067642159
65.5922390542824
70.98053600763562
67.40544079065569
68.85092351267022
68.32148864808993
68.45946669899067
75.54924087626496
71.28971858324056
73.76441958641712
74.22797509886246
70.35657719674647
66.87897613462614
72.06052310837839
72.07138319638278
65.9288928188626
65.29410709380846
68.93296925576891
69.90825959861985
61.01885423362265
64.73167114147105
70.85678562732693
71.47923245696919
61.48504939944477
65.43702530545865
63.187511145031564
63.74854508214363
66.24328533136264
64.23359772549891
60.1037140013662
65.39453716938355
66.96520087853031
61.31355237713679
65.44084022276618
62.8221781985728
63.95899217897975
65.24472240413937
72.89161664534038
64.18283983671026
68.12236607984829
70.18160001986584
65.93044607844661
68.52692027836879
67.95021168860988
65.75385492697197
63.46374694410899
63.636858398697896
69.09400162547283
67.93248888631557
70.86330828274461
72.08019933133212
70.7345386419395
67.00613406610064
72.21752458807924
72.72106936943348
64.35802933546078
70.24049777135036
70.29266820570513
69.06050942897468
67.13538048249497
61.58550302859441
65.55667195676277
67.86608944589277
68.60055822289608
67.63453285632977
70.88767073116392
66.07697172882934
65.07857213389043
67.05887297858965
63.974020040576825
68.2172996363865
64.66326111010639
68.38063253242423
65.5387708389342
64.6634842749173
68.5019145121277
64.15229522753873
64.21288922982936
65.44216138312781
63.36032425102041
67.85783122616812
69.63625533948652
72.9691331458337
64.53212287027159
64.86859263220241
68.45458939318343
69.12792845496199
65.82686981948113
66.36504764647896
66.59996728006791
65.23640038957909
69.1046645223451
66.68923116162577
65.08672198397423
71.37385476674886
70.00390864594391
69.71680139354592
70.47797031179293
65.99826440524191
67.55520642936939
63.414516384471206
64.02781814026766
70.84550991780051
66.97644871001243
61.70935121690633
60.97761475438791
64.59615016542867
66.54461626990255
66.06217746302467
62.511215330046504
64.81196232531273
59.73187433497238
63.961410757005126
65.89638079448741
60.8655119446911
62.291790616640085
64.46825241230215
63.55927002780154
62.98715352158586
65.06886586093479
64.53215257558499
61.00043533518166
60.307281097220184
63.22381604448548
64.02594703006106
64.70069392023376
65.55996328776031
65.98804819342827
65.74252592523739
69.70652915581195
70.21994736384235
71.28620119260769
66.5392822487802
69.96563654109292
70.94669048507404
69.67195124414866
68.86756177005455
68.36325954139821
68.31481405269824
65.81573630390838
67.37733809503052
64.21576847289899
68.96340376313799
67.42325453926068
66.29398042235725
68.65850976675925
73.55177577654135
74.48468105591998
68.3608201435815
69.98237746155293
68.3941397000998
63.55157214369102
59.27622376741021
59.40517132339213
62.99245501031237
65.35023064429848
61.082191721669695
61.55127750432784
64.08815538746285
62.46677170624963
64.0863348512061
66.39087075054968
65.15835218203976
64.3744693877007
65.27099767533714
64.7035753699634
64.2654333030811
67.55898272384619
64.80157918249937
66.59235697662334
68.35875933623122
67.62349332234974
68.80148569073037
69.95051221175166
68.15296069712078
66.3162913575638
68.58149096464251
66.19640414063794
62.490744719634094
64.65097274406915
69.22207388466997
68.95787385037823
66.07639469671912
65.33185519912817
69.79271305108391
70.6533317686006
66.65075046704693
59.134638235731984
63.77196073972335
67.20534128065562
62.38419869808971
57.05980620387487
60.898024081635604
66.13130739277604
69.47302261946196
66.93590001761682
67.8049527922652
64.31632546493721
62.51591307068271
69.4802849462248
66.43550353178611
67.24394454437167
68.34164648134161
68.9295138461199
67.99058576832898
68.56877887629307
62.421135702521404
59.97016899014934
63.38892888877283
61.24841237988416
60.232114118586885
67.36752042740476
66.75257220046748
68.80101476311265
69.82139000799914
69.12563443276714
67.24963261180602
65.90500293089526
67.16605074924078
69.56932088177601
66.84391854918361
64.2623418510451
63.71492405729809
70.15943163321823
70.88157438742219
64.09945237604319
63.9120158498242
65.0996008810367
62.0730708241703
66.17148985704074
64.27205290490576
61.11203724108123
65.432173430485
64.51068408615647
64.72447694455761
66.73483802951505
64.05855047017896
62.697792385900584
65.29040508045868
63.77043172103952
63.0602505374483
60.92907748918533
62.249029002550394
60.98505718567111
64.27035901841414
60.66098345518153
65.71125275589814
67.44684558708683
66.07192603859879
63.021616942220504
63.7710400953968
64.5257272257932
63.393609532441985
66.92926123476224
69.26770684256333
67.58466066021933
68.11899782924306
65.61990415636177
64.53464392694532
66.697340522915
65.69173675627323
67.63915788633895
69.65035253244218
69.58378556397795
65.0884869584462
67.63736679834302
67.67329770312666
66.00057291151204
62.379182769124455
60.95859701844269
60.43042031660691
57.203768458901635
62.70885507211935
62.21518262562846
62.423781869142815
58.936278171969896
59.35404335760823
60.8997593468788
60.95281530945282
62.68878754143909
67.29140283587088
64.1576186924122
63.75604354204361
59.66148151230482
60.54533811419723
67.29538462599102
64.10580524604794
56.98550136413109
60.718166032379884
66.41328176498732
66.64033483784554
67.37433469711695
65.36796186130299
62.30805583990792
63.103043390805794
62.93460622082111
55.94498040738911
58.58609618951248
62.42567154977676
62.00671806470628
61.01534373607239
61.9801151986173
58.887633665050515
60.73446325425892
62.22642907805249
63.02036861273391
67.56215572794162
59.5713537540998
60.863862925212096
67.72056377789335
69.58574886081642
66.41344502969336
62.062177867231256
62.088994344231885
65.01720272534091
66.94188297081664
67.08898893576846
62.19677649492687
61.297284012580256
62.66160311569187
62.51008953766667
62.01282748330226
64.87937889445162
66.59489122453499
63.60046888184803
68.36955029711946
64.14451843487224
65.35168876324298
63.341939524503466
61.03376915549052
62.8222727600742
60.568357658132584
61.8992993697969
56.89172807850615
56.414429593530805
57.46250798649057
60.355463058566755
60.411689823825434
56.994065447180844
58.70914012318312
57.79568631453909
61.50675358593544
61.38490220180335
61.47916817518769
64.92451743222763
60.4369269088607
59.52798116540469
59.30682465057002
64.6744603995801
64.02474773036452
59.43177305444719
61.53418017988006
61.763986962664625
60.59683025086571
58.692461054210554
60.69621865320878
57.18805570377298
60.306913951953646
60.13912323779718
58.20905884777799
61.387438377682386
61.94403715012989
56.304553031736596
59.767539809252774
56.759100717074546
58.598242333072086
63.05885705819277
61.08808298851494
61.74071090590817
59.88859189752502
62.52157431180066
64.0820947263046
60.03124369205486
62.82091179548186
65.42686924442853
65.72836128488305
65.61081489092871
66.31938564292243
65.21498275462028
63.77821523959206
61.679028039716066
62.95805907537384
64.13141970005226
62.85468174711346
59.29417589715643
59.71446087067254
66.64638840448794
62.917255808978155
62.05223694857239
60.27344967760304
62.97008078130307
61.579087113834376
62.20634855705761
58.770498337927656
65.41854438037922
62.22956880070611
60.015057346915
60.7315255447317
60.32911543136727
61.66352049831914
61.53222617495953
58.70504865433089
59.8802652530431
65.84366772444868
64.06446910592587
66.43089650238919
63.98209591795444
62.564052921834346
62.128172334847534
64.56492457291199
65.74523045479289
61.250450781632914
64.41730984524742
68.84795986896965
71.0093830893038
70.74979136562763
61.135521400570816
65.31381031358136
64.80166047035975
63.545868397363655
64.57810088721024
63.55587940245442
64.62261028958596
62.06381158159618
59.30113755466995
60.50088777158699
57.65490554001488
59.628382551527174
59.243154994546984
54.94494235386051
57.77672330587357
57.408893855654505
58.01514360260128
57.54954127600691
58.68456745565703
61.800911593842194
62.13011032944061
58.45309132081004
59.82270014668601
63.30125517201938
60.808809970951316
58.401282276114856
59.09784567084714
61.82802034195349
60.05826554596768
58.89934439553959
62.14640788932149
60.31709338277855
59.24385411417228
60.78004286096771
58.72122962480327
54.90567116309312
62.153521376619416
58.04283842075698
56.21413704764056
58.81423709631251
63.75948103373486
59.1153035489591
58.1790718038615
57.84102065898316
57.177186916680796
58.495516412231666
62.15716632390982
62.6449167907808
60.90732580324133
62.330021553945265
59.175600279332265
60.0320123865509
60.915514381450706
56.249081381629615
57.110360108779645
62.226446298849034
61.04797523876061
62.44427781937512
63.96261193822362
64.32065760059612
61.42190307401419
67.3671121518555
60.8810642542853
59.35840559566141
58.288256076301714
59.72421717374011
60.58896597987317
59.823618064563846
59.72409694322021
57.65091288227924
53.16172080315418
56.79052064730666
58.24806724734337
60.47571693785552
57.51146680460565
57.97816777248892
58.150294317656495
53.814155174463124
58.424861070652554
58.99545810718686
55.69183031880877
57.8749850713886
59.061838032398015
57.87646803252798
64.47071339642346
62.65844869420682
62.88576242109162
63.4911573087476
63.11306499303962
63.92992503525926
61.05696786413493
59.21150834871819
60.928900636524865
61.189823630702016
60.18930370261069
60.92161744381817
62.80309862405985
64.36194185341898
58.21303153071021
61.28407133034459
55.55769747078615
55.72110748812739
58.98085238169206
60.67061657522319
57.911281144199386
56.36090595901756
56.88816977650017
55.1988583489518
56.389089595941684
56.708070192656436
58.858886276388674
56.32197229246493
56.42809112959876
59.283229183771184
59.10480622856087
59.24836329015023
54.19029413194355
54.429348867003576
57.77140529719325
54.38864743804009
51.843819690561375
55.23694917851504
57.29412504306978
54.965696299499996
53.68301921932374
56.36984472591948
54.1693232674027
54.171483039747116
51.19983320912612
55.788203170725886
50.491610311808365
52.050416493271044
53.50783686279016
59.62926435619731
57.71033796656339
56.31132583041895
57.539073115910426
56.19038350168024
58.87071211126242
59.46537376861576
55.859639824837174
55.47080124752418
61.521319714471595
56.27279406087515
53.58975028342077
58.42799552236221
56.18784794116382
53.58586439579776
60.61371349197518
57.04850542995807
56.138428500353506
56.77595891518182
58.2386549511271
58.82632708017376
59.91120926782973
56.604757691459
54.87905860422088
57.752687461023385
57.10137174164497
54.9921585785163
55.08822097847452
57.27233927922246
60.96340150737011
58.585274126810965
59.17810918724527
57.23340430378066
59.048321641329856
60.204089514408246
59.35909631385569
59.19895998225615
62.54033407147712
59.80578920528633
57.69219897658741
59.075800149554595
59.5830518976444
56.68879266213931
56.60296759672563
53.32810162706282
57.15101117114361
53.91011914437724
55.72813585035367
57.547600449629634
60.055261268042244
59.244373002578826
55.97639265337194
55.55803568690583
54.09249914339743
54.370009624878705
51.710780468960586
55.54097987851489
60.73900139031051
57.10167794911887
54.45361146700134
58.558741760125116
59.50246252180244
54.54772434055226
54.701095927625026
55.05913147716007
56.30020397060289
57.14431800549657
55.57588764920437
56.18957385646994
54.28090943459999
50.333652835119935
53.61493919277012
56.598585226913876
52.60661398601491
50.249404563120336
51.668237160032646
54.379810774547444
53.745205109943214
55.38349484812354
53.1051132754178
54.65489262580532
53.98919807119215
50.43881641971584
55.134892376670194
56.398322445067095
52.66257153762451
52.24172571870462
51.42877838248409
52.448457081151446
53.07536481692301
53.303965907816526
54.49539264836176
49.57620268749152
54.290132820345534
53.9390191811418
53.761601790843066
51.68406250020976
52.34957966807114
54.5452565135933
53.972147341947945
50.362272344203355
52.5533550436716
53.35298139304461
54.07959505870744
55.16115996520993
55.99995124607854
56.477799368571226
54.00092008900372
51.76249036859379
56.85948180981962
54.457324204125825
53.1080393295022
57.832950557764505
56.952556682277624
52.979226467170044
53.342974395316176
54.65072313031497
53.02943984392239
53.146973993303874
56.054792749398636
53.39244119105997
56.34637646393632
53.123666818994664
54.32140145831993
57.0717262502893
56.66631374934711
55.306010510598426
52.383368084345776
55.322670280074696
55.87990455080009
57.65363926710487
52.3626720861814
53.30482126574989
56.45337334165368
56.20813040941624
54.44885113830482
54.784879850986
55.288590655375685
55.98597196780708
57.98339525294861
57.98001850583995
51.88859100435194
50.32711554341353
54.09859608029792
57.04073080297425
55.80947702745867
51.12531413689668
57.34565157380475
55.546153874232914
53.68046749746118
54.549901750206516
53.55116399356419
50.50247795276108
53.00929974888655
55.547134433328885
52.059404794610515
54.8065796335109
54.56493380046076
52.67455874485918
52.18483925152219
52.71516381106052
54.34774287659271
55.04751380743055
60.460544329905
56.760144585892796
55.06596756506548
57.66994800820912
59.01753186030057
59.86743059725759
55.58227352736092
58.93955308306111
60.98141546799554
55.007061633538626
54.04060287710743
55.9610836284871
55.65041192944114
55.278676812711566
55.347787175125994
53.737274919701456
55.101599672306655
60.87510150570003
55.4472563875664
55.182160119329986
56.38147079032431
58.30831771862004
54.41633307392407
53.55523189951713
55.18567824647579
53.649038850046566
50.456590189361776
52.705307443993185
52.732077994653956
53.63221038263646
52.86977476546375
52.20412934035021
53.67955355812981
55.910898604026535
56.605592035049156
58.20748864774817
57.31687629523567
55.34365053409358
54.271036246888364
53.19604953355774
56.524250305037846
56.22610048907205
55.74596359525345
55.649153100979944
55.38497666101489
59.51986546397189
57.54619340996342
58.143910854540756
54.57174486697597
54.19431798199552
56.429170568880416
55.04631975339959
53.715106082675156
52.40824592760315
54.297498898646424
54.4395379632796
54.62466039040024
56.58770502536394
52.904543949030376
51.50973120785275
59.15676828726598
55.84552513264579
58.33228345591295
57.3891586172895
57.55288669311063
54.62208904793088
56.02355764744356
55.847227487025755
55.1740357716852
52.38140664019082
55.89204311832516
58.624227018599505
53.22435803818784
53.647683121646395
55.01935532182353
54.99635952285279
50.92678948120427
53.7424760474787
54.19946620242893
56.30227188442072
55.78389137359109
52.98211300984645
53.822708123714555
50.89680253167029
54.386638357297834
56.85700166598602
51.33079955752208
54.112678404293874
54.586361121382254
55.31319336316461
52.65368434175902
54.28799925948513
53.53327098622536
53.952880759362834
52.83408483813651
52.727901019114924
53.33842766914309
54.68186989175991
53.56115535447794
56.25015226819612
57.03262925515223
54.42544451208795
52.97119739486827
53.70050538776363
51.81263453152931
52.6859608912712
52.286964839019475
56.53153971728968
60.240859492539805
58.99441750840933
54.46453466347526
57.22599826782538
57.0835793892718
56.851310912243505
53.37108892118716
59.327648908932545
55.35534454673565
53.93960920591956
56.57018109867759
55.27035541659756
52.57468269020307
55.313600154719936
57.06758991345363
53.89463518186283
55.05352977063561
55.77479024622036
51.03582310718558
51.440117258977544
54.31490075902853
50.9506919441916
49.28526563579099
50.116310017965276
53.050582144881254
56.15174880924088
54.246098156879924
55.21077345322124
56.97840445062555
49.33378507958612
52.6654951866555
54.1656383710616
57.400997364225475
55.33552883126464
54.22782633224039
50.74089960496323
54.26913292142792
55.091693768651005
54.43442220279696
57.0232190504969
58.34718776250963
55.82381062455229
51.54639723271734
55.09583637129339
53.14308011714231
52.932470035132134
51.95365440525533
51.315010344886986
53.20596006163847
53.9930820901458
50.51690162796252
50.22147716801383
52.2556682623232
52.54109059973877
50.9947859728707
52.04726396177852
48.57978758785705
52.20212430542786
52.78774458203186
50.76955416261587
51.49445484435089
52.761219916950395
52.21279688391989
54.95422621107173
53.64758157268192
50.059754735496156
54.9497705704129
55.07573864218325
54.31515987672096
52.7334179655844
54.301906749871605
53.651381701609246
51.46902906913296
51.62896759750661
52.406232248020295
55.09020693617639
55.47977718332881
51.783403328383486
51.732666395803065
51.94094930587482
54.25875914550416
52.09967211732162
53.220993111938554
51.21535698421556
51.92241356242326
53.418120926912735
48.540389585468326
50.2468494492254
51.263438663930685
51.359243028892394
54.17573783163297
55.809538358712764
55.47092705788383
54.1817242362783
54.24162450523
52.67241100049552
51.43052737161987
53.7808466848609
54.54575757394862
58.68486830472232
56.196504805965205
57.61964848665495
55.285898970070754
56.00858903788655
54.93707888325518
59.18964397373787
54.58058064407074
54.393214888814164
52.51315100210652
51.971095819928905
52.52063366690591
55.37943504850874
55.148416468749346
53.38830813632496
53.461567831899494
53.85764312416144
51.03807790780262
49.223387026821136
53.94075245311884
50.702462438373026
51.95015837619732
54.101219812725816
56.801207026613795
55.93806882440978
55.24474768590046
59.03756765824794
56.879489905627885
56.640103049196384
55.63698293518038
56.06075600693197
54.826215234080685
55.28059369754814
54.44773247259933
53.53402824112467
53.48194327271485
55.09383064125372
56.279670258371425
56.55701502831761
51.09466806260474
52.59855654666838
53.87516886674552
53.53951709905745
51.45645707427317
52.70059384146194
54.68188597483877
55.0020546037577
52.194641000405724
53.13812103858875
53.91829599444196
55.92994201688015
58.03747058355598
57.28532914876651
54.48955051064319
56.563811354334376
58.34125885544176
55.12028243765166
54.94195467101295
56.95186681339886
55.36815152491188
55.860244477044304
54.716539064419905
55.73113492873004
57.854752730905346
53.93285194701045
58.23813417012039
53.406532757953116
54.96166999178915
55.88758337592984
52.77659342453073
54.69592237760166
55.826375568042316
55.057238656106584
53.671744088577434
53.8856298065199
56.12676755088579
51.85939398339266
50.98187003060551
54.50662569362437
55.806933176687195
52.520615595796464
54.72943822571412
57.51462250185084
54.11762079798408
53.01611991125548
54.235337850599954
53.875412134877614
52.494691642546165
53.03918434046682
53.650392603753026
52.879385641148986
56.22783731032443
52.6628143705577
50.64658983657469
55.791401703143016
53.42935493456749
50.45467498540893
52.202071389392195
54.73231321285764
49.57196030798446
49.16925854534766
50.06019352278808
56.365357053899714
55.06822296775298
51.851760239985204
50.96812171899606
53.333816516787465
50.832903247810734
53.51606429458994
54.73127843367491
53.757200154810306
54.80721853252138
55.66239744005341
51.696033489369654
50.898373848616686
48.90910833986775
50.703107900725485
49.23270486676838
50.278446373562964
55.2708879903418
54.81663659703879
54.040448493338864
49.81526378794946
51.61083430297183
48.5620269887028
48.71237491996818
56.198332107714485
52.043026451053194
51.06235706391637
54.416286921713024
53.25124093213547
53.67757896110261
55.93853613334689
54.78824385560074
55.09402415343115
53.195312843925386
51.66395119714565
50.7097583651194
52.069095733277976
52.53488022975371
52.83003522573999
50.98639075790522
50.491602661341815
51.27655876151178
50.01482338127574
48.538750636935085
49.18329682836731
53.612976371229614
57.03762085279595
57.18358093631536
52.97027603764598
54.85135921033709
55.421533143746494
51.79393972547041
51.998666828390796
52.5199376222804
53.785314823118654
50.95495339514477
50.26251423803937
49.55317553124483
50.29828328691607
52.7681421358847
53.62206864466822
53.01653889861833
54.77372478144085
51.13112836430689
49.668571535239316
52.55495546294209
50.07646866226414
51.103428187568504
48.43227294446137
51.49783474225042
52.03783581551514
48.760392635547795
50.02735275494177
52.14293301108579
50.23530000962946
48.62753585836205
50.56668009252138
51.56390888720769
52.69392619607545
52.59989633375097
49.15984211493707
53.13042029594557
51.46077556861694
50.28708398053202
50.10396188420313
48.58534562446525
49.33459963261374
49.78553325393659
49.64571481940614
49.032873799488655
49.92149021918918
52.94157385202941
49.135896730157455
49.3036704643071
49.960173003328244
51.1855266301794
52.39156866458159
49.46477547689756
48.95933728740667
48.805809938098555
53.803834620884274
54.36851637695514
50.816388905354444
52.16843751668657
51.72219290444134
52.97317490785115
48.6682636069971
48.02619126550154
51.824836860984995
50.470146127296594
48.89680137014557
48.62283385521522
49.34045808910754
48.62199413241208
49.44134778512505
51.733778241960756
52.94659396196526
50.37927318834263
46.562667095897694
50.95233145560194
52.896469885179265
45.95596788009361
47.97896822408757
46.89359953966989
48.14159427139268
47.65916989464895
49.193836199730434
50.1089763061843
48.626582129327915
50.943915601188216
48.83689658824851
47.19316419582908
48.306786244083284
48.2783190597917
47.31231111975385
47.509444247176795
47.73011831087345
47.88737729746318
47.45684859276968
49.61224978925022
48.42533004312154
47.09982708167695
48.33096775834567
46.72331916378377
45.689429805617785
49.03051488389987
49.32094922745831
47.149109994126974
46.402815919621304
47.56873520320627
47.74411166310643
48.12101763798001
48.15169021774421
47.85114695416028
50.405411841513704
48.23066499202801
47.53363159753195
49.601273368544824
48.58345094708459
49.150762049700276
47.242264024238686
50.09935106021631
50.9595260080715
51.14429616719686
51.21540641864554
49.67428032677724
51.49865276115832
50.16746664978655
50.0437752613026
48.743038342627194
49.57423742202958
49.45567288881844
48.91435184931256
49.537349227280394
47.43674962311357
50.98215203778844
46.80766849649521
49.3506033465815
49.79214901407083
48.922836376954116
48.0415102356945
47.79336466529639
47.89049227514621
47.92907778604398
48.71553926400063
47.17134940696477
48.96129798161656
47.268049933637556
46.179808239364746
47.54326477802848
45.61010849895693
45.703449259119644
46.50825289086104
46.2558395166427
46.5392328334095
47.74525537389279
46.343503079095264
46.176436273856304
47.27168859853214
46.97267470924753
46.53601921816318
45.50929100172487
47.594130937747614
48.879605932400864
47.54895947753769
46.54866961204704
46.179880454599704
47.95667354844754
48.16234016203838
47.00840663992422
47.446500900618176
48.221368559585635
48.27903872849763
47.914518623212224
46.78831981516962
47.57032751642524
47.24917654609899
46.779388589794415
47.293216037355904
47.58525134485021
46.781148180979145
46.29280987153954
45.50289097777122
47.93471911398362
46.62949257037453
46.31036511085993
46.712968395551734
48.05164844935079
46.768847084253345
46.90236604818053
47.1266729854369
46.1887671064319
46.446048341405394
46.45907977312208
48.604624265957725
48.20082057000068
46.70312016000999
47.338207520449785
46.28372042109491
47.584466279073894
47.29897766135205
46.325388397272235
48.382037000281635
47.51665159930733
46.64523077444148
47.07466773416189
45.86971209191763
46.192020194481465
46.835222283403226
47.138058856237066
48.33602451287883
46.41984506972332
47.36706468200553
46.30291317344731
46.06002428920487
48.14113100404282
49.72128194207101
47.454980799739786
46.768012552430626
48.67354000757506
46.03381633697264
48.73178129175213
46.00746779670368
48.81603749785507
46.322315915113975
47.73909573778673
47.05240638086152
46.42492757527898
46.959267115484145
46.915910200709625
46.969910913696985
46.78906806757866
48.23533915084828
48.8354012061696
45.752780610739464
46.36472146454079
46.764574556608935
47.428982119705324
47.15290253469828
47.390908300930015
44.992178368710576
47.92239809174251
46.47274730510801
47.95096093338021
47.140460059599235
47.366097631273135
47.827371170887794
45.602169516486136
45.86580842317477
48.04761000966348
45.59980767980038
46.85903613805513
49.63791904974729
48.297732926260004
45.995081726652
46.80516270474692
47.82898777897858
47.95915103442949
47.95711688738622
47.661225275591526
48.371594322779394
45.77258273620109
46.882284217865255
47.35428611155739
46.85850803488213
45.203522524816165
44.8588075761341
45.90813403442806
48.62254190169554
48.21124825824801
46.13988847285116
49.34873604037646
49.59554874566262
48.49716796700167
50.064089247882784
48.417523546039284
47.62021145086812
47.81754309326224
47.792409885030374
48.21968236984509
47.090570938707785
45.08985432782662
46.360914243390795
46.2010418870371
45.85457667571735
46.62815720139028
45.355496880685024
45.50616982680763
45.39431695704678
44.749817159142076
44.50878363522097
45.06389766695877
46.319030877076685
47.602218767384564
45.06398472299932
46.69608562539173
47.19249538984659
48.14289197433308
49.85575434538664
49.22116090482841
50.1070640030697
51.17295575082953
48.048497924915445
47.454688098053154
45.586213795513906
46.58006270233267
46.124869368632844
45.023604795929785
46.34936699791722
46.207417054522864
45.74263580244084
46.21070017903029
44.771690150781026
45.42207216058413
45.735519486352004
45.3063358684414
44.109127773665705
45.000728240306415
46.89182317635001
47.947583157351964
44.37847788867511
45.868351899592405
45.33901349714177
45.856813511309426
47.99588580902446
45.673571189655824
47.40056828768281
46.36437580262731
48.39531681943177
47.48114178183254
47.19586154599281
46.3532428781668
46.49015992475504
47.80887628692409
46.1298730539794
45.13695149352261
47.35720213112315
46.723044386301915
45.68833155679528
46.76048551937723
47.83348414402911
48.214769213106585
47.95875945476483
47.187310392473364
46.78402692274728
47.86002340403122
46.236202792002366
47.30560497810296
47.185377424919245
46.05227316072869
44.41116669519459
46.54901229095485
45.63385897412949
45.70404265838019
46.133733119660775
46.86683590289881
47.20698236343281
46.833698735194474
45.77219240659646
47.12151418435391
46.42699344713699
46.930950767869874
46.25550330264914
46.658066386980856
47.928058697180305
47.32581672344253
46.11211164748393
47.00131706280228
45.35870261877524
45.78594680219317
45.316830702298574
46.072160858059945
45.66358406282325
44.148592513637816
45.90732127741947
46.427781476524345
45.73943953511147
47.013948117780984
46.52050633318424
45.96671519207364
47.041737082761585
48.778102085535636
46.94274103052316
47.57863953201822
47.467383708693525
46.66160057301578
46.28018539872748
46.69309407640962
46.9729720109609
45.61986339619189
44.6718694062252
46.74501179447893
43.67024676357206
47.11323336264926
45.021218165922576
46.71927928698367
49.218341570513715
46.72958104874926
46.40878504673515
48.50062847209232
45.95726033817329
44.905689556566955
46.071315603401175
46.54588017833922
47.26913296605026
47.923099527914474
47.60324714428605
46.975501812731984
47.34673734384308
46.03527950344365
48.03137224092952
47.15654991779332
48.220280924081216
45.88147480616712
47.52919354193331
47.72163892851171
46.98695768146669
47.50734151768684
47.95391210146611
47.06490516708651
45.72772959303293
46.659884001218245
48.86302543060138
48.5675144573005
47.491140441343056
47.527308749730956
48.417985047739585
47.78055209676832
46.60963883283372
46.81923413330067
46.636801223849055
46.6132004517357
47.24495996737453
46.09546779300099
45.22093711400073
46.75079421714894
46.45562307273843
46.16833456407531
46.53772734831831
44.86598500189912
45.98434484847175
46.8725657795135
45.00137721305304
45.76538500400034
46.82412105559998
46.954230501896255
46.51754396925627
46.93495036403234
48.5153397546914
47.81918036513772
47.08254714808699
48.48211151281114
48.19467604181838
48.346665136564155
49.51478162682839
48.983216651051116
50.52521416890354
48.95259902705484
49.450959079308085
48.808867110802595
48.42575948552474
48.26753669447589
46.725629019316465
49.560688347964124
47.98899372340692
47.6082148360732
48.807523621902455
48.12198231862082
49.126499043790005
49.9196399209745
48.77017498541276
47.215739127790336
47.1982325589968
46.7183671546386
46.88541078930403
47.18432495981937
46.82475906093616
46.88958150654857
47.28640456253133
47.013549010128955
49.39211874568644
50.0475732911488
49.247031454319604
49.002821703195565
50.047747701521345
48.8939678991389
49.284453376901595
50.35977154661828
49.38716731449172
48.7733245249836
47.527839703064856
49.803909810275215
48.746691852244005
48.83052209991538
48.94625149360434
49.79610353134477
47.48842481106621
49.49050109839764
51.41558985406926
50.77702460366267
50.653740356043585
51.267763460300124
50.756526287795424
49.2841107483435
49.04736210085497
48.91445233979661
48.775305030556275
47.865858246171086
48.872742522760056
51.39469133036577
51.759059292357534
50.160832981998425
48.86722076584779
50.096056506114586
48.98229099110504
49.10606658152243
50.04551117599509
49.00810675527987
50.11103410005586
47.70846826094692
48.18694447461383
50.0095430285747
49.59686661101607
50.539751139793815
49.81187714643476
48.308442264689404
48.2272125736683
50.65693836368106
49.44869358385586
46.90944790014541
48.361132266583375
48.013027974271644
47.56355510803244
48.70927532292988
47.88537874431444
49.39151559859867
46.95079952118827
45.258409268551475
46.33033187758476
48.305635852224675
43.17800724793547
47.07601754219981
49.59197614146319
49.9337177312169
46.88485657161129
47.914566199883524
48.041587923907066
47.75081352864479
49.03944009637286
47.20113461853744
47.70643006879602
48.76382421105307
49.293132583832424
45.39729467953072
46.986685553536006
50.117277330139686
50.085735224072636
47.62669529621767
49.2798533297826
48.61304089932895
47.753644673073126
51.01947697640701
49.63090695835967
46.830656852108774
46.23232664629242
48.53251188912142
46.1876947343
46.54309463589172
47.865549073448484
49.570420370497104
52.787599923390744
51.6805177521858
48.279643524645415
48.50202822565253
51.66252822518041
49.76072307096063
47.29516541586917
51.01209381720748
49.41682932849277
47.52557219010496
48.44964274871203
49.394705457082665
48.674040616970345
48.847100581922135
50.13753388631039
47.72081030426503
52.38588697410371
49.93149319221164
48.353662683597555
48.632618852887134
48.070171293243156
48.330381274092396
49.6673588905592
46.21514179524053
45.925960239742274
48.68751317939462
49.37362727734604
46.719718239594094
45.86893745337577
49.19763985929778
51.892430080890996
50.21570446188628
52.13633268563588
51.22003395205784
50.96248368728226
45.51816930806597
51.327745369728326
50.873911229931835
50.6590884539089
50.64002585105728
51.40764858567522
49.88641899799757
49.76994520935503
47.97552531301397
50.644898422018905
48.799908751443034
50.45293965562552
49.09242871185246
42.132784612966596
56.81223718962563
60.09692554174082
53.51493621091506
55.45329134520998
51.114848671347964
63.70248768723425
60.60382739769354
55.84210789278587
58.61339883075762
58.213182122182246
58.3578052880249
58.12849301756621
51.774730005602805
57.257071358385744
60.63950975487465
60.62677885685674
53.12867957749446
57.743170630221286
52.296025358462266
48.25873829399286
49.546658322625
48.82217461924409
51.189953409351
51.51315140706904
47.70941735465842
50.97410133515615
52.74843462565542
48.75062082315082
49.395058358811184
47.23618186609723
48.800024270797586
51.51101235983417
50.471245737292705
46.26751512544622
42.263104738223916
39.09315958181551
57.382731444515905
54.7060063805026
52.48396920333019
50.53116414041677
52.57722795523621
52.23234135059453
52.68670310671636
53.08695583893646
54.4416745628169
52.44481376064856
51.464952843238954
48.343118119593356
45.032163256674636
46.64653929407353
51.18797171156805
47.686750132035186
47.05756930238094
46.1808933338871
51.47409393204164
52.88431900494789
54.20851847315898
54.698000771856556
54.67933917153722
54.03303418888649
50.057866438471486
48.21566080723626
50.55491636547511
49.840480937045506
48.2778345552462
45.47532883221706
46.31564833455247
50.256749005384464
46.23472435710272
49.277291613319115
52.92346898887776
53.39908012487928
47.2131174659564
49.749155497146695
48.330043571950874
45.90967114508019
46.73108548726162
47.604355037228544
48.71803143540224
52.40381430985576
46.261871093601094
48.13834544250597
44.091701462973894
46.01954053454492
46.27433593824652
48.72998151699051
44.16281190258981
47.957146749760376
46.1427481453587
46.24236276577885
49.85703852557383
43.73841583886285
55.3315083740124
50.816773039669755
53.79713665976744
55.789704725907214
57.851143750180455
51.93502869328877
51.33080162460248
50.21819330745941
44.51540074905992
60.30293878078194
58.36644976591295
58.800887177834454
57.377169312912535
54.99994501245373
55.433983571076624
53.07872460529585
53.844317055183964
54.27871991130958
56.36440010474078
53.65244030636488
53.91843521991329
50.98180858036073
45.21552569489817
47.803109114168095
49.210527773587415
50.282660383019575
48.80430262946564
51.21296696918483
49.86066013810467
51.02213936320979
49.32511545393734
48.65542474396406
44.20276343394742
45.7847459061946
48.0331358143135
48.02604382572712
44.14104300846735
46.01714853043518
45.594557673079734
44.702379138553944
45.329208843644636
44.93409873056638
43.2504220045671
43.9570290210149
43.506079001052676
43.90450157122544
44.16806452666201
44.62872613012698
46.21226851101454
46.216440876197936
48.73037167237517
48.40659111431156
44.8531084453804
44.83143595155898
47.03325158931587
46.516559172195066
46.51104476263512
45.993630225606566
45.3236765652541
46.21496128725264
43.63903505816621
45.552271874954
46.74213499383121
45.01064936600291
45.18830426741386
44.86938940076399
46.389234838557655
43.56486459589799
45.48136262067036
46.01324142640566
44.32354581439476
42.140009094158394
42.37003008971157
45.567580741266504
45.54649463378718
45.28698857209789
46.69231625337998
44.169194995144956
46.442471702023624
44.53662782742514
41.79170625453744
43.62234332140168
45.338392412656994
42.509451560882425
42.42868323639949
44.56147731898517
40.086017162191396
41.29622276513041
43.79194463455431
42.96893385352825
44.86628540727565
44.74029629221251
44.07698218086576
41.714647462694785
44.585896520288635
41.76839014999105
45.47594589376984
43.3910757513115
42.666337295133545
43.33664540263986
42.54470498511166
42.26170830044047
43.59556083968924
44.376444106800044
41.60561752190981
42.10957001433137
42.03399585509143
43.66310535067149
45.75149263625452
45.87289894993807
43.65159106078292
43.895141857312375
43.178136272931845
43.17921002570996
42.86621996184995
43.77392355546425
42.85109959115461
43.67830598309241
43.009668094867685
41.571213754085804
43.49565811537371
43.96549669177291
44.81108579432825
42.27836909843378
38.916146119082434
40.86726290688455
46.27429192199916
44.01324579112009
42.95991989734592
45.12329833940752
39.41411425120745
41.11296014912285
44.37015239757236
48.29997678007514
45.87909738744305
44.01663592199952
43.75823222097416
44.869927006452535
41.91911531567428
43.23292500628732
42.944748051023325
44.61795322173637
41.308974298226765
42.47771067910354
40.061563242603945
43.82716206260657
46.51713916730492
43.069630700043405
40.32853174737827
43.36039476390961
44.18719187693037
43.06346394205233
44.69711036692587
43.98485386138753
46.41815190755304
44.919718496920744
45.47678015108453
47.98863400154776
46.92389913700926
45.66557299530563
44.93137863360354
46.20446789675478
42.05011175352319
43.2716053169258
43.698073555069435
39.769131742958294
40.52350699761593
41.929595437595715
45.83570486633919
41.7447644168443
42.52173772055384
42.66090338714219
44.93820865845406
46.640927296969686
43.28984391188109
44.32230530880425
45.1797100847583
41.64944924375683
44.5965020545474
44.35426460691855
42.3387851733816
44.69873517319057
42.90959031100843
44.19257896756817
44.591804040263504
45.11180720715927
45.02643567664365
44.092906120158894
46.531241337574095
45.28364909846196
44.01355284440286
39.90980016958228
41.719549286423046
44.876770517052734
45.27003205965382
45.885804981679414
38.88519994754391
39.77323704498135
41.826133735609055
42.7266038700599
40.39844868917355
42.13127576436304
42.23810677457861
41.872137244724684
38.50979641493948
41.472467163410826
41.25524857920244
41.02990227109663
38.90456148527253
39.16621117133834
40.1377998845002
42.67014267033579
38.11882009415195
40.038154260867216
38.71430660665571
39.85865390786763
38.324626408784454
39.457918590020796
38.11424489940368
39.40636726548928
38.91659999069695
39.59222819745145
38.59261858204165
38.0539849473669
36.97338041680587
38.77622128310498
37.114280989937185
38.764539709010435
40.69758362642071
38.966807066818184
40.63374278796979
37.29749992140539
37.58814227382856
38.46227739782496
37.142316930005144
40.18082365109708
37.725798454582424
40.01358544090712
37.51193437713309
39.22968991237039
40.890794240949084
36.778814506834486
38.669544164213576
37.093633816318324
37.602470485601216
35.32816660171604
39.4184069024967
39.763569253013436
35.70905724080457
37.91961515312181
37.49519275717735
36.84636765007312
33.84615963775003
39.83069214498306
40.253378433537726
38.42015938488329
36.996519769807165
39.01636242131554
39.367351879541566
38.264419291836866
38.70789147134575
37.582955772481306
38.03314614913881
37.994405664570856
38.18585516144707
39.43942988620396
41.06737943673783
39.08301975348648
39.58504099596748
41.44664126691587
41.12413438912979
38.52234674760167
39.71362606398653
40.53190924497525
38.45526666200422
41.071883138735394
36.83934391144304
38.58610733739854
36.71910234509486
37.079400494674864
36.47270852439852
36.57457422341865
34.99147360241787
39.21512691677331
39.55179499929637
37.7920565456212
38.62951094040268
38.10639874038632
37.384185520591494
38.7198981858054
40.340954231216365
38.680001475927945
35.44098746446539
36.16369260840276
36.66786175116385
36.77202114367213
37.09012851871664
36.07575622364999
36.01676394765144
39.163962842305956
38.63294763544903
37.5758398019731
36.24123753058322
37.64463374910876
33.94591844479234
38.88212231806054
35.62414447458114
36.25327367709176
41.11874993417967
37.65447545201178
36.404705140027275
36.782220645697734
39.41496154978944
38.73823984039095
36.349135426630994
35.95257440075041
36.75622967641712
36.85579709251012
34.58331759443054
34.669649096827605
37.22820096472826
38.36041293294719
36.57937545010698
35.83655669078858
33.915381221974606
38.47435465476143
38.07200841429345
38.887048638360646
40.33715580804497
36.01456921750478
35.288696705481044
36.522609894800574
37.12578763656969
37.293297842697875
36.46990851247512
36.84808999636684
38.672139680749545
37.06704634499081
37.082266412644195
38.88065848750617
38.90417181614132
37.150778991246305
36.224298748354094
36.12013492579016
36.493264702593606
36.055460774845955
38.41179444434659
35.00238268059517
35.55961909373961
37.8118726235847
37.69162003123712
35.58247401986872
36.508093005385014
36.26236957656237
36.29418281050757
35.89424376265629
38.61470871371126
36.15616744013099
36.70013692876364
39.53590442334925
39.05763812405346
36.42866851110147
35.29926765417485
37.93921243502227
37.48799760029306
39.8945361316369
35.901988061384316
38.14376431795764
37.35447469447677
37.64433911180153
37.74114931590346
37.778581073904434
35.960607785761994
44.27801648601444
44.591431258712575
41.54792674817145
45.01106851919354
45.93237635725007
42.88864165629977
39.519425823775244
44.54813907858672
41.74674752008284
39.64239813528693
40.83581681337082
40.27379167533649
38.998186395709205
41.96191035187187
40.112365884700345
40.39775742452005
39.31740062221808
35.82753916049741
40.9424252410438
35.32915374531997
48.66575810788094
47.290740286415314
42.99300050268639
44.32829958986658
43.63886442781635
39.987451016190306
46.241689707190204
41.88627634204735
36.04602230933092
39.2886958162308
37.19708355769788
37.91109799510627
41.36851212084794
40.59396566412269
54.544430150071705
47.28600146701026
46.25270168009749
40.97189426385723
51.451590864804096
50.705044564957504
49.29057288721217
47.9320931717464
47.62794236770998
48.80044222945932
42.45050924507753
42.18576937892073
40.465184488744576
35.071701857058436
37.005552220805974
35.649222122273976
37.145092243564655
38.410517214815506
38.05198791446119
40.40771943369658
41.035801819251475
39.59854063596006
42.91060137399251
39.146624351542144
39.14982079026956
39.18610892975137
39.923972959781636
36.81160641614357
36.618142148992405
43.0329662808566
42.353134277676965
43.28481857059209
43.34332828900713
36.29627427820466
37.55507668636105
36.579656959904916
40.09466543861459
40.73206673720223
39.57881946618506
41.43809384868937
43.25339328061923
39.59235674000127
42.15774418731962
42.295815787349945
37.98407796896013
37.46703702721776
39.128578966730714
36.084800077923546
35.46789331062417
35.30794536637993
42.41965540156396
41.70349357749424
38.82972924055258
35.684308891610144
34.116992438799635
37.32534994533816
37.40170654117985
33.28706961465378
34.673727031323395
35.22038362120048
49.77896721272853
43.4714275467447
42.87683331464226
43.42528824208071
45.97671898181548
42.97237748053098
43.35272738754963
44.63922764702458
44.97172711772653
42.653937805269415
41.632854210251644
42.04299334069456
39.375547550372694
41.33838297895256
41.41094789974629
40.9950665874846
40.39557022962336
40.27022090934664
40.12558142629732
38.80095692762145
37.98206496134033
37.40220470512425
38.72174885888711
38.53558583703839
37.65579647370676
35.48257223476034
36.78781052808114
38.414626289354516
34.29510597131631
35.724084640397116
35.52421908694721
33.800245508446324
33.541244205299506
35.73039878592178
35.49005235203682
30.863018440014066
46.180995552952815
41.80913852190679
38.953986392887884
41.92253528386137
46.22327304571123
42.39314498783688
32.97257120014013
46.55447963095663
41.28867505701226
42.66988337685728
43.917597527886066
43.37691283911145
42.62428623601778
47.18259717817446
42.74935119341525
40.76140799336356
43.42212446301217
38.61362283188946
39.117308439783386
41.49246713742179
39.23302272037036
39.08000556981379
38.24709662503572
37.600004731369744
36.411062026773934
40.07436691045237
37.49414181127615
32.382264097125514
31.344321448961708
46.16165740360601
44.97730423653074
37.8022049853596
44.13496112438193
41.578149568298684
40.81300578205828
33.90924631914565
34.73189797934839
46.16738140549447
43.55563017989701
40.42006908952641
40.57488115631176
45.68052840026359
42.919184981355336
41.45734300314735
37.54465283565602
42.2165748017039
37.85415568190976
37.912117656393264
37.35023753603522
37.51926978358445
35.08695932915119
35.752423566175025
36.13859198013936
40.74880479374814
38.67747762194446
36.3437593070732
37.062399721791415
38.34354400792257
38.955720577422824
38.24206948832571
38.525302616253846
35.77479002329186
36.80655490666742
34.09118314196576
37.12730879720384
34.95984234520844
35.15827872071919
36.196093287327756
34.9059253871279
34.93883184327556
32.55833154217378
31.186411196587997
34.34826845057204
32.19562604249768
34.89991184595268
40.43450774373063
41.71538478537887
36.809730812501876
35.005242793629975
42.46689476658331
34.639929797775416
47.38476631076457
43.05928189481918
38.76225129465543
42.0332020550732
39.315247317977715
40.10880372065134
35.17702789318972
41.68098480622279
40.067617375999355
38.65244425179739
39.3918684947684
38.81580897559231
36.31093886432475
35.936627569638866
38.59467706411509
37.61356821677667
35.445406124160066
35.14892490327364
35.221459814272045
33.01375553310031
33.02591151817464
34.552571515964715
33.7970132255265
34.34795520548546
35.75895950744916
35.078598613245234
34.44435924324001
35.404258697353974
34.32838423289728
36.25478684807113
35.52211812577978
36.114688691959884
34.10402052877652
34.52583232681286
31.778561618848943
45.11109458096949
43.2896350166809
35.943944662116344
40.392094684059586
43.41082722512527
42.05305681709031
38.5145564365995
38.94759907412824
39.96678863878941
31.313389354271802
33.14759220966686
36.79256489703214
40.18273564573116
36.5875348226267
37.04166202395649
45.04246827322805
39.60608549902596
44.69279164292231
35.937607628678556
43.64240512114955
47.71227404883457
37.10071981750905
44.127460627540486
38.338875903826846
38.821323166143536
39.723149218771525
39.29047070967389
41.84908055963645
39.00837045971587
39.0536375662466
35.95960120417266
37.11472008169947
36.64865610944955
36.16610676893732
36.99694111083583
36.08090123006357
38.102661711563165
34.08778023843876
32.94896757245273
35.392367608894666
35.88212337355351
33.16932870485934
32.75576276210102
31.892432709023588
34.23556608695527
33.45414030169331
34.7205223897967
31.527777897864354
33.04566092491202
35.285893696011506
32.247826576633564
34.09336358628612
33.58618633076975
33.34900579414248
33.00333579816002
35.078731600929274
37.229594309406245
37.22787737459483
36.64436808889871
34.908019208255986
35.02361021213428
35.776600358089134
35.50960284454504
35.166108295073336
35.99709231722622
33.84358703133843
34.37702404111266
33.95152627954929
33.499042728188954
32.83447515527005
33.34939097642898
32.24545786130138
33.75946806618838
36.29307555681487
35.14362657775451
33.680161783531105
34.35609194808096
36.74311735820153
34.204953939771514
29.387580506280727
32.519717431204505
36.56606512873497
43.50481506001499
42.356203188754854
37.67688940065049
39.89576663541361
41.16670994756163
38.28873198217171
36.30065884525726
37.272650335074864
37.441659900661044
36.68369021220535
37.02723135254606
36.085139167131864
36.61088287174162
34.49147673050447
33.77398189147119
34.86175658753371
33.73859100290928
34.68713235183459
37.180108621264345
34.488598387840064
36.349680873902884
38.20641389776437
34.3996788912667
34.860477730225114
36.40323546524814
35.659656428090074
37.12085400325052
37.57868584241091
36.39578584531585
35.11608471872856
37.07037211007518
33.91602635371639
33.40520452117322
34.666119674493956
35.37507384759523
33.211948308953524
32.3271403752293
33.40203077610875
35.19203978309892
34.03337606026522
33.735695663856035
34.628604650128224
32.373722263185165
37.03860442634004
35.63080248163819
35.209578725272586
37.203937172438074
37.238925396510716
37.21936497285358
37.514155497322896
35.42054614099721
37.499926568629014
34.25206375109015
33.55198551412807
33.6142928412792
33.60697685618822
34.65450327834335
33.22270988790055
32.60444676512779
38.29400609650266
35.85783076113398
35.89310036754854
34.88291090155046
34.06582800146008
32.21308569958024
31.866086230919237
33.65096253503903
34.06347890058243
33.057467031775
31.551771051111082
33.258189663919346
32.560334238977696
31.86854928100308
33.31224919651848
34.0992478693059
32.71460465730048
33.03864662042165
34.17560583666021
33.00521138353952
32.41586654421813
32.8074488039214
32.61747967478663
31.57955403331071
29.86930506881401
33.4491475417727
33.05242845853272
33.2366435512916
32.646345664742086
33.131786619083414
32.674797419704504
34.75699845107544
33.866750445822
30.67285443250268
33.278602010590426
34.30769141521576
34.445729442507435
33.39455569579939
32.85808263509338
32.35314472169129
33.636815954358156
34.45471146078094
32.13641171379641
33.60924525353498
45.39340782357382
43.37777685707625
37.550395494209226
39.17995177837276
41.68229053407099
38.08552283784949
38.91238854047922
36.76705050838038
37.56683149960811
36.72633837338595
34.495794883628236
37.75154724921019
36.68830392745485
37.17976122045777
35.35416887588182
35.813111103162015
32.905871879436816
35.94255306170769
35.53317282870515
34.72370882724411
32.74891744906809
34.34366749739729
35.623905040289955
33.89970086710856
29.5654605764485
41.86165406836545
38.760770542002255
36.36024487253268
38.031734718518166
38.67204562647765
36.51034150007954
37.37520551122308
36.34983922108781
35.293207602942445
35.83450821971457
34.65108242847011
36.65908431119537
35.066967793630845
34.48210911289434
33.52137107326812
37.02768614427376
34.833401963732975
36.74151935443528
37.645772010406795
37.677951931259905
37.95092330947854
36.075294837641565
36.93157054620515
34.15016328980875
34.436138587755224
35.556020232424004
35.59828784560882
35.800073157325066
37.650009562168286
34.196248010552125
35.4248180871316
35.00275710067795
35.458347997673165
34.68282608370122
35.41049518672871
34.98360784781212
34.282444576902314
35.134793489825704
34.61461882233996
34.20770853027501
34.193795021144936
34.3991291703567
33.51953853297791
33.87901072834522
31.634496734905753
31.741365218826285
33.039944144020595
31.85468355170415
33.1228790001712
32.07768244956953
32.6518845112595
31.27941995374379
32.49696804451787
33.10181641034963
32.02816745305922
33.434326884190554
35.13403269877499
35.18454908695339
34.56059487035249
35.57463295283623
36.76602230384649
35.45976672865204
34.894634207768966
34.943773518728996
36.498267298804265
35.67824990744793
34.039947519606834
34.05939033924808
34.759843498708506
35.51248234336068
35.995707866992205
35.76278147178011
33.932440378501475
34.35627390651021
33.62309656380407
33.799527489295336
33.93853629532143
34.290377747224326
33.280649760064186
33.197507433617574
33.73873405574569
33.51438025468346
33.80986194862327
32.58163617269237
31.410092878268866
32.66893474093205
33.22544544196079
32.01144911759537
33.59489136156632
33.82608843438346
33.37865401650282
32.586303816944195
32.86282884101921
33.39245862670914
35.60357323819379
33.805750973920965
33.025283972718945
34.24744604505818
33.98482619886191
35.767336133710856
34.822604562785465
36.51401196521034
34.60145877610024
36.15917533404158
36.29880854411294
36.15462386795292
35.408097378421395
33.59460797995259
34.9786320876757
32.69182290950591
32.18660458588808
34.80818206021312
34.51425455645471
34.676131481668286
34.82264821519237
35.70939929579427
35.60303546871947
33.550527765483864
34.86227430767534
34.66541392562888
34.341781233898935
31.462714107729358
33.119618001127165
33.968771860334776
36.38061248570626
33.84197974473753
33.71051214422809
33.19762140004844
32.622648560193156
34.43282240957724
34.211714567754704
34.36988861964433
32.42049906511101
34.264329928492835
35.75131487025805
34.7481867721165
36.505601410373636
35.064501633505785
35.37103462688264
36.02853703964924
33.77354287287345
33.03729100301737
34.62594397864229
36.17088981353294
34.15794121021558
35.04967527318977
35.22733117315816
35.30721349687093
34.43950579763601
36.12248019226676
34.75178974726863
34.37019225377319
32.705089374005404
34.6567304366073
34.46070544077172
35.85245321093082
35.716890415795184
36.77309072240807
35.97338706287131
35.54957608686518
37.00571968552008
34.12984629726121
33.875124827672224
34.80889293239041
32.26961556827138
33.7112426275423
35.37789258316589
33.05724369951333
31.993206610922424
35.020394055364065
34.646710787467136
34.58788585081341
33.43637750746928
32.544505261497754
33.1798063897969
32.78121668191377
34.45829819750682
34.511277951409305
33.116503054344776
31.70872702617047
33.315965978328634
31.41022288776501
33.28007576395167
31.219097391882983
33.428853315383
34.12635869429197
38.20363658042161
35.69932993538569
32.738042482453345
35.902356962347014
33.21421355530288
31.749101633243136
33.09927842036151
33.87249360045738
33.602105351676535
33.28190491592188
35.02940477713696
31.47975864495252
31.34974240054773
33.69649574665056
32.30881718039998
30.5028530465719
34.038142211898766
33.599551147591654
33.108147559693414
33.80040238162535
31.222649140480424
35.08777372344363
37.29377373475185
35.80074063129512
39.61012128443241
37.78665441224545
38.477650948959884
32.632372555534204
34.42867940888096
38.58143053445233
36.58409976058976
40.413562622908955
37.49625937703693
38.07875650303901
35.24989405168007
45.24102669298389
38.13986474494368
36.991563195065055
28.36072715869016
29.617348366234502
34.62116090465276
32.496617527601586
39.02284501088875
40.94787681735374
37.09468195798558
40.862326100341136
36.161130085579764
36.714294982493286
37.03550755327016
36.19281232238818
35.64058974915654
34.99314804261187
32.72999126046099
40.134317933347454
33.02076768412165
38.0252310072399
41.78939967151355
39.78137862019439
41.80832139887769
40.33544032412511
41.664637542727725
39.536069611186505
34.94603869335485
31.727271568243772
37.577532933128
40.26668808592334
42.590069632352446
41.50738822682615
34.94167423980061
34.833208895632026
42.84792573874866
40.11910941706604
37.60563501706879
39.80290476575572
36.44924782306088
36.35716917949529
35.3226913690132
34.88906415994266
36.16437132829839
34.27956213131468
34.53691199866745
35.59407951234411
36.25476317691439
34.53046866835016
36.034334917170696
33.86909636119444
36.02401447736013
34.68369288340995
33.97918819806783
31.92996357461987
33.93821443061135
32.98992783501028
34.31362378395426
33.77912637074551
32.356564065941036
33.40096984401694
32.21064218502067
33.40427757847519
32.790076868790514
34.211823428124156
32.87276542701042
32.571197744353924
33.69740679521747
33.67323385880563
33.49873384272119
31.91795918005385
34.177557633999506
32.62368781130467
31.74668987854384
32.35443041983448
32.43902682351758
31.51243296232329
31.514588793270004
32.33945779862661
32.382725134162904
31.741136886839055
33.99874119318917
31.83405647656082
31.902405971572577
32.22042115109858
30.738761006319827
31.195744266557902
32.05648463784945
31.847339648631316
34.01481526588074
30.278719966202235
33.049871021903144
31.496885433526195
31.932966362088663
31.644024883610104
33.18960402440346
30.616919517245343
33.47365814808458
34.676946181798606
33.24592080302995
31.75335836492708
32.00761137114251
32.22919524300376
32.042120167414595
32.62473921030803
33.88552235501782
32.52766271926596
31.3671397885915
32.2671706102099
32.72300569217272
31.532352462491335
34.00818165434374
33.03544856813022
33.553045680880786
34.16955045136078
33.23242532272967
32.07057593417572
33.99378723243379
31.825979747967967
32.46972134384524
31.898664405306526
32.54620978592099
32.55693783151792
33.35508384982875
32.8397041591334
31.796010871316806
33.227967512610896
29.173093615182108
31.093198227447047
31.450668216768907
32.689680005116045
31.527782672718335
30.38074482180895
31.477424900149135
31.716427106333057
30.419605567985915
33.391146671429276
31.809337861149324
30.530187225595093
33.09851928215313
31.581232285623607
34.06020781285181
30.735592619748264
32.39324830529916
31.610138691375546
35.16451536791854
33.41359788645565
32.603459763518586
32.39093734700517
33.492437249185876
34.240593864789446
31.519602491255455
29.977752191144937
31.70293904896427
31.957452192029397
29.821751099874312
32.870272622952136
31.974443252346095
33.285362570715385
32.9934462509005
32.858588302542785
31.75878045675297
30.996397677845785
39.67778165162227
37.29956749232926
34.34587382204887
37.06223533136014
36.299865077325876
35.59424509249218
33.92462711989955
33.724063128410855
36.19803978812758
35.86443422660986
33.78885621995751
34.3743794875703
31.915734764277676
33.06099976576644
33.57157239329261
30.30812313978434
41.11358832383476
39.206914765247845
35.74929939785787
37.31467757654582
38.80842848819021
36.817308647531235
35.09163277152852
36.826037496702426
33.53586284671493
34.84183540071727
34.83015413699364
32.83449620020586
32.340079047194976
31.182150114633487
32.845487126739364
34.495840049725444
33.03293999799323
32.783569656095345
33.235634489475814
32.318723937541684
33.858517411314445
32.287707938475755
31.893461624721667
31.95102369123573
34.3312840274269
33.5727453424843
32.46671703357526
30.990012920408343
32.65986893899256
31.296071278779763
33.605056203301054
33.721000920053896
33.31332758928269
33.64026166327717
32.70034597842893
33.90703237925951
30.776351731106107
27.54672396050275
30.48041956665671
42.56525126412648
38.938653909982456
35.43841814488322
32.820069162069096
35.474922893995895
31.80875342991485
36.82911389021039
43.23871276867758
40.00587850216964
40.821499396472646
37.29469205171646
32.81245840986952
33.08359296843381
37.587284382077584
30.19144483970707
32.737393015605015
38.678919083379235
35.408031503325795
30.414445346083138
35.88168629273445
36.776580575978834
36.00481147831682
34.53719924130091
34.00096428221742
33.823326664252455
30.24084149689268
34.28749053242917
33.751320881010614
35.40390431356447
33.631704957948116
34.186983833481065
37.758803189651445
34.73391109039329
36.465519784516054
39.3126756167652
33.91575307165106
35.08990318193161
39.69779034262437
39.44304088065114
41.30038369820002
38.94022569480681
37.21578514975006
40.044089756785624
38.508551208228226
37.17076644832755
34.29733337479495
38.32121039991501
37.55689459697587
36.41587567431896
37.012759048903696
35.1073846116228
36.20077386298349
35.58097531400851
32.99076563265507
34.419819620734614
36.043816820791946
34.820706430706394
34.91955686166236
33.099253038934805
34.49872390337779
34.78705477946827
35.15699012043724
35.56161287829097
35.52822543016622
35.151315759125566
33.50214584766539
33.91109856698797
32.73473569400341
36.316737173827725
33.32646532278643
32.88193107434161
33.78201528101373
34.76932380142784
32.91182384058315
36.06039121711288
35.18778690723493
33.010514308559976
33.98049029101214
33.15630720970178
34.503939305230354
34.72162096540301
33.55487242482547
33.17869698289323
34.09132173048709
34.326554467588885
33.32399412214887
32.76414841367821
32.38640139353862
31.954415526256312
31.566189113763347
31.559786607994283
31.89419478520046
33.12722768991957
31.027830240301277
31.51093708745848
34.34730089353058
34.38690234244117
32.44077738798783
34.38109553454144
32.88292568731006
34.24034359929438
30.648856507688496
32.86625426295011
33.402368504450166
31.59474306976699
31.23211109900316
34.23930552537108
31.412152147086328
31.783043328008635
33.196575857297994
31.518215524055595
32.834061134531304
32.94701060677528
43.37729735794839
38.682796526256496
36.73088146536936
36.85253754753298
35.36799887593298
33.94932628545186
36.62635813974359
37.336428797683695
36.07279291293973
31.742545976082855
32.53500444238402
31.507197079102255
37.1851839931222
32.87643905941493
31.745506894666864
35.41235903413247
35.307543623393315
35.49064544195673
34.0823084045352
34.34747026258774
36.16336334719326
37.13325928840337
34.41001095472189
34.420818952239486
31.61353690043391
34.53909187345455
41.57550411994829
36.063355331307946
30.729800370045886
38.70925650425599
41.048113767509584
38.31808782546725
32.81319019605976
36.96583412724776
35.260121830874056
34.92098503531402
40.07210301397348
36.01701808984095
34.819388870503346
39.97647451078578
35.23050503659157
33.78560412517651
29.52642912382548
44.404240474338565
41.0180504013397
38.06652409640503
32.05979214095458
38.81609226703803
39.55615788960871
37.99091083010539
35.30564628567331
35.965938637035784
34.197067270403096
31.29909696590287
35.387108961608845
33.145105121300816
33.54150854496655
34.46956368548919
33.45522204905592
33.18079167316506
31.519259096565065
32.10854036270421
30.590035529597728
30.613050969083375
32.99299603258652
24.88785666887514
29.286633655949487
