178.19494362001296
139.49156929891845
146.9494656974232
124.33342623634651
126.54002506029006
120.09123583690709
116.28129195383863
135.96188835870137
124.13302348298708
116.62492590011166
117.41372711897048
120.77391405334748
118.25279364973308
132.74756510795223
118.23524137728808
107.70988363579598
104.85754297196625
110.81125237352575
105.13963793900919
115.21431323552167
118.338540431369
103.55443136305978
99.84600578412565
111.75236697518395
101.01969079200757
100.34339036134732
103.51311695131783
109.01135953262688
106.33010274333199
107.134861435921
114.33748934046388
110.08859795382308
107.88066579651162
113.78794274148976
124.3970058421225
115.36608857451833
112.26578394264062
103.9243562807887
118.14399036648682
110.5870966589946
111.06400482818525
117.2641778047143
119.16839230258691
115.94446800552697
114.92875352842636
114.7832999271093
118.40044509656305
111.96454299467906
114.23689652039651
119.14170107222786
109.19620313819756
112.013084684395
115.62500992035606
112.91803820137537
108.49127519555867
111.64949811119571
112.43329152101931
114.84331000642267
104.37971606816383
106.41298235285358
110.06841455847963
119.37718834909066
111.18524785530502
112.1655028082629
116.62115402478965
116.49779972091896
112.13489208373304
114.99409305981881
114.17707878253088
119.73956711384646
113.04661966316155
112.57939721508158
115.51713141780016
114.12103996918955
113.58685258647361
109.59810252261487
114.30170613193509
117.11011093459956
119.93910907518992
107.73906296049095
109.64945997620278
110.63165206482051
111.50262462440762
118.59662876672883
117.04261696721322
108.78329432224506
110.35961934430408
113.03775772613785
114.31862967673095
112.04499300921081
113.70331529486648
106.33167951906697
108.98343695450157
107.09951095409055
107.92212493777231
109.6159034268654
107.66558359013848
111.98689042072765
110.43714620032362
115.59212580223452
109.4631036901293
107.21154084934439
106.1691499392792
105.54630072132615
114.24633313697093
117.45576171559293
117.68186829952315
112.43184243288749
111.88015096217637
104.96586114054989
114.56479437410049
112.50479173547457
109.42242974030778
107.93495182219502
108.76041188158388
113.15946741138421
111.91088789481279
115.18022426302336
112.83271377602323
114.3161774996106
118.09804020922678
120.89732540681617
116.5480741876094
124.47231539081244
118.95165595614266
111.72391148523832
115.95749707719303
117.47934129112765
113.05910312333519
123.13790307660041
125.36264415783833
121.75128948707358
121.44461851110806
119.17505388045913
120.50528946542869
117.78331895550002
124.49038054123895
123.36333771314595
126.87274061929249
117.03182695260904
121.4786237856246
126.6649973514298
118.48622438970644
117.9599166895853
122.71544456861977
125.86503012001177
118.24244929809443
121.3918885510047
123.00370740033232
119.72593197752909
127.42028860334801
114.41292773763897
119.74715515007424
124.61353390422586
126.09899260061378
124.43542563785519
126.67313489349507
113.13154089367683
122.42919920033462
129.0939315594956
123.25313390663656
114.93999551245162
126.52665839926566
127.13510720839159
115.68143835630839
120.02904966010964
117.8927567321487
124.77765374168771
123.27640454959372
124.71048237982721
130.18539203096591
132.68671502446966
134.6261521638881
121.65226398945659
124.36396686251294
122.61682809705749
130.23320158860278
118.55231861934254
122.22791084961449
121.7779975953851
110.46731373296515
118.14355470394574
120.97807345418045
114.36224661206053
117.64663383454335
117.23933931237698
117.95564160050512
115.44694321053805
114.60233128919481
115.40645935073817
116.20988896312556
117.30141258752346
118.47583507131603
120.25861762548595
111.6916855312316
110.46433927538659
114.82162985010949
119.65102494514434
117.81190391207615
105.26568126784274
107.43219958064381
114.14158508282507
118.81691720495338
117.48277340542096
114.21434387191228
117.64463934583615
116.53661135753751
110.35595399037967
120.41927774539559
119.6866593568015
116.8470379934989
108.86893325670074
116.02179423221152
121.00580152381788
121.60743572250047
124.38440331695615
116.13261858087375
115.87978528921275
116.42654885828068
115.72018361793165
120.7542150999914
111.63672987292993
112.34634099583744
116.06733821062811
108.13458121358934
107.85344855931733
116.95094557369302
124.35609013730489
114.62765773474314
115.57879997179833
117.06577517824807
116.95572979679505
117.59195176037576
124.34889139967513
119.61399414224914
123.63562602178547
129.3909916947073
125.98773950314664
121.70124460171985
129.19124530466215
139.6249602549903
143.78044671348417
136.45525733635696
132.33969629345097
141.03456812982003
135.07593717104675
134.20180143405585
142.22332456273432
139.60339473675592
140.2473038107174
142.4027697939543
152.4914475824988
136.64739252923076
124.53092720487079
118.58120872513734
122.40577530844381
133.48274800491305
126.42839362970446
114.98315373054317
128.87355065105868
129.33062038922577
125.37979682235475
116.10013939344721
126.18007641247122
129.42412247149593
131.66092991047736
127.80852255483168
122.2352723998906
124.44188635554103
124.26274565063817
121.83536643469758
136.78185494357476
133.40697111983073
121.81895421306562
127.15569298297574
134.63680250608442
132.45331393806578
137.13899866118075
135.14386373325596
139.8924649885249
127.77386735138673
131.73017520734965
138.42587418170285
135.74512333267742
130.28587002340663
130.06607273855835
129.3559497160056
125.64817886494093
124.01489330500685
129.5297151008587
128.96288075145728
127.04816176422432
128.59203496607998
132.35562165794943
127.07746748223173
130.09248409679947
131.21189943978635
135.13828545678876
129.13871837917674
121.94487524977974
125.19542031203817
127.85966704631855
125.76129806886783
124.76140450571374
135.79575761745357
129.89915348241638
125.57455348213679
126.95612184932568
124.61071500055675
126.26558357544495
125.83476127137115
127.6671736420173
135.66124160107668
130.92445549397428
128.8086793921826
128.81611109517078
128.65222380253053
132.34757822757834
129.73620904616087
129.7860707559511
124.80004585432015
132.45680559291947
138.6935553711605
133.34614255084614
123.46538998887095
127.14760553934855
123.73487906447879
127.94467945764877
127.90058677646907
132.6081295524313
133.679576233696
123.92647803354211
127.94389595217518
128.59890007374074
128.30821954913995
122.33490701611349
126.68624790068705
126.47177612517004
132.14429894995493
127.39777088664931
126.03738886403907
128.60244242541987
131.33931919310248
122.88267378426666
129.15859574072027
126.63932088460881
130.91193584461982
124.2628387685781
131.98888576311066
135.9777337537703
128.54957525185944
127.24036369156656
139.53352134229473
133.3585689425093
122.54476680326896
129.96594617327682
137.64156781292138
129.24702700785292
123.8581463281903
122.23219462455253
129.22728935815286
127.646620949219
128.7777556388302
121.84493529257763
124.83166683085533
126.36889007616142
133.90995368366586
130.41982015052494
124.87126671907285
126.96986737916686
130.03605708975982
134.14049889705893
128.27432322546198
122.94068366231141
125.87630797068279
134.26498602612727
130.7242943864946
130.2035679846521
121.519283950095
123.00821034154292
127.3302214147308
132.14068217155847
125.90606609521332
123.01909416301186
125.48464592305328
130.41070326968622
128.32195603431353
127.08365052623634
124.28394254972784
135.95732933687202
125.42330440418684
122.08712300839365
128.69305140726289
132.45137513038674
134.91915238623292
129.5111059633888
131.35903437602568
129.1891929190065
125.63522020758981
126.69894808575235
127.8993805833249
126.90851093869885
126.10875127873832
126.27992585755514
132.76546913896482
134.66003216412992
144.33839023300675
131.97556123931346
136.38200436362175
131.5940907950642
142.23531326146133
138.1761479700796
141.00872597882213
135.8225186010391
139.98066027111818
131.71273850254022
133.49433508780444
140.47186112110884
128.98716141444606
136.73200031597457
140.2530225592908
134.18306523297557
130.68575321421346
132.7997493811046
135.8550557362656
139.17984726389383
131.82203018231405
133.20260759517285
136.56861752765803
140.7338910384824
129.44362218229924
131.39603395703168
138.42363722348477
137.65019005008875
136.75828356910245
137.24691949363626
136.8710671313014
133.4537722645734
133.29956122957753
135.86544704927692
143.35342775285648
135.49726139763771
138.3056965867725
140.26501129879188
132.71759059363373
133.33009637411294
136.2790861220057
129.6508412280069
128.09716607980897
139.0310826471231
133.71264662380372
134.51523885017843
130.61489309537117
127.79386009351147
136.4063028665675
136.12706117281266
133.15704117452185
129.35213992721526
141.29570399582818
138.41325206101524
134.17951944448933
128.5800308781623
127.76399883222574
138.57487917780128
134.66912712644023
132.59505116983325
130.2570899133985
131.5080752161721
136.01947487034778
133.58973513998114
131.885638345891
135.88984497862802
133.2285650369643
136.06783088473514
131.0503739495478
131.9869199939414
136.0882475422599
137.25348766754013
132.93444508714515
126.39769655568377
133.61009774770275
139.09398926894508
138.579716803691
135.96882123041385
131.45935874641458
136.8072502271868
132.33024115815172
132.32332322688427
125.31946100857633
132.1836398755279
135.51271989751515
128.7252382477061
133.4911538770879
134.35379160612783
129.83991143350883
130.08918051651202
132.08377402916696
128.91970056163677
123.7333934618875
129.29616125361474
132.05997216239984
126.57030480734997
129.14762517509902
133.62200845176693
138.10883907562047
126.5273186063134
129.2839528062755
134.8691048721863
131.02415534565407
130.7570998445379
130.996841483566
134.61262334217207
130.30448988068633
126.9714369225359
128.898335652451
133.76982724433518
129.19255755555452
131.83045817567978
137.66690144474305
130.25206807354715
121.36976663636679
129.8406350853579
137.87546669070204
129.8410072913375
128.1347230819838
133.19694205844024
136.26369271986601
129.9355240920001
128.36128092301647
130.07814827731613
125.64930665817486
131.67478965320595
139.60091942721039
135.238697693325
128.03411216208758
133.7901421627936
135.74646335653344
133.47439114959818
126.79151310143423
128.7969584119891
131.5175573844781
131.2181479320082
129.44595988101514
126.51388550252217
131.1126321388269
137.2006162522214
132.70403743431783
129.3930786353104
132.53869396540696
133.4409205321233
132.41469689553924
127.39087803415788
136.40716363944736
139.89165179914266
135.71492916014276
133.51479762605518
130.4373160678519
132.4980686714689
132.16030761847017
134.28779250562806
132.34212774467716
134.11833082192987
132.58403632658894
137.91451242170308
138.06425626079505
132.36295035184878
130.56066959574392
131.8651232779566
137.72734191994195
132.35541447428633
131.68941875507298
137.12807873453716
134.91217609888497
133.50015525905607
134.66833768735384
137.27821631040325
129.53592020206844
128.62888404694752
129.45872314548944
133.9383849378999
128.4454590850887
129.5628782283043
133.69911893945476
132.64120996062215
127.87928765228381
129.14771211783696
133.67151427164856
134.58355154434278
132.54803632841217
130.8720413496316
136.17483556400663
136.14780893204275
129.8721716751071
138.67784358604075
140.25439339090155
134.99938624819893
129.3591809280132
130.21786175591953
135.59847144961984
136.55204282070662
132.72879755677826
132.1832700476405
136.5756044113324
132.74504803267152
125.8121514818439
132.53128005033923
133.33205132094878
124.21586802728065
127.30760078700234
133.13440167316782
130.5679046418411
131.25894058218373
133.77112924298285
134.96233306082718
130.11242367922284
130.6190585938283
133.0043227653722
135.08234633451661
133.33351536929268
132.2373609170163
133.64247828652051
135.86041370739048
135.00954948947646
130.1927650114672
135.7002635978911
134.94084876517093
130.87130028063018
128.5931676362331
131.55804658968157
138.17595277360556
135.4781370547097
131.96055929677365
135.66428468741498
133.35266497069878
134.6316035220769
131.9666029722783
135.77211684155662
138.6589065866768
135.32832034868727
138.1247587361085
136.43944886716116
134.77588168282244
128.27197871200553
130.20325253669031
141.29125772194712
132.94665999117558
130.93946173614512
134.52699962352395
133.7342326373366
130.2557832980846
135.6406823015869
136.3255641977891
131.04927755817172
133.96631394509564
130.00757488501483
137.8731945990727
138.90526355408588
133.05919780668876
127.4933129762067
134.1274560489623
137.63643837259417
128.68142942116222
128.42986781526278
134.913072774144
137.14566776688312
128.12775852729587
132.5674224894861
128.95750667817364
131.06127144346968
131.33621634131586
132.2466226420406
131.44543244465657
134.2222736592299
136.56475267361205
129.37016424595683
129.91900218791034
140.0907566726694
132.9751872051845
129.2011201361962
130.9739066614086
133.34880534552195
132.29949514087974
129.79311840604186
129.98762883812708
133.73599390218286
132.00520880247407
130.17949620093424
132.12579762769033
134.92268666268524
130.5011610839092
129.1338144383599
131.84432925253847
132.71225361472798
136.57108979180438
136.7260875268552
135.15592264001265
134.5117618926311
135.8437736364066
134.87733208431354
141.3841715555739
137.4113040050976
140.76289283898754
138.35373136127805
138.81141921855777
131.06341098449641
133.7560782523925
129.32469393527245
139.12420188406935
135.969006924245
137.02338430836164
130.53842959754974
136.62541352742107
137.2556240959288
134.05988091161424
132.11062785332788
133.4686013765003
136.0606568514371
137.10979562629217
131.6101701051047
134.0909385881206
129.72821831368995
128.5084896640886
133.83098269930252
134.34613066506557
132.27944329590443
132.89190746391625
127.98029575487516
129.33648777463185
129.83614048503594
130.4930504221049
129.5804701119261
129.3590275792936
133.39937972179584
132.4276727872508
132.7509075763419
133.90968957191726
130.6884313122007
127.06656618363876
129.14113144710956
134.6975311419281
139.01808060881606
137.02412617391042
134.70006388653758
131.70431921268192
135.64688407453875
128.630012327256
131.31611310997184
130.3138726035574
129.3192940327192
133.639634798065
132.4792172470966
133.95020337414567
140.97170778262034
133.65858130173288
131.9972412639607
136.4443423728097
133.84710649016358
133.4168185551958
133.0216234559499
134.14781236157515
133.7943216942687
130.6897996470799
137.16824292385334
134.24361661676292
131.53582070543035
128.81651315644208
135.88474819797605
139.62824269149337
132.85931940311187
130.4303848658381
134.7048495164292
137.32754622939908
138.18672420187102
137.08768364355842
137.7435599837487
139.19369359719832
134.91229617030876
132.97318403813165
133.5406341220387
137.3309331520155
137.0576772069997
136.4430324987648
134.1305813171108
132.8090899317809
136.41661557715818
132.52909874133522
135.7698470396973
136.951614791026
131.1366942914375
130.6450669014849
130.9719357600867
128.0120896892603
133.46395592391005
133.1725231320296
126.9265454406323
133.43698147262853
136.97655597607167
132.8270315769765
127.41767358166614
130.13444201311182
131.75314091977788
127.56384614190229
131.4926596649294
137.14043464299516
128.52920839745212
128.70237388267012
137.6585505778641
132.7100821220428
132.02274035463776
133.32136928103483
135.47386401548647
133.24177310562422
128.68476174833805
129.36199764284865
130.11620440298526
131.1218213184231
132.06590747771986
130.62191030205483
131.38108956665087
130.66171389982117
128.40458777698768
131.70671463824624
134.81091501743074
131.88560404110925
129.529929371959
130.43425760655708
133.29692140485258
130.68869703593535
132.3449968769933
129.29018270131735
137.3629850635216
134.0420706452175
130.48727434793952
129.4263640333552
132.47826602127446
130.9031364319777
125.57932666427186
130.0494394373701
127.92973218162811
131.31652526883875
136.09493482352582
132.00332148757647
127.45068465669418
130.58358684124462
131.5121075940604
127.597710309027
133.42205709513604
128.6282432745664
127.73510981912081
130.9344068701813
132.6337256430678
129.13037368018558
131.7691637092898
136.62513078227886
129.33589622281576
128.33753934573764
129.09094432620216
127.6032027062299
134.08431087811292
135.99648277009922
130.89030769113825
129.75378642001345
130.46917414668505
133.99478524446076
132.25779209143676
129.13856972867703
129.78486354436728
132.0712834041549
129.03949268062843
126.97781795917756
131.45390259342278
128.3095734873123
131.05051713567835
132.18252318632838
131.39137116506993
128.54860045126208
129.3286716828051
130.91356910107376
130.24700016728465
126.07526927290928
134.15173231715033
127.23018034668344
124.48016232292758
130.66197872104684
132.09169160604378
133.96967619132806
129.61808078233645
123.07429691387686
128.59224346675828
134.6455520343856
138.15960533053138
133.05001504863475
133.12427139459282
132.03819171618832
131.59952987589764
134.59570991004958
133.55650186024016
135.52497946927883
131.43705282846204
132.82174061925957
136.6986202728046
133.13646867330107
133.43335841406596
135.55684538243798
139.04906372694205
138.17613585816923
136.0556604208134
131.07272915815867
128.58862833943658
128.19740634112878
126.94933084671183
125.18077786577844
129.1099113475211
132.157243208632
132.6143968468544
132.4564082222243
135.9151949235431
131.67300163548498
131.74978591217928
129.48049378372062
133.66300133231454
130.37537440023908
130.03471742105464
130.03752253185547
134.3059654689003
133.83734269183927
133.28478249049462
124.87058693357461
125.71682425888312
127.42051015326692
129.6673410330811
131.4861797829951
130.22101283583186
124.17568697613805
131.83281611627436
134.12671648075147
125.3904132699451
129.2316212472894
133.45614038338988
130.30377124596635
130.877780868788
132.70871431515346
134.2591792252367
129.39826818311516
129.23133426476267
130.8073078473015
128.1805010169835
125.7050594442735
132.31161787908042
129.3685886265271
128.57360247264268
126.9698584631041
131.7986396932279
131.30541720028185
127.8121256591253
128.1899955499692
128.18478695800215
127.25843214559558
129.42883687528928
122.25883053841048
123.73774563384345
131.68929592157278
132.70400622665636
126.72220178621363
131.3015637772238
127.46046142945006
126.60516130468608
128.18650314213292
127.60000330978204
133.82653317901287
134.2340917256097
129.77490891964143
130.33433101116918
130.9218642492831
129.00140195035087
132.10878871266982
130.855730060086
129.29475462010475
127.40537068424743
134.59545641715928
134.67050493696075
127.87176849014293
133.34484780998534
130.8909275274451
127.73700862815791
129.6275573458894
130.4016075084036
124.29571070158843
125.85004507694619
126.71025810500625
129.81210182037262
129.02391453709888
130.39582874194141
132.49330242760945
130.53524473954698
130.6068863993595
133.06897753327905
133.42127173890117
130.8061531797894
129.06975887107953
126.21790319479888
125.92664869079734
125.04953956104244
125.44636252115176
123.68532782600786
126.10703857071907
126.12680242321713
128.9239368740965
132.427218587568
129.0092571187987
127.31881124367014
126.81580655771506
132.24570714600884
130.0010758761699
127.46366923012141
127.56980363020953
132.79747015527028
135.03080100030613
130.13251069541005
133.81840592874204
129.703527310352
127.5860510058343
132.5173932780817
129.09180727409122
129.81073513739722
130.93698615647608
133.09922167774633
133.31989639330826
124.16508352915824
128.1105903386113
132.92961896923086
135.19603961212627
131.495487636489
130.7901784053298
135.1256461948885
135.1655262133659
133.04886601982244
129.74531092985407
130.2183224729562
135.9571813005091
133.0407077502488
128.40652963095837
130.78915741662135
130.96097081787912
132.2415337465872
129.8902247581063
129.75830606691108
126.07858458705401
121.28060793548764
125.23740276005323
129.9169342401857
126.3822861561144
125.19716100874686
132.45500105062646
131.20768421683928
131.44517667374822
130.16426771210791
130.9034972556187
125.97009982539853
124.49291511540545
133.10183901329026
130.32655325764205
125.44573406720366
121.57980302831857
125.74921934412706
127.88978622926658
126.1271053991718
129.68537475708342
130.87346899919342
130.5380736899877
130.57895753998034
127.50558069997777
130.34050188757183
133.31605737461487
128.28191547509797
126.39095357851129
128.76937677529781
132.22976068467113
131.13676665722696
128.3997998784526
129.85062558398013
126.40406680155942
127.79790679993344
127.50041119603756
133.24934116695997
129.94243474864413
128.37675607689854
131.12042009135567
134.4293613426196
129.14764683580196
129.25101128851284
133.01362892255023
129.20481050416777
127.43697759666408
133.66827592397684
130.61722494775552
127.84842192015132
124.42239990649959
129.70750208823978
128.79598570895058
126.1049093460345
129.14282919167087
131.30543791838284
128.28747839982967
131.48306685469595
131.27237296328047
129.5801061516366
124.33659082428035
128.5087366260481
130.30234998123424
129.60927799245968
128.15928410636462
127.59469987162142
130.95052220382036
128.44084012436502
125.94012520946347
130.88700981214123
134.83777333788902
136.38720348389995
130.1892740614252
128.73355912019036
128.021070572952
128.9440197535394
128.5827971926214
128.63949495943157
128.69727072219766
128.57862233260502
125.27226522238271
127.21262956355993
123.30469554984722
123.80248440747408
126.50960447484056
129.45041392911966
127.33065769677145
121.3608924967091
126.15109368999816
131.45219812601016
129.32814308714086
127.51599800507502
129.7827741560945
121.49330091397634
127.75475170034726
124.27975116230897
127.09173744157215
125.16605406528411
125.36889474281328
123.62828659719526
128.59490563853902
126.57685622882119
122.71172933024842
123.51300171047673
127.161771940388
128.12911020169616
127.28207014405892
126.51939673649318
126.60894584933368
129.12489889953312
125.6580373139729
125.3191487157096
123.4969614001166
121.65331229455931
128.18316235040163
131.20724640499603
130.8829027814228
123.75029573884534
127.12571701219375
122.36573145276697
128.99699771411758
129.5897316980407
126.84502917656842
122.32356518178644
121.92038364752553
125.34386951374977
119.81242935038273
121.02389311197021
122.16510112991527
125.12128082932449
126.63568350850724
125.54099460428154
121.29141428705978
127.34926400398814
125.1672053449962
123.70588111891578
122.76167513336961
128.2730940346628
126.5768851107973
125.77413493517899
125.72636287397232
129.84644738125047
126.81536559997875
126.76212132143188
127.26341092117083
122.98762237924835
121.45753809471982
123.64500045583951
126.08254265437968
125.59158131128711
120.88339893212247
120.57169318361923
118.29907138805012
125.89837175185836
124.11399549903221
125.14405082760354
121.18095913801655
122.83711890765144
127.35911329692573
128.9153334496576
127.08940604958812
127.10316936968073
126.54838401608235
128.19153037375617
124.65280844773794
125.69169913025553
126.08740344265443
125.33492099299465
124.12465282532452
124.5766751680157
124.31638378588563
122.43360052691645
126.80492945210776
124.74133066958126
126.37160354528935
125.91459228829335
124.38555865006148
124.30854741671126
126.55236293030313
124.45259292114964
127.88693105131965
126.3453984014945
121.44069629871917
116.48959308439855
124.43300319087237
124.68005040586795
126.15524129942968
129.54576597220282
124.91258875013598
122.718634425255
128.13521187925872
125.10903131930515
118.04415548135702
120.71827550225557
119.51191034581574
122.1183160425241
120.740907941595
117.39085469400456
122.18907141539218
125.78761916540148
125.57922002639147
126.08968562239157
126.74638715767274
126.14273689076883
126.19865756518692
125.8863411179197
124.60832218474432
128.03755555982093
123.65017798810268
120.13708687673005
123.1408583714837
123.30339532372905
115.13612953990521
115.53536199478486
124.74872149889842
120.6302828768386
118.09766134951222
120.3343297623052
122.25625136241771
120.82463005582942
120.1663445723952
121.46871285872223
121.4922094671968
123.0947196182319
127.26432186725913
132.49469980855713
128.8322843241618
121.22412958697278
127.07353707218421
127.52667278366492
127.30417737122949
127.40128183234894
123.3887479606255
123.99523611336161
123.10469282586634
123.97631594635142
123.95071260511006
122.734194691056
127.96259360282649
128.25219479613241
129.6214820701714
127.93213478123431
130.06220557956635
132.40817714509035
128.05783676840088
124.29572080418639
126.73636465421274
129.37786744165044
124.45929662776669
124.08862728888353
125.45558916199741
123.7241961663729
124.46024621991545
122.13695455636913
122.35079508269993
125.52957261160581
124.54312128343389
122.86973364059433
122.63837114813664
128.8141497366184
122.41985967260376
117.81599162389453
117.99873492289464
123.15739157870951
119.9059408090827
120.78812715103828
117.22453252242667
119.74407071075161
123.52036089150579
124.32224047355962
124.67411054460354
125.93042952903525
129.0526859559649
125.75883785197973
124.82164456485032
126.2699392247141
125.02808166754163
127.22735262261915
120.3823421391433
122.52909712791526
121.77052618641567
128.81333977866186
124.66712519987432
123.47449245539303
117.76207056535841
123.56762413349166
120.62170688565901
116.36004283947015
118.05804261187302
125.34241520348482
126.11304230634713
120.78507188521431
120.8232936965958
121.17769290952923
122.16682472586075
121.75538376328313
118.6646688760756
123.92871205414343
132.0407735976607
122.58761759220248
121.93044605388033
121.27627691193224
119.4828188258817
119.69206171615535
119.96987266695156
122.45387810853786
124.5235656717128
119.13755026899145
119.4987468828573
119.48655588969028
117.59581247938769
122.55829563100164
123.75452943554195
125.01192467335248
122.6150007930405
118.18916192121124
121.49124885523625
123.74652719123897
117.01901410232293
114.24175720590472
122.14252901445079
122.882120622636
120.3753049519203
115.12520680795184
117.23271517396932
118.72541297453185
121.62095763318567
120.43561919323957
121.5254306578784
126.18611705037164
125.1269746439275
125.43228462006529
127.56717238602887
127.37539559800032
123.32947939474056
121.91466874107768
121.89697465143905
125.32493095752153
125.21953940072612
128.63534001699452
127.4003715716047
126.53284384802531
123.65277791976507
124.46849222834393
122.8035406493584
124.81977659377422
122.62054216705597
124.43875846760348
116.87849968166034
118.98656150138368
121.84774773732443
120.7017611991885
119.85359275129358
120.58147328554085
121.00123985732905
119.63673626705179
125.44348294685162
123.73832207957848
122.05866532683723
119.89080207772318
123.31357474120699
121.65975421245588
122.43314268446778
122.63349047236869
124.24498485637865
122.61965858404666
121.13559141032246
122.41697328009987
122.55829114930857
121.55583428944996
121.86917450066058
123.48901117088937
124.8509600986311
127.30787288416961
122.8197843145219
121.59281493490569
120.07563843808902
125.65731630971614
122.19261643451824
121.85335574554847
122.40279610524922
118.14510918265324
121.46170856782315
129.27148171846832
127.0931029235405
129.57681327148504
127.33510685142762
122.70119013444132
128.23146657145782
125.94425620645677
124.90222672733671
122.06411976652478
125.63087482613172
125.83211225769078
120.87880882284054
120.51531256301335
124.42736694885345
123.42236193007159
127.13556777321966
123.36628921034138
120.08445233337075
123.39088923676219
127.63792537144205
122.81113862884091
120.90082451940208
121.36589160811866
121.73644551038325
121.75249670897497
123.4037207973505
123.19739278039137
122.8555999763278
119.92046634745404
120.93911803078535
125.97366754951285
125.65980357808407
123.65308316263476
122.61908550141419
122.02117634684622
123.71498979716718
125.32158056016186
124.46112122294554
120.2179624065028
124.94623612609894
123.80335981902947
122.59169038751989
117.28406819347266
119.72390518228823
122.45867471211199
120.1124316983352
122.0800027746856
122.70232936071552
124.75156329041907
122.43195749007828
121.32935456510339
119.76551324664862
124.22561059656236
124.28616102851774
120.63821395950137
124.71127757569074
127.62654361019635
127.33405490988102
125.0329679912468
124.32149267131764
127.24891761104344
123.14055035178731
122.0753418718697
119.67960192967867
123.8847633897122
127.9166226000011
119.5436335350991
120.68548229742716
125.68908231014528
127.19804574193913
123.22401353518153
125.08353505262819
125.21191339398212
123.97128910527637
124.02403843774009
122.54610974004642
123.82044404280765
118.51261625897807
121.15651880091478
121.90978163140073
123.72595510583454
120.78412283317294
117.56593682263001
123.20861763424047
123.3506853711513
120.17191488664852
118.15404289730402
121.86639326364114
123.87010024020518
120.555082549986
123.51312874369042
119.32657128220595
120.26205781720714
119.45012688145518
120.02517936113384
117.88732312513615
119.49145552419192
120.82862914714322
121.52028953041432
124.74008363292822
126.42632690666971
121.7467210515448
123.71140968782196
120.51427018495107
115.10125641343544
121.38858722768887
119.50914352697228
121.13197444441631
116.16503654220429
123.85543677343755
122.09019143014375
118.1109101278971
120.24766884139319
126.01759634971553
123.71067289785428
119.96475664752161
123.1595277397202
119.88448926038767
123.19942137508642
124.8780761710574
127.24521267366872
124.7466758029606
121.9018519797365
120.22533980574964
126.13499074088064
121.55635712239926
121.33007582119335
123.39735508817309
123.6700857025443
125.64421451826553
128.51408181624382
125.92053277875442
125.55606335064192
124.8481590532516
125.72135414571927
124.20446044214908
122.90379288610174
120.37778611977555
122.3807378780431
125.89486464092765
124.27898904998561
121.55039945120258
125.76818293364488
124.95575304016482
125.95145528412385
125.53309736003769
130.33479286044837
126.16758005740522
126.24944987902477
127.37579710306251
127.05181316081362
126.42032894241133
126.50634492875766
126.441331693975
125.97501841693266
121.43945387739183
121.65203945720312
124.59369213580054
120.95218193197044
122.74391970913668
122.35717895123045
123.21666090195609
124.55365539610739
125.13973313232931
125.13141144192406
129.06018787375112
125.9738782295522
121.98263236076866
123.02039479985457
124.9291672156264
124.98677459646179
126.50092428655483
126.09675143485383
125.29919058920873
118.51522880888025
114.81833755261117
119.49814333531583
116.4696541094853
117.45019754811673
120.57135327775566
122.35860591863073
119.2571000279354
124.59932470335923
123.6209740582462
119.33284453883576
118.25658738359932
120.55394904412468
118.44666599737982
121.37207990335996
121.51408197890649
121.23405682215481
117.69715825985381
119.66563481632733
118.11342679117999
114.03708692070988
117.91304403491559
124.56096514766557
118.84772128521757
119.46916684406006
121.68076569347839
122.74038210839745
120.8077607434601
118.64205025164229
120.76523557427038
121.4174550994175
122.53750378295388
122.36232823909991
120.85770551066267
120.46715596932438
120.69312561322906
116.77682678115175
120.68823319297658
122.11300355286896
123.59859693616335
122.61456622740607
120.58346177285655
123.84558111327591
121.1067702380675
125.52593787560083
119.84374272147818
119.60128729058295
123.5837393919884
125.73294920178661
127.78385671387818
118.44260589580976
118.7161448312038
116.62238097872934
121.23524903662508
120.86623365406658
122.9809706411057
117.77737965382583
124.9491937518813
122.86236527151253
118.18061155425319
119.6475509959659
122.21809172552022
116.01725525775059
116.34923859884448
118.32395939299171
113.78830563992433
116.46061086551472
122.9331086635707
117.30709251959834
116.72293585397391
116.67064576462636
115.52382008818971
114.83562356372904
118.05989578958413
113.03698421839727
112.74104459914095
119.11339395280767
123.1997637795324
118.39844465321512
114.500222450203
117.13672146624457
119.64157252201139
114.68194769407063
117.12356666169431
116.49345797587927
118.97670578656702
115.48479763503569
113.7824503317091
120.75671920403185
121.17898420660138
119.15065233854058
120.18747517100812
120.26315613219396
119.33946860520464
124.73805238026145
120.01459753862873
118.62689611280148
117.0439428831244
119.47930283462482
119.19449310267217
117.35789811694977
118.71280629906244
121.15222183947935
123.90175504093695
119.158841132772
115.45344182667498
116.49151197843732
117.49083575376281
122.2435853093766
120.60924016075121
116.87656545187161
116.62877920193655
117.2410180185923
117.26506027282878
118.05149598441076
120.90448023947361
117.22058797737344
113.9187466516269
117.5618491757827
120.0785876465777
117.96181632787197
115.91006514075784
119.3605706090579
124.8796474227168
120.24304360083825
118.41569777493856
117.87181393354054
121.66938568974103
122.11944811243922
114.63812935776856
121.4451382990378
116.50448655649973
116.06959933075424
113.14889388023617
115.91848482792106
121.44792829980791
118.292697154613
114.51866534040275
117.62534031454587
116.35323922957919
121.79586385796489
118.91684778659612
115.65021305313597
121.19550897903919
118.85127620770915
117.61785851989161
122.53067859526168
118.98287613900682
119.51762481155485
119.05543012489781
118.89537426721395
117.03215368383036
119.33301326628312
118.11392936472105
119.1333708913975
124.96647793944857
124.91547735214142
119.86897823138601
117.64780026457018
118.74991456546486
121.55473479512959
122.6635633017807
117.49437340561133
116.6139594488007
117.98951383845153
120.95821218936486
120.07133087437734
114.51891908782541
114.31887913657816
114.43648847015582
118.2654586467546
117.37510857988389
117.33642019298738
119.43684117517321
119.26311283644877
116.35631352737556
121.11054176680707
125.84056316518087
119.06115593987971
117.11652401225041
120.69699219364782
118.11731680494157
116.84559584949083
116.7456111681974
114.2293943379978
119.14436926661146
114.91819233065918
113.76577945445224
117.05632947684742
122.20171186890164
118.34751161919765
117.5074746827612
115.84004166182643
116.77427128847049
118.84882796454426
118.40567929608373
118.64331436213823
121.49738456089017
117.2966888051008
114.83687432704767
114.54326233590237
116.49950280922464
119.4373734463118
116.17643491073812
116.82144406936067
116.39496326301354
112.9074524787458
115.2613172587865
114.0526715744377
116.12464177329704
118.49718689432612
118.74370761759181
115.51323343632752
110.89913628810532
113.97445679202141
115.90149359899402
115.33001739233472
115.60810382988466
117.23190968203328
119.6345824326561
120.53071259774326
118.40187108839828
125.67617748278906
122.49410793301332
119.4703449812764
122.18934583121386
121.3440124873196
120.0771289535242
120.26166589849149
119.50581244364163
122.08752121212932
119.2015167266203
119.03949813672288
121.58200424937499
120.2805879281168
117.06161456853219
118.65876472062179
120.96018851063677
118.20590829049466
119.77992266768597
114.90938797454857
112.32880561649021
119.33084959599249
117.15705246554465
116.77326408584796
116.42794414931613
121.24509543975269
119.11011617814826
122.77354314625876
121.77152445216623
122.23413215926762
122.3667392007046
123.78835894879272
122.25332135549328
123.64377935872837
123.6172797173099
122.26586319814923
121.9535131505048
123.6715915201758
122.76757162457416
127.16533901868763
123.69146923776276
124.67021851570753
123.2272560191537
122.89182884642987
121.75210639030237
121.24393117204201
119.35303028203627
117.58422747307473
114.53382684472035
117.2812697906161
122.48419386621859
120.2830584161368
122.29982894390858
126.76045554276479
126.85778284299991
122.99544813710312
124.59803354642554
121.5649083952355
122.97522842871557
125.02372509381236
122.51924644540726
123.92523257653939
121.53423936658822
119.36296203814942
120.94073108673196
123.93886717853458
126.64001524104933
124.07067715163845
120.63668170015502
121.06305453841814
120.83640729947942
118.45598310869087
118.00849606115506
113.16573901242256
122.48308565343578
119.80873556090687
118.82892400453726
118.13464864471999
119.2014469870349
121.40507300905098
118.95100159148797
116.48025151613747
120.86899841999254
120.49407835079646
119.2237307667667
120.327048876234
117.43477014062417
117.6595160849798
117.13331603724869
119.69702721069902
117.62430339651337
119.66726770417706
122.62464265363043
118.46819213290259
121.11553899695919
123.33324809730402
116.4956149693736
115.94943493639973
120.97242892732075
121.42913163531124
119.24544680376017
122.97295327199613
123.07503519781963
121.87726555324276
118.04204908094196
118.91099408333365
117.71881193417427
118.99055984293447
120.34852938603352
113.54298304958878
118.01833899856614
114.88428203297843
115.88527196519536
113.99168763406676
117.21136628183544
116.74003841350655
114.13209572076637
117.18122718131019
117.6384528674883
115.5067316452677
114.40360972302038
117.46238615674785
113.06036152020896
114.55182003815355
120.40374808472545
119.4492187125433
113.2691662521431
115.2733129654533
118.27895191287291
116.83278247776205
117.67985796869154
121.08369088962714
118.61787974803487
115.60156550255168
113.644211749755
117.05684225692502
116.74006868761
113.86336380649162
113.43392422565805
117.01855913846559
116.36977904788368
111.27129920273227
113.95554048509865
116.45368997043992
115.00343530517357
118.84401551408747
120.96949616059625
122.34863654715573
121.05116919272591
122.12896904733454
122.30345884969944
119.34835363873219
118.13689902049629
119.48023941395336
113.92515788988734
115.84182349654766
115.5054520891401
115.72972427063182
118.21324309208148
123.12245317123907
120.4940130718721
122.30509451688404
119.46295341689121
120.70310293886406
123.33880104966589
122.3898771790256
116.4060594266465
118.25950324269903
117.79647903847231
114.00034782845154
114.35846534038902
120.61494093039074
116.19134255029407
114.18735512540076
119.63590251105336
115.60325079621178
111.4337206337005
114.03606195979482
119.2898020859615
119.46422716951479
114.26972649781386
112.67799219164571
115.74407784756258
117.43284518071764
116.54128281474658
114.7088422505793
117.65114705956286
117.16552429965644
116.87937091870832
119.03560602319897
120.39411253804839
119.08769424535565
123.46464524720939
121.55736289290354
117.70561630404244
116.27091448764601
119.43288718233879
119.08032491805672
122.48096426766085
123.41412985896568
122.40815508311485
122.97621372572307
122.18641354865929
118.6375457678756
117.02789757258797
121.16503921602515
121.49894420915476
116.87237653781882
115.9335897219176
115.52939521084453
118.41793644680973
119.38726333402255
114.08742563135162
117.18460128811861
116.9734320715041
113.92233719916116
114.7050248336622
115.08561690440088
118.65193379717638
116.95482496775536
113.4410574443195
114.69462490462485
117.13256662472767
118.37793955704404
115.75103524748143
114.99539369456541
119.53051560501342
119.37219786259338
116.77074004945923
118.75460668381344
118.94489612777227
114.25354826604983
113.18739608121251
114.41727721839251
113.9504669426217
112.49053822158223
114.65826203184105
114.5730182644337
111.90137295463177
116.35595307195517
116.35130668070397
110.05353110849586
113.89841567400494
115.26798580141227
113.98793009942305
114.31777350483316
119.19885725961797
112.6921824004727
115.92516951441998
115.05733709702997
115.52721094674057
115.68672242757864
116.36313646403701
114.25557809020484
115.19399758346606
111.75126297239727
113.75383910853122
117.27917110579475
118.32986201073781
112.28773266906468
114.8061360896743
118.08613511586593
117.73247662249273
112.29879847229364
112.84748473445171
117.0364994368521
118.8980164070909
119.16298967890019
116.98680556188009
119.79775194238678
115.24357473005647
110.25715261862199
113.9550227212812
114.13890304457291
110.68352077863562
110.40599325775197
114.73286045350127
114.99546810735687
115.92430428155649
115.90421152194891
115.00895573471144
116.86031496266014
118.5223078644026
114.78201244809964
117.84486485287103
113.57098335599527
111.84023891003173
112.57514838376433
114.30033498646418
111.54013328533638
114.30055452783353
113.69366384297453
113.70100398404122
111.04364961540446
111.38653809752228
113.50975214746032
109.22049628647896
109.86087122740419
109.42586543740454
113.6251665122008
114.96000847554954
111.48137267084388
112.49676356920445
112.04919251740702
110.06868952314184
107.44825649267659
112.33785439084994
112.25792778685944
111.11578359159536
111.13461882237424
115.65912040539817
113.3971909627011
112.58154122974021
110.11158063717663
114.8120513122691
112.6308384169175
111.50926041058106
112.17363929505224
111.68058215567373
113.04974819561245
114.43531662924941
115.80552447911354
111.73831125309404
113.71914177832456
110.84535145034455
109.77608198439299
112.69962546641709
116.28149141440761
112.73872714167084
113.27943811760731
116.40240227962505
120.00283173814809
113.66682609143619
114.83427731953093
115.21851562149477
112.9480159373932
113.66546584629023
112.80660980206656
115.49238452774091
114.28897365764831
117.81104381086737
118.19472642082833
113.82324896730547
115.70097213285419
115.87100256422755
116.75795619551235
115.72341423561367
115.78414410510248
116.10597805759652
114.94156917648996
112.53165015487255
114.04760705592709
115.61812318329832
115.87477794434443
112.16361125292924
112.33119370907033
113.75705853894408
112.34516226002833
113.71060748045815
110.31184486835768
110.30541914902956
111.91766979910142
111.81421530009966
112.77028896119856
113.52594091200822
114.92326708068227
111.66048124224751
111.16513422635589
111.20620661069427
111.49900085180876
112.32645364745433
112.0739290092607
113.26842762763908
111.8975217464266
114.59127792271244
114.43460945468436
115.32193053428604
115.13378013986316
111.2453298137512
110.18193130758263
111.45818119237211
112.36427113379337
109.2945287714892
109.6979728533213
115.32615391242241
116.6060931504447
112.18602707408606
109.61560261183175
109.60964862764443
113.8780112477412
113.85381029631682
113.95891634151266
116.06533417644319
113.66306529098856
114.44422915964991
115.77304525374339
115.78768383415904
112.3675469362522
111.84743038930343
110.23717127559296
113.04267207144696
111.68161862763628
114.8141163558571
112.16997712322446
112.65206171183532
112.93298764329938
111.58759042739224
110.31033066405132
111.91730516046402
107.67132859652305
109.21229830281715
111.69672743085518
111.59521878269112
110.45791729588282
113.85816730857536
112.25114520333355
112.13438530184503
111.19116192658176
111.08681020449869
107.89287324681742
105.61667581328
108.86468247518319
110.91602669127784
110.06820961648016
108.18705602178945
109.68048241943617
112.54128102633463
112.26906048797733
110.67057227104434
106.62758080999178
110.50697837530028
109.32111691322389
110.3338885401793
107.94169786938185
108.7914585266471
108.08397674947985
109.65440936280167
110.54469674952041
105.86471120143686
109.96454270936094
111.11345609975662
107.93741409739849
107.30253916579892
108.94876589649499
110.52229258738093
107.812583448365
110.38548794705957
107.18122612681438
105.67281286913065
107.86071033832806
110.91321002356824
112.60984479302938
108.34450677995875
107.91120611026275
108.19349309610345
110.11420357364281
109.33154749236947
109.14854499658546
106.17338007496275
109.84425383209893
105.40475473760613
106.84607598574843
109.61795578525631
110.77790352173729
110.29284207392668
113.66814621036603
111.43001080767245
106.96749894892768
107.18254069595594
110.968180373828
108.32943421113974
106.88617794669752
108.98145978715935
106.24399687735858
108.39847607430805
108.67948566478641
107.35987868062189
107.48789996265242
108.36661882805497
107.98818342486183
106.92874540161694
108.52193108250613
107.71971516648169
104.84567310715067
106.30267126586048
106.83626611509312
107.07940400781762
108.25480361299523
107.68913649646609
106.80708040863497
106.3691026261936
108.40469078713771
106.40067463451891
106.05214929194855
105.42265954755945
108.96451162643618
108.74281172078673
105.79208916958876
107.70999072932817
107.9378461530579
107.49963356506134
105.99604534739275
105.91659990796725
107.46125934262747
109.3536588403006
107.08859621897868
107.87355952614155
110.21679307096649
107.9287501498406
109.9134395645704
108.66122040718113
106.40433930951411
107.7743469333309
108.23088528056141
107.44237353230767
105.81403591163735
109.35630170000265
108.78951543861487
108.51244778885291
109.21154416750466
107.89314383580597
106.18869015304725
106.42060232608291
108.86633191821089
108.18799907936602
106.47197418760646
108.33461982610825
106.5376643951343
107.30037484166802
107.67133771469969
107.13558138453453
108.11086819070752
105.95634685750937
106.51424891986473
107.53388030242247
108.58633427540688
107.89092127110627
106.04896225051608
107.41994837313909
107.87205447811706
106.47401657479159
106.5945275763349
107.15897883656707
107.25118264851115
108.57670747738375
107.0321304491068
105.73105619082469
105.75242366705938
106.99701155290691
107.31472015912095
106.02403948425105
105.66319190606384
106.42729319837963
104.88408530533299
108.43082656669263
108.02245041774091
105.89993166854423
106.31281246787397
105.9673156122871
105.85361738867309
107.39056451654406
106.4344257863991
105.62780349443261
107.92541814943824
106.15437440815313
105.46471223114114
105.81929481400431
106.94665383789643
107.31484581520621
107.91532620229071
106.15741526359939
108.18763683434521
106.28047061657342
105.99365356693856
103.89951157562975
104.39698445438002
105.35053334407301
104.38263228634146
105.00124039218483
106.1339583766069
103.34630613257993
104.77570111489423
105.61704123096912
104.62578005238916
104.78798649464252
104.23609462027072
103.33246490643029
105.8204050019586
105.96547797858935
104.78143985963678
106.98614926900376
107.07299312329778
107.17557473589812
105.35227359967426
105.62044116882542
106.1976225110743
108.33329843145086
105.76836763106908
108.26015377917946
107.44430225285292
107.32303695707085
107.74592613353856
109.00504124135892
107.50813215364946
108.42643867751605
109.47549112281203
110.45499724382887
112.1480474213856
112.06281166011298
112.23239682098996
109.18645044208267
109.15577381779373
111.60085312705664
110.44470423880111
108.20074100255223
107.29548628792303
109.50087589503846
105.67960625053445
107.1717100354722
109.04170134732624
108.29859669500573
108.62828190531876
107.24634485529437
110.18385829392764
109.97395888701114
110.39226862617656
112.77287650320017
112.61367197517824
110.17251622261684
109.96852068199212
107.63171626256847
110.43193771780696
109.38691132122625
110.13293955621702
109.45703909640517
108.83681079074624
107.7262149718279
106.58807477413207
105.12235330291263
107.47210841445101
110.68023284423077
107.55930391591991
109.32015374258994
106.58310184021852
105.85444230458076
106.72563770843726
105.51579370881772
104.32825580211843
107.446363221298
110.06740106403726
106.01477874278173
106.7963893754161
107.36672962580757
108.37741204321848
105.94599124210077
105.42671716846755
107.86832325005322
104.79615727537765
107.32231308375101
109.28037226127348
107.67226223558457
105.10416309564496
106.03482321550806
110.87768087782285
109.0361047122362
108.66171176655625
108.11062861863229
107.70765852100357
106.73009384916718
106.26140343829488
107.15071645843781
107.68406337564102
106.90250063828753
106.89054904027813
106.85051849543346
107.90032584703803
108.20618498335156
105.98048106851013
106.57461178922793
107.60039711087778
108.01053472950154
107.68670966886994
108.63857408491884
110.59258580182942
111.01384642938417
109.41612398693573
107.63938515700782
110.84661505590951
110.99543181331475
111.50642968988457
105.69255201924996
105.41952163134714
110.36855844884006
108.72440234566824
106.66013610209967
110.33582919346169
110.97612931752046
109.27607970694525
109.45106503556393
111.64873166317214
110.62167810267721
110.9267993931723
111.01362751037006
112.78482992378623
110.32246360564027
109.52849578779838
110.26570053382773
110.86980253532259
108.859220794953
108.56988806292567
108.67826720445544
107.80896951355629
107.88234042686604
106.6360859117193
106.45679841607013
107.52708611686455
109.95051372540792
108.16008104812703
105.44213296246122
106.60698465110526
107.64169081854892
106.5666627613661
108.738426726202
108.81253110465798
110.19408733386152
109.9474855542841
110.52675397910305
108.47414222404227
107.18772958563895
107.18721324053837
111.22805619265051
111.67127138017935
107.37108377837845
109.1395549960075
107.42976249090083
108.07881958636786
106.87988502240911
107.61259141892991
107.27922673090875
109.32264432918399
108.5975208666679
108.5237031372411
109.98161187876738
109.62495429902769
106.83259394241033
109.69637972799013
108.30988933191078
107.73089485640797
110.95439672629584
113.03780481500755
110.16341079912876
108.8529919698579
111.78754271604252
110.19672967772163
108.69232657782071
109.34896414789702
109.34200669831266
110.75729826679112
108.44115804412078
113.08422649697717
111.36131516812227
106.54140722808961
109.53125227542768
110.60858536709219
108.27233182880781
103.45558820901174
106.88202808238054
105.43924089847013
105.92250790733358
105.80735184661735
104.99112774675912
106.39024787634709
108.11316291922881
105.37702017455595
103.27702701962829
105.77699213354168
108.3629068518724
104.38960951668996
102.76742968643917
107.82737141624565
107.8742129514931
109.13091214787191
106.21409540400248
108.14489625875682
108.16328726727093
105.18071307866332
106.40170927554247
106.18632611284406
104.83993806377396
105.03716908876171
107.63836404702234
110.24237478440962
111.77840658775203
106.73206773222286
109.78247510457517
115.05717144905664
112.31623793439628
109.37114829176451
108.64190783749407
108.13972464051317
110.95981539336422
110.13962302172604
109.59846127063027
111.63549364500972
112.37932713621586
111.52250961949824
110.70649070637957
109.58642089843059
108.71943058268661
108.63848045791339
106.71194830819655
107.92592853584327
107.84843170407761
105.61423715925037
106.49482460326513
107.53360359572044
108.08775048513209
104.9987268423336
103.23320438329938
105.43983611296129
106.28883049396966
104.05415773833103
103.91716462896399
104.34077942141441
103.79031889797534
106.9101323844431
104.76892444434652
106.5022911280653
107.66170925445985
106.4965691962258
102.66506749092683
106.22436930241129
106.5131416908283
105.77521733141917
107.17054120684512
105.97090335889644
106.9319072556634
106.04404085065144
109.71436546028737
110.84432956990904
109.77156214598928
107.40821906604671
105.92538183603749
108.60365742734524
108.0453104077785
107.27724990827608
106.32123849713446
106.67218445215795
111.46978516120829
109.16853468494654
106.63045351245052
107.88257389009192
111.81923163056238
109.13110409833635
108.515073019777
108.63461384136612
106.8004213285354
107.0656174480846
107.02609529960753
106.41589147587347
107.66448103431333
104.39515286753274
105.8062602198874
108.91229974136903
102.03332904221334
103.07671860702013
103.72133073656023
104.02221395191366
102.75194182765698
104.04937575477595
104.90268686093702
103.66553964029609
102.13038942333905
105.77602465477257
103.66855399748387
101.64332568461201
105.58963635570825
104.39174716451731
104.1136330470626
105.10894725692873
103.02303911747914
103.65222225395311
103.59698925453515
103.62838449662142
101.57652096232465
101.36025180623238
103.45065017778816
100.97868910502801
101.22672269483184
104.70795285136866
105.07399637201726
104.14666118463602
102.79681705681435
100.87611991209657
101.49785733229304
104.34840024307286
102.81444081280785
101.49661927268063
105.13738008639051
105.20457795657393
102.73080748751323
103.96957986598777
102.85583219800453
104.03488916468831
103.17989354154288
103.46720062430721
102.82416245603818
102.90705704371925
103.9239711462402
103.75363642543897
104.02561741643916
103.00770067315788
102.64118321220558
102.81188310791661
106.98808323139357
106.17734070451215
101.70352743988013
102.55007214966201
100.85182330724821
101.98504924001799
103.37249293123074
102.68074490005522
100.85520256700373
101.70319542032034
103.46982047935437
104.07544091291375
103.73444089839322
104.56109208773356
102.45577992872397
103.72223115422348
104.60169881287283
101.94323701511537
99.16012552827284
102.42336436723573
100.60311823664851
103.14803130118894
102.71106972829344
102.74881118474346
100.90723040177474
102.27325366001591
103.72411500342814
104.52958212325947
105.00753938886709
101.81299895120576
101.71011568483598
102.95651604110294
100.81513598012005
104.68122756097785
104.77388609436734
102.41876353827998
103.62080358289023
104.50909087871554
98.64735116135824
100.55250753340188
102.67529233325385
103.32236740991047
99.80827397237923
100.23227203896548
100.99652376248298
98.99404239592064
101.10768867896833
102.17076339710748
102.8615048074485
101.20349222178702
104.3056472934601
104.32537140916462
100.01263627669641
101.0708670939582
104.15184689604571
100.5333519124801
100.48160726745826
104.01898348282714
101.82474086076544
99.47296142651828
104.56462941232965
104.0471246227745
103.82620909713167
98.43940098966257
103.98995307911593
102.75946122486629
99.18131357691935
102.34021826692788
99.47364608192127
98.33694238664768
101.05530531110453
97.78383285598383
96.86435983632119
97.77143467020517
98.54027184134473
100.15951219316197
97.20945389799537
97.75117004747496
102.93385781358387
100.57963292312259
98.1237184773829
99.62208785628457
100.68141340490766
101.05150368118956
97.83513975983709
97.61363196212316
97.3727392558807
99.60927570550513
98.05916371749743
99.71581331531493
99.56667413335596
100.65090944442318
99.50500257283608
97.34153862959869
96.38925278357051
96.1981720593153
96.09896502289331
97.0284617238287
98.61632860831811
98.79518922169143
98.54418906797879
98.9213529721339
100.53107381392219
98.73025882124169
93.64369789045773
100.16079524127113
101.09012635358646
100.45271432515156
95.97603639012831
100.36379912310713
102.42330839930308
100.09332783602167
99.27609647306872
98.8087183716891
99.64087483243877
99.86928306747105
98.99393404415503
98.80846481804066
98.67624166008427
96.54829374068024
98.0938763869532
96.9494513695997
96.5534956642974
96.40720098094687
97.59650815421045
93.86904366944697
97.91650352469529
100.04872558770491
96.57937512100361
98.50704470732228
102.7339171269955
97.35447580636475
97.89735238917724
97.64514114119014
96.7632994983781
96.43722592283162
94.33885512651828
93.31698387295415
94.70427905074757
97.93518796025886
99.43659659925281
95.38295224394189
97.42746546531322
96.92374515804147
95.90932079120586
95.82458900980807
97.26582562512056
97.68614686596084
100.05928887194204
94.0510634748559
96.93262906143089
96.01427270316704
102.26851799518026
99.29563998473446
96.1017134129512
95.40743350826428
98.65167464643771
98.08681079170525
99.05093621117636
101.04022180649962
99.01537047269922
94.22619648001353
97.45394576563241
98.86101153569382
96.56801376819094
97.94966716991964
96.67017472986896
96.71437258899597
97.13609881107678
94.29768966103644
92.50123177694208
90.02590640423858
93.42472848879366
96.8499121474051
94.0159483694663
92.08397702004801
93.42970073362228
97.50995455039266
96.53246513150249
94.5028119149706
94.56047107232436
93.78427698541749
96.44772905399157
96.52611975766573
95.07463728077833
93.55850140169369
96.13590260625199
95.75185893947278
95.77981441336011
97.9006303482948
92.67849416355995
95.60785688759626
96.88965790381357
94.9465810751574
95.27594322037422
90.83759145698684
96.18376049809014
94.52072341269636
94.40346970763258
96.17315684682195
93.30288299486827
94.24762704892456
96.04971874408113
91.15152683456589
93.31369268540578
92.90207520772208
95.23401829884891
94.72554941488376
91.71751348323329
92.94362252682953
94.1546293651576
94.8692586773766
91.59157594232029
92.91764103157398
93.35914655182664
91.34208650919805
93.72694292353766
91.89411023585672
93.3339138784731
93.31151769461968
89.08788129653685
94.53630834043031
96.7379854696273
88.26077662850432
87.87844713143812
89.40611273415671
93.93240240221517
92.10022647525153
89.3817900742944
92.10043923645615
91.72922584220954
91.0621721790854
88.32958190910321
90.31523376247728
89.85020672646839
85.66907733238341
89.64142040429877
90.96137819833875
88.64054121945806
92.2544792686811
89.12685739986193
89.51769765801764
89.1211197497537
89.07952006526455
88.83800910664792
88.07488248081688
90.79482973540733
89.53194385326852
92.20230738569501
90.89311417281863
89.41821955763298
90.36923567237868
90.67789221344941
89.71283529288695
85.46321657312187
94.51230440595897
94.60384627663102
91.78590289166048
91.2924857948557
88.9924422644497
91.80733661819134
90.20162816470213
89.82848121327264
92.84864942433262
92.86788592017339
90.85246449980674
90.65588902429978
88.54822028290317
90.27220066000558
89.04386543629411
88.80931055571598
89.14941446959524
88.41186896961158
88.63645007558178
90.17284316934968
93.033771799145
93.38861862034798
92.52328424913296
89.90930638667027
90.51597860555276
90.21489572858655
91.99976253290257
92.24547039873498
88.5262467057972
88.7502883064932
91.82293660160641
88.01461868858765
86.83826618830382
86.90876721832619
89.79624692353497
89.58305139874282
88.08549678997444
88.7868282487403
89.36765079034149
88.09964554974268
88.9117355133706
91.48314299380921
90.92636874963206
93.40325408982811
90.0563436629234
90.68900480445531
91.88678377372143
87.05491958687576
89.8637772807452
92.6449107954654
91.30179862263743
90.92059454906058
92.64162153569025
91.77391499669717
86.54451869987945
85.18851511267809
87.3886488527025
90.03639410909734
91.68672593822765
90.08512161668256
89.17912018447895
86.62338602079657
90.37732926353509
90.68576621102439
89.15633663497209
89.06341151210817
89.00463345372245
92.5290776561473
90.17674804728016
90.28612300375426
91.28868362212245
88.35383833205162
88.02847200675257
89.8478737045089
88.06780076577087
87.81173125360232
87.86458067788247
89.69690287936456
89.45669818003458
89.36622419045594
89.52700478525595
91.34591512635492
91.53134793835333
90.03674340884338
86.59700792625034
88.2179943895073
86.78271136614764
83.65638391379936
87.03196095869697
86.46542089147937
85.70729236549016
85.68263718135282
84.36983264761278
88.20413689559389
87.94017920900674
91.3258913543454
87.34986986705077
89.12020751329804
89.577290461487
86.89121961656052
86.49158221519141
90.75288226744448
91.14769510231207
88.05287330042061
87.68644700438584
88.03893197163603
90.19279017924893
89.81582688256654
91.70255053875256
90.75225153221317
87.43373488352108
91.60860199239286
91.12074439543143
87.93930913395707
85.92249486153882
90.03133304531829
89.88500797319558
87.76894500248508
87.57690381796307
88.6633687250231
89.5262623455809
89.12775536480832
84.67817789544401
92.75140693907119
90.641176201449
87.98616817724367
86.23256390663163
90.64154424912154
88.64636434019867
83.67981873138272
85.88375749487255
88.72345381821214
85.86565696701568
84.5613722243604
85.5993696984499
86.94176843189098
84.96869906704065
89.158190186391
87.20635334123753
89.71239426969728
91.40028350580099
90.25760700814594
92.22282742212558
88.45700548157458
88.71875042283234
88.52794302302958
85.19555410116728
86.84382737316719
88.77756662338179
87.77517320013798
87.6284562443823
86.39904291003273
88.71375507522797
85.41449632970831
86.52314563272708
85.71609970009463
83.59363827910931
88.87738597131087
87.45723177990234
86.69100835357256
88.30444762456074
89.23910398066702
89.04193360787627
87.11682094304363
85.16747063546204
86.49173297814086
85.41716169697402
82.8158693625823
83.87533520983347
86.99395769833926
89.6413303595363
88.50039350544351
88.83106684962448
87.12834002421955
89.73791583710565
90.76993837235848
88.82494871968396
89.10482131090741
92.48099449067031
90.57331674285581
87.07356970900037
88.52570031178894
88.79971793020414
88.2900061168136
83.16547945733862
87.14459329774421
88.28276603507851
86.52489239489205
89.88018674965296
85.21451172555247
87.17145393421521
83.09910377052913
88.71307664781017
86.06212476406428
84.19845680596399
85.9407046135108
89.33971492104861
87.72323960584603
88.76051024841072
87.72552230263258
87.36335751683542
85.19642645105297
84.59345313910853
85.64788069259575
83.30721924843472
85.93983930130466
83.18292192944415
82.70159491208089
84.72696395093818
87.3191215712575
84.84626667250123
84.48879932778084
84.2425944383345
87.97663389064714
84.9850769379863
85.34123947400775
86.65810686211833
82.91266344736796
86.2206251201517
88.18441597512692
86.85998563837128
87.05968382194001
90.62052766047498
87.6959183990452
85.34489830688594
88.34985597362864
86.50859736481925
87.79004642955678
87.7127135964646
90.06519420564395
88.85240899656954
86.9667782394985
87.41855460683936
88.18522854063373
88.40594114572258
88.43163279432403
90.07748734159412
87.97720989644728
88.26792790648453
85.12336040515838
86.90554136368037
85.15907356045001
87.97662301945171
86.18003058006754
82.76458348246975
82.96311114059918
85.38928206076075
86.62792924408146
85.60646962138878
81.58047805678119
86.2827944450221
87.0947971125293
86.70650883854792
87.9857273714929
86.03854429438492
85.78886848313938
89.10198057388075
86.10707904945274
84.94238445447321
81.93008930494393
82.78478315817384
86.5612101682725
84.99632089953559
85.25140061754824
87.59124163901079
88.87117306165423
91.52955370122291
86.80646379118566
85.39184095713266
89.96110042868499
88.74260490613369
91.34327702127277
89.3443037705549
87.94181442005025
88.11151072677524
84.748439613335
87.53447882139237
89.62101215260925
87.07025867380926
83.62185824205008
86.49751321167662
86.02974184062917
89.30743086511386
85.24413271410002
85.56537135270706
86.78643805581167
81.89473231608702
81.89019367418985
81.61689842270836
85.09590564792526
86.34225363744504
83.08220095913221
83.57678781292292
84.28778109758852
86.51957769734562
88.33581918845651
87.25619559116848
87.42230415173775
86.53946176011985
85.04812730631613
85.56455102513502
84.4429761848241
84.396963695532
87.02900156870808
86.70570929652247
84.5866509770779
84.67494344524725
86.20012703180022
84.16441384023685
87.64472744112584
87.10097102326543
84.21461506755536
85.36338391704035
86.2417441944768
86.05907738111392
81.60145455997984
84.41899229091669
85.15896490397667
86.44544111499131
83.31063224731945
81.47794714900255
83.40907408451814
83.858899401138
83.13712815617514
84.41820078760651
82.6888882358963
87.42496892800202
87.52128397431443
87.27850887023317
86.39198732640997
89.61012101759178
87.56502536679913
85.46274264008827
88.50812152619511
87.942571256433
85.08768424627665
87.819768412157
88.7081237795078
88.11721063828965
86.65180156255032
87.05539463901796
87.6564804400878
82.50477654043858
83.79633111128103
83.34949972416234
83.61042705989088
84.83604109970015
80.65616854950052
81.94734439177869
83.50485408677159
81.36244860987617
86.02920873057028
82.04354568033803
79.31328695830932
80.71558671896503
80.95310852493564
78.85767862415585
81.87914781450577
83.53273602170526
80.55274746788349
80.97942163242946
80.79791114782199
81.40108099716728
82.12209201102938
81.80048535929424
83.0728342220573
80.59325046026098
79.31064100238237
80.16744774271126
81.23275819160814
80.29303564223045
81.68763897048902
82.90675197178469
86.84073006486767
82.56222704407446
81.25450884468812
83.99901828042695
82.56970748421949
82.42834475734522
80.1993709529765
82.57305371764396
81.53882467584873
81.00448523808906
84.26414454817223
80.08770159831062
82.888883281032
79.53260693930379
81.21666960780327
80.75149160010987
82.94689511069538
81.82753838060722
79.26603352744236
83.39791513083051
83.57167398167545
82.17688468903042
80.30866913797719
83.03669499824177
83.17311805397388
80.69765246666773
82.06513354190935
84.4769892764423
83.16976093301338
81.04550408111007
85.65537908240083
80.90384193718518
83.60170349595022
85.37738939661696
84.68564508750634
83.45246072262469
85.7810262158907
82.73878133649474
82.80950600214196
84.3949615363506
87.79604144780082
87.2626467464541
84.10571453267596
82.57037622091997
83.56794625143391
82.0732767865513
80.55699254475958
81.2097371734145
78.8767227113103
81.55864359878714
80.32917271427849
78.72628260491643
80.72965992898087
78.5169058534415
78.15460281309817
82.02205718004177
82.32265235800344
78.52803313643534
79.67904232877949
77.80721300088557
80.246219361526
78.34017014161972
80.01981431712701
82.13970808239279
79.95069640721472
80.2150734489517
79.2082117552586
81.56346520874271
81.0565847050489
80.23682788976197
78.39239243857682
80.25144125469075
76.31838909820158
79.24115209058893
84.3903741699092
80.02600297312807
80.40856334576917
84.3535331990693
83.50149037438638
80.97572350934611
80.27052183068636
80.18597865356153
79.79536923036932
84.32752487810292
76.99340273008815
79.95982483595408
75.05245834112476
75.24388310937621
74.22726019485638
75.42135162396576
78.25169874296006
78.31550021066637
74.1439489608403
77.78446013444221
78.14914091684382
76.75702592485422
80.09016575977715
79.87939842042707
82.21041744667438
82.0020301620457
81.01438598190047
77.42127532702591
78.22962618457785
78.61859123385621
78.55795564194176
79.71146006714231
78.79490225397025
81.74323796206102
80.48493828658975
81.34002663836533
79.20447025436526
77.68934342465691
80.96999989866387
76.86084341312822
78.69252070360356
78.533846304299
80.80986046454962
78.73837196381271
81.23317671112163
81.95218735056304
84.73882748692205
84.7104168307849
79.29004892943637
80.70764617981446
82.78185295421066
77.67353794532403
78.74941674757012
80.28635018713223
80.16238908774295
79.7249698568884
77.1392985860611
76.39391531886533
78.82897050326964
78.35227699659738
78.35701631215812
81.40730759438867
78.07496259792377
78.67866952737332
81.35455134803219
79.4792717185897
76.68426745311592
78.81091849795857
78.11494238894706
79.62486126711498
82.10271334277071
81.76176150855932
80.61162343022635
76.3514182889612
79.37016453795538
77.42702244827477
76.4116614670262
76.50209741861131
78.03082357760027
79.26235231023155
81.30197701602734
77.85305867986972
76.79845417641222
77.66333546897248
80.24994558560249
82.5615941836028
78.67762851260018
80.27736143402501
80.42630961041215
79.47662597735979
79.53725232923222
77.64738663423903
79.989460821263
82.91539376562625
81.25083883387477
84.70295478031184
85.27964495720784
84.39557387955458
81.74074038011221
80.20705761680735
79.68495794113221
78.41022516028389
78.87989779313988
76.84292581383048
80.4629010593992
75.54529618975364
73.86519321051306
76.55295414153402
72.34444083885528
75.47560234412535
74.7914314548819
72.79533404753964
75.3105577658123
73.92330694420451
75.27123470044816
76.14601352321247
77.84158224848466
78.22292841002131
77.1605376722976
77.82344835835724
77.72678001998506
72.82266797480979
77.20792392518146
79.12412404436004
75.09938921252665
75.31668717217734
79.9844175396364
76.52313602755164
75.53627430206986
77.33074699990249
80.0460662930717
79.81476270759597
79.40150275581782
75.84293038553173
79.77639473437
77.77298020857877
76.9185586666843
75.81251574893335
71.21455125856299
71.17636106744497
73.01080026482302
72.80638068440017
73.73906361118335
75.93081261264052
77.36005538866182
78.56438737224387
74.84471800558272
79.07278854408061
78.67027398082828
77.59407833650523
83.06703099480211
76.43757238512983
78.68811527688526
80.4434991910187
82.57912592988751
82.42618800293204
81.31562385398601
75.67741602543524
77.72037266308168
85.18571961007487
83.18961097803887
83.28112906609273
78.95123964255849
79.01875658546584
76.94186457359088
79.75646095627674
79.62868610264972
77.88518474193336
83.15950476072818
81.3183987193358
80.3052084984017
78.33274115828458
80.22390464748449
79.97660066809425
82.14838601723109
84.02758313804978
81.96497979614938
76.94276224737374
77.7948215449881
79.02819694378043
79.92280277716755
80.36466796422354
84.50677701321659
82.83296295278691
79.19548447060396
80.32688127380466
78.74077604442533
75.71572945687888
78.5406630099823
76.52689989037616
74.18739148559351
74.80868257740168
78.88551248694873
76.71747325831677
74.70342600792407
80.5581891215161
81.48427459916817
80.57069796411965
79.75767470834573
78.53090168716776
77.96861860599147
80.50747251850987
81.08312627593097
77.08865071586065
78.83731578048517
77.00099218781958
77.25604897693412
77.98564330611234
79.62205647661193
78.49390735783241
72.36853045692786
76.07872717604096
77.18502843908095
77.72657981576427
73.19444788818612
76.21554721690356
81.97674342115356
80.37303428470011
78.72168717600356
72.96348420960199
77.12825102453733
79.79715274241376
81.2109050459756
74.53533167240248
72.98786571986939
80.19524404899566
72.95428786362238
72.42527592318876
75.33182571839713
73.91815087249142
73.33107798902732
71.37290841200638
74.8501719590874
73.85097764046031
68.46790732955844
71.100091163657
75.34954444730903
74.98281592266586
73.6138566137858
72.49586762976357
71.78839945395312
72.53550734221895
74.91270382938112
73.69906073224797
70.73257438940044
74.6120963095481
77.94925677684965
74.45864206131077
72.09963089731056
72.94654489552029
74.57487367875923
72.39988371625545
70.63736267668888
77.07131988626041
75.04880809582885
68.91323442397206
70.52828177221
73.72805231405711
69.1391309532412
73.43746169701289
74.11677949287973
70.22526845256661
74.08049542213809
77.88628914181092
76.0061622997539
74.3115210703255
71.12783510347424
73.7789742084865
69.53516237598006
68.08354028548003
73.72505517883526
79.08339547365968
77.61886009121204
79.3706974591316
76.14610290597884
71.37562218063198
74.2110067275182
74.02643545288807
68.76085670636179
74.53892167811603
77.1050218310098
75.32067207237327
72.97252038639525
71.09955572781905
74.5174136900102
76.10436075411066
73.9300773698438
74.46871623078849
71.73056425298597
73.08543433369907
75.72699512909925
76.94834337117243
73.01340150617152
76.04923584078215
72.69937751055441
72.99426137649017
74.18924876783572
73.27371800872297
73.1184791721619
71.10761586471077
76.09064102972651
70.49731784408803
72.26273972198726
70.194139390946
71.13693399648677
72.44767364646859
73.92425670819433
74.28708226101239
69.65018887588178
66.16011343980675
71.33021589450122
68.8035411312304
72.56104318772816
70.89128764941911
73.59609826308319
71.78874797467817
72.6484187944884
73.56150872977743
75.28859376309299
73.18873142446415
73.3658563029316
73.61881748558089
70.86383585427323
70.0222100751584
71.83671453841258
71.11020659581465
71.87033926437464
74.85967043295132
73.56290395071647
69.97914355775569
69.32096213268723
72.6125834513286
70.73548114643117
69.20037275018741
67.19054637859223
72.21929561058327
66.8166199088219
69.20385160774731
73.53590293246567
76.88549098874
70.00651821077815
72.98172107396934
72.43210209270192
75.47735748376573
67.58496946795576
68.96306071087545
66.84459719123035
69.01107601163358
71.57660858769998
69.5152630751404
67.86698198947275
68.26808142398035
74.42212365719706
71.31646157899051
68.15353171279165
66.23889643692888
69.99944309012088
72.89842923343429
74.02058878247065
71.02476905429577
74.40647403166359
71.28528914184085
71.44054248113953
68.10006331670937
67.25436963579214
72.34387773457087
68.43609826883396
69.46573071484336
71.70727559205369
71.4555853327901
69.75610253247973
74.3275391158004
70.14314440999635
69.79296399957651
66.26368716279195
70.01871947962819
74.30085935288557
71.92000990345468
73.90195728327741
72.82245419689747
74.82076565400428
71.71377646495884
70.77389018653729
72.19371191436483
70.53419443353852
72.70187378594237
74.06922100719244
73.45234522571668
69.1746899838177
71.84085383501998
70.86018730716629
64.44141505915944
70.0752052361381
73.15180588011798
74.74569919146033
73.2288719119185
73.82346626546087
72.22678914164771
73.54573551411899
71.9189399824331
69.274869494843
68.62988950670868
67.1235736013871
65.19802332089866
67.67438617097397
71.98142213165505
71.27737641166595
73.67552096740508
74.06576366536073
75.36750906493293
74.35520767435075
69.93142949580158
71.68790620942937
74.33959363272989
73.48854962534402
77.26584170171414
75.36837157665813
73.42708360502175
67.58483615193515
70.50869502917489
70.33037670456326
73.39088163889136
76.25154543752978
70.25531541657041
71.91592762472317
75.90565577366155
72.30028381404418
75.54237277189786
69.59031244711404
68.93053833642848
71.08131215431986
71.23855077641115
69.48989329048611
71.87460621928331
70.67409391562038
69.99028859907872
73.18636485355746
65.71266316160686
72.27302996398335
73.62164992838721
73.44917901178172
71.2213986566609
70.73280706340647
69.62289625381607
67.43188615162066
68.9574923772274
70.91300620110533
67.15614218768495
68.84484991171524
67.88247946513546
66.95207916481678
63.38242171571603
69.88941939349938
72.83954188190434
71.90270675506588
77.85489344899854
75.80669446598726
71.6028396013285
71.63266570384721
73.96082177205673
72.46943481573258
68.90639388734508
68.16950221964674
67.63831055837846
69.15784441395715
64.53603192964005
67.07359385753581
69.01787160054126
72.91210896959649
70.36865883623072
68.36201673829741
67.6320840762164
67.00672663214094
69.96271923616641
69.76560290281866
72.09426942237725
69.43549925338186
66.47766369229223
66.81402873208324
64.32447750625427
69.74912219622469
74.90031287687052
71.03742858444546
68.50628412644471
67.2876663555623
69.3364215090684
72.41762119456425
69.10945773990835
65.27143992309941
70.55265642827659
71.95290183542866
66.56284713495502
68.80763866310542
67.45568870135301
66.95636948977857
66.44304485242515
63.909999847773754
64.19338096849583
66.23911063924568
63.07410504773452
64.87210163791283
69.70685573292779
64.94050570846913
73.20744043804677
69.79794905146727
71.1039501350142
68.0794004308688
70.22883094083366
69.21999080166411
70.61883990759614
69.5223108341131
65.89683799296284
69.70710726454898
71.04003387430167
71.44910183810907
68.55186672325159
69.05786032182485
69.05462613975467
68.08995839863076
71.80465185983319
72.0718774630577
71.87559404464464
74.57219863023916
72.14272818356847
70.40161542898352
70.43028886344203
70.88141099787373
72.94405062625968
66.77643033739545
63.956650203033625
67.25105033533478
70.14675097687117
66.05386664023219
65.97504068335928
70.80538010102248
73.9447284767991
75.45608401159774
69.1166490658835
71.72402884682924
73.43785513880545
69.36453079679721
69.92231517472572
68.12453754785092
71.04530578305406
70.19269850611134
66.71679008384476
70.48567864278772
71.4666637928294
66.7039797056897
68.74130653592577
67.19109947744504
69.0172699068751
64.88771699575442
65.9979021718481
70.00911566567926
71.79841649125923
67.66059564189395
72.04381671915631
71.59778605203293
66.4851947249504
66.2741745356235
62.88464362034987
65.44342363582956
67.62331338014921
69.08586979858138
69.51180485047361
74.0011027056907
76.13530392044508
77.40506415320036
77.6464431586148
73.57171811104256
71.58869422653848
69.56724711826631
72.19900728598861
70.43629799009297
64.48694465959008
66.26500790301446
63.70974180559903
64.63555091120655
63.83472410061008
70.56444454745122
64.89246890744927
68.31610353286469
69.5641353137757
69.1144057435778
70.4637576062047
68.52673319893063
74.72828847387598
72.73480640104955
72.22468193316755
69.31390233484099
74.10448361179783
70.01263447995136
72.00612747349687
72.59297614181622
71.91629191717524
69.61275957939246
70.61879660182906
66.45360106559852
68.76972730135877
72.40375561320062
68.98788163825317
68.46691218280156
72.25181652090993
74.37121855549876
66.44732839854215
65.38656984598202
68.49110764087649
74.6250325530027
73.69384334274432
75.18666260878943
71.0673768441102
73.53649023913592
74.20321019477387
71.74095964905071
65.35213948698404
64.05055112622145
63.00558907557528
67.10000713031262
70.77801546760526
68.96095244464784
69.82531818724671
67.79856257942855
67.85623028899762
67.00616805904362
69.1249415240069
68.58010102264468
64.4880768174104
63.94919345588983
73.54904944298386
69.18136022204429
68.89346013889566
63.15201231740431
75.47078206206619
73.24501921862606
71.37157230108436
70.10333281100421
69.13676796956814
67.5856960167742
67.53139148317406
66.14971359408867
67.81440218263215
68.32831274521857
67.78111337455394
65.35893700668477
69.69459961184559
69.9734391646616
72.97952707317548
70.61723746735116
72.39640217322541
72.71211091344459
68.8359203987822
72.8729307859714
72.1423146406255
71.90624238985224
68.72425228235723
66.89233834495117
66.0863838664047
66.40491137061
65.25727270274685
68.70707296894125
68.0395141689364
67.31213849658371
65.75816092178033
71.8835391591562
70.82270840224737
73.25606053387713
67.22777837503256
64.57143636881742
65.73069985855619
69.15625229360924
66.55781444081053
68.43812958992508
71.3188088154956
68.72044940248824
69.02564260804283
64.42318932578281
66.71951050692121
68.7285534128215
69.05963077939909
70.72840822591759
69.57432674550634
72.19105800459705
72.66947288716322
70.21318842199436
68.4840875387058
69.67702181184421
67.58072152386099
74.54029971819227
70.76650939828613
73.70588772501819
69.46501013559902
69.4653415609807
71.78531011512416
71.38271255894875
67.76807470370696
70.5964822160507
68.21998224790116
69.22640276699809
67.6326663966787
65.59488454714011
65.91839312990307
70.18633230512461
68.48026437233815
69.75276799812848
66.37036585832944
72.3103325363647
71.56823919361786
67.00282828323802
68.64839567955094
66.86491962826734
65.94769991315188
69.58464260898175
68.96512873524274
74.9037188610332
71.32226621986332
69.24762177567321
64.88071906255111
67.26175298838761
70.02314550847127
71.19484991389665
69.81234302742754
68.28847025229028
62.15003259744694
68.188673323092
69.52136776772282
64.24359311846979
68.89721128508896
69.06518020160195
65.99446580498329
66.1853525688856
65.32072624074503
71.84352438246623
65.98391331403352
66.41691887713426
68.54003990782003
70.44482757606197
70.82638735704933
66.53409650592211
66.83143190010627
70.58063956406423
68.94879566963839
67.90598054057631
65.03662469425356
68.49546075795504
66.80836839068175
64.39439756368947
67.06406159182599
67.82660879121245
71.63955035124918
68.40800152262264
65.60441294837275
65.92677014961362
68.61187786172343
65.76928558403108
63.7548464911594
68.27114027707644
70.1968925235685
64.39223752396434
64.59151990454349
69.93528847241443
68.17601846889437
70.01382775741138
71.08670702650473
68.32033595310051
76.40999589376834
71.65376992931506
67.3867030963351
67.63869609285699
67.37671765022198
67.45341848620586
71.4410220828442
68.87983583216423
71.4071520308676
75.58791564462791
77.70811321607678
74.59715831839623
70.54880255640143
69.78819367209982
69.9017821342301
67.84879738020499
67.91676834431323
71.52915382772687
69.8383645452413
68.01597153345594
68.43747690382867
68.00132907723938
68.64549594883209
69.64585459590225
73.4701187031015
76.74563968718262
72.12902293598876
71.1595882003026
71.25135947142469
70.16639662860806
70.20655066271821
71.974357816699
70.34260509014716
67.07550918935948
65.66563423407364
66.1182310389602
69.08826664656497
67.21447612609666
66.93623477116142
64.04891046106486
66.04036644964422
70.10965425785132
72.28317807753537
70.08857390895415
68.6796888824115
73.02932155723518
68.50722296687475
68.59958440288183
68.39582923706152
66.66548289450962
64.5670552798763
67.39727518321038
71.23441923405495
70.4166936184015
71.81995376261351
73.94110318457474
74.05933699168877
74.26867853126913
71.4987641456488
70.59398016564866
69.55374213760233
74.12876915650544
69.63108015200459
66.24554760956545
68.32176855625727
66.89023228865398
69.23638723665881
70.69298818588142
72.4590936162076
70.21517349718789
69.3898592374061
69.19332451268676
66.50123395155987
70.35188408159773
70.83674326231896
72.46671053040153
68.64037942048206
65.41146863974708
62.9356857790886
67.296657614166
69.54285064963246
69.4664255335913
68.21802296688846
67.91605064535412
67.03622046759567
66.94832658653057
65.74540801300641
62.549088158072955
62.89107620455485
63.22756910469862
58.421390887903236
67.43116168694984
68.70299106862775
67.59477815786359
70.33522927535313
63.34873602225238
66.99113240621254
68.0274193698677
71.15978636870445
67.68137580239267
63.67498577176575
66.42258481081066
68.42112257963055
68.94166453922111
69.54528961614481
71.41337483550849
70.75845573498528
72.13345150127059
72.13398818519886
68.93981804636195
69.60498483776348
66.16607226946091
67.18919226233623
64.82051780105655
62.29357334244045
65.78670465738689
69.00347995464584
66.29380737110645
68.95140433339883
68.21177653410095
62.68063866719214
66.24293597194932
65.03832471516571
65.18682111312684
63.07649492989939
65.89494842553819
68.70390605074844
65.70239085001984
64.66406521722703
67.7222437869847
68.61211165270687
69.60467656019236
69.21030630066697
67.10601819216808
64.8010029641249
64.60574238179782
60.20031742800087
65.90608335325884
65.42203762018441
61.82677185516321
69.12887380979404
69.61809068777228
65.31876242144385
60.239884796494536
64.44424144627402
67.31227337659136
65.77516230272094
66.09542056150451
66.14555930861735
67.24637025993182
67.64016145979303
70.75175103887756
66.39590784485809
66.38042787352322
68.7354024065939
61.59032970316691
64.0635146472835
61.33591257175451
61.47714550760324
62.12769505745256
66.92300192726135
68.63336156770082
69.1377941518381
64.94714186128371
65.20234698102767
65.6961200461125
66.7815841966136
64.8382278706372
68.9054908505514
66.83751645093739
67.29310266510161
63.26720961516636
66.99923932258456
64.52911654682912
61.81023861325066
65.6847252233168
68.04270770742828
69.42555904548381
68.10275048584042
68.92701623017571
70.3183689808651
70.54479779961093
66.3757996503011
65.94734398515037
68.31396894106048
66.6870388915192
61.9429172375535
64.98476839033994
69.50904958675507
64.97193692290566
65.0216177550152
66.68075233698606
69.187772122658
67.14910876385701
65.11164423918288
67.51077668739762
63.306931999998945
64.43956890014059
64.28420591096891
66.56103263184045
65.88390895791566
60.879607582907504
69.27173903369874
69.04694998039075
68.12566034978329
65.44399683484004
63.47254656388682
66.01004483223169
65.05101802684327
67.86033078984806
64.86554119639898
67.20449309534106
66.45473899176186
66.08108550700972
63.544545292209634
64.02746740108365
66.40498934014657
64.46098658346178
67.67054690620546
68.28180142278357
63.2086153349342
67.9056550099469
66.72026892374964
67.27454819449613
69.13320160324788
65.1405775025401
68.44187255761135
66.32682744088267
65.31596227609587
64.88606389608407
67.352607373318
68.90286338352834
65.04796368437349
62.78224273557495
65.20146937537855
65.39495937254016
65.48102877100209
66.4582632331314
65.20759736843338
62.43766623291098
65.54165830415478
63.07562949546518
63.45966117333222
66.80362964068061
67.49072454244688
67.50231370974933
62.506060955550396
67.66831528302173
67.87670063566613
69.94442205623123
69.70435983826697
67.18352586309375
71.85787623214081
70.52335510055407
68.22055036562497
70.53863377618273
66.37778117463284
64.66379193837346
64.56059256266424
63.27950646368706
62.237990680867
62.38170542697363
64.82178597340652
62.91962340131758
61.51875691512704
65.13458507645731
65.60870952287169
69.08376714471339
68.3215996542989
67.93562070145727
70.34176899683969
70.39120787211925
72.3401080180752
69.50237433311048
71.61418334432248
74.20011580815886
71.96525085188236
67.76457238132025
69.30002858035509
71.33050792674359
70.21158173749426
68.77676227587874
71.10868560772577
70.81894100722218
73.17102520126896
69.1875499101556
62.08315031456783
60.93626859827511
62.881692213275144
66.5439821570457
66.76772095701658
65.86064542082154
66.5889666382971
65.44730882376226
67.77576329654535
64.40412632115223
66.80580085858662
63.05270987602435
62.84707215173113
66.27123722989795
68.03449604339211
68.98685481729488
65.74149268561641
66.95900961040739
63.21212552582623
67.3968649910393
66.03436330160062
64.63057239470152
64.62281644316099
66.53553857582556
65.86041897077727
66.71585437688249
68.77749828049382
70.72472567860673
68.85220927900116
66.58074907884902
66.6928636123826
67.79412662541887
64.59112993326038
63.71182119363893
66.52631376738611
70.6030872873403
71.82276227569622
68.8832388541143
64.31543617639329
62.57498026255069
69.65394015874816
68.11379625676125
62.74872150157589
65.54622160931751
62.91736453106327
66.28106384891586
62.71722486541812
64.32931483252844
65.21071487214465
63.34478226810851
60.39308614927306
62.18662675239869
63.474802766830635
61.17719713843442
59.45007175708475
64.63927736825867
68.77911233397548
63.79910865200544
62.552627157950575
61.32829646383025
62.20651092852106
66.21281589625188
63.96829565016145
66.4714444360136
64.00602336495592
71.21035411129671
70.28545944109638
67.08864646086626
63.83993988346954
67.77088390755358
69.72776013036894
66.13541560810128
69.64655719311457
67.90780418435226
63.922447970443784
66.2370279337245
67.40144603242919
64.36079710360669
65.04255006692831
67.73143883885996
67.05375864995708
65.03984766417395
67.98365553554824
65.21177736425052
64.87494116804757
67.12324987336333
65.8678088908323
62.37391148182757
66.2621397146536
64.60956804160037
66.82466442946729
61.960788687800004
65.69172977794985
65.93509045193572
65.13570342263834
66.54781785322513
69.40130793717088
72.53944755635355
73.92528614747722
71.22138199363101
68.8039752846892
68.17804804866626
67.18465921335039
69.23002088302236
69.55352805272159
71.4461248249157
69.71285062440096
68.45294724583344
71.01190248652095
71.11957520649952
66.07863960028342
64.02408592482671
63.94343251250422
63.90589441281813
69.3030334677457
66.89700568718685
65.72200761634168
69.18699683506276
64.7921472264011
64.81888249139436
69.65740848753862
67.88109500865201
66.8974781671116
69.21864370625073
64.25008828453164
64.18002632028903
64.45657296579441
64.22204670061778
62.5714104989005
65.16028915154936
68.69950839904041
67.9933881473489
68.6890433884923
65.56734901570346
62.39712494312805
61.922717819120805
63.44097398711445
61.347275227679546
63.17070000320089
66.69972136721213
68.96608555539216
66.57413686045709
68.40535900771474
66.99299019542072
65.84890463474507
67.19012956443675
66.639300662902
67.42588029206615
66.41918602460399
69.32305697297761
68.70803100220903
67.91419239909376
68.91972533221096
65.67903276147476
66.79783807913469
67.24000575818725
65.20810333654941
65.45705880640176
64.53432709706367
64.79302463367932
65.82129785166755
64.56209550309264
66.40953166224233
64.2089209739455
67.38910881705196
65.19533711025747
67.56409789156923
65.52179854709198
60.80661090351894
63.66532885962513
63.5008001680837
65.18321847814802
68.32993314765406
67.30383552741111
70.521905149468
72.07531102540744
71.47259209519773
68.08246435526772
66.92849304399508
67.43477778104678
65.72843258050023
66.02530219308164
68.07558464192223
65.71449785271761
66.7120263536067
66.87996109903483
64.48999599286037
64.1618873525671
65.51205739779871
63.561537888729916
64.96288114695925
68.24760874470999
66.13277773599772
62.844675801148405
64.04912767671263
66.56432301817577
65.95099737253797
62.22346553737056
60.44837566968974
60.81248354424413
63.59550981538461
62.43625570097418
62.85575615538906
64.39834992560395
65.78876702882408
65.59441652084986
67.83789330464306
65.69715026602834
66.67210763556858
65.11461505015204
62.01586752064412
65.68208325943272
64.30281700616864
64.54759085002806
66.4510819627399
66.20534638582802
66.11806177260567
64.23030907740889
64.1190245617735
64.42044739013723
66.17356841075248
65.53676917309689
67.77730767600434
64.54546520755726
62.78461317161088
72.35018371075594
67.67780747025162
68.23615930907124
70.11005818898248
69.16188419186143
66.86536394457191
61.83777302124806
67.76751593571845
66.39561670626442
66.53506203505536
66.78619715197476
64.21057023896812
66.68521574884849
64.04757595671806
63.45814087455476
63.548155833242
64.49022974887987
64.16404264727007
60.003335579537925
66.10740351194013
63.5202782165713
59.73960777288157
60.8363951811171
64.23468453487767
64.86763577068545
63.687702579206196
63.98194547710322
66.95465581976589
66.01591114039262
65.10675687288473
63.43377161775922
61.91416173134229
61.66797376333916
61.247415778518736
62.259857872836335
63.1964792326884
69.18496263568944
66.88423720385288
64.15306510344705
67.78640766215725
65.72919164325063
66.44830084611056
69.10650801508123
66.0491400863479
65.94063768984091
64.5297146116713
60.381265515567996
60.64134197601443
60.25059715574242
64.0688993967427
62.48106049384911
63.67010689117391
67.26741186283148
64.98657467568785
65.01590492988652
63.566035771224925
60.16617342952157
65.49216673786046
61.70901680717062
60.12469104199038
62.266233906210836
60.186467684899235
64.36877188790538
66.07934154304691
67.2872184336711
65.23058751462406
64.50004687624272
67.52879489420863
65.10964890865588
66.24487621877813
64.04887120990426
66.39405561253048
64.78161970655741
67.16966204068146
67.09812025336959
63.25398635944901
66.28145166225885
65.11294032872703
65.81859632987866
64.65764129418447
61.91462984715836
61.940527663287725
65.91025802488348
63.112627459259514
64.3413214899298
63.731350514507085
66.08313926935335
68.5582025094037
69.68245064458421
70.32081892808561
69.26936301607834
68.32844575704003
66.72846537321422
65.63514567734629
62.521898729417416
63.74272098681802
66.25390630550638
66.26451934422133
65.95422692120566
65.661015493908
65.20800775899386
61.89089476651148
62.53213101403111
62.35195233601011
64.43747513096636
63.90970892413272
61.675976369429776
62.65306337511086
64.56675904342507
63.78807429905273
62.60096516598236
62.51168901578854
67.64252583813926
61.89139262346021
63.42735739359501
63.38894372694869
60.58849306328242
61.75662117776981
64.00470908962079
64.21595891399724
57.79389076403504
60.49383356696548
69.31003796788355
68.64350649400492
64.50324258741425
64.53652127859795
62.20752413536764
64.78774209460904
65.9340118342456
65.15239294658144
63.843431918545356
59.94418818488198
64.21581783502803
62.957935141849305
62.918955264699235
61.733330722404034
63.95853051507529
65.29963564145754
60.73949388859029
63.03068236514378
65.1269627502829
62.24646937010047
63.48702801014682
62.76152478152306
68.952514730596
67.02029317603626
64.84516265601873
62.25787957444306
63.27416920312517
66.52159761121526
63.187804789103375
66.72663014317278
65.37472380215426
66.17536752160727
65.08162086360376
63.92675755174624
65.34832288834691
60.93021087201496
58.35121292773072
63.82479888656771
66.17004471601848
66.06076267935465
62.572567866719176
59.70495153629261
64.09811776537171
66.7450923227631
64.56624988503535
66.40155259424567
63.26221248905409
63.30730460709454
66.02119582738935
62.71306413338016
58.89257645933493
57.39670886414356
60.524346253705325
60.44361774473501
58.97223333674779
62.17966818751825
59.629563146650746
58.772691059849706
62.40948900283954
62.09957976797374
65.2415171383468
65.58623325758715
63.146354214836485
63.89671542136684
61.3626361531171
60.96874128437573
63.32020098666901
64.31186472972634
58.85464268522171
61.07939712026977
60.90370707341381
60.71566856113637
62.86994560327288
63.673820241211
66.54873049134
62.41299434988984
61.907786533764465
61.83331271852116
60.942114880330195
66.92055742606323
64.85828970480138
59.940451735077396
60.55138314336402
62.262151616102386
61.397873037872394
62.786051603999695
61.65165097116571
63.708103984144074
61.2381784824933
59.069838735617886
62.55938208322453
63.647070643381355
57.89107529316403
58.47406290658257
56.89149514773748
60.202613617759965
61.040135213067686
63.10580609451652
63.52595346902633
66.76629631575096
66.16438510012735
65.89929790370861
60.82366555824523
63.74095174361117
61.17497698059421
61.954252611536525
66.38220830681784
60.47929606149048
60.17574762603368
66.85830063490098
58.93765425278647
62.7637960896022
64.18853355478896
62.1641371937775
61.86251351245125
58.73033718080606
61.55620727538112
63.32231209341693
63.976830095541445
61.19425128579026
62.4939990884433
61.768496626077834
61.140576674361434
60.75110044091799
60.42910880787495
58.301306943921155
62.13119376680892
58.94123980276166
59.32845221622831
60.7766628181887
57.71980245303179
58.05972677874788
58.13455159876406
57.56574447131435
61.71342187950873
60.1457406118688
58.494891671382845
58.03807191357926
59.58574231563135
58.68231400408022
60.049053843268275
58.131024705275756
59.15116756509933
58.93293179926754
58.597781639327856
60.41622104673996
62.272464238087224
60.51641979610801
62.686617574301835
60.62234785017043
61.84629971950699
56.01180334270355
54.93847015386607
61.57416597357327
55.13414207132826
59.35445830591679
57.20289409653225
57.5492355329036
55.340524632824184
57.50485419245286
61.02556519752472
