308696856491.8667
37449941790.77012
23029420591.325157
29589317981.466473
20498849111.017204
21339415647.933044
17682467583.059776
14534484696.745096
13890966292.651997
12626643240.977354
13242271633.697748
12024561102.369144
10414869730.770727
7523297323.638388
6408090196.575518
6139013315.411863
4105907609.9110727
4169434818.3365707
4094953019.8567367
3382847575.4536834
3610188436.3409452
3174789331.380426
3014414079.482455
1854447829.9156246
1240076641.0146208
698436161.7301371
464615708.9627574
390455123.9907891
55510304.33262197
7977467.4824593635
26779.62180337427
5800.051402784757
5995.0035305194315
9410.275757964579
96173.54696591462
306222.98616503284
6161.817133594288
5368.694618111256
146811.37353251388
221798.84297107309
165826.06498204957
163933.85752508303
10068.801776587487
443467.2539083152
2304549.937246549
2479071.8245098027
4059410.4110390544
37198147.43484163
15786544.729011541
9395359.951013481
745093.796015028
19232.226773892042
9010782.340910044
36735.86953014168
2158488.676997645
382.9060889916221
1290.503610188083
5330.563773242402
1292.179847332806
319.15137510399165
382.8692840248676
