284138985716.6804
34545612849.871346
30528676423.83678
25510243786.943726
25061117265.9179
20309335163.470192
21189809985.55192
16714482649.659698
11584862332.635365
14922922895.28122
11935792824.25492
11641705444.710041
9291101028.551945
11174759394.980148
7926646010.994494
8221105441.645869
7763344088.315089
6810593504.0512495
3961313222.6693587
3257433511.456593
2727471287.20516
1955358109.2502103
1956757034.1680064
645595543.3843738
390320197.5178784
406688277.4174196
50768067.208538376
7103590.485721121
997692.6764707811
164590.72214229236
48355.008397711455
46906.22211007598
45391.86197003395
9149692.845638119
9431850.48332142
11168102.221786425
121774154.63308637
48028704.57446284
3350935.7071674545
30139.431624061777
60844343.297705606
42404574.54746549
31027711.108959287
2226775.143403043
13523.633038482332
407030.27007118065
634185.0379724673
92478.58073618702
7828.338739435077
311881.1700096332
62476.735914719044
146718.27033220773
21103.50521409199
2343377.514153978
32974180.039470922
24824468.61552813
18345896.869447477
39436331.17863837
9900688.351655744
283063.3413034174
5698780.541875495
