279136375927.2042
34921642409.38414
29161869937.32821
25386154505.862286
25505562835.328262
21856206405.34539
19342697317.0352
19902686251.012417
12398310609.457998
9931346607.807001
12088542602.750874
10925668109.343725
10136293234.833567
8600165853.365553
8011029001.960559
6377376694.606047
5820550270.048311
4792951052.38943
4270334454.2978945
4234227547.2711015
3162988134.9897404
2387475302.699669
2646108265.115256
917524758.9117159
347833632.873443
266022057.80472845
66234520.230669975
21170938.418681305
99629962.43981011
61722.70229358792
36992.2028545099
36279.51655135073
12703095.73513246
2098283.518851108
4548659.226241324
27163984.627797388
16905630.23130004
2109223.6284171776
52973823.15072449
3244765.802345736
33217180.837382358
201380282.2341145
216354050.01696762
2908435.103116681
23543136.94357272
5727.204171677227
452690.4010847281
6384318.108790468
335009.56988005404
25659246.76233903
7284983.534372921
6893318.294342685
10854616.715779927
981729.8282782485
1418250.6515087776
1151920.5032677504
9888.471926757662
30199.960202140115
12871.81862058896
1158.0032925544183
362.35613238042833
