273321997814.7059
27850950309.718555
23574275988.69742
22856539544.676655
25180634065.850197
20221505735.956314
18723761634.589394
16015130157.170933
13997173860.040432
11852321703.740152
10027012399.974888
10561012967.348806
10560398293.30579
9342321622.345572
6709666675.718866
5485677716.660456
4337398614.917256
5317112572.3327465
3137411956.777232
2610232412.6763396
3357142706.397451
2036327039.2042217
1726252005.7165267
1432093146.2545705
592277537.2666335
603267544.4510212
191373327.22630805
113413956.80028586
64124576.59486846
3325771.9466493884
59541.22276320406
2689.4915763026474
736.6992459319584
614.561803865223
792956.4669766271
1614117.9955737572
6702366.956417018
401286.66000592196
370449.6462872408
786101.8737824999
39126.97265309211
2545957.8963963334
618031.7351651965
1324276.3205707152
1892116.547185475
105214.9704920599
78542.19370692855
484549.91709211544
204431.6426952519
180062.58514562162
7035.862679897533
2335.4619887386903
4061.954823962111
88947.02615114281
2853.827777021176
277781.47596137546
765.1276804886173
1305.9831151926678
995.6108415627998
545.6697233962578
9121.414557965338
