250517314547.7907
28052997998.667747
28117562310.322845
24732136409.687786
22653599846.68698
19962682719.743042
19556562036.596992
19537662271.492058
18555726342.312157
16507939701.304989
14717646101.781021
13618454065.525377
12137673785.245361
9951792064.78447
6745786213.241069
10408876163.34499
5199427739.866792
5134433929.968923
5561075315.367566
5394419348.086096
3231728878.6046534
3475597867.227861
1851765239.4860375
1677551828.6981997
844019719.1359149
364279701.3746544
79116144.9012513
46251898.60052812
44168581.21549465
10148093.325359937
47816.340833481016
7730.816827026176
377.73781402595495
298.8404695513116
298.3500649803964
620.4438210544333
10799.498931648413
48156.66669108106
943.7096446674335
68023.0798867865
360098.83488183276
118579.1975421557
62997.55819408341
109236.37200175312
4303.243992444948
15854.402919663029
1616.5157688993
2001.2249549451492
1097909.7775075468
250622.54360826104
224.55418002236243
212.91625830728125
12794.827660603123
16638.126752777574
10006.80669831975
14547.059007195032
412.29077061160405
1032.4447782902266
201.12979767160044
681.2652652181457
11552.468421280053
