244409106300.81503
32157300882.648285
27536034613.696125
23901384164.005363
24837985747.779224
16432235073.70841
21707576440.208736
17460029679.178753
19436881428.65423
14256476362.243591
12255502330.099327
10458795250.157242
10615388351.424078
8001308268.014526
8539955975.198906
6228324067.995031
4172998418.0446916
4382350616.242525
4547879721.810732
3192920396.3140116
3550855990.0896263
2261137717.987016
2419124566.551959
1425369796.0911713
664249671.1736362
776936983.0584937
221218049.83405957
52978198.293506026
1221927.4960143017
527505.2427163331
56688.38914073094
16096.062173958542
425829.4565106466
83365.56730800886
742900.3956026293
6346842.811279116
113023.50554289334
1597150.3059977612
13216727.909517895
5606239.153969343
17107400.98868005
66789123.54910936
20701241.26853552
21904756.77954795
16013649.153915098
8513585.092313405
29203771.773284
5937534.2274635285
324575.082381384
1884751.0454351313
2445958.3364382097
1518651.5376773821
56500.29590257556
2641803.122693857
4716739.211726818
101056.87640036104
59719.03873286433
775.6499306415039
76005.45450890179
987282.7096681797
921895.4759598644
