276989116643.9924
30400696111.374092
29604490019.205566
26465335909.078075
25075100767.712967
20467434536.64483
21580550641.958885
15485684966.860596
15517964316.49729
16418380439.591892
14611656377.450739
9294651477.1329
9592032861.112946
8182354101.720494
7764288065.923758
7024460866.3424835
7234765322.0651455
7080939919.449722
6615616520.623808
4715592873.023588
5801143158.570948
2164425313.7840962
2059937356.594445
698231888.297004
191864518.0043205
418012827.55939734
220992954.99006653
39514300.38808044
73919654.46276042
12037712.339412507
16328462.854963403
32917804.94060111
5451.388788534066
5450.148589643746
49107.349546479265
4675017.142320404
2076220.1726816043
7885167.866061613
2132755.762262128
3814209.2895205407
1172323.859081049
8782231.818817977
8010.809828780462
77275.02310151598
15449.629551761482
16348.072946550508
2041971.6871756793
50381214.27414705
2963205.5114028966
4390473.0081458585
2314969.8429805753
28357.942583603395
4493630.717064336
635632.9106033605
517433.9957581681
163348.5655507989
27907.48375150408
87659.1688763457
35036.46140982774
1393.6209416774832
3501.0621463878647
