300858284734.4975
28183867294.029083
27985079260.451923
25518229884.412193
28565868333.407837
21121936378.378178
22107866009.249527
19404688669.545994
16578853002.589441
15113233242.63628
9406046600.379902
9871046771.253994
7780783029.090408
7045383073.120028
6639566829.512318
6320546696.432795
5385876548.025002
5841043514.375956
4267657989.799531
3933777103.3265104
2996779378.6804748
2869093966.7803025
1783380959.4290814
2353307766.6634097
1571978956.842973
1110465215.3145497
161714211.06488267
141756120.5888265
15317464.808073109
9130060.931352047
1567009.7448118639
17760.541164801572
16496.04910612577
16405.84660474432
83423.64677529002
766077.0957231227
16286.145125099298
161708.04134219515
62045.26221842895
193130.34579919916
1081544.9678209894
138175.81114878602
14139.283680610275
2240352.2114777504
1328454.5836605956
6194663.759567654
354963.96151401533
303402.9769626679
64475.82834141244
335721.2595039322
18598147.50042466
60470743.3330708
1118325.8977859197
1583433.4891355783
5992311.667719541
334819.32108980085
1512293.747006802
82558.03695730213
404637.0819197056
711.2428016337013
664.2464585219336
