293765261845.83203
30400682671.233723
28218140039.5731
25823991969.375893
25404872299.64875
21896186454.182808
19388764315.80773
15612131219.631748
12539177808.666119
11761852540.218313
11405352033.057182
11239076146.687138
12294675511.477127
10759990823.163803
10586231490.502478
10467856851.159618
7914432592.363134
6166609782.637242
6703118229.43186
4641032598.400526
5553505630.872381
3023708380.4154487
2418565155.779882
1602677404.3987496
1240196285.9657996
326105034.53181684
534289559.40770274
24203927.683810286
17871021.64322685
2156876.783830511
28346.342486941845
23492.74887293285
31381.545620860074
10759.031141323128
6738.011783337262
85130.61295779601
9026128.109951712
12417.388195078689
585974.0814837667
2056081.708147894
941695.8487170016
2567377.7622525333
1657028.9806176657
5395.212517960294
3323.978400450479
269537.194175881
92418.18785523849
39307.00667829068
3521.6859128448173
1460758.0436990843
40986811.3358932
281336.45213665266
5412273.978256882
52798.31872006938
4089.8423970467293
21585.487664871194
7573.787748746943
32189.62148787284
45987.5771406434
596388.032919697
11670.563503827168
