266392972922.1464
32180688776.014137
29922173750.53535
30034057615.506744
25401690855.01313
18704202927.064873
22617285306.217815
15313815293.858942
16809005369.881296
14546437038.554108
12415915149.153175
10017355928.909712
9269495011.885319
8934974331.02798
7364669452.2146225
6751914565.269805
5764403880.394885
5208499118.098951
4356637094.328261
3096683137.8684287
2097902591.5368717
2594695545.258551
1658186736.6343634
1201644924.3202717
1090852464.703959
421568649.64983827
132670085.3475488
13018115.465437774
24741497.97648827
359827.07407670503
636059.071508269
8593.523857724487
6069.162819451898
2278649.4505970394
7855210.910095898
3632442.941599323
9523501.161525976
5045172.618806525
70347.58369439644
8661668.911754778
15035798.09069047
11361248.24729956
28762170.509180464
22679829.31223451
6430849.165266041
414317.6556862048
118354.13639368808
40007.122687653085
7590.3826498428625
120551.28052555658
7271.558764181314
94143.46832802442
14629.405637324968
99873.93983444924
8833.781923946899
33410.934413716524
481.13714571942955
883.80794084108
376.3578331164115
402.7717104583602
255.0428511050587
