231292640953.067
30938438887.994556
27959590856.636852
25000425175.2404
28210200333.298065
21449957666.295822
22039425886.07934
16468853455.954376
16028262028.426182
13595204724.056585
13492150971.689648
13054975304.939331
8605203455.326479
10727799996.034077
11083300618.127567
7223265101.134413
5245771104.812462
6130286184.577914
3999443363.945056
4867392883.456891
4007664719.383596
3656564214.223517
2325570343.5751204
662327509.5706147
498797297.46367866
540503979.373261
12377329.746915895
7583817.145501912
714973.0061762724
273951.2431949841
78297.23902264803
72822.01671010851
74962.98596770116
3564733.3397346833
54394327.60215183
70488.24319771028
70015.55139459367
4743395.325297114
71516.62051147208
94233.63273606915
9542482.957447682
30860652.884131156
33765092.664528154
10120761.419355463
7013065.307521755
18912847.75407337
225701.3293573532
5400718.307128891
68999037.47604296
14108041.781391552
23842560.51036978
260683.86064470164
9384694.723574627
27053.867867725472
90043.82241284786
183415.26125185424
621119.6288222107
20824.191084806003
199943.1060333359
9430.56102606191
804247.497191478
