212340753169.53644
11150410046.154684
8340353631.09386
8244265352.971495
7766267467.758109
5283547867.119377
4283014405.592078
3378265788.9977202
2577724198.7089496
2378125601.7461176
2376756544.463305
2376747416.8447113
1546174348.7944036
1473088691.149973
1473088691.149973
1473088691.149973
929775897.034517
929775776.6679983
929775776.6679983
819865958.8450003
595154065.6164758
595154065.6164758
186155370.79406658
109676831.55875419
47766423.28247934
30115042.56721529
5885802.792302387
962607.8492844049
194027.75144448376
48291.15845361034
35064.165828934456
33709.288707427775
33650.365943949
33535.68788860079
33338.67610185895
32186.53430100455
31233.59148026016
31070.36602453577
30368.17939113793
18596.597354591777
14908.435353807457
14390.613500373938
14286.560968195357
9813.842548264134
8670.510969178767
5159.331468716961
5089.45531353924
3046.6877830252342
2174.6425549294227
2121.0264457060393
459.6972817056805
244.73711872673212
218.07392313782293
209.0337039986123
201.53045225177888
200.7129358848905
200.6859235019537
200.68592349440218
200.68592349440218
200.29146529638214
200.23305078104457
