150857280139.09854
12082642083.853262
11369768258.88175
10437523725.383806
5545494428.762591
5131057881.919868
3587170987.1109176
2970582556.100926
2558888547.909946
2546906384.1042695
2097051414.3712626
2097051414.3686442
2097051414.3686187
961522461.6514769
961492948.954687
655618030.7302692
621909932.203995
382030597.45928323
382030597.45928305
220118909.4720123
220118904.57260218
220118904.57260218
166379625.22264102
90856077.53038938
27310227.7115234
11755765.65153124
4756657.989003966
646568.2916456595
45943.7931856076
16908.91005601496
16091.516469092985
16049.10269214728
15885.215198469008
15777.834788821961
15367.505850566211
13903.160128289752
13682.430826454502
13192.012680489332
10364.105327132767
9374.38364225919
6841.7895168463865
5501.55260480095
4753.025549895059
3386.402698767915
2518.3229497873263
2263.533151359319
1297.2489666092983
1154.5964928389672
711.7436768324619
582.3824226831887
498.7597336952333
474.14054291716036
455.3839126383557
410.5029272097619
332.576836514648
303.57393469961505
300.7170345366645
292.7725444477926
271.9862876503462
228.1400303931406
216.81174784885346
