151599537482.61856
9789334520.704897
8479350878.020933
8479350878.020933
8479350878.020933
8166379101.603371
6706434244.681096
4102058265.4600596
4038871114.2209196
3608551417.2645407
2599206783.549887
987460209.5674379
845110683.4815094
803199616.2084103
803199616.2084094
803199616.2084094
803199616.2084094
803199616.2084094
608463970.1434349
230084673.54891735
64608087.48457473
50308912.06005249
45292396.178261
12144537.332505723
4788782.255556999
2631051.5817338726
312794.22543005267
70882.2578008901
31734.388415820093
27463.369527446917
26962.875125318078
26351.76461750712
24280.510158693472
23258.799875990244
22451.137188463697
22006.76887290493
21907.832827456587
19595.125762318694
16894.239317460957
16654.490783731937
16017.892171828209
12633.715025518812
11581.11748120374
7649.4206476156405
6392.217266285964
5372.127510010439
3600.1068970393135
3600.1068970393135
1851.5075203614056
1270.1874987201518
1211.2006693421392
1198.7107951972587
1084.9608756123448
551.9785349127143
368.7229766830294
308.90694228229836
268.84870163090363
231.90768331259525
230.84018895701962
219.80169477667073
217.81378391048307
