223788944408.89468
8626835663.25957
8290416444.216131
6509960103.7606945
5063181238.303334
5055343007.811349
4828318643.478393
3269781682.471693
2277804605.813767
2245036376.226385
1262341277.205693
1126229289.4793198
1126229289.4793198
1126229289.4793198
1126229289.4793198
736373311.3735152
597214791.9673467
490880093.6873665
490880093.6873665
490880093.6873665
490880093.6873665
347542305.87309754
262833877.89420813
130550579.10832585
36602336.124397546
12212519.667853218
3971545.197987063
1021646.1380270303
368778.1230613305
35695.292597344
18255.104195746906
16435.552033488573
16352.49448655214
16344.528128801743
15995.02993328852
15253.001809303565
15148.11599347542
14933.186952126014
14809.141655698966
14675.813309553268
12807.790688083669
12458.735223774365
12212.309927197977
11652.211858910558
10048.071911122865
8780.496884166814
8247.46261985659
6916.864765777558
6529.2767623852715
5967.65639009011
4826.424925938625
901.388156861929
689.9645410064281
649.5342239123111
601.2671884871359
588.8095439815161
574.5472338039542
571.0309276406638
569.1689313692339
549.5598972435855
543.8663052764807
