150960257185.20538
9371049114.362024
9371049114.362024
7108930048.701614
5116122615.15905
5116122615.15905
4982201326.497837
1478663570.3439941
1229147498.0417628
1148064858.143065
1144759967.5229504
1144759967.5229385
1144759967.5229385
1144759967.5229385
1144759967.5229385
1144759967.5229385
1144759967.5229385
987037363.8217264
486737474.5726968
486737474.5726929
486737474.5726929
83276171.37931503
35959022.50680122
30541784.90458661
9525867.29069405
4238481.497314628
1664964.10973732
475984.68395166437
76176.35659881624
30865.636549843133
27297.38205561784
27083.139286157966
26479.804947170494
20788.456847602523
19833.678850555447
9991.005546289325
7337.3617142663015
6294.972954550429
6224.595291151125
6207.461330875388
4946.140971424877
4479.595395282811
4266.4240712563005
4175.536659243052
3812.682665751482
3772.7329195828374
3724.539988596006
2829.967586052914
720.2301481152588
623.3467653434476
356.6246175750914
312.6333758276698
312.16771318194264
311.4993438244403
305.31294380154657
299.53375035638885
295.76000857363704
290.76252095743104
282.9989000810164
280.8967257874577
280.7638710321089
