168425703412.48706
12188580912.02169
8750964583.202248
8623956815.218513
7479451976.495474
6370387123.84477
4240899864.8606215
3686376685.1832786
2003912427.2200031
2003912427.2200031
2003912427.2200031
2003912427.2200031
2003912427.2200031
2003912427.2200031
1163002317.8953016
1029277924.2447509
795299909.1540488
493368604.53855014
261774372.84866688
261774372.84865278
215966750.5415347
163791380.40298688
46226677.79423219
22249044.890048042
14433781.312350342
7056312.438276717
2893711.043773387
157821.6743324026
15044.397532794592
8876.731031842623
7237.9249692299145
7131.670634434084
6845.288935167307
5760.578186158177
5679.457433453425
5499.224066077094
3590.860589136827
3126.9924759420405
2442.010801665825
2318.734917658277
1854.2241701852072
1606.8877624790393
1562.0237475098506
1515.380417308829
1413.6879887103064
1164.832823613379
1123.1354823311642
1091.2910042541703
1071.529153078178
907.689443003365
673.8719103708179
608.9768437056612
541.7947635238488
507.32271806600994
316.81659353290536
291.0673407303999
286.1829964138552
261.26928180140703
257.66829408170537
257.1692133997299
257.1641652895476
