225511087791.27658
8998430911.852787
5329030875.1389265
5329030875.1389265
5329030875.1389265
4917376796.829084
2993990571.565657
2412979948.21576
1423008052.8680387
1396573691.9312935
1274703975.1741567
1274463558.2385678
1274463558.2385678
1274463558.2385678
1274463558.2385678
1274463558.2385678
1274463558.2385678
568379434.9038724
565038929.7085363
448732042.0451901
372071098.5085834
265301150.7070651
202743359.49021026
56696468.72161852
9452459.834903495
4009831.352785264
949589.7897082767
74182.75180837724
32767.30389314588
11298.348605581867
5858.59024187985
5465.9950647074975
5435.45420589378
5428.259748728837
5263.344148909152
4834.62753449228
4178.040947984946
3826.965579506198
3256.9598527433327
2873.667562322244
2751.1664300275934
2744.6862534655984
2711.548911237207
2638.56185110128
2461.111297697118
2438.931902105394
1926.6043541279419
879.1840759234323
839.1679076579045
692.766626009942
578.2347783595286
566.5904584865478
387.2077925881024
349.3138812337345
297.1489523427317
292.0183966501583
264.7741640785082
248.70163539406605
240.80405179428612
238.1675557619788
236.11465712067942
