22954825386.134216
2059926171.167087
1216993706.8810198
1071569484.6645906
1058508763.6773894
1325953708.8528714
1210678739.7665923
958511264.0708939
1206126910.698606
869398324.3900757
1177301578.772296
1029876482.6985766
329171578.93233955
309852383.7785306
322096133.2384661
269532373.72488296
298403186.123855
278196703.23272353
165444639.9078863
176897116.24969292
212069655.0740115
159327475.7020901
184473957.30260587
970194534.9611851
1088383557.838393
733264539.9683273
1220004877.0302787
809955827.8250577
1439013238.2871375
216364663.45929605
127706506.5141292
