21612786148.797813
1723097993.349235
1424256329.8680394
1465082519.2498708
1450909834.698842
1109435343.8586845
1518522408.0159507
1258311293.945942
879023937.0675961
606687295.8353535
471160199.16816586
423430630.4670504
409036251.10399246
132532919.2486327
184995840.2214468
134264725.4577701
37404776.14935694
118025962.41472432
64644277.52476935
59731207.66096811
59450502.58966327
70286194.41176611
89038214.91118252
159869900.81033832
58604161.47516777
112406639.7709854
86452825.30662006
94939568.29090124
20149900.108277697
64982971.12095456
18919697.42876225
