17988781138.20463
1674759066.7050316
777434718.8860972
816515388.9062271
642546983.4865505
796344703.6040039
1080710698.2689157
541043237.1943837
807451870.8380173
531677687.8754606
360504451.8477136
242431206.0532283
357081480.35547066
178755062.9460709
330708049.5410129
201302922.6842842
178180009.12677145
205536487.04657504
252032744.4453269
190543847.1091261
142778446.80703953
105893450.64448881
292933699.7336793
260056838.5535268
92875968.15988553
153509115.39408457
202572192.68349323
120186578.3791075
109676231.11428058
151548351.0624705
128672607.70499513
