15750037802.310963
1574735994.7757144
1429646688.8285925
1157533646.422532
829296251.3160447
985567381.1776721
1260188519.1288264
1470926330.1026626
493798920.9805231
613653559.5906395
732969310.7488898
332393906.88065904
310605863.71316046
275313666.42802775
199791024.94290453
149962204.24930462
91824230.73462667
43710322.5337003
40037014.546031274
70626962.62838207
11382522.239349263
35875561.68531275
68129262.41064553
84355169.20993145
67801117.7588642
16456592.550667185
12942937.851484802
17146541.00444647
21372591.139621556
28998056.722875755
45922052.45084352
