19434672115.06591
949477497.8422245
536972201.0502434
597465222.3219856
510532026.8473298
715076914.060997
1756753549.2222328
485039732.2485676
377560054.74948084
335037815.72125584
317868245.3014935
304032277.06564265
1319904922.6288843
275290858.01692617
245355826.34564963
188620015.41350645
2815897252.7163577
534372566.38717157
674473600.8583307
138199436.91284066
59543163.33391871
117431510.74027416
71579987.25172678
68070304.2434123
54531797.291627705
67377050.06730393
48364893.703996815
37243155.24324966
29865410.007719923
28006721.910694234
29939671.91615917
