17939000842.90777
1933657911.2976577
931601055.1540325
1029981848.8111761
888321750.6138779
528384279.12787676
503464060.2026518
912954659.7368028
802468744.0027254
494246252.00690526
808434383.546111
609429973.3768493
975935088.3456957
321909121.86786866
1640724315.364389
300757584.6978158
174706283.18694925
182036451.2127178
95114542.23076451
40270886.70772173
264946121.9096853
229323542.58464995
153170839.68108183
276106594.49022704
323152579.54622597
170790928.65584648
181110667.67136997
269300109.53828126
310235534.88614106
286500016.42299414
163660703.4796512
