19530158553.74733
778283688.727755
889699899.7377304
1074082295.4832535
1139437786.1862526
1130099572.247933
1058491630.9512634
1338012108.005905
1208114202.625166
721876846.1314901
477352938.6461569
499356664.1128516
632229489.1798565
307064824.7151617
255428559.97147322
243243187.86876932
192250746.1017608
196140576.0222071
97719770.58319564
94708932.60154109
116967440.52514248
114616054.03475809
95818052.62377572
628015790.3293953
894575147.1058309
84187172.63695547
33238407.85819649
56492897.3196064
119617775.97210689
60546313.78308904
119902381.1698716
