24100760083.0323
2334468231.8403683
1422193656.757815
1136968263.231874
1388282210.8057637
829859806.0763031
777879251.592763
984741314.0336161
1023223869.8363771
859344045.9789295
799186179.1444736
605818247.0636926
445687511.9265755
496249467.6730296
193504489.06118646
159719664.59945118
304919038.3349105
57269313.649791405
37775731.96013801
28947381.978555642
44650456.7289519
168092073.17982215
135979261.39250225
249659846.92281443
135381158.63405782
165587131.86729673
315117366.71217406
148279350.01100317
172979973.12152
270315384.42964923
100222813.33404721
