17945809718.76003
1296119064.8611474
1163513192.6328034
530507924.32592285
651325311.4720827
626173552.2175628
608172437.5617849
446851601.41701376
437549974.4904267
471781448.094741
296853261.29016864
418200971.8846447
519690147.78426296
418448392.7574239
551210769.7814165
456715494.0377742
482274570.80064154
299282565.38245773
393725257.4412583
244268155.42577863
338776352.69461584
239248403.04130897
173713792.37292993
348724449.0879978
155685939.81002623
203049429.08570403
108229919.77707207
193877341.2206799
227333370.41372958
143517391.77854267
296280987.6474608
