16804895349.23479
1486696124.4067702
1050666579.6595824
1080048312.2088037
761602018.2848988
1264591044.9002583
1164491720.1424088
1115479692.2098017
1327313176.3807387
1080266912.9015555
546418309.0441062
673621075.561364
419200380.6761284
410953941.6747998
276944911.36039793
175550418.50828263
125412334.07054012
96786700.02700903
156378631.77817535
121322443.34320486
132654741.31379744
258698695.4680037
30135781.676353604
96192865.89372751
373639089.21991
155346553.00342745
115996224.78326185
146769995.8294333
243374020.92253113
56304629.76472751
101952583.58366022
