1375811258.7220118
83064790.00390331
83064790.00390331
48205812.07075582
46832142.278959066
26309365.299296368
26136841.37501782
22698882.20773187
18090760.469864596
18090760.46983918
18090760.46983918
9450541.754276132
8150234.406444164
6286861.243855304
5686091.1657397915
5651674.687211394
5499439.267388495
5145870.954219418
5073576.972654335
4418643.303046736
4418529.34421208
4418529.34421179
4418529.344211789
4418529.344211751
4418529.344211687
4160497.6115029748
4149815.8095928286
3983127.0856238194
3961082.440107149
3865916.8396628834
3862050.6346448553
