3663210124.7186556
104579812.7354435
104579812.7354435
97675940.23889357
87634554.84431405
77247163.5942972
70377865.09912182
70375140.09207617
70375140.09207617
70375140.09207617
62550907.48606709
31004396.979288504
26026503.227487996
21658496.991757236
20392504.98165016
16900027.61582621
13356059.224111814
10075599.931956386
6516546.120144069
4372952.725036845
4108747.468904813
4065859.6711659064
4065859.6711658556
4065859.671165836
3555370.579986847
3534048.881762434
3534048.8817622573
3534048.8817622573
3361238.110796961
3361238.110796961
3361238.110796961
