4438113636.518193
99395006.31550284
87372941.85700491
53842953.662439734
23271387.54821048
18804469.921885036
18804469.921885014
18804469.921885014
18804469.921885014
18804469.921885014
18804469.921885014
14706076.641432164
9145713.784141194
7368131.654035074
7010571.890759624
4384396.824036814
3789254.217536523
3495600.759827341
3318180.452964649
2998229.32425106
2433012.3108740966
1550277.3775594956
980004.4990128711
748263.5831220027
705520.2226243843
641419.2369663699
620486.0584539841
603368.1701339844
602672.246630012
602672.246630012
602025.0695383849
