6357972684.490363
105220010.34965308
88147451.99326494
70655222.59820986
70512896.9305309
60268784.919844404
60268784.919844404
60268784.919844404
53084310.5474686
53084310.5474686
52329597.88466984
49876991.65415456
49876991.65415456
49876991.65415456
32532682.154894125
24337257.512701973
12579578.330685508
7983281.205761551
6081435.0999353025
3949379.951074111
3131681.323357242
1831311.0554294628
1102429.7960077133
924870.84468246
806216.8820313901
770682.2682796592
647805.2211395196
469948.7065210729
432792.97652453044
429458.5451663329
429458.5451663329
