3879513789.279316
172325956.5446943
121153702.2710807
69081875.90836066
41736383.1552758
28898498.22842411
27568703.322940417
27568703.322940383
21533543.59339474
21533543.59339474
13620511.040488284
12523894.440298745
9863214.790664582
5726034.095934314
3422262.6747656194
2938711.912687784
2589024.2173847533
2589024.2075527757
2579285.459956514
2532641.145545172
2528951.296955845
1958470.4207699706
1706968.112080131
1611486.9917712056
1370645.1283230402
1098647.0910516912
1011068.2934950752
889731.7885477713
831118.3420038901
773310.8058098095
742716.2243764845
