3668711214.838026
117585319.91583584
72483720.07383452
44470098.164887905
42280646.86392684
30639578.962398276
28877730.092860363
28865646.049909357
28865646.026188273
21470233.8338471
20281075.338131923
20281075.338131923
15634184.965837287
10631100.702694286
8184431.455620398
6999143.472242536
6033057.228633741
5498174.424098969
4691139.84810879
3887666.5815172396
3115531.5244403044
2833397.22752808
2290624.51074594
1640516.9844699402
1455681.7767225094
962236.5956481027
875320.5160873639
855981.9334300181
840592.2119806756
793139.4245604784
792615.7471689265
