8676010859.234444
134641588.24058348
96998341.51303333
96998341.51303333
62620266.69895457
52825972.89042468
52825972.89042468
52825972.89042468
52825972.89042468
45345257.7410522
45229273.475740515
45214281.19162468
41207178.82579724
25295164.471791204
23871005.404974863
22824297.55317373
21173009.951429088
12135803.176245594
9989886.495100234
8206943.993489295
7387881.635836021
5832878.227236809
4991392.0290857935
4205594.93928206
3781136.6435015653
3590108.205415387
3486551.728849527
2882668.416500199
2801584.006102547
2692132.45829726
2584704.8350847107
