1856.1369068226152
1340.194039775401
1343.86837589556
1331.0416663442918
1311.9679719228939
1309.9588130592167
1289.9478777997756
1308.7130621907588
1299.2026204372883
1295.2213413226777
1305.4703959094913
1284.379224226525
1279.6209719760866
1283.7261291281045
1268.8841331956714
1271.2365744165772
1225.9654836325462
1212.78145810167
1204.671054842006
1228.499950359331
1165.3261591244243
1195.7269793275993
1115.3285403682955
1167.0488129264634
1103.0459612026718
1111.2264574237229
1105.550778420142
1073.65684615153
1084.2693357290586
1064.200455839724
1060.9111935139592
