1836.8053791322927
1337.2771648560479
1340.7666640099812
1322.171183470548
1317.46602127354
1287.266501675904
1291.555644751739
1289.2391078793373
1282.4011732833858
1292.6772625106457
1287.869904483177
1292.229630251099
1265.4344212687163
1263.2954159398519
1263.590164568229
1227.451821779437
1159.60968831382
1129.7070643223115
1142.321448948212
1149.8170612323734
1091.1675141705507
1142.2974871702859
1071.8552833717417
1058.8790726370432
1058.5550489570755
1060.1163914770189
1052.1938162878241
1049.0109657372432
1050.5985459323745
1047.6468055958258
1029.1693742920145
