1866.6368465802109
1347.4735580219412
1334.0907749156218
1327.8131843578217
1302.5548461584945
1298.1543867233236
1297.7365385026974
1294.0691272722584
1310.8143195405005
1292.314441096379
1307.803451345419
1301.2571270129918
1300.4387874936492
1291.764348077758
1288.4334041649913
1259.9010759948012
1241.418043080392
1242.5926484687507
1216.5281923557204
1192.9255428372542
1131.0415875255535
1116.3179845692
1098.8221597275126
1099.1005324737998
1095.3277110757224
1082.0544727961449
1089.1031312460314
1080.4792347676862
1077.5768366138132
1080.1726187889292
1070.2454793264315
