1821.188330388036
1350.9007660041812
1312.7436277830016
1305.4852879218895
1306.638669474309
1274.1250809213884
1265.3627969095328
1274.4718191553536
1269.5789131239512
1263.388381606585
1271.953119231462
1256.7771836492072
1252.4222802602508
1281.113766784659
1218.7727071458044
1197.5541536790315
1144.5921094822984
1110.726326735304
1141.2376385089276
1108.867324522483
1076.5491228173944
1076.3121961731856
1047.650702599433
1045.7685447745928
1039.4365810663164
1038.683203504263
1053.7082728210917
1044.7360101055447
1042.2192728647965
1043.564702727244
1044.1043759074305
