1858.3403429306775
1329.4931593542901
1331.749502371141
1304.2420907375056
1282.643351175914
1259.9213845056292
1275.939571963689
1263.0123606058046
1248.9652509848795
1279.4010343528043
1261.6034722383533
1253.3586951363388
1263.6802543877097
1246.7680481352795
1242.9671140970988
1170.5423721047332
1132.4484428398232
1149.0994285117688
1067.1872763069673
1035.7124470196165
1044.8223111653292
1032.7081477135514
1041.8752979354845
1033.2591045520508
1022.1234927423927
1014.0882561016288
1012.2342735342905
1004.782870735247
1000.7244773390819
1020.2949120753898
1010.3263158849434
