1509.9431961074645
1207.406953967913
1182.3292188972373
1175.2759116701409
1135.6087820618382
1135.6087820618382
1135.6087820618382
1135.6087820618382
1135.6087820618382
1135.6087820618382
1135.6087820618382
1135.6087820618382
1135.6087820618382
1135.6087820618382
1135.6087820618382
1135.6087820618382
1135.6087820618382
1135.6087820618382
1080.8710259468826
1056.329324040398
1056.329324040398
1031.515290868593
1005.2231293731278
992.8549602712358
992.7160398766647
992.7160398766647
992.6143710251573
992.6143710251573
992.6143710251573
992.6143710251573
992.6143710251573
