1642.1333383810818
1151.2062180049936
1144.1318065269102
1144.1318065269102
1116.6151200132117
1080.3222916993946
1079.9782631043508
1079.9782631043508
1079.9782631043508
1079.9782631043508
1079.9782631043508
1079.9782631043508
1079.9782631043508
1079.9782631043508
1059.1377987122169
1054.3345256136504
1023.934460021721
1020.5605819256076
1020.1733584849253
1019.4234055726711
979.0671905596914
954.299491308798
953.2970923101559
952.7414986435542
952.7329532393246
952.7327816408884
952.7327816408884
952.7327721797373
952.7327659571038
952.7327659571038
952.7327658123259
