1493.4311655091851
1109.0131612551077
1109.0131612551077
1109.0131612551077
1108.2571992780338
1069.1164143523408
1042.4407017233543
1040.1921638584358
1040.1921638584358
1040.1921638584358
1040.1921638584358
1040.1921638584358
1040.1921638584358
1040.1921638584358
1040.1921638584358
1040.1921638584358
992.4251503057167
974.8897680773109
953.2681415847582
952.7637721068055
952.7344554701475
952.7334687032751
952.7330976898916
952.7327396204668
952.7327392551879
952.7327392547245
952.7327392547235
952.7327392547235
952.7327392543256
952.7327392543253
952.7327392543252
