1531.0757714163378
1189.276751397829
1189.276751397829
1152.4021724158933
1152.4021724158933
1131.731481469115
1107.9445995510603
1084.5004801654698
1084.5004801654698
1084.5004801654698
1084.5004801654698
1084.5004801654698
1045.6171573389065
1025.07840883333
996.4733031058682
961.4426411587584
954.8859352606968
953.0369253517152
952.7756423347356
952.7333026631736
952.7327669884081
952.7327595077776
952.7327594511385
952.7327594510532
952.7327594510411
952.7327594510411
952.7327594510411
952.7327594510396
952.7327594510396
952.7327594510396
952.7327594510396
