1587.5186840711538
1158.92955603841
1151.1193113110057
1123.719933841651
1076.6185056833506
1056.2893201795669
1048.7694611463533
1048.7229747339666
1048.7229747339666
1048.7229747339666
1048.7229747339666
1048.7229747339666
1048.7229747339666
1048.7229747339666
1042.9072705132025
1039.373034337297
1020.0412781130115
1017.4675590582553
1017.467559051081
1016.7735051698551
1016.7716204617793
1003.3329150829193
1003.3329150829047
1003.3329150829047
1003.3329150828969
1003.3329150828918
1003.3329150828918
1003.3329150828918
1003.3329150828838
1003.3329150828803
997.4510292389608
