1542.5257199409862
1168.631141207586
1164.8809111493451
1141.0216564881491
1124.2999826191758
1077.0761589812535
1043.9473889018532
1043.947388898594
1043.947388898594
1043.947388898594
1043.947388898594
1043.947388898594
1043.947388898594
1043.947388898594
1043.947388898594
993.4239812432888
972.070310921187
960.9947792499189
960.6940440623237
960.6924719797266
960.6923471046792
960.6923459081939
960.69234590022
960.6923459002194
960.6923459002192
960.6923459002139
960.6923459002139
960.6923459002139
960.6923459002139
960.6923459002139
960.6923459002137
