1568.0032352897683
1175.6763508709676
1154.657688995941
1154.657688995941
1141.784961373713
1132.1396970612323
1093.6214931330887
1093.5742915454055
1093.5742915454045
1093.5742915454045
1093.5742915454045
1093.5742915454045
1093.5742915454045
1093.5742915454045
1093.5742915454045
1034.40317933924
996.3973981870248
979.7412182942585
977.0097864920872
976.6396795928479
976.6118209892956
976.6116850283204
976.6116708809346
976.6116708455238
976.6116708453611
976.6116708453603
976.6116708453329
976.6116708453329
976.6116708453329
976.6116708453329
976.6116708453326
