1621.7514479172423
1151.583670932042
1139.4111134069226
1102.1168933518761
1063.5886076730312
1059.5308833970444
1053.191675441491
1053.1916754414901
1053.1916754414901
1053.1916754414901
1053.1916754414901
1053.1916754414901
1053.1916754414901
1053.1916754414901
1053.1916754414901
1037.8025101696885
1031.4324213043806
994.2066228785291
965.0487125527019
959.4909104189793
949.6269441369902
949.6269423338531
949.6269423338531
949.6269423338531
949.6269423338531
949.6269423338531
943.7889388322294
942.7837223960975
942.7831842356533
942.7831839940401
942.7831839938408
