1677.7822245384386
1182.415948121702
1165.443000648565
1147.8572135605823
1111.2718770052513
1083.7194783541674
1063.6697490880642
1058.3327374890832
1058.3327374890832
1058.3327374890832
1058.3327374890832
1058.3327374890832
1058.3327374890832
1058.3327374890832
1058.3327374890832
993.488871188285
979.1953820944369
961.3266925036249
954.2041582013281
951.5419339492947
950.815666491618
950.7497762398684
950.7428547845842
950.742826234507
950.7428261781959
950.7428261779592
950.7428261779576
950.7428261779576
950.7428261779576
950.7428261779576
950.7428261779576
