1458.180592859649
1147.0465001044931
1147.0465001044931
1121.4596021398731
1114.6571685064916
1067.3360576070443
1059.2893568663292
1059.2893568663292
1059.2893568663292
1059.2893568663292
1059.2893568663292
1059.2893568663292
1059.2893568663292
1059.2893568663292
990.4477108073502
969.5164418068656
963.0465834426817
961.8284605308128
950.7725448671391
950.7433649656925
950.7428465911142
950.7428463758315
950.7428463746766
950.7428463746727
950.7428463746726
950.7428463746726
950.7428463746721
950.7428463746719
950.7428463746718
950.7428463746718
950.7428463746718
