1580.954127584353
1175.6164701150376
1169.8877644914605
1163.4019207174283
1138.68455636086
1098.1235236195016
1095.3723646908566
1095.3723646908566
1095.3723646908566
1095.3723646908566
1095.3723646908566
1095.3723646908566
1095.3723646908566
1048.4576350100115
1040.8411210537324
1019.0919303473727
1017.6335771164341
1017.6335769143556
996.6482041394271
996.5115887726978
996.510702211601
996.5107002337745
996.5107002142041
996.510700214196
996.510700214196
996.510700214196
996.510700214196
996.510700214196
996.510700214196
996.510700214196
996.510700214196
