1384.6926269009275
1152.2523591596664
1152.2523591596664
1111.8161305847004
1056.610400166071
1041.1974491967444
1028.2643307493786
1028.2643307493718
1028.2643307493718
1028.2643307493718
1028.2643307493718
1028.2643307493718
1028.2643307493718
1028.2643307493718
1007.2326706136568
982.3539728485497
979.5500563415487
973.9460168492587
973.6323906306736
973.6268530422083
973.6268364064143
973.6268345579147
973.6268340696472
973.626834067475
973.6268340674742
973.6268340674742
973.6268340674742
973.6268340674742
973.6268340674742
973.6268340674742
973.6268340674742
