1522.4428086347339
1159.1592045815642
1133.3653748070055
1111.3966427075964
1109.6541148704143
1087.695275044072
1078.9038199482743
1078.9038199482743
1078.9038199482743
1078.9038199482743
1066.7171991321177
1065.9758469361846
1065.9758469361846
1065.9758469361846
1065.9758469361846
1065.9758469361846
1041.7786604001715
1012.2197361778509
982.9822677575362
973.9211939153041
973.637642715936
973.6269550345812
973.6268342377109
973.6268340676131
973.6268340674745
973.6268340674744
973.6268340674744
973.6268340674744
973.6268340674744
973.6268340674744
973.6268340674744
