173.73596811680974
139.93184640608357
141.19646654447217
130.46636121479048
117.02182146245852
110.84126865985282
105.5096862479386
104.89979769827549
108.99763566302109
99.92929646480493
97.37654242036778
101.87529154840868
94.85777537298405
103.22415036476282
100.6976257474655
94.17943980521729
104.39251795597102
101.99033290727225
96.28535078002493
95.39198391174062
97.93437215623581
90.16534657369051
88.30522719125248
89.44847352479326
91.90005818271406
97.75140360045047
80.8022419965066
83.22905667944784
90.31382032020514
93.99272067773295
86.46864104174787
87.5088510913966
83.61382648343304
71.40543112354864
68.71004389378031
66.95184278327768
67.46418046937573
76.19857072288659
67.09385270904566
67.77761968796125
62.77826274240644
68.38703813683756
63.96194176234781
67.51800160143588
67.53394610436665
59.884553696124996
67.26541048560901
70.9155394694182
70.20142622620999
69.11588108984769
73.2172706976937
73.90001441888316
63.99719374955134
64.64193192242908
72.6862882593174
70.32523105891302
66.65148475896723
62.80116230306821
70.67133453726444
72.3895563444082
61.697301199351635
75.34188412249591
65.23772415812527
70.713856438306
59.438594730549354
60.23821371068372
65.7203614779016
54.07508061548876
64.57199810031119
62.34924238039828
67.53544670884166
62.737066039317575
60.282608880876886
64.46647636827285
65.2301484969152
66.38826208297756
66.36872048444965
63.43713440028406
64.0627032080197
61.187543009662114
59.98721059574327
63.61070463512498
61.64812955231933
59.23565823769971
59.239972347295314
63.66042596095469
55.32693547843306
61.298751380624765
67.10479181314052
64.22984550002234
62.24010539818207
57.89554871153423
62.83004586554015
64.99076690695998
63.8833347767039
58.31262148587573
57.613626466811
57.4912386677829
58.02492863082173
63.77989612759041
60.923862657282164
63.340388653552274
60.91250379417168
72.30747119197473
68.31699892062028
61.63844938551653
63.9138714440162
65.09720475535862
63.76712150517042
62.46238565037629
61.91039849529564
65.11656955111118
67.60121724605004
62.944419012724076
67.98732909006466
65.59934165353926
64.01529934441129
64.03471993420868
70.25989153522835
63.85868405246352
65.4629128840524
56.12792060400876
64.85450461353958
65.38734381929704
64.54796611332776
56.5819495188144
56.81231834775064
62.754634282870185
59.56266604643313
63.016098946086004
61.374532027668245
59.947122499718624
66.66535058596398
61.98613906908188
62.41862220851485
56.16536281805168
62.76879866520841
55.78578580246732
61.76769615871699
59.276406856039955
67.29307611621962
63.47118175654723
62.20164818512354
60.56081016807784
67.13560110506258
63.42940587325354
68.20278588473215
63.07556097719034
64.12118952878335
61.19691959786265
62.63545595526988
56.393388897957365
64.00192450736184
62.2217455009614
56.475297063640916
58.44866421393277
66.87318931677719
62.31758205461063
62.36371307148281
62.77006824728116
64.117866006934
58.86782718349172
63.104430702175456
63.49372212888733
65.44344684981672
61.9852335063658
57.54378356230622
63.004198666349424
56.342920597414775
64.9959701019569
62.10607936367445
58.74745161335013
64.56744317830143
63.467887388034505
69.10799287355458
60.53471062680981
68.3019432743692
65.2138076096833
67.90517921719817
64.71326806730866
63.661694102514566
67.22751548434577
70.11463364589899
63.92227559785344
61.75988483821857
64.85743279376135
56.55514786270655
65.88271936631969
56.381825971001035
62.80401140145095
55.960202256315846
67.37605344024297
55.75076006960905
69.4184847606559
59.600327566498166
62.72398883675092
62.13448506953412
59.325261241579064
66.69365776473872
62.26674570508374
57.70460423260773
62.558863462595724
62.210860008441706
58.94826363095554
57.56655105185772
63.5468553101664
58.71390650047701
61.475859211291564
54.115118932033994
56.372308197061265
63.55591764478033
60.844164054069445
62.371790889139014
56.6589404640873
66.96558301481421
61.611322052370596
65.31408873804489
62.6320176333967
68.23654646033604
70.32984247777901
64.0792256829295
70.89769893757013
64.16926318215039
70.7290409019587
64.67240346657482
67.63706392567937
62.669173312424554
67.89394825254927
67.67784675773152
67.36066602784258
69.02607282355457
73.3336797045565
66.47392667218541
63.98163663087546
66.74861535074207
70.66175251994781
67.13388386215921
70.03784014685651
70.62837824713866
73.34536444908694
63.72059361085063
68.02735116060191
74.33428017865755
63.81633571190355
69.27321980615744
67.567829818145
71.80640909456469
73.74770711207866
69.80638207205371
64.34076343645144
71.64080709144103
72.12828604193658
69.58140044157417
67.60359135690203
74.44067619157295
77.4963012391904
67.85008009345069
77.50923856123325
71.45423632181934
69.1492557099498
68.23396461047889
72.75651432393227
64.92254261530822
67.01958759043046
67.4374850663239
70.63666123150358
69.35017418965889
67.8510846408895
72.26843384555151
73.57937935750277
70.36268767105793
66.80338886608975
70.4775223881365
63.174043589088804
62.64287373320251
65.17903934313468
66.39697664510773
61.061098500436984
62.723436601280646
70.19254576027197
63.184789880915304
65.48690864636137
59.14648533871514
68.33277709545085
67.71087081709265
65.45800376861399
62.57415891895124
65.53371116119038
68.6908740994834
69.47114404540258
67.81909453057519
65.96678284448011
66.0933428757013
65.56750728563657
64.22498422163268
64.09006096467672
63.59622477244251
62.68184190421549
70.52894806342756
65.22680032984614
70.3086389822194
67.42632725032718
66.4213871449318
66.51558753933674
66.39578108472695
66.63114912780287
61.94522091494913
63.45989879995843
64.14797059776824
69.69468905252174
56.14572931478054
60.68431097709994
69.25639928585848
59.82767993539366
55.80477411082098
61.48074026176503
64.18887739369289
62.8673387381748
58.28440593678055
64.41883106934124
66.54513687721251
67.77175048696961
65.03634958738347
62.26765642065371
63.040918836548116
60.558134560802955
61.49106379842995
61.485404232124004
60.159974928071755
66.5290065474119
60.95861085761693
62.57360792128268
63.02065834854362
66.9468609601579
66.36239855484035
63.8074075184776
64.78340539316949
66.14327231402493
71.30761139439754
65.41169783983513
65.26493920620558
61.83883070982424
62.381253179320986
62.17024234913711
64.29536257921765
60.451505234379546
67.7039983066496
68.58651392358468
63.87937789671806
67.86124858337843
64.5644885391984
67.30297081590658
72.28187977344048
65.4405507326222
63.58911056467814
66.2669510304273
70.23353555529569
61.1894904920088
69.3866406107606
67.82453388239435
67.50489201974145
65.04158454438215
68.01106479132417
65.82039596563213
65.77305666234129
67.9395423046645
67.81179446038185
63.68133298048773
71.4717720588974
64.90120380142045
65.45640286660631
65.10716430923236
65.18294840575413
75.39168419371998
67.7275730819353
60.67044145858381
67.3079704830612
65.11749992955622
66.67612746119488
59.00395847748506
69.50125334634886
66.2357539779045
59.5109448878691
64.4835363929431
68.36224926233788
67.00146186557879
65.21760450658684
61.09039970755314
71.11956520647148
63.44226024327045
72.68935879970577
64.41229286941454
68.36936950915704
68.05378430127158
64.36702030598502
69.3605795362103
62.40610307771593
74.75528605844067
68.96608968351055
72.11715906728593
68.88122918757266
67.01979419029274
64.90567118768634
68.95709883462494
69.85707260709782
67.80436630612544
62.608124977528384
68.93667533854253
61.19915783271895
68.99855333195585
70.89280352613912
65.29782692672156
63.531771112306394
66.68753252914121
60.5219689368374
65.31242101554263
65.05497759454387
62.14246714691992
67.22050974226231
63.81396083764232
60.24211710325976
66.81925873761962
66.81171820202033
57.30820993213898
63.5559906064727
61.75893378838875
67.79845871980109
63.297970348427356
64.51983759960538
63.4794361489069
65.62368003493253
63.81330912139791
66.82100595129575
62.26212196712053
58.576774269683064
62.011335787507726
62.667311066964466
64.13093448275619
65.3099875863662
69.54615631632824
61.058604737574825
62.849582760671204
65.1256207364601
70.27143872160818
66.5756134423614
60.24100317783729
66.69762767724691
59.652087216218405
66.6628613159494
65.03805886444943
60.74846510067911
63.31352886139601
65.24522470793167
63.260253373217054
62.6237278535531
65.04500707404851
66.82148680226092
67.13969291920928
67.64125730967893
64.30457566274553
61.23526285201527
65.78840640820687
64.40904377718982
61.71462424189301
64.72466294265881
59.57763721825959
62.855750385402914
61.50656299988763
63.611696402289
64.40530267742642
63.459039909649
64.11147317294214
62.326427854241444
62.229583962244135
62.090631018553395
61.931418315663905
65.72482343901387
62.227737312459304
68.67986885688352
61.353385806769495
63.641313337613404
64.61299943020214
68.49695993969334
65.4678992858272
63.64670066633204
60.88603375369286
63.97600127595605
64.34678973528757
66.46064700078881
56.015134360194445
66.29678515563637
54.984658893442194
64.19588458741046
58.94670169673651
63.39331326699824
59.953534774546505
59.53635973712988
63.83855148716987
59.31402257819511
62.440009058264586
62.69697593052093
63.089521195405396
61.72131141524638
67.9909583926931
63.07475744823826
60.732859172178394
57.20872686589886
62.14744184907373
63.67193970578782
64.72156194182105
62.28719770507126
61.410196458533534
64.46698634549371
61.94206948125934
59.86975080510069
59.82207347808619
59.89808182570741
61.804367639041814
58.84170465417635
65.43363320971326
53.20799352478594
63.41388412949361
58.177334547755216
64.40512503523568
61.78148355096757
58.978520980869455
68.25782560802479
63.307334326430485
59.358781137371544
59.19815535744454
64.05671146057783
64.31837193976527
65.72735227232288
63.66841015207083
61.960244609783096
60.131922384561165
58.18483020327645
61.67607455837551
66.90956957070226
62.6694543176728
59.63769592471002
62.87552754169441
59.749598669292745
60.77840527692648
58.86754721501314
64.75083353492215
60.80935767390377
63.73930550426907
59.88544803457756
62.75692330696493
65.8352131372519
62.98105800099213
63.06724350043292
60.94142155163036
63.172892014910246
67.26217715846381
66.16189941778512
63.47611310448396
60.807320212060006
62.22803004861456
62.30287455252719
60.17084898826894
63.57528852512214
63.13975016929171
60.10904818154111
62.39158986253691
65.38097468261044
66.20607374870957
63.55189439301305
65.0281105139039
58.19030559132685
64.8339768275838
60.781384648828364
68.10690660725204
62.21836591930728
71.51591842147755
66.08427106538437
67.87292103439486
70.29259842347054
65.97109054384576
67.14824800334988
63.55701655668365
70.96027341393183
57.70780899580595
68.02113555263476
66.22980335486128
64.65105555233042
65.9425051114879
63.32839500432916
66.02701123624841
62.52027764072022
58.60043712431076
60.72494314532758
63.689029865799654
57.0857147500891
64.61247014632099
65.4756566334218
63.35111888497165
61.00416022575591
66.09140195273129
61.47124672511934
61.18096417734084
60.75803205954413
65.3710256305224
69.82901540686116
66.8163661729908
58.41025809921644
63.40468136868299
65.78211128895879
66.04107021049101
59.243775286742185
65.11242265793189
58.767596392982256
64.0530625811281
58.76876141952275
62.99519574158372
60.75578469091728
62.28859405194496
59.74774645383082
65.27743896959373
67.52112501538505
62.28816389354874
62.21586815698433
63.47618309598445
64.94691693943783
59.64162141528577
67.87917918755159
65.4457450517987
60.05699885289718
61.59559991254105
56.98560025152196
60.79550555157376
60.29126510565843
59.9924180973936
63.63861557207226
58.18557108613544
64.01728921299676
57.92064768447115
65.22503124493952
63.95043468724586
61.32611556585449
57.36684356513036
59.324685250008294
60.16970352015495
59.14005892627718
61.91643188135913
55.716205884197194
56.03018793887326
64.88083747628097
63.01423737875396
63.11930089676966
60.160981937327286
60.979781227430934
60.48683351515774
54.766446508145044
57.897902664865406
62.58734628276963
60.17663412063711
60.63322524123409
56.84121037891687
66.13834788629215
58.356686989449855
60.07410531052446
63.46048169112728
57.048575309250516
61.05195441703147
59.870576063476975
67.77828729536859
57.32058733495087
59.64196640118238
55.644864674079756
58.39502872125471
56.796617180230875
61.86202753849886
55.76450933095188
60.49865375618592
59.78567337948445
63.210271722110285
58.91334945343411
60.89474421449726
61.40657459529907
61.86578279708191
62.90452214340599
63.16881451656396
65.75327267382953
62.77389223140559
63.34738154210264
58.788817131735506
64.1370315610433
59.04181016550038
54.63993362241672
61.40404319138241
58.11535596202789
56.974830710997956
52.17536351664303
56.60344067549704
58.62422675645728
60.50488920766349
54.06071294997328
60.22335541712944
62.39711411464361
60.615517982387885
59.08456923345336
65.05462080255252
59.40845132154722
58.81315495619408
64.42219664626232
61.05795698070471
62.86627913396216
58.56290873833077
59.00711722310305
60.8633804827922
62.4675447629549
55.84659179865724
56.52231991473437
57.864533500621455
64.21986683536694
62.86700075789615
52.215571719738875
52.56487086827294
55.6826441501459
60.57248384117278
62.53645425223664
58.829625077294565
57.61556334717547
64.88778113563303
54.40602422687523
54.55749933394016
55.13416878732227
57.042848872360935
58.04397287714041
53.07238980059222
53.272235255667695
62.055989421114944
64.16902880985435
56.602968196248824
56.26321066290199
55.250605522710764
57.213919626623735
60.83651932844804
58.34770337424092
57.38684573734394
58.23052651482811
59.44034139784295
62.58916176850059
57.73338940771476
61.87990381086806
64.36589453747266
56.92730068046583
51.85712132938346
52.948026984120254
52.72016813744562
53.173189885510766
52.573683840773356
53.44348746034386
53.508520130611814
52.179973336753044
55.98381533745977
56.18174141885269
54.988152033246735
53.57005055784995
56.82200494021724
58.192366003496524
52.038371859280495
54.5156104848152
56.01317744969606
53.24495181413833
51.01279653585942
53.252610621379375
56.057611246327866
55.009985747490376
52.9562456755767
53.86926835080742
54.65968273676467
59.42013137882388
56.101780944447654
60.09812975301048
58.43781511490468
54.73280559497428
55.84106177831543
56.01052975974362
58.03172724318378
53.58289703989281
53.62868118547953
56.85982232783561
57.57768014277384
56.14308827871812
51.65006623748053
53.371361256665224
52.87958492939205
56.84994164227412
51.737688396831345
56.20525247855529
49.27706720525563
53.93864359150326
53.088840823742274
55.28134276114717
55.46633636160343
55.42249306340695
51.35458820770695
58.86387262054348
52.650952020231486
54.763111916368196
56.71206719517528
55.08976992218857
54.935691732668765
56.89499064268713
55.744527240163045
54.16453131208733
54.5533435215211
55.25525212429755
50.98479325924943
52.784213427242705
58.15372252497693
55.157746164011726
55.459697874911946
55.93453389547521
57.34633938740682
57.00646040237209
54.95277534166322
58.997674877651725
59.04184366836664
60.951123944555775
51.75301558458369
58.88457036725849
52.497958109467184
58.299102543928626
57.62501760869722
55.94850748320756
55.30143045675329
56.63396824413994
54.26993711353744
54.433692133974965
53.43718711897158
57.39067434245177
61.59942882584126
55.44671152217665
59.20608728042018
52.56875993152531
54.71815832523024
56.05522228313486
54.506043210252265
57.77062259155336
54.0107893277849
49.297558256803725
54.04923955921742
52.32945965182375
53.07261587001539
51.51629236429126
55.53438553230533
47.0603883453215
54.33846121420378
48.59474239405881
52.56475131419842
54.72686166096595
51.394125364884204
52.899291828217955
49.410473026515085
52.07646892210086
51.928764839075754
55.82768516281075
54.502749774561636
57.34134113346892
52.88081250302439
50.0052699219647
53.44985843069686
56.37045348617194
52.82544393761598
47.85310994991245
61.24778291811549
52.846256836711554
54.047969984419126
50.93307626962161
52.97223636751412
55.17322238775212
47.52532794435634
50.5439347258636
51.277292418726155
49.191884095025436
48.39024702932986
58.19205812105423
61.45597217564822
54.86742357886892
53.553866662206744
53.04271253234398
52.572891126681554
54.764521880123866
55.68902454096993
54.41429541811762
54.39315926489299
52.85626734159834
53.13483380076686
56.15033063324383
56.48512792563049
58.71682496311014
53.00430734975306
57.982048163630495
51.27157110401939
55.62756457765599
50.337328024933484
50.57824468125614
54.73867573899772
56.25760032762297
53.632746163265914
54.081607250692926
53.43044673932209
56.71174115024749
53.45415761197088
53.05190933387766
52.449425919650096
55.133885208329815
49.760728650240814
50.30218627683503
56.11532668856064
48.213267699607606
50.69952078631594
54.14553001740715
54.600936414070745
52.25498269530483
49.8477198644902
49.70825799681147
52.0445214625986
55.21540474975737
53.118752226001824
57.52365828410546
50.52394735486651
51.84056560906927
56.6587333924566
47.74723579142196
47.78721463373676
51.23688581358001
55.66971975386764
54.803869411993084
49.004017309371996
53.171896852972765
48.70171404878134
49.7820974056531
45.41180353921254
53.92381893910867
46.2332858280514
48.983156077212946
51.12150403641776
52.502881211854955
52.75360272603952
47.722127454853144
54.29857566059423
50.626450272975134
49.88027086644401
57.340347603412454
51.78422697559336
49.81377705397854
52.99601969881792
50.23671655411219
55.37547745796535
50.274620450160164
56.76138348673817
53.0451114147243
55.25623582796061
50.257565206778054
56.05298738589509
55.00692478298315
53.18398112153429
49.03116295060863
46.870801185709134
52.93874610340968
51.88469559441572
52.72813302765981
48.632852975510986
50.20598883790048
51.19457141855278
49.56393969476804
54.56411218167035
51.933264088434086
46.1991035991808
53.7094169266334
51.59038785736051
51.76266530654694
51.521324682567936
53.40041926543001
50.934013016514555
59.02743694296228
50.99692212198331
54.96018910458801
56.2002366826841
54.29623503046394
55.90937496331814
54.651886983898294
50.40120086015248
48.76972179023311
55.76053630639135
53.98789125399156
53.23894650042959
51.6797768460105
57.17417835204847
56.919033539698866
58.707052518861744
51.4272028654972
51.35835975775417
47.01526552137875
49.65107034334376
49.38779937468198
51.548566112755516
50.45036156195245
47.37813829224975
48.837427976703154
50.18311653528738
47.293259014641244
50.477653549982314
50.340660727495376
55.70355103536818
48.202124600303016
50.53926394097341
55.54208994699307
51.89168866362514
47.6188009551679
54.6111651903562
51.888143456961004
56.532924577675395
51.97680042002567
48.57051271798052
54.21700820691305
52.62374424528978
49.09872848674829
52.31521417853573
48.56288787111713
49.15652520066667
42.72695630684981
49.83618672835757
50.35596575285559
47.9285442243919
44.82500006467466
50.524501310888645
47.770827322501326
52.68219206397317
55.53365611538489
48.38128188872079
49.57389513318396
47.588752790406716
52.4124170677799
50.836089247872806
51.021008615110205
47.98024666424013
50.167253854401515
49.1813311526717
48.494710504754984
51.31929400483868
52.25030031899418
52.91361709225143
50.598332403021146
53.86748631955828
55.463672013722615
53.33417588345187
51.74835857873536
50.607829052941916
53.51018979820364
47.640125356623145
53.322307694556656
48.0308698228742
55.698774623825145
53.9270898583805
55.75173075974646
56.67343165710105
54.12811561519802
49.77477860406866
51.62571821627602
51.544110729444036
49.02863760549729
50.60778704196689
52.28009974004894
55.422143937015406
53.157022851828
52.75329668775538
51.79973672415717
49.012432739234306
49.42074671997507
50.37885515380202
48.325694589777086
46.49732659951935
47.462679780023656
48.83032829088407
50.11812305706358
48.97448675385785
52.742358548598204
56.55377113188306
50.57371853707844
47.84276946942464
50.898064659220715
49.70621380700692
50.55530021208333
53.19419798507657
52.80349527829798
52.164371558203584
49.90445943463588
55.073063669484924
51.023808046295535
54.997831197797716
53.7838912201189
53.30412928928799
52.273078214408855
47.130768320662575
48.175875190151075
48.63450519249561
50.570497678624925
50.9394801922917
50.9409300861852
54.85239731695845
47.899528812558636
50.0229754885264
50.55080708467092
53.71234889137972
53.135508095571986
46.597080162313084
47.57252285346927
50.34614711425756
54.142518678778
52.59617462359334
48.83531989654735
47.986323841823705
50.63628558300473
49.125112187792325
46.28208559224204
50.28455643710008
54.3510222983934
50.81262774803554
48.788616793595445
48.65456208718453
49.48034187824729
54.57575627334452
51.710696478750485
52.520911306017396
52.886328577165166
54.52111640921983
53.53984650789845
51.62875511313862
48.796704526049815
51.77898556195256
49.45898513262828
48.81426498328616
54.8979260622819
48.282512127359375
47.38333170038566
47.91518800536524
49.50095907593781
49.485881310147725
47.37755279309531
48.27135436950567
49.42095599795486
47.927935259252365
53.79032175870339
50.75437970580642
46.42408480617726
45.32039655266908
50.46072267892863
52.360799561157926
51.450539592169555
49.47290267491208
49.88575038559647
51.626412555585276
48.34896560088675
51.56156119296401
49.43555110031198
50.039889343083324
48.625611267042615
53.92124734019853
54.21636279687382
47.73193388775229
50.67789564952762
55.545019669676094
51.28155747333514
54.80426214397238
54.84823903050883
53.890186919668324
46.683748114715605
56.47192995044029
56.24575168435442
54.41434915274882
54.227888058351816
51.35115717744664
51.45764923744396
47.443324916722716
47.02866266283567
51.058894501076566
46.60855973258309
52.66728598415817
52.481444823256446
55.37768507992536
54.36530010759943
51.112498865943415
48.44935747951431
55.6602561193708
51.1351572192961
48.28174258612726
55.06110789782259
54.667443466339826
49.07179261167194
50.02144306685975
53.19160832482563
51.29305785303801
49.678934916703895
47.7690634596997
52.78461040182316
54.683102398290266
50.2685296455965
48.924672341630554
49.37016959330331
48.47107921432158
49.69518354868606
48.348597118625364
51.98304365538119
48.986048759693084
50.20637050451207
53.174667882574575
53.62555644902579
53.415745647750974
46.66351489521011
49.779643014374905
50.1221311003551
46.623349347251384
51.21124321168918
49.05503370968943
52.31939066578323
53.23192885927956
51.49453948728778
55.55271560396386
47.13974910153189
53.22435871740037
50.26022060843836
50.37798611128253
51.76128730056744
53.69508838678601
52.6051668349554
54.70520650981792
48.90774883631997
50.36010111696075
50.35649289509871
50.982445187468194
50.28792074575855
50.686136047245384
49.27314915798509
53.362605188608356
46.7515105085297
49.55605557491639
53.200287338371254
53.814763942927854
50.89558220663385
51.99354616581549
53.63749741815431
52.90324509964919
53.104125150867205
52.36855544380917
45.59352548127834
53.54425915014428
53.97960622403183
50.71734962697096
47.13949754331157
49.25289477212931
48.28979066104539
53.55840092878209
47.91328203418575
52.04476015262175
47.98077895605595
51.17356859635249
47.536076578379195
47.05915099462442
50.42927138434939
50.72871747899735
53.04726589909676
52.298215310974705
48.35333316420355
52.423830174634624
52.27034900160683
48.447481979015826
51.763938018082484
54.47684731871703
50.30280969162258
51.81909547195608
52.84950812141467
55.62789307711544
51.85041295403455
48.3345689492347
47.7070824852762
49.01438961741046
50.30320376978636
46.72482291746385
41.35839961746623
50.755538584973955
51.47631247127418
49.68868243681835
45.92342194076433
44.1948097844031
41.249679711834396
47.40042242717461
49.91671146733037
46.009980888546295
40.281163167395256
49.33164289904942
48.65766331040527
47.85551488889099
50.346999543279374
50.297398647690464
51.31820007984217
47.76617300529185
49.320434482782666
51.87802938851037
48.09352285404355
49.346649004676145
51.143419184663905
51.43690829298887
51.21341531630826
49.094174797874864
48.5440055720173
49.00182884874446
51.9114816005258
45.964378619359486
51.261030645832335
50.784067172447756
49.16770089656283
45.997210074893026
46.60623062177463
49.65963975499397
50.20295969586252
50.99255243709042
51.763714066868445
53.385603663573846
54.62589902559866
57.02189093725121
56.552046186696536
57.58512431046986
54.15632776672046
53.76987873515892
54.8656924914048
53.80337357556655
51.33446906624116
51.877624931947786
48.262432593074045
53.47146198856161
53.91120741315999
52.12327305035936
48.84024680343753
47.63125990310913
56.945857716738935
55.65546993237606
50.06388735760756
56.71548933312735
52.326289736027775
53.498091219046074
49.675456181634054
54.407718229086115
50.10914374353129
52.975056401858374
51.44619668479114
46.83855862628407
51.66242196075482
52.6141025029637
54.962197524971906
57.933714938693484
51.70856793459041
52.94805658084833
52.95823440631142
60.20337372868819
58.94367488193416
58.35788734743679
55.76146881461882
57.01356134788408
51.87144663857671
52.44269829187647
56.277607640581316
54.19373662767773
57.101181659519206
55.90317570259683
56.26752845856906
55.54483918225596
56.42993264895274
57.00577560723365
55.73850709983864
57.6116101733132
61.98988198161347
57.00134004144173
60.80778461724471
53.11150340174039
50.82675894772456
51.48521223763857
51.100172422649
56.413519238946826
58.292301107030816
59.65125990462672
51.29353948851082
54.33344023440901
57.02957662840485
52.597412590184646
57.16876473237191
57.42992725431635
55.94865172533721
59.01249911152842
63.18299470717118
60.34880190964881
61.026714407548646
59.3754036221616
59.37309578350456
53.96421113003657
54.19998060390154
60.03332273237486
57.43915207644067
54.33168945200534
50.71248242844936
55.43014738728029
54.34224088461691
59.72148894625027
56.75723689148995
54.891975878707996
57.50914169533644
57.88306290129907
56.16200740640962
60.562643160596615
57.35665492279281
58.27650816361853
53.90351400143467
57.137089549478794
56.176727586386406
48.793666441994155
50.18930751606704
52.192238149256056
55.847776906942656
54.33221739148066
54.19641554821223
58.21532944500792
51.60563895817133
47.82562189874252
60.413595039212844
61.39987191239916
60.190606881514775
60.731408345690944
63.13090800029052
63.34329345450522
60.79629240279426
59.08282657489989
59.98142259139741
64.8388280286116
61.12274194912654
58.884352964954395
60.633844964334045
61.0067442603703
61.52259135150991
62.26207869269767
61.375822619586685
61.75176425414767
63.53208024517286
61.95111982595832
58.840480621312835
61.711444763698964
61.097169767598146
57.01080794812751
61.043912167680176
59.81545496894023
58.73054788709758
53.39954774373271
55.86246167240486
57.46404799349463
53.35391667658312
46.34789137360729
54.15167242032706
56.38107606041589
48.6132475981786
49.10081580837379
51.66233938464837
53.94117709467204
56.30467139227845
57.26403835914166
56.562531513654996
56.86035971560571
55.01447904489338
53.40589844739148
52.8398674170497
54.03978698186866
51.46728791276169
57.87958648871452
56.6722617654479
55.80456488949099
58.358413606944936
59.968269407485266
59.827302825819324
61.7632131962945
57.15574585475925
60.47870449846469
62.359872155121884
57.619925639981936
50.067189822692086
52.74981463122514
54.790560785857586
53.01988912080938
50.855800832880725
58.094879939357035
53.441457126977795
56.50764566080888
54.19171389079438
55.59557285663598
54.147160628715135
58.31881400668162
51.46963481658604
49.62945550498689
51.931784833034186
52.60466908715173
51.35499418771022
52.81639148566519
54.87312464196999
52.028672853214665
49.96324390436705
52.036484317302936
54.29782996984666
55.039622686063666
47.62533591876423
51.81900640046517
52.02591008810557
50.66177215718894
51.6537306057175
58.767123292819186
54.89495929185916
55.06803308998575
56.10878617519309
52.90769393843799
53.85521008136332
55.49027530012515
54.39611896450678
55.79742973311473
54.16418710421593
52.10303028946139
51.17018912159705
50.482103015293816
51.991453046811145
55.66621414509561
54.77554189282404
51.00687172923588
54.20230541740739
57.651496912983156
58.866446761622655
54.651332625219105
56.796171066923414
56.233516426752665
56.38090008191288
54.2353469282338
51.33246339127539
51.801634740515794
56.7210216827727
60.61711753671808
54.56068972508023
56.44734321304703
59.673656420172684
54.73419371607477
54.81973791976514
56.60703375512565
57.757619218791945
53.42636708338613
49.439798813867235
51.76657858735212
50.569419231527405
53.63449309639065
53.82523775828206
52.11151424298778
52.85227132640816
53.60400437143013
53.44697562454576
54.93947189610739
49.70786134553515
56.0218693277314
58.97143660950104
55.097020121108706
57.32904660689733
53.72890478847414
54.96780659271073
52.539505035881184
56.05870050048303
58.52789303708174
59.64293199397778
55.56554840595776
58.47639757589507
55.12545654649923
51.65576797897015
52.36001801411052
55.21795768857769
52.77811348073348
49.78846478589199
50.85721640824857
50.741539082433256
52.61562392672487
54.73184573676961
59.14542525331096
55.817684078001136
53.36007298391535
51.377085513376485
56.01911816373964
56.31954948029037
54.6354055633349
52.027252531355046
52.942285685869535
51.22365387775699
53.65803428341779
46.9890570973298
54.203296665336964
52.520326479444904
52.432647178250555
53.07099871500885
51.98921741334389
52.73790532531693
48.27752780815
47.36048145801828
49.641834680816515
49.747872215722026
54.27987330379168
51.95459819315719
50.916313137433065
44.56200154881566
43.838093126047724
47.371253005071
48.195603283497434
47.110808756458056
49.99934655601847
47.42281751065295
45.337129037253845
49.01999498645548
53.30839029089469
53.50130462493609
49.271607621219886
49.019155429594086
51.397158969067625
50.89216926125655
47.86963815096078
46.628821928383196
47.79689841869065
48.138617036280955
51.00667166943543
49.497668710716596
50.63069798636888
51.53784328843302
49.456993391093555
53.05458849627338
51.14731049826289
49.670146317329525
46.11318192299491
47.2676240061118
47.46700712444948
50.00370867398326
49.71967450984434
50.05194839949875
49.22291477073765
49.271059528108566
50.55905773305
50.54397084088931
51.776437548697565
49.342006721890556
49.355061913247226
51.14896214640821
54.284580355399555
48.66475195000665
48.03436978208032
48.64248328334677
46.62889122186055
44.75014591530138
49.1441497611046
49.35487321844527
49.810923392293056
51.38135737909504
52.66870099019401
53.463263276683186
52.96052262884479
55.37981974250099
51.21720023030742
51.462924214623435
50.7265730086978
50.30704380350159
49.87657587906549
50.45646809189765
48.51361722121235
48.879456771839976
48.81970151316493
47.55678203175177
45.82249957545224
50.319666355605186
47.21602776806487
49.36345474675126
47.58221378113925
45.038673252281754
48.05287230138854
45.336994860943875
48.929968542998225
45.15739753635776
47.36163894979336
48.263849349492595
45.131895072184335
49.901972252656606
48.325628136131996
46.641673259939395
49.20609748678748
49.021582514679615
47.71795545339315
46.518612692242385
49.52690558289782
51.25005735401442
47.97568276112154
44.36530637052761
50.3737285228686
48.82460049184252
49.21775991270523
47.480950209150016
52.81577814687729
50.04447570688642
48.93659524780882
48.52957599142397
50.32953737280664
45.845483374029115
48.469429796296126
49.68634644787009
48.17800311653384
47.52553300406199
48.67184945739298
47.696363719187865
47.19989605971953
47.048917183620176
49.151089551367214
49.836297882405276
49.52303520137353
53.99447170431788
50.12101683577721
56.86536105325759
54.871509454521075
55.937954035119574
54.11306148193342
49.995041170741445
50.17840526450112
48.840696979430625
51.55154704081524
53.571157461112605
53.74908852319903
53.465455959282735
53.17685269771358
47.88500469132567
53.81902874709363
53.62080123168354
55.22673379826525
55.63419846605697
54.3903177323426
48.31782178978161
50.530241721367254
55.318484261327704
57.660786183804014
47.46315193862825
49.244878119902836
53.94772755529954
51.776685182603686
46.607660116235785
47.205266256086354
42.9555928560634
49.96588981913608
46.86800029225663
45.661996487698936
45.67735761741318
44.00545377637871
48.37165190033364
50.46665191403577
50.77181550308751
51.776295620641186
51.20270699649061
54.95207515978381
53.928854918693816
52.51141732704504
51.6482738138224
53.2029645180073
50.007840421610545
54.473222731621
53.037383048185944
56.31890022207924
51.94568141105771
52.10277413659067
53.748947832648106
52.61211840842198
50.63838070905246
49.15917303576416
48.277197383262454
45.89829816391975
50.01692849066087
51.661502067075745
48.285265839925316
53.89619373420545
56.191565230880435
54.51510301362383
48.66440075805914
53.84196150582498
54.95767552276844
50.710629589367336
54.048756845887596
50.01905178427383
49.68291375947063
48.74012986558093
50.277064424459994
48.29994247119228
49.633585386499384
51.91953839903708
48.259719425682086
43.21719077817985
47.832679815489456
48.0955230268716
46.17141210827283
44.89701142576817
46.087271047919884
43.92400208038174
45.95249489308526
48.38638436675501
49.53466408731244
49.68657602664738
51.18004387984074
52.801453724238115
48.07210684255106
52.600650678967305
52.30996303703823
51.22880972709842
49.78484195516639
48.53605757156478
52.18522986018157
51.48081802046595
48.905697558081826
46.718641602406976
52.202041143744964
49.28397935921157
49.704299318502784
48.97340261419248
48.91857913038295
46.239957041757044
46.99973273152681
48.84741331455064
54.97127271133875
56.45532082321935
56.576692266566795
52.60173924676273
53.01519822121594
50.72312403850321
50.75337991171023
52.73366453840727
50.112827588630154
50.40889954645919
52.98056874618118
48.81809630071664
51.15601654168426
52.89344340365158
52.81123720453921
53.790557017396644
50.09962661007196
49.2897098882566
47.365145194237904
44.76791769814272
46.34536360019411
47.1578489741416
51.63556433973947
50.118412909688466
48.75154740453501
49.51486287868654
44.678832145916424
49.49617834275117
49.04544170521437
48.544633907820035
48.995142305285945
49.24419447124697
46.72659377888938
47.446612355458804
45.31067210059381
49.313726922187634
48.18847208206111
45.74250656829782
44.00386205862717
46.48304876292163
49.30495805862276
53.082074182773624
51.23702064298888
48.870616084349216
51.120343109632095
51.518229578392635
48.88420416629989
47.070578108184776
45.10656504946682
46.57262362642616
49.825736897511504
40.827580745788936
43.80008501078327
48.88180063660857
49.28588029743505
45.294120832654365
47.13597821801899
46.97413178015397
50.092685676280674
51.647913797171476
48.08080865715719
46.75749909220471
48.91387626201153
44.59768239592608
45.97770708085054
51.633405587447434
54.509237652876145
49.051046708700284
46.15349345292046
51.419943180231584
45.21557541641585
48.536410738788824
47.741773152318984
50.45438707112537
50.85278206319785
49.74559283476802
48.359375150054255
48.289106819233126
49.65724689448858
48.87907611519606
44.98247816314259
43.56402476579861
46.77275073839821
47.260843914862015
50.02985524683654
50.32753044751549
47.834379042510044
49.49980185127451
50.10376315667801
47.95884121443274
48.74644792683199
49.28865377995635
55.499673021482316
56.75280907241094
48.89226250851905
51.430198560088726
52.74275218025412
46.825621984402915
51.10218364859916
50.87319441815994
51.95812750120429
54.168765216961894
56.659718092618526
57.39791812584376
45.473740636158354
50.74239171353631
50.32627951522773
49.729426431088356
53.590304349023775
53.63777112253494
52.83779780463912
53.65357771683738
51.989095065964264
52.73914601673696
53.46809489838016
53.67569307960354
56.03470398074953
47.08071765872111
52.82080126288016
53.03660654825313
50.3465539150903
46.2795392775851
49.286310798382054
47.8960524477145
52.261530138727686
51.2419228118063
55.608379499660316
50.89811460866074
51.074303573164364
50.99997627758336
52.17095547948631
49.53006699355052
50.365136546274826
53.62962346597959
51.39070125134489
55.812169656473344
54.71059363366268
54.60070675367878
52.72839219232101
50.052519856946994
51.602994549465095
45.886391799169886
52.96203121292312
49.7658490206636
52.27550293886676
54.7322360932462
53.431216897374405
50.907295352872296
51.08172478617881
52.17611489966095
51.93382088462906
44.550905625073575
49.762277902172826
49.04724092304868
47.40315886157325
46.942630113514824
50.38051097163856
54.97512922212969
51.98932637108366
54.950282592248584
47.12453803921744
50.243609090875225
50.16524130489877
50.897997155638095
46.92655103876692
49.83237612846528
49.36984190894109
52.40764743582834
53.09717478081695
49.997746599956415
50.22527786149196
48.459197376632275
50.43152846536674
47.84174047939226
44.00512834062962
44.32027220077674
43.82965274144671
45.028118085125556
40.15259336146254
43.78742895558337
40.364377716755214
46.12899222206774
44.34556876513023
50.05994778374665
48.056042734248095
49.4011609663814
50.82554004787602
48.59490281028574
48.162150152241665
47.55969493912271
45.927132531077895
48.395033621293294
49.06149542643887
49.936254168584156
50.6213831636941
52.17064134144277
51.36601632093304
54.16850431381434
51.32071318734741
50.80929837366637
51.799868456937546
54.09594429234659
53.34887317284431
49.99078451259075
48.642304022620664
50.61076493336564
53.303799798531834
52.920796019272565
47.230017962090955
50.11652916789851
47.73098489928789
50.192644193714656
47.31955375861161
47.56193058003346
52.24847985220718
49.591808855713005
49.87031002576986
51.9798150964911
47.46025859357911
51.58866884244637
47.81345341149411
49.20146858038181
47.04074425871408
45.45609632608793
47.06438406470852
46.76682493578844
46.88571867567167
46.00479568358268
48.463055862343005
42.15631489058988
44.706358611800795
45.85240912844247
50.667014418731384
51.73866554837581
51.28530124029343
53.14349499799996
54.39933886907939
54.17389122858378
53.874513843365186
51.74878846245358
48.53247287335792
48.22971199089416
48.774628668808155
48.24364313596518
49.87592883930258
51.4375739291843
49.735038545146
50.108289446450435
51.002090788560764
46.97008165779444
45.78319096305709
46.755827364716204
52.095032072710964
46.66900894481305
49.888778956650384
49.86329718949622
44.719751670050954
48.946828934239235
51.501862615793215
52.80523432446644
50.277710615364704
48.636239564490644
46.0604688744305
48.68066206710426
49.281045256585905
44.90532510943893
43.039188967245806
49.82403615564958
50.35243703610328
49.80522957569789
44.61259540706094
45.65122592192577
48.015027538029734
48.81133188142381
50.45978156836045
50.803400491129
45.92362960329098
48.22656952949832
45.57341040513572
45.458609749904696
50.128227899303184
51.8011000956068
50.02872966700206
53.552462081782465
51.53195096084829
49.79260404292738
46.05248769331982
47.78710515406316
47.50846181392164
49.87381395429482
48.32745268421404
51.67804190507199
49.608558566528224
48.79878439523339
53.9132506875735
48.955135529198905
49.699524736272785
45.68930241267631
48.932237037466386
50.137866468227614
51.30145000291709
48.996848059488684
47.936834312205576
49.012102966602285
47.13895290042814
46.775364947075296
48.61196638031354
46.05926528914229
49.78570972352181
43.38846844056544
49.32766523427304
51.66701522441573
47.017216964428236
49.91171367444074
50.270322112606294
46.0150456222245
43.11885681645058
45.57113253875539
46.003477976549746
46.5798060119814
45.192551422072235
49.736901717296426
49.253555271407514
48.85931576827537
50.237805632619846
51.13964824084489
51.24505676319548
49.4120471496129
44.08746512256694
50.00278351429359
47.70454879055947
48.15710574233516
49.7817950079569
48.52154591943753
49.00004116774996
43.30243199488159
44.24893706302177
46.75308698011868
46.660875733636786
52.06055055362942
48.790949154155705
48.55292517677993
48.29210785373763
42.83389941680256
47.76833795224424
51.03363639124566
43.66448141475585
43.34009471633695
44.42069311199882
44.87068417885309
43.44965113998449
45.889862396252695
44.323493278369476
41.583286568548935
44.44723355055108
43.32218774523128
46.2444134098641
42.83180250949779
40.307275417367926
44.6738210707856
43.75717736544928
43.89109071334005
42.30752257022041
41.731609160199184
40.180873626675556
40.01040721900169
41.798766110397466
42.49612426473125
38.67476682119054
40.59462397144056
39.005301001102815
38.19742040999819
41.153779754135755
42.43284576340086
39.987634969437174
42.349083387230365
42.014684033798964
46.615655575010614
42.6788153409444
42.74081950282009
44.463333955137095
49.098858066602006
46.85240103182384
46.60186443421941
40.790625401812136
44.8251608856691
42.336102690161006
46.13770987197995
50.85993271313546
48.88638556664799
48.37477443650813
43.54690905952992
42.72090435054903
43.91654179776638
49.50459006390127
44.88337481504145
46.8624101224758
47.02723358208796
42.701761471452016
45.595581095516636
45.504828822325855
41.60908578962128
41.994964437189836
44.74060339317648
45.6921114499375
41.63400709167356
43.62888153376071
44.76028510263459
41.07598876301541
43.083623903981625
45.52342199629635
43.5857838103212
43.955672332585856
42.809023749801064
41.29265144645825
45.29344061742272
42.71032469595675
42.87320641974518
41.89244097392322
42.899921073501154
40.56246076246554
40.84634631669209
39.71879300562554
41.290905816693595
43.80054809290436
39.176119977826794
42.12157615536053
38.97694156404615
40.13776012928462
37.158256801637975
40.79302480861381
40.67591838940472
43.63673467892887
43.4648398894862
37.723688954268454
38.75407969713919
43.07991612056087
42.307959145628416
38.91605485412892
39.68873551334854
41.95580769391406
42.25313285756034
39.36106721709581
38.977082653789715
44.75834735138921
41.58682075892775
40.903462891130665
41.48255369598801
45.23006968646765
45.991367979226645
46.728705580745334
43.24771800028006
43.60566546417476
45.91508807832861
45.72522270977516
43.3601342118046
44.11846607988147
43.61422387918066
44.23916583037757
43.05019763346015
50.9808308864302
44.161235353671024
43.277667088533626
42.06871562406088
39.96150236232209
37.779192126698604
42.951189925585815
43.34443805644476
42.30215962810253
38.788926964700615
45.93185922025009
48.7358830367763
46.60992330843257
45.36877693924878
41.36865872289958
47.905616669168246
40.35522063609125
40.854892164643786
42.944792210613834
45.47157200415259
43.646661968640984
42.92287524002968
46.08649056585628
45.81991157698324
45.3026487013871
47.187355576209086
43.22218304626744
48.0660637092435
46.860986613354854
51.195602006621804
53.17212682065841
50.54077831269189
46.637467807474
45.17424856417432
47.61567247908624
49.96222533696364
49.816456812592605
49.84099264036681
51.57523952126505
49.89596697677039
48.741962152646686
48.583932120323325
47.384089478664094
44.18545015158859
42.47855084967145
44.14660373166085
45.74863789371712
44.7775980778693
41.91229644001243
43.67590296656867
45.90965619899255
46.186524039214945
41.272548849554724
39.145003294880205
46.81849191545589
42.955177961083784
40.94022570759456
44.527299431933244
47.37685813338076
43.14599920936829
45.21911034253743
48.18017386572121
46.000001984847295
42.969034137627766
42.33217136731484
44.23618623356742
45.01398452017677
45.39792423419911
42.527012737650274
42.38871721386318
43.047799680812396
41.45071395377665
42.25595652070079
44.783816072423924
44.44017726850477
39.92743864833918
43.85414784187392
45.94563906127666
47.366172770594424
43.00331123138404
43.471086372984765
44.88433105894461
47.17594524613281
42.95145773628334
43.94164781716661
45.86700067978905
47.269200018440586
45.50810839764472
45.432560458308046
46.06403622428677
48.40304514153016
49.787247622086745
47.41446252452432
45.3575238739303
49.23902780986373
44.545244830161636
45.43382846204418
45.800455277182756
50.22783974144646
43.319590608659645
42.42992462881736
44.39657017247035
43.758808741553004
46.3894273045088
42.68862970380389
44.601689289101095
47.67358526346701
45.63593727570846
50.904594677211115
46.167769334634016
48.51655880263198
48.84780119723264
46.17147491061811
48.20197459261804
52.27778737117403
48.28580217268486
48.847061231575
49.14863500811395
46.5949418537565
45.80754730640364
45.14546055972164
45.437613644331066
47.68631287184107
43.545556872879935
40.0813555627049
40.48298343520221
45.40239787039838
43.52143514677481
44.60221432245572
45.00348988910011
42.30926023476959
41.50410055755583
39.726061135491186
39.959691164423006
38.895077284088245
45.180875089357144
42.24790504728726
38.94173833686603
46.143382787727816
46.04359032516504
44.8189864303417
44.279621321740144
47.15320205261316
44.595456779526224
45.724809430794764
48.40156762754172
46.1234110323553
45.45900935225349
45.880179615885396
45.51847665313373
40.240469634088505
45.25850232792085
46.310189224736305
44.05803557623335
41.412408068788224
43.38546454793341
44.463323786419394
40.98390198841585
40.79319281866248
41.768300143275376
42.71035693468403
40.92704009814339
47.336069453636426
43.54045581689907
41.637709510903804
40.90140306021315
45.72458950444194
48.06129402402149
49.654565366643276
47.00904029757511
44.617768234460584
41.1947295856363
41.44870143078765
41.73980058259942
44.90157784662153
43.224669200911904
42.3068359325345
41.646833911199664
44.514255402998636
40.92111957088827
41.84306648185039
45.79459457903895
44.56825556996532
47.32638820887209
46.64952782375342
43.53280732729261
43.98867428792015
39.55897579094236
41.0729537062797
44.74956194216048
44.358512797235875
41.735714723270206
38.84887245726937
45.94703939826188
46.958700535432925
43.153754937240535
47.45353445703073
46.70133798465352
47.42550152200871
50.01344362292766
49.958708152971724
51.128214053114
51.22370241519502
49.88735523970637
46.62451153629262
47.64855007130983
50.89320698453224
48.88575579087501
43.330617643914984
44.27395358542383
40.636411676426995
45.51320033384549
42.79191500913923
46.36779477233931
43.90148919002149
40.61615730682388
40.16230322299568
39.12568341508286
42.084955075810974
42.85925675605934
37.93909470090063
39.861236498706624
41.41644662715764
39.64399442317205
38.998627163634666
45.83652977698515
42.88203214877607
41.6208155480621
39.39371213681329
42.78527742822413
42.00896466018623
38.77763388695915
45.39799847979973
42.2500695264804
40.571792985321544
45.77847382999725
44.42791330957297
40.306231480322396
45.843930754940864
44.13807051363045
39.961681781772114
41.43277547083841
40.73936584462546
41.42031139754463
39.394331178356516
38.237230304856965
40.52805183330116
43.568616545259644
44.734664117001486
45.81462957625616
44.714733047541166
46.864711626831934
40.53654441303417
46.0169895882474
44.81687493125239
42.526893323949096
43.264142552256736
45.202323721439946
44.823860946944876
42.49582321674157
42.28918612492244
44.443276723807
42.52138792347472
41.48430596204382
45.424382834753814
42.422230832748156
45.125848906665084
46.246721555734624
45.253642309256726
43.48221387808039
44.381449059020525
43.5979561273459
41.284068218689946
44.382001288487174
44.471739466261894
48.77124637375047
48.367756096407085
44.710977314605294
46.71757690631973
47.16675435591863
47.58541977548141
47.772441985329586
46.777753480444204
48.390973335929665
47.66284206432237
48.724366883185084
53.24957146751687
53.067073060905656
51.124454540350754
47.067282415669325
51.97524551331555
49.68514516596584
49.68271787477992
45.0237078323348
46.4608268480708
45.02033824407401
38.73273960233681
44.8685281642866
45.86505989555221
43.675982431009544
43.73270130419407
41.819324325529706
42.60569759197857
41.04062620019167
41.16604742244305
39.32862696482845
36.43312210323363
39.629540190635865
43.45763610100617
41.42937448591751
39.91550009660521
41.61348624211815
42.73091956230357
40.3039843264047
36.295014767169306
41.51655295193233
41.68240454452071
42.586620531808315
45.09200295817476
45.084553062939975
43.88101019129661
41.44368516178428
40.65847746791116
39.67705243688702
36.40692807947051
37.126291529659305
43.24030134123737
41.03424103397024
37.83443163764354
39.403537452928234
45.03407170121229
43.68393372775381
42.62212482818431
40.3794962215803
45.98764317908435
44.59668202352516
42.748209656261324
44.844305504689636
42.951429533432254
43.68780926806301
39.28697628255838
40.5077701851696
39.29789047213799
39.43442069489839
40.25446870610424
38.330499104185044
40.49661611403057
40.9225580943872
40.58834568262913
43.56443160414385
42.57427025879655
42.50535028995724
44.14511088969994
43.56030194474903
40.8994711345103
44.24084428284863
41.149619747298544
40.31336036806663
41.596676751643216
39.34386870875582
42.030470693848635
43.41988581390755
40.86512525333118
36.901174184932685
41.03206780350629
40.94486507092843
39.400004499786235
40.924323924873896
38.840311600198355
40.66150584816421
40.07783481832978
43.70365481340086
40.76408499587708
41.16988587742844
41.65826042084099
41.97295380636161
37.77679011838699
36.10242994704369
39.61833102229427
42.17565114292838
42.918000684060246
37.7904700659278
42.02885265861349
39.94372838340948
40.00759576119705
36.97433026170111
38.607976989612155
38.020236516742244
39.729542472380935
39.492019365570876
36.292319386706325
40.58178719213901
37.69613003834728
39.824301115906025
39.64264074311226
42.32392579929282
43.59583227543207
38.28091324431965
41.2110662106145
40.88725784414282
41.56448618118313
43.341824080738135
41.35530400495551
39.43825647443112
42.61369822207336
39.49725993511581
39.820375490647535
37.967311718443355
41.77585010902988
42.76123315752335
43.81850097401653
40.58098709612498
36.318150225523205
40.49059858785494
44.91826266210897
41.32775794449419
37.289512667162974
43.026409454440035
40.97189877466972
41.61487295696381
39.85151389435569
37.27303155003643
39.14802177008248
39.86068913184568
42.24516684797029
43.07092008517267
43.50595410158892
43.84468240399382
41.97426951567088
42.34101834280891
44.74150435679239
39.26877399532989
45.24527170809451
43.78394707136529
40.61010498293315
37.89711822731675
39.52219103995027
40.30095317775205
37.805019897939175
40.13384860630206
41.6353331397221
39.176812180386335
39.008359802043735
38.66341428884779
41.79433764409912
43.343231505316034
40.649304421797545
39.72414485136033
40.65642235623568
40.717250877285466
42.28579653750525
41.057996146099455
43.236566695721
40.66895664960746
42.2036381269879
40.239209036977655
39.97425509321885
42.209343776271844
38.82101452599464
38.01213340353474
39.24278423342018
36.18988482802596
39.432523279737545
41.47226953853712
40.11440168493624
39.619886196259515
37.91716608731114
42.18913361418318
48.33374666846001
43.15773604027117
43.06592569555718
41.25201567983786
39.592631107527275
41.32996952733058
44.984480404550226
43.36815768385949
46.955818169463626
44.12613115850556
42.05708252488972
40.25652126056812
42.208067480929
44.18607762627218
42.927004795680084
39.35416079168423
40.87376385851435
37.690927571989725
43.202036316268924
46.52305323658071
41.91898704623722
41.15458540735806
42.33843066714615
41.761027839330254
40.68335153847137
40.05219415463187
35.522743832394255
39.225652363306416
38.62676880929088
38.77309228986097
38.68261881365152
41.226715640192886
40.09034225919027
37.62545141960816
40.58950181370291
40.2253952579796
38.87418901668537
34.65806313148888
39.894924024419986
38.77347487004693
37.93384298323431
38.4669777000109
40.471920956579
42.76205599829004
41.309300913910576
39.79225053253468
39.74178502952785
44.20830481869494
45.7088391838892
40.528334122435915
43.94611279858133
46.17143373458116
41.686408951572176
43.58365885280632
40.15852738339599
41.98686776654592
42.25559437187983
40.394317504764096
42.15880181821445
42.27441767057812
43.40481997221451
43.68535488940702
41.06120437112392
40.760124040871425
41.4873518240062
46.74994932855688
45.41746486655402
48.33354544844491
47.340702731080455
46.856835253329635
44.683698621780024
44.69150984491706
44.38373317615319
44.5124098188327
40.33149138598552
41.6432555882009
40.50661758090557
41.378663653732154
40.57397333151152
40.0988495812718
40.1627809947783
39.63563467452374
40.96552837404315
42.14555395547057
40.26772294975629
37.8241179475802
40.323386257320664
41.4747872566486
42.47320703085003
39.22839151476151
42.259788977142236
40.59434087843002
42.00062408006299
42.2934875368526
41.50938352543635
35.79921715379007
37.95587550792792
38.73794930974205
41.26085502880157
35.06011210514794
36.31891491885102
39.928562795249526
39.72142959314542
33.67457943410014
39.53958056061806
41.347894015118726
41.01279277906353
43.085703912210576
38.75809507209568
41.0259771668975
41.099810678240054
40.848889013041756
37.511331596843576
38.60199327740303
39.08697850665129
40.793150728851735
43.84008086269184
43.74579221002988
42.58180502033013
43.98220472682542
43.91636869658231
39.6147690185892
40.768276876962425
43.99036171271496
41.256781599509274
43.290172360952894
39.95392729984671
39.26742458508933
40.88688475547869
41.413421958053114
44.28205511653735
40.74715040341058
42.32032590961302
42.84496961742886
40.12992024361523
42.30968065975614
38.31819821362697
43.23999330867632
40.97278038851939
42.36530722744494
42.91816209924744
42.364807196725216
43.841149889480114
44.144731040298154
45.64835872083417
41.99260729650006
34.74887478980953
41.259458931133146
38.48993687012713
40.32886927459805
36.21305481987034
35.26640658268677
37.7534395276825
40.1994774985639
36.1383922931294
36.231832659677735
37.902614607744134
35.81162447420047
34.42639479164858
37.09288370117555
37.04111735050082
35.10446502398134
40.09182589856472
41.159435891202904
40.225433126359036
40.99574340895733
41.09287125246767
40.79585491014833
36.90228855351237
38.714190433804006
41.789059762838825
40.48086363730815
41.965077651353546
41.16579169360485
41.76692896962556
44.99245746347229
43.486869636646006
43.63005035488388
41.97270667982804
41.574627428967396
41.56726296108588
42.827309847208554
39.582604633132725
44.26250983055795
44.80124443423454
41.37274275672374
40.16217534575125
41.18574132030255
41.23248097171105
40.84430553455893
39.65172239771013
41.61657449807674
39.835831562842316
39.587535098231974
40.6567713956124
39.82807444832486
39.8838609806091
41.69009823124988
42.30053789371653
45.432991208153226
41.73952856244348
42.51971860709798
39.505176017330584
42.17152849582155
38.92814942162152
40.06387858797139
39.03838537637139
41.27502118858772
41.35306584216602
40.90474177525698
43.270654883290625
39.843295151946684
44.200102001639614
42.82942962254912
42.195901690569265
41.60286248031295
44.26045998012792
42.36820121447382
40.59522279986204
41.14049577443461
42.20872377695359
41.39800473076604
39.484706048789796
36.66810866966109
40.51228912599914
41.34352238065312
39.292432403668975
43.02917389300631
42.88742989627539
38.36842753903755
39.80602770833709
42.21185307878744
38.91138659974198
40.50162460513451
39.48101724902119
39.8695890644911
39.118528678818556
39.39013449738149
44.17606125511209
41.11604834723118
39.902830351677636
42.251677963035924
40.64625367474488
44.82815574097218
45.426979883590995
42.89245662108393
38.15360794293602
40.015712110882944
43.77853700932541
42.1527644867555
42.92174376077206
41.50721835383387
39.25259706028837
41.603973497960254
39.58073777752661
38.08784753766557
38.42867810294506
39.33748517475368
39.975871829424534
39.35404058828825
40.9456005516475
40.94312430885682
40.203876523956176
39.10036972357605
43.2012173157145
42.54640349163637
41.351785245537506
42.700917069151416
40.80589958789868
39.271604506176175
39.34297038785522
41.05851888065612
39.14866069641041
37.50721278906968
42.40751242979416
38.678488028812815
38.941148745327176
38.72974076498988
41.939495957662984
37.23850287289165
36.16794033410194
38.93110807649837
41.13152493989367
42.118304110504944
39.80111142730367
41.04512636589895
37.554428862557245
40.61578544398398
38.99245250685181
44.228274967570144
45.821128143268034
39.69564141303887
40.66160304263453
44.088032010171254
43.7548574094522
40.12451348734389
40.3855942749826
39.78714136604106
40.09552079274716
39.6046335254236
33.65707800834593
38.87557356131657
42.95177571862105
36.63046487084311
35.917999198779924
37.63066391302527
42.53240530334274
36.03759775691686
38.49961901084026
37.56934365087208
35.95882300888496
41.045442728960914
41.81968662385958
36.01266851765515
40.00360671276555
38.58933373652052
40.43283971507899
40.3219613589695
36.28577793279331
35.76844407901392
38.85475083494109
39.89146071449134
35.989835177220876
37.049865477217615
36.37160991804718
38.055257947549414
37.4858017622541
38.93479908917239
37.8860057377516
36.879125570563616
38.20863038194863
40.591554575411564
40.35626222746519
41.405177846296596
38.964447465357196
40.78511658854338
40.402429019309864
40.51874667257356
40.29297601992197
40.544209219597725
41.46526755417066
42.94183425902267
39.65907200917269
39.532084579964355
39.84845917738617
39.07235129972527
41.050034902226656
40.828867409162775
42.08771740174542
39.5374806001198
39.50216825557385
41.31707017396509
42.00438806309307
41.75384400013809
41.136337319809044
41.93870018951754
40.42239491532494
39.26381871592769
41.29840947949182
43.97472130959441
42.018749149643135
40.48936062908193
36.77289246062976
40.87426061225888
40.02214554530523
39.93717614934437
39.342488999229936
38.97262641423527
39.514572509478896
38.5670641506516
40.69965975868379
41.83250691076881
36.215726258811976
39.18564982485714
37.96510397636404
39.56642391187148
41.141458248248
38.416266722796436
39.331945432837095
41.66148403089048
40.00143243540565
38.43907991570829
37.511509166376975
38.29708751590871
41.17463713455549
40.62256988485111
36.8920106840917
41.565398182252096
42.349774709190186
38.90985808620381
37.78872193611629
36.73427572152937
39.3839015505013
38.28182156685736
37.179480941303375
38.79600742994644
37.44233010848825
38.1339883460065
37.98199180365708
39.355962185457656
39.607271389710995
34.18624139336405
38.66682577096997
35.84536527868255
39.02731724664168
37.23276230097421
36.285456530593116
41.88020341835798
41.15620627009901
35.9726422439783
38.02059632127968
36.010416763707774
31.448165877784753
36.94336825838418
37.68280788337019
41.83658963694197
39.66313074401909
40.98275357169209
38.10305321350406
40.082334185095235
40.55174741692434
36.82534803086368
37.46255144045946
34.399939657344724
37.07086547828989
38.98459043026468
34.27223561106185
35.01937530383367
39.51715905522284
40.907967116213655
37.773648156393875
39.29445176356709
37.24446989730642
37.40981884486866
37.08807627569693
39.927510441871384
39.11832432812146
40.10123332478189
36.89216784151556
37.39712550486228
37.461693425013166
36.259953693988365
41.33786272132608
37.764084289731024
34.35937190280486
34.18307665785821
34.4259659460311
36.43254791802267
40.98747981831141
39.884824052089016
42.006948599903524
37.247908729752815
41.84496273158177
41.02394448757354
43.434252733818056
42.5285979091224
41.430498120027714
39.0727723471667
40.32614525224539
42.45327356756402
43.14665969536709
41.2595238238134
41.18267354863957
42.56474989053717
37.51304770492184
35.35765454479267
37.6129819085755
41.69655670156346
35.055252179331404
36.11178578980077
39.91714557248094
39.61011604346552
38.02276775342401
37.81191642706256
40.21526554645791
42.15684624937814
39.96298660166839
37.38113619843003
41.59967053627584
42.13718114965157
35.957110075279246
38.91065647701336
38.143804344062225
38.97548417157498
36.95551593079527
34.91948323026185
43.54606489007981
44.630302188240755
41.63877082950801
35.80709844658537
42.301969261616584
42.266269755414484
42.90693064433619
38.579457851999024
40.826163195368665
41.29951746224162
39.299860223909064
38.00446600885983
40.1145112213756
39.622705055075414
37.63287614565775
39.72237095753684
40.43020240250404
38.94054657747263
40.12699929030709
36.03357085065921
35.77222208106978
36.21740006153693
38.35680001492397
38.57185489999522
41.04395231421371
41.54341022190258
38.66286709325359
40.17833381058697
41.838396106941865
37.493709704956224
39.99537423843071
42.42116638372435
39.46259366301369
39.76765366468884
39.749182549477254
42.58333456663644
40.528748614815505
39.458502378191206
41.34332781806861
41.9366421971582
42.89699182116589
42.34056766914248
43.905058475996995
42.54280983018488
37.96261346256365
38.53693760427381
40.729706505963286
38.33744239009937
43.29322724979157
38.3805604139184
39.422863770154414
36.84250828427194
36.27338270488158
40.71581119533
39.207853868749226
38.341170461188085
43.67136365912561
41.89292559450681
39.842059433892445
38.48479303939335
42.92840314802034
43.010319869840295
41.47274866289435
42.667810478396966
41.4714639488156
40.924563447099615
44.37590242313629
43.76627105166515
41.92209863849108
41.70906263682344
41.165703651125334
43.30409623657555
41.4797410855732
42.94943055042602
40.88148086649235
40.52856435620428
37.465867619474956
36.31772014879694
38.3812702015215
38.79409018979528
43.16644977951695
36.95212416430487
36.1876548027095
40.55264492922101
37.96828311813952
35.66105952590324
40.37594127630199
39.49046519551638
38.78266649441581
42.82920875940602
41.96215508710357
41.34503795567235
39.39777631278896
39.38251889983109
38.79016331177689
41.99544899034692
40.04148784561046
40.9584867697226
43.17812199328924
41.744188209231254
35.23264480945275
38.88281301394413
42.6508839679183
41.411402251306264
35.40132428133833
37.37667093414832
38.52448634937618
35.16697441384553
35.74773060925911
36.52162312301827
38.07791791652531
34.93951790457214
35.37286607138959
34.865968182247336
40.18447943838053
37.30325737146904
41.58759761514943
37.631319555715486
39.92865839443788
41.268060833840956
39.65847965849018
41.28364968927589
41.05520058156865
41.72796759927407
36.62104486142351
38.21350221737207
37.82380072070885
37.24086191216729
38.63151606491125
39.28382074704095
39.264000937128756
36.72603592134926
40.271771143832986
36.57293127967425
36.5355984996098
37.529605398996544
35.39282358391459
35.72730494804011
33.523621376213725
37.62456987834665
37.411435509362285
33.88271174837623
37.738262200674114
41.53017232550477
39.62587616435939
36.75820115772062
41.27172512963917
41.48903641233233
42.28461151972324
42.47431818196723
44.264850873849554
40.89171912634103
37.11300785868393
38.08125450337697
41.70354490104438
39.75613616622949
38.477925741130655
39.636062214473384
43.11277693986232
38.45205053188206
37.28691345518542
37.40696974553091
37.08785955358497
37.72813247304315
34.328527132261506
37.309173109217774
36.511838786786136
41.81834400944296
42.979968196397074
40.36540415605737
40.11592428215373
38.63887627875828
43.56317732644189
42.4678826847868
40.93099973506232
39.8550857950461
35.28674606855524
37.430295790137485
38.08463147372405
40.66821353783489
40.30788701241419
42.6020057834734
41.60895138363343
42.03711602033471
39.75019616247991
39.77323861340263
37.79149206224879
37.959879823154246
35.5164306701892
37.76046462656361
38.593703466464014
35.75334173919098
38.147544839116
40.630471375829934
37.263697196464896
36.684576651386
38.99208932922065
40.851868235423844
38.25053703954909
39.127841877694834
39.833201905070084
40.622100664676594
42.32945369796457
40.54009477911964
35.85757876190279
35.890406114336464
36.767633423686036
38.12982963316351
39.47106360107785
41.909760681461165
39.2740188040415
39.32345472935665
41.01089828243773
37.34699212658647
41.46583295581982
40.53469963716736
37.66578988972514
39.83127897651562
44.15650226245098
46.24490653490966
41.60240402935171
43.4347159521665
42.2473653450245
42.68165096136354
39.41842193543502
41.457871238386396
39.77814539235629
39.096834905518804
35.44270530808008
40.00124207454232
39.511091898934346
37.37960775657777
41.8392691647967
39.505040001173136
35.7260045403252
42.55179734950597
40.009019637852
38.163077179670815
38.888695146074
38.61606062634401
36.47171073230596
40.98848990289294
43.40584460938924
39.08291913864953
42.68989564525444
40.70198649820334
41.96676386401672
38.608862770112324
43.068245706006216
37.72330023627822
40.55672578933712
41.53463215203393
42.78058836483122
42.88040716350009
38.93312798115962
38.009285698686696
41.42422490326895
38.07175924256484
36.77918327253851
37.983058504600784
38.31584311258379
42.601987384446204
37.94622900805526
36.268881243012046
37.35734885086677
37.77196073485567
38.11582637716548
39.14432038228858
44.236102655008835
42.145024435970164
39.040311803018504
40.88079681897345
41.74405521454988
40.8633227283389
40.17022147441604
40.71313235425591
40.79172618148812
37.8803899657311
37.418318004208956
43.231410467230404
40.767449951549516
39.47337306448402
38.932039207686344
39.127808783145454
37.80590070896043
33.36128389401102
37.014591022502415
37.76546645991169
41.315059913184044
39.03248472682564
38.530771945141716
38.83441600758472
37.298812301449715
37.38260269348812
39.95979893028523
39.27896040928201
39.50028834088831
38.74918270580413
37.41770478557994
38.384358094523684
42.643326704253155
37.12148987593911
36.71744415661688
36.75006901341694
37.7214627601328
38.241778837596
37.33548817205188
36.51386712995742
36.84444417658662
38.1908467544909
37.25896777482027
37.623146320005134
40.30464302232117
36.99211145970971
36.57490122772043
38.99127469249022
43.65725436349962
38.655212355806405
38.54631958850833
40.83418485780336
35.06559308980417
35.925475477384005
37.573562892782206
38.79316403106787
37.02252437875823
38.65188991432699
40.40799849475106
39.26372825885627
36.383622259588925
35.46528244995603
35.17512186840886
34.20664144077805
37.833564432953835
37.419395153112944
37.129325619628915
39.77026862174482
39.183173903570314
36.2101673408881
35.114957910038
39.82432046596822
34.2185544859473
35.11173082527435
42.82156141890382
38.97237359083295
40.21752485010748
38.576285223595754
35.70114099698642
39.11568483036382
38.07339312846565
36.630823228796935
39.374700405072446
36.094741260749245
38.456083169814995
40.415690710212274
39.549998525134605
37.219402424124034
38.63869418386694
36.45322376580429
32.827432881381874
36.17606636342347
38.26268410468999
37.75257668564587
38.53511109295994
38.677806931425586
37.04263220969427
38.94560952574833
38.41262587388093
37.25560185534427
37.049275975081386
38.815175417938455
36.20474790863463
35.64168866941856
35.52989285444902
37.98532986189802
37.799842669255305
40.125768081183175
41.710481945930006
41.85532114219673
39.41113179655232
37.09975930760806
38.94533615299956
43.25970916619236
43.07317998861003
42.88054175482756
40.02638038054405
44.740705598693914
40.25957605891747
37.58062349923278
38.74764979143885
41.02204371313928
40.110864142367035
42.430750021135154
39.72419557309435
38.75330436790946
42.066986848904236
38.01104106545018
36.90009010330071
34.152290055033205
37.0884636982306
39.15055675380379
39.420750996152414
43.77156214128743
39.59436392801751
39.559754462612474
37.219371787243446
39.143752240618674
38.604948054020426
35.25832000584487
36.438925514607284
36.70523216685644
36.63064886584576
35.74782226907766
34.09093904143384
34.788139890492765
36.07990234380658
39.75377760063003
36.38968848037173
36.136227492581924
38.79141315155652
37.24924859630423
37.03599906949031
32.831462730705496
34.74473268209371
34.95347047364525
38.44278132962402
34.66000454330245
37.54778324514814
37.91684517774835
35.592696244622104
37.54650195919177
37.72559405214918
33.231000784612476
35.68141008138426
39.27607311556132
35.76842497680571
34.07952544500729
37.15563156538129
36.90477191051988
36.752917369462494
39.18836608095229
33.71042414088434
36.65025320991582
39.83001774971114
38.460019839131064
40.11070390268868
36.47238428058407
38.3084975896489
42.731670963641974
39.426783104453605
37.75497575205156
37.787818323355886
38.963155466762366
36.16693631293198
37.06577380546698
37.09717501140839
36.8323169627883
36.32486016127534
39.69042367154939
37.83976747766059
37.30466476153426
37.55574768345875
39.2846684537315
39.25613830904844
40.80615773420452
40.588810575188525
39.27696220727578
41.01030277326253
37.58988915366271
40.75324083183628
38.71993846911565
35.849280031193196
40.56278087503885
39.05943709768553
35.77681695701106
36.313184359633716
37.092502707910434
38.02017693870716
35.2970557520634
32.63041726072497
37.30484724449647
38.839625178127534
34.52109532251334
35.024732624083406
34.83598668678642
36.2568160863272
34.577329846177086
33.00823320654491
34.178225277585014
36.95627475070345
36.44753464765921
36.397535117013994
34.69872117372436
38.57370062919516
33.356930373784444
37.51536204564539
39.10863041437321
32.13567682851096
35.97780858112487
37.79876050747442
36.42820596835743
37.80367920264227
35.634715254046185
35.60431807122621
39.96302181946388
36.86369416840047
39.444644710428044
37.289436273536765
39.11968447255914
40.082663944713794
34.185297315575774
34.78469654918667
35.87979270431305
36.27443671007537
35.506151272431
39.048936367519836
41.11115682626398
36.62432163807858
40.72821280937685
39.33038914869806
39.428803178646675
39.19986240411392
39.11685841842994
43.21079620264797
41.81048840189081
43.98563708154773
42.09358660863671
43.45091107497998
37.85489064603673
39.444314691028005
34.27116861772455
36.500928920554486
39.058137857440414
35.590086532796036
39.37363212086649
35.72068154427168
40.44889747452906
42.7200671910943
38.57553209892103
37.55297088215488
39.784841398924264
39.545414804118124
37.307386035990206
36.01495781556857
36.49553731815342
35.456313560268114
37.47578895379279
36.91710289644207
38.906712112592906
36.80659309183823
34.290546602141646
37.27974170886695
36.622154638450276
35.90128837201976
37.61288145999979
38.13778860703559
36.65399660996672
39.672245303521905
38.10996620933722
38.06575794069617
36.94323358285832
38.100777222692706
38.88808791442247
37.26795590318304
39.78168838895307
37.48750380502058
39.04966167509074
35.5866265160463
39.88293254958697
35.566770987675035
39.69417617614448
38.860989291017106
39.03498893346273
38.92362049049653
40.27104178382368
36.11428577099
35.57495890828739
38.843476843983716
37.46587036273325
37.760658081920035
38.37857931001394
35.64149868128275
38.14333333325128
34.637070030946774
36.41290142288371
36.06023198272585
37.480399654022314
34.5070669553881
38.47791553139186
36.732468275397984
38.19760466229275
39.0741912082646
35.80237911127651
38.62015290707842
37.733845395889475
38.57136507386387
35.06203863213714
34.050112751247404
37.325093264497
37.08556221545933
38.25792427126767
41.608366625439274
34.91332064534929
38.30107654015507
39.21303319836442
36.589102486144654
38.046669535094026
40.09310590927953
39.19684126563451
38.11727587278718
36.466459736990004
38.44162267605489
35.40406111327747
38.443053602951586
36.3648921669939
36.05693395954124
37.21669647501135
36.11877369814606
38.19193011455588
39.65231899024835
35.59269751378951
37.411483391326485
39.758860385275895
39.078974412366506
39.174841968607645
42.01828732930446
40.407589137931474
38.4294144111055
38.713610071846475
40.199081020283394
38.4104965966628
36.8435856686784
38.29330126552725
39.61852876710348
37.90678106709631
37.47518819481141
37.60585452881468
37.72050772403858
36.79126057126414
36.57071674922487
38.617316259382164
40.58022566858321
37.7548436450649
38.624292293102386
44.421765369609965
39.719843578340175
39.041178495782624
38.94995336653722
39.737632060862325
36.64918477462126
36.195108522067336
38.65783264114709
37.97111572843493
40.51402712198539
40.08366701747148
39.106039135784364
40.29575463763651
41.171019007006414
37.94402943143101
39.531138571912116
35.33267030251858
35.743020753292015
39.21854549982206
35.18415910526153
38.41399378988503
36.21559539498457
37.01090275076806
35.91609515793213
37.59132561953492
39.03419653353154
40.104002442068975
40.68626275816573
38.330201263260506
39.732860919924605
37.87900206659192
39.469368047429214
40.75015864618861
35.29597473811055
37.833356704077126
37.57663780986616
34.818162940049184
37.24347784496946
39.42918130462107
38.39522794266987
33.26662286507644
33.79753283437988
34.297116994582865
37.57404967479313
38.63967238120425
33.9795947368616
39.558735392509604
37.09367414034098
42.392990548860034
40.456108677235626
36.015302174172206
36.733945797298276
32.53749052337324
34.929282699744924
35.29192283395098
34.813315216098026
37.34154031932771
36.74178261532671
36.518150641591305
37.9434280017183
37.4257621271438
37.41141547698014
34.69703741105443
40.047383197858196
37.84109067630601
35.525573037602406
34.771560063305834
36.60999779697604
35.65791737803251
36.32172874483743
34.15739905920398
32.501230926024874
33.90841158378619
33.33623001564564
36.08399022357845
35.637090522003625
33.196412816916755
36.28111805090495
35.790617891208825
36.89225484916429
36.740821684908035
37.7242390376278
36.43268313432476
36.773258369663196
35.829443144954524
38.908856940124956
37.131790028788494
35.35835856550816
36.53558775428262
37.098534997241444
35.94566926994434
36.56883058083248
34.806037970676016
37.50722645024911
39.30891036789609
36.823325336650214
36.79053907374893
37.04390052331196
36.34954808498659
31.503783020450282
36.21050571616922
36.05067868818362
36.134384389875216
35.595695581370336
37.42195007655788
33.83080073856331
33.046121539402186
39.599034252559946
36.11085017330789
36.038377210097636
34.76787161575346
36.756919187399745
38.21426447200042
35.00321408841515
39.54777914580295
39.39221446107138
36.71968915412126
39.15370819883836
42.48084726276595
39.96072613855503
34.30924983155324
34.98852566808503
35.77994278951182
37.12312034981198
40.92672179702028
37.6157820623843
40.87880977676768
37.61495305273818
37.84822593343595
36.71373318347367
34.95594364798714
36.81032387718418
36.97552083647082
35.03788101457198
36.84660496228147
38.493118592121895
37.20228724978913
37.77401885739705
38.72514705756088
41.6499012162567
38.163949366943086
33.62374317626683
38.59600259071449
35.34010605271092
35.268952712693796
41.30548311338892
40.274741482385686
36.266384627007184
37.48790705968035
37.201635759233135
35.59397284010245
37.561014049507264
36.70783173624832
38.27423905927967
37.835469504544655
40.87380507438038
39.848944920441625
38.997588878215694
40.06279781097933
37.108342442598826
37.75612485470194
39.63115612632491
38.04463094503278
37.990783716744495
38.560780849490236
37.324847898884535
39.56522815687791
38.64038183471237
33.43950085715895
34.70643976920655
36.999897790852884
32.477525239084514
37.05319708846348
38.04925785356289
35.593078152828355
39.90645975229594
34.528792708994104
34.120635983770526
39.38650835246193
36.882724070678506
36.09325331978101
36.249508487199385
35.568048007814006
33.817400130387064
34.431916052117494
35.513434280804404
34.91136234138062
33.95468915092245
36.85622105091298
32.408817507221286
34.584327254846606
32.92860089020075
34.186337136957555
34.88742336493369
35.478272028747526
30.96298012177008
30.954887234686147
31.501650102905696
32.00533303644062
33.004198409980475
32.41872760177758
40.28758177166683
36.774287762894716
35.001887737854275
37.390819416576505
35.32951918069769
32.161176057458405
35.996729265357956
37.451896479980846
35.12407833258996
33.26416752101371
35.381081046979304
32.68396356481152
38.66733638138509
36.80263027517467
36.311303794132975
35.50458096286732
36.51753177251496
32.764575998879444
34.48826042424799
35.74577930176915
31.92625239632954
34.10134954706515
38.49093061512612
39.57386110663403
36.30602546556298
37.473887745949064
31.88219446882204
32.75440427330132
34.533890902837555
34.42029708990851
33.67886292711248
37.95928897434126
31.72702810861605
34.38792664752094
33.79524587942557
36.55978531731687
37.13802208799323
37.017942449708464
37.94043638154381
38.19090813435518
36.68305508114474
39.441791606841
36.597571284543754
30.954943737217718
34.774960364113895
33.011762969045265
38.634775019388364
41.0698054857649
37.196954249103946
35.47781685866555
38.25514189345557
36.39093795440228
36.676515745370054
41.74485346417772
38.64046350850375
35.659098152489086
37.28483224898546
35.128694020603476
36.514313582976804
34.05620606400265
39.96336463623018
36.06768543480406
39.02711454179268
40.489161438627264
37.74882685882477
38.29507413862922
37.90948840209548
35.118719751238594
35.914741777537465
38.22717509518989
32.91156777092054
39.174153057083075
41.77892081092219
38.384784078205605
38.91780372467678
38.44647341254463
39.35178933688119
40.919771436931754
35.26149108884192
38.56417749617501
40.46549444596715
41.16129232325567
39.44366260922455
40.59888696800789
39.08368699007468
39.12139182003676
40.97363336772148
38.57044017912707
41.09770180056001
37.049191058200606
42.06297751203118
43.075622691434056
41.68763809761422
43.36781162423703
41.75186061311296
42.40598045227668
39.0232963151764
37.17204265361609
36.27478781627638
32.10129769509442
33.62004261765776
35.78933358017466
36.654092022429104
35.61132763454163
38.19040542857058
38.716981056995294
40.766709065772396
38.651876247640004
39.691924437218006
39.941801087178014
38.87395615859838
36.27548694813349
37.31915401457466
33.86135532826397
36.2200932520715
33.69872983862257
37.14908473493903
35.02184693393003
33.83201943915419
34.088980337699155
35.33900840176199
36.59873361642067
36.235958701042456
36.51788596384835
37.89746028059438
37.53892084557742
39.05904592375694
37.8281850388769
36.4195285492369
35.440287834357534
36.79297642198948
36.02884603983878
32.48673022909596
34.78278333490153
33.64440213758999
31.54120793565981
31.217756097095794
32.00175025319399
33.65731639215458
33.882050896402774
36.66723324739374
38.331628746337145
33.298098587453666
37.73532845718514
37.80011196908329
36.83668687536692
36.65582854755797
36.516656672068805
36.47876649097439
35.60513108902333
37.53944639543513
32.37010244440183
34.52332739683221
37.2609594689938
35.570546676816335
31.902468767771207
35.69425590503284
36.26002860837162
33.34516921022237
35.47738065670531
34.6903625095351
35.241425829203386
36.262324824046054
33.70165810292954
36.705488861333876
36.29088376345826
36.51285004147392
34.76120261396486
36.04465175922052
35.81122768089141
36.04248642471213
35.090197014463975
34.737795620017465
36.52485008695314
36.70358276397905
35.548772363216386
36.05100767223725
35.294663169405574
33.69927018920802
36.30672129967472
35.32219602416021
28.762342245302936
32.85560145493665
34.56240418873122
33.86340616467603
35.692494247554535
36.78288398045968
37.93899842035084
35.24353529482519
29.36081580008411
33.42338144196989
38.297245443302224
34.84807071904649
35.4403884585417
32.874923194992164
36.36947803124575
37.21324776428278
38.16508836219803
39.34016615864485
37.368524589682536
34.62076126799264
35.14161807936525
35.68697642018627
37.21974618061989
39.5846286828298
35.43936121360316
38.287004198814195
35.885470337479724
29.032108530334863
31.679809725004958
35.974259779777015
34.70020679132213
36.592408171665184
34.53791772746901
36.2323196311663
36.731754379492806
32.262826991839205
32.08919118523226
28.607124792629193
30.255934891871384
32.76950327670473
32.784635932049525
31.7317958400251
33.00153502746066
29.76143022989015
32.60207973626299
36.29627917947243
36.49449769340636
35.20986417695425
32.56219514161541
35.61826409867272
32.8049851827014
34.88063497842973
32.42093464995606
34.8121680953152
32.60966925941118
30.901044194660575
33.667630203527075
32.21300879242162
34.60697139319583
36.065875047184214
31.782800348337613
28.913261125534383
33.626688611983774
35.76496236861662
32.18006606932944
31.773889476638125
34.038516990695605
39.75255237893914
36.093867348056236
33.52364081404142
31.194550628712847
36.414475891870346
32.845103273364884
33.12086886506098
33.23896481760208
33.39210404303948
33.26501034792382
35.12002712418052
36.84210033721775
34.676061533932334
34.48678574219267
35.84675533600388
31.04129893610562
36.27498346637712
33.43924275988444
35.423962746679024
31.39333871118449
36.76318980531023
38.7873906989357
37.13981665604612
38.11767833526811
38.26630169436821
39.240988101625774
37.14185253907977
34.39637982803903
34.943398672095896
34.26991146047285
35.491244434669404
31.854251285188155
35.015380252652456
32.98380138817929
34.845816631904725
33.46766993669595
33.13511070075518
31.609430598474884
32.64385341155124
32.2229958311267
29.414781094840233
32.61641138926751
32.68810461955467
31.801729556252294
35.23709471088202
33.79425334988835
28.571432620117417
35.09772317197214
33.56265246646931
33.31849692032426
34.56482962596138
31.367628884932838
33.87840160162001
33.757219111287235
32.92136743309903
32.63989606802809
35.16116895227736
33.542494323330544
35.846842988035895
35.25452531787111
37.51886895387777
34.33541979622117
36.02986319301198
36.92084113541766
38.02911056565352
37.73524796806686
34.368325316766196
37.755935434809864
38.19320765969611
35.3037874730418
33.00124758932378
35.26671764056158
32.42564629616795
37.24373576366407
33.66455604176808
36.85030624421565
35.70688266511636
35.19628834963182
32.23430640143747
34.91028926116541
36.82016204543427
34.52730534192274
29.668544894975984
31.86488100014999
33.52717757796117
31.58401295612566
31.321901075187544
34.98388016400987
28.50596162090861
37.327764608403555
36.75634097781515
31.719096869446556
34.307412557308034
36.68321319329451
34.14096842477342
36.27133613090894
31.539508170701488
38.13118773727535
32.244340237933834
32.19256151469669
30.055398360579048
32.05647053056766
30.849227630478243
30.89384373549072
36.006269451968926
30.951755124750594
36.93339677380901
35.576757794092316
31.40682876789068
32.512061455358534
33.220255144480554
32.77047095039561
33.413570235475795
34.78790697811354
32.09925161617464
34.504841004146456
33.935834850827405
35.762754974546944
34.57108602768591
37.60021676845344
39.71591094509758
37.20356034357952
33.33391040911399
38.17073963281957
34.74713750173831
37.839522165093456
36.99560780390203
34.247405431618134
37.21668172902581
31.829262864187495
35.28508286909189
34.96102574925954
38.42246047024912
38.05127141187519
36.46313365111893
35.08702168516707
36.92273720505998
34.81599921183695
37.7081769114129
38.545773778606275
35.67643992442879
33.74897350975735
36.25625461887551
38.04745650588464
36.524903313320344
38.21745905319739
40.247575819534724
37.098713267236164
39.98584546277
38.8891981061807
36.19494593540214
31.852156432824614
33.01294713198421
32.705891347174685
33.41067176799117
29.727674367072495
34.609148778291214
32.48062288849233
34.392115465064265
39.01426772062145
37.40012460314331
36.99335452498905
31.144158657073138
34.30766953211527
32.97018148611184
32.25368087742582
32.73293068988799
33.700806072052025
32.83008276649357
32.33515860193316
35.9410277915972
36.39636403007675
33.686964015308384
36.56366807018104
40.25761149225797
36.13826618396012
33.41546093304312
32.93573252669702
33.85178863153438
34.03449544189604
33.099926197663514
35.66356237134315
34.51281433338736
32.49277365728413
33.81462881051941
36.894587083997514
32.94387613468592
31.81096294203162
33.73225142753853
33.541385311940964
31.47172593569555
33.50222390920338
31.325242235827986
32.814516706932864
35.59461115623131
36.46546696990859
34.22516634547225
35.63150181118629
35.17802262860684
35.0571146986347
31.990890164327094
31.95184746910986
35.00959886301425
33.565146843493196
34.16332215556331
31.928631964951407
35.28138100880349
33.53988558361792
32.53460047962637
30.957684460958625
32.05519102262472
32.51694680858622
35.28281287790867
31.75291651292866
35.606735719190326
36.7110455061906
32.578186277197275
33.92670578697411
35.879522436308996
32.60398066981716
33.56508282389135
35.982407437179916
34.73282392467345
33.805703944626195
35.3438385511972
33.00654275783168
31.494876041952388
33.21401476108861
32.75113878246742
32.28744273984727
33.729208699137274
36.32988511027995
34.415225207435036
30.71029270325037
33.82597373876387
32.03659690363513
35.06619098287999
34.51806447656258
33.589202742274544
30.533802478820967
38.225463733244524
36.40270007492417
33.3475036164952
37.89880385272851
31.337374020788566
37.1848307150415
38.90693620620093
36.64577303823045
36.81758011830187
39.12209590477096
34.63290834512074
33.92937649580653
35.31595174018928
33.56199707552355
35.47231820661223
34.17702875860038
37.59323838909174
34.425791328657375
33.01663043050668
34.644112612277986
31.51604289060815
30.685194400699714
31.669473265300976
30.864412754188596
29.955218622178858
28.795224822082087
35.45988007371509
33.635298519945636
34.134441509991966
35.611272854631494
37.03664000770423
37.369998846388135
33.941926242265
31.162045604058076
32.925915991955726
30.904804942866605
34.82855908003744
32.32362706057763
34.142293319409944
32.553561951535215
35.3781185088262
39.98736011556388
37.181996912966994
36.47453678319402
36.52335729681075
35.27406462790498
37.946266383700134
37.818014158960295
31.1436287613042
34.74469673683904
33.31960595094483
33.36427491445991
34.62139407948378
36.65898867191022
36.69262669085121
35.55876981913118
35.34502268477335
33.57716774979514
33.746054190212554
35.53345092479326
31.536456507721194
31.291111955798215
35.15627579720392
33.91144466885635
34.49513706385766
33.573703153674586
33.3277266736616
33.740182209117854
31.696067735490274
33.77461203873778
31.763994593278706
36.0060633315808
34.491708993305316
32.182698272458936
31.19623947075083
29.53951559773733
31.82751382549281
34.10830709273889
33.95026343424196
33.005694150297174
35.70488234491713
36.152351956940045
34.99092294647815
35.84294138762458
32.71399470301457
30.655605287510156
33.09979182494092
33.191983546872486
31.073737796616516
28.040032144483867
31.35467107593177
34.690455383669125
28.84170456180545
31.535561799008732
29.708659799154976
33.60839298212786
33.44717617313663
36.51457859362599
33.45055462901366
35.778889496883636
32.831153207740016
32.0204190754678
31.810493468265086
33.64763291687732
32.175730421891274
31.604147980671986
31.130277087202174
31.250778684293326
31.113649681205594
31.90917987328763
28.42107443367149
34.076873711338294
31.885232980775335
28.614783522699472
32.230591600820915
32.9180275429964
33.99064165723953
33.3146817437413
35.27115665984407
31.62439670910221
34.298170619950845
34.152349618899144
32.52460471487009
30.595765078324558
31.169861958572245
32.788378869852004
29.415669670779895
36.73964322193899
36.52643711050087
32.37713980425175
32.55719276752985
29.957215209980106
34.96748607380572
33.85341349215536
31.4456347027043
33.62961678384682
33.98204003014179
36.66886564163353
33.54578985441321
34.866933576933576
36.07986521011176
33.25718958842043
36.995623376395066
34.481194014301515
34.57750963822661
35.003756463934806
32.29845756151201
35.91652559827759
34.72945653311391
32.85269074630982
33.413113334933705
33.08022029012798
33.35012690031467
31.83236645734171
34.94881611234292
32.61324188761576
31.106958367522576
31.18329132785701
30.32706404929413
32.747023824344794
35.19460266844269
33.95174917312559
35.95730767595412
29.902790236330056
31.649050341326085
33.36825936608295
34.655261639362166
33.520566645726184
31.801270566224986
30.644114660128153
32.11442612391208
32.03576815173059
29.992190441326454
30.496667260385802
31.452365506815696
29.739647814070313
32.21870457354978
32.51933758773278
29.339357483311016
31.601690675651394
29.67458465485858
33.254803300088554
34.546516229727395
31.82374558706528
32.870587483421474
35.724894838898656
30.62352630326433
32.30737829344052
33.51645967386278
32.891989673828
30.53605982818786
32.00858378372858
35.810295535151226
32.43300515342795
29.036534342220595
30.31686653726245
28.7225591639314
29.989575682358165
31.3671507543765
28.87358209528869
32.29406759959347
30.206640997330037
34.14082540627664
35.93786006135433
33.29068251905266
30.78009826452169
31.50099193332389
31.794008018741582
31.32319673453194
35.72030550999827
34.4708988929496
28.19548001493151
30.5969873073686
32.01439626833632
31.327484758320193
31.073642756053914
30.48805777913558
29.991957155910075
35.25749592059124
31.126460139307696
31.899218283497916
34.17959459733427
30.386741112929766
31.77682380855051
29.983900918164192
31.985826972293026
34.5364778251125
32.81151399408782
32.300393071441796
35.40520668632637
32.09756498330651
30.009355516089013
31.965911482369883
32.078345981521935
33.71258188988368
30.951869049433537
32.56387963877498
30.94761275558405
31.576800562150495
35.406038986595064
32.68428418684305
30.783367972148863
30.473376146040764
31.135990769049936
28.522214845644836
31.60524217871961
31.303717138659003
31.24059006193337
30.520067320762546
29.08826282984204
29.38259566332178
31.53978791013048
28.735776959221468
29.345925323624623
32.10957443306432
31.467282100361036
30.76518832405342
35.221421994807585
32.74052036555005
27.89880500486436
35.121314218043764
38.69653681030015
35.890170064044305
35.62767644788897
34.43228729567156
34.9739606256488
32.8991449069365
32.156932555720864
36.07109749575349
31.2847927413473
34.710571033470906
31.62793116883473
34.85627935348093
33.64518437819069
33.95111982641113
28.953416236968533
28.954203104284012
31.135555447287206
34.270365365357826
33.300672178586474
31.79743711211255
32.109507372156834
30.643439663655762
34.37898428362752
36.77967160382484
34.2301758988392
30.905848395873427
32.12229369139314
31.2324832839081
33.35259465726406
32.087128500338466
29.22390003896318
30.051502803961547
32.24026479480095
31.789464259719736
29.127656819948324
27.957380437593685
31.232191174970986
29.715628096183455
29.379155803695784
31.91305531767586
28.209725485698215
28.445207578700185
30.582368676590942
31.166896357819414
27.809071907945953
31.915024579782994
32.67608672360397
28.34121258639414
33.70699618552395
30.390160668274184
27.250489278259174
30.475234516648733
29.406494525355992
31.71899742604348
32.47777630193842
29.201395496457604
31.492467590641116
32.98142769345291
32.882893839181435
30.565428651033216
35.14422353775446
31.683661546415188
32.269943110462656
31.2815826717253
32.09332151336951
28.632870551437517
31.276835710948554
35.36107585537839
30.039445060199796
27.974683216463816
28.055522915749677
29.521868397625493
29.413730879323545
29.883525438229896
26.90200548174292
31.89386556717077
28.46210173021188
33.21937227297855
30.84101860632435
29.29780959628982
30.659453357493547
32.35495607817539
29.593589003959206
30.22104620195877
30.954192793382298
31.792725506542567
34.250865763932204
35.388736836239666
30.7778815372658
29.655306966203295
29.92925453900347
32.19673987012741
29.7254639828304
30.408769305805862
30.55345771003839
31.653460412449366
28.074394308294796
29.62024589690148
29.92590263153017
27.655429967745214
28.855697666372826
28.6264873837595
29.547491167557354
28.268028307387613
29.651418881703037
29.7915821178535
29.674268793583664
31.959875661924315
31.91009751698149
27.75837112524667
32.31727477033583
30.516658332412245
30.775523040540808
31.280309286926773
30.45471593873335
29.506247408825967
31.604175394115963
32.63237436641291
36.921202888607766
33.55613832602376
35.5911105675044
35.68778343296489
32.41200337611413
31.756210349997147
31.420603599573525
30.41196460606938
30.262827942413534
28.78120407826936
31.64445354980544
31.6974433202606
34.65775250923198
32.37699030635004
34.349049912095836
32.317407019634715
31.230931171755138
33.076624618380876
31.12512204883891
33.32621614548713
30.40312589714807
28.33257693468041
29.35620921810023
28.50878908745708
29.491158523290242
28.41720580860528
30.893050282042033
32.99442947511479
32.18279970954278
32.68643853796979
38.270994088366464
32.010587527384814
33.8479541740721
30.841402695295614
34.282622039053884
33.54120974314765
29.593899841609545
32.292889206726294
31.573373224550956
31.728813393907576
29.862595764840798
32.95426872194941
29.036751849350303
30.564768579110822
31.4676696826961
33.493263402561695
34.010388912392884
