181.98051331153627
161.95613805466422
166.97655244303783
148.5694808477175
122.5727757188719
104.43481817834657
97.66017278149185
101.91612125902006
92.80416067445023
84.74498068909048
91.01920040007919
85.8608262323444
84.44943038290563
86.56385112686502
78.60133891051105
80.8766778401688
83.12991442164221
78.3701753894255
70.2453054814905
72.08267277370774
72.80604009997353
65.12006328568783
74.0773498398727
72.81252791521796
71.85925401952615
70.49587155132629
67.6790829954536
69.95698262767954
69.5102928695264
68.27064179047564
64.97592810062729
64.72618162476259
75.41805430156768
75.0990234641718
59.076879673143864
69.23120051017978
69.58419079017565
70.39513308868993
66.72608673022509
71.12261993656263
76.83094031984473
68.7541201435575
69.79951860788714
73.68935292213568
71.99852506942865
76.33531290606848
65.8244593531075
69.65051205910551
65.4335648184222
64.67519880396087
74.0452078497544
68.78124568729048
62.155134450826026
68.51847540985248
64.3043442432038
66.73111417340675
65.62981501813454
66.46388250236843
78.00818786031134
70.47331738497547
68.22527164478676
68.3720805986125
78.87747670077391
63.98472601070016
65.05225430139262
66.03253664634657
68.23398711392694
66.12976763969722
64.3031640884513
61.93984698881529
72.0595352402971
72.60944974824412
64.56681871704849
65.2835798166116
71.45505549575229
67.87050461136062
68.68674200376466
68.92898622908898
71.0771293526589
63.97688150147949
67.72318940889274
61.70133181706855
67.41792567153388
64.20197857599403
65.48278171848101
70.55193165626925
68.32956113256324
64.35474407075853
64.01575734790259
63.1236871711665
68.17942482412323
67.66878068204167
71.86590249560543
65.94941753735466
66.38830382302764
65.62025385394051
65.28470159838153
70.28131367039946
70.31745736200486
70.31657616170283
60.12546613619427
67.6956547757038
68.72441515860069
65.89951562108477
67.21268687849769
63.23580269341106
64.92333320250316
60.47522580949806
69.24993147196729
59.7137428686008
64.78835179203394
68.68846267346322
64.86560911154972
67.87109399755062
67.43459284013963
66.01194240677769
58.47802173404857
61.655166478971914
68.63167954670766
65.7199206706036
64.40446470425138
65.64417539112013
66.94052294636519
59.678476015598434
66.5655599388498
62.8646390561391
60.29446991028315
62.33872279168456
66.99233694633092
58.68002719287543
64.39247547476994
72.69702590087758
63.98670081509463
70.3816398595938
63.44076852263188
72.11062847640524
58.826459090094666
67.70151068189018
60.0354470071923
64.81370027082292
61.0841735926289
60.47979176561524
64.32541362914324
64.13718245604603
63.03676273757961
68.2355790768192
72.92068940397549
66.08350330418055
72.15013837294404
65.895483098443
65.0383496290145
67.86978928832913
70.85928338894111
65.04637039985064
71.64234676980058
67.65122891533373
64.45044141715765
65.19100293255082
64.80995112476582
64.03049935434359
64.60904233239931
65.56042957775588
69.66861607901909
66.50919175264917
67.12501254045654
72.50003091040011
67.04310257183955
68.22608624076908
68.60208046792145
72.05344519320178
56.37232890148647
70.04388656712395
68.68824721771703
66.26220080984348
59.24835121856163
64.66068456464913
69.36822977299998
67.67016186173495
60.13810294468594
65.07683490391085
68.30088859182756
69.74274563760942
65.24010328983712
71.67998904767802
64.38906113009398
71.67616059759833
61.36506998621555
68.50439584266009
63.6253330665965
63.51522279818583
62.76598230754513
66.83165070793102
66.4340931328644
69.00504355731479
67.62415434004605
64.56574477755012
65.63553894621667
65.55345566382948
71.18985645161192
62.65229912890359
64.47477264102581
62.02643591759328
65.77408124093617
57.56765729258106
62.23925434866315
63.38977428176249
69.35852359855889
64.86924569055128
55.22849271641435
63.82236500489061
59.03203259001179
60.78985236554525
62.923440506901194
65.26797326390803
59.03057827550352
63.808101513097384
58.57920462377424
62.54166364470544
65.47784223123023
62.629100012275565
68.14967314330902
67.5731687379991
69.54607693410021
63.51060776003782
70.63218643442968
58.92916114675203
68.16674018383513
68.80900566054673
64.678344120754
64.79307000439154
65.14661593244251
64.87420294819897
60.37666615472897
62.87462544932001
61.81996525714239
67.8082701910244
62.276954654531856
64.97904765668807
64.79698814783234
71.11094689122828
65.67210680206196
71.32267681063357
64.85378173532057
67.72287012607413
62.49154456877116
61.63115320073399
66.60974528983591
58.569479993913255
65.58163917820106
57.42629575334635
68.83872446075299
67.79144004255268
60.67196036350277
62.58326217953958
65.7530687856834
67.84396199075768
67.11732453293715
64.26900746291085
58.88327842336692
70.2062074572772
65.65823855655105
58.96115954452574
67.3029894597112
66.12745699861053
61.83425909395293
60.26267929013358
57.625725747293764
64.1809907666378
56.99757579030942
61.37328031823631
61.04952262560777
65.33306055918915
62.09131972828058
60.83299046799884
66.27925912699072
63.236950064168106
65.54833295491193
63.81197083931695
65.07594962486213
68.04035016241761
63.73103684143793
58.956000499710306
69.60759051296998
56.753786141602774
63.75505612866491
57.232225904605166
67.1516710178342
59.54894598833266
63.84649460681398
61.18838382697384
74.86591975531692
63.66855461732565
59.93578138739405
58.62826058557508
64.7877986590901
55.59085444738901
62.91646514970905
56.79156979600335
61.716892955257066
56.556268594421006
64.10672950358118
60.959967949610984
61.02456013203587
65.95761244637077
65.87827166470316
68.6311379866947
59.76017672325673
62.43176480074908
65.49659938680617
59.37879948842652
59.03114691089027
64.14717013386807
60.9530491626947
63.14408421927487
61.47578958226017
59.83434103786776
60.705468812944346
62.334281531981944
62.07007455834632
59.96573616319143
61.19673986511654
59.442995033243875
62.86724704339902
60.822824306928396
57.05628067103232
57.421239451059776
62.800894180020876
59.38217541847078
59.99408303223535
61.63949983705042
64.65485079285872
64.52740841331209
59.50293285533489
62.50259836058004
62.59287776149265
59.74046817023421
61.62979793324618
58.27464724216296
61.601047151475356
60.94675016482369
62.734919498807756
58.04913114908184
62.06426350349297
63.40389273520119
66.38293926237974
60.71812861441636
68.87120100305464
60.08341128867832
64.75254377594172
64.94676682976856
62.05324273364184
62.252970307312424
61.85955358651546
57.25532460678933
60.53316940586474
61.41448907403836
68.35542039993227
56.15665405581419
60.84205006127444
60.849968016785915
60.72412521536038
65.30925522291506
65.7753174536706
63.16504806973219
63.67504851899497
57.52445481015935
63.40045136218951
66.7605822657065
60.93760552908066
65.6742325197369
60.01768549401101
60.74626209623545
65.94532949334229
64.8221141905941
63.80003843796216
61.50791992651386
62.71645752505632
67.80384681985049
61.772752788462114
61.88339965993153
61.86944113056459
58.7607301199995
60.51777661753313
59.942134462823915
59.055191701985365
63.37701189045478
52.01969283694029
58.34548679460809
65.2291095945096
60.49662750326248
57.26374497810552
59.81353043276718
58.62722317404395
57.10338753264273
64.82287888778993
62.90135892784774
66.19931931157336
58.51353391479335
59.18212016005675
55.83540294385388
63.84489831682451
61.14175568793493
57.69144530462807
63.8430883761895
61.63234664133815
59.43647450430468
57.05024870544285
59.588033636625966
57.53032559727115
58.57995045568668
55.23444350526314
59.121787859098276
63.242665097003425
55.56427728115523
57.46091579768692
59.076834426941204
56.56103033226222
61.09025576270094
60.836720563845
65.64449583185237
57.734739203134524
58.868495950116305
65.33567928833457
61.261186683986416
60.77640218331228
56.82675006836029
55.24089616667552
58.04946851035089
56.34701629657584
62.42694501665443
59.74629029034495
57.35354609988655
66.71180830593255
63.52221701269413
63.895107527748706
58.383533998026486
59.64839277586594
59.06055770123523
59.697775901115264
56.755877583263526
63.25797073794742
60.21556439149938
58.9603287736444
57.0051565641683
64.72363493933511
54.570551141470624
60.346408914321344
55.95160070336675
60.925166484913696
55.63678005819042
57.752260872223175
60.00988329056553
58.61307147264477
57.0100923248065
58.94991000105136
57.00160952042798
51.990681701304396
56.6826740395488
65.7426410962495
54.35671560420622
59.03932333991359
59.668248000970415
61.298565243073625
54.45062675103801
53.65960531650138
62.970074888989345
63.1462389959277
61.75502820874326
61.360787534107516
62.14298916230655
63.54663923540447
62.55323788528256
60.96670721312057
61.6993797105992
61.49242835895449
60.7861827465693
59.358274414886125
60.23293965671287
65.36524543840352
60.18700642676007
54.20358847000862
59.37609932357377
63.43791587295738
54.94983744395281
56.6085600014412
57.01281625174143
65.13659119153374
54.96324171480062
59.795573214400335
56.388237108548964
59.65173946106227
57.316659407090135
58.91382924378195
63.11575346142532
63.42300361098697
59.40570955541063
58.60471121816052
60.242064495155034
61.601335607126956
57.62401785439869
55.179910610307616
61.463038772270174
54.75663057787525
56.87855227068898
58.20856858690675
59.18858335729201
60.59901848743595
59.236733240651986
64.28587477610652
62.56344595570513
62.3397340161143
56.59231873149471
58.339239533963266
57.48688326875152
54.266768391148304
57.67148011074524
63.939529195104654
58.7835305214457
58.00066745534611
58.79459481571479
60.45638284067077
59.313747481657686
61.6769834972569
55.48048410913283
60.02125721969471
53.58219915229978
64.24533800328996
59.10820848977613
53.97056298252608
56.79771149423561
55.30854858212131
53.596749524698396
59.79852041536556
50.31077345245531
58.941324236519705
54.912259954193686
55.96731074211483
52.68629730664835
51.97657303529886
61.33074377247678
61.53198952743595
57.72834268271689
55.83986398653286
61.46182505829543
57.47482417114797
56.08912660505197
53.636873845783164
53.76656338353651
56.47997085298315
55.30198053683258
51.306819378805905
54.63913629496203
61.492159346468526
55.125472455475304
56.80704622345348
56.505970697066715
60.23596826778697
51.06680863247671
54.409457774453514
55.41898503724683
57.56892438436016
53.186687867677804
55.24378848148883
55.11007268440717
58.4556916516034
56.37791757336929
53.25792905262879
60.55212767655817
49.95673989172842
56.39358712108248
57.734170433348744
51.66719106054419
59.73464609254841
55.51380898870948
58.7813439034311
54.56625789238014
63.744660378321335
57.38853889330381
61.71072818907653
56.50604733691611
57.78831885148537
56.9146465298289
54.45666699427106
56.65779899687848
53.60795578118407
60.00644778182382
53.2776454218005
56.24454545080085
51.78546239662404
53.22778542902527
58.18982578933773
57.18233206704843
54.17763105564502
54.8206323284147
60.32023401603189
56.64837381361014
60.784048741734004
57.75142039946886
55.27255640768408
52.88013571691112
56.11903056675128
61.46706900883246
56.7959463365717
55.68674052085583
53.109637520906034
52.8241466996156
62.14634062644247
55.95818990770684
49.81211480845812
56.21834328634064
57.46791864218059
61.515889896259665
56.965074311773726
65.35754824981422
49.627869067917906
59.0525098633738
57.54271342857561
62.81486304853177
58.55448341507433
55.203497403910006
57.49832548557612
62.496705263220186
59.79245282320488
55.659675428788745
57.65580199016216
62.08907482977247
55.42640548408101
59.29213051676263
54.896954080537256
59.75546796565552
54.51852557747507
57.88227514881539
56.78931822023787
55.98681866498324
58.744374038635314
52.242522622313224
55.807239783047265
55.337408258486306
51.5719137265385
54.54279280384728
52.254191876395
53.1469896718878
53.302885974315714
54.09536672075123
54.022270177613585
53.6549569194367
51.34707829454371
53.66470714599299
57.3221101325304
54.186406274582204
55.40727710490435
50.06296469129465
54.113434571790364
55.81814357524538
53.89978866160232
56.974019972586554
51.83514004748902
49.72929108926204
59.29188534712986
50.656243563437975
58.69900497991166
57.744164282218165
53.97281625202257
57.49976493180386
54.1149513923854
60.02613134258993
53.05002354057118
55.49404402628642
54.26454328672542
61.99832587006198
49.27141751257607
54.241378137222675
61.2869259839552
55.808571107329925
56.627290994272116
58.98840915619771
49.61994876295591
56.3617467629642
49.634466188667865
57.19215128118569
52.58023723493583
53.21890386738152
50.79191897241169
55.91973769718226
55.76420046087944
54.20253290788145
49.874843106790905
49.79886284386837
54.07709780464392
56.5131128081793
55.239640418800725
56.19559142020876
56.62870759616592
52.81880015805681
64.6974402294997
60.98735441594104
58.01054007127341
57.69735002104631
59.02364472888814
60.74001791465286
60.72891452742208
56.37753476114294
59.30174128434426
58.88034379256673
54.608177280009166
55.17633009537161
57.95952473897569
58.04938943621397
55.427157152111285
52.86138464537849
57.281356080221975
56.60412986135162
56.41482346124722
52.14727949636482
54.71227674923659
63.344869902998596
61.52982075321064
56.17887291998379
54.733282019044715
58.8659873091237
59.61586483760113
53.64942715865693
56.925181248208425
63.640854300380944
59.32832992283062
54.8329321057071
54.229755937408
55.60703083757338
57.480922719209936
52.731104512008734
57.65303691527748
55.96661716050321
55.17136901117614
53.449962648174875
49.138854748130896
55.68569775132626
52.10867955789641
55.23544506229512
58.09431761660056
52.329899793067405
53.14482826345819
57.8725665409103
47.416046526398496
52.4171760583393
56.29514076814297
55.05445756126631
57.618440677465934
53.884120526438984
53.810560116210034
55.420095062157195
52.41519207501226
53.524264387862694
58.826828009617564
61.45933174848073
49.772381804598716
56.22740815929549
60.22721530591833
54.57041575984456
52.31808437005634
55.516672680312624
58.274899936111254
51.00131120679453
52.17485575691963
57.87048312860199
51.12276061403265
48.04566943866544
44.802478751557594
48.90962642804232
49.31562646151509
54.21409434759273
52.456444730476086
58.14968047650386
50.409408343728416
56.99236197313374
53.383401420517096
59.12548039512515
52.5382583876794
54.07710219153141
48.84105700713881
52.03712852734628
52.482187721183415
58.345103010207076
52.633462870933144
53.27778560318322
47.45061969324382
51.39285157598786
53.07976144888837
49.869838734421954
47.845325872397936
54.608427515596524
48.18472549535947
53.383743253413385
46.558145976594695
53.625945131631845
52.31067096677849
53.729366902674826
51.037571732525706
53.66200518167887
51.704472799474495
52.42781414752948
51.368582543889495
52.727463126767255
57.3910576517852
56.36987927512551
53.35175543424768
54.16879067912296
56.73705275798997
50.63927746006212
53.54263863183707
49.387888499559956
53.65145663712028
47.33514744737995
54.84029057181911
52.951862289230405
52.27536200351016
51.663739670521636
48.035062518512305
57.63511449728556
56.6676276115721
57.25562268815292
52.724285857576575
54.95156458771209
52.313588324873535
52.32418392525805
55.344115225995246
53.91486831678184
52.946643657282436
52.67674400457239
53.92250048634012
60.579311941960725
55.086440368935854
55.39552469760274
54.991856524836
52.75252115264577
50.65888612230378
52.005197088661646
56.13393511350381
56.50585792348777
54.24365617365145
54.24705825487401
52.80301655638385
58.988333875029
55.28702100363258
52.834454158896634
47.05524523780705
54.89742320296162
55.29836137015407
51.78020597068723
51.399543811150686
49.74549570301611
59.06418509707728
53.48500127116775
51.99716915654284
54.06945387940821
53.06956401482784
51.5051495268543
53.80668179697372
59.21849434229173
55.40597988272405
51.71851969029785
55.52976885376451
56.450592516928424
51.26685762497794
53.38077219457613
52.14553793777239
50.564147734144875
54.34823632877485
52.33290995614735
51.27726351563355
55.453784364300866
55.41116938469488
51.48924822509978
49.54290597239366
48.09179645337478
51.57337064636487
50.30209112803648
49.472183035467786
52.054888195450495
51.55503790042098
55.828041481407425
55.31233555909857
55.54071226059285
48.87603685767245
51.00888815791077
53.563990143074754
54.95132275548605
57.73244706475302
54.89321814694705
53.859474326136805
55.10464833080557
50.00652377039822
49.103203884919274
51.75299834688739
49.78988107229566
51.26760760227456
48.99238035170136
49.90879802011055
49.58086434364422
51.30187462228515
51.4844702490443
56.98255346585561
48.787867469161796
52.03531554938712
49.32220029770353
50.05180576291325
48.76032349240715
51.847231361917274
48.49439128050731
50.25429097582208
54.692363261959706
51.9953023178536
52.34768196594898
55.904732701659434
47.066135462166365
52.57177799335901
47.07111655106999
56.247475787642706
49.088694904898624
53.25783089350756
46.38646586726045
49.76387910875281
52.407108481381286
56.60591347667589
44.105641577907114
53.09477042980221
47.19172718731692
55.01863493231366
49.77950043771015
50.611060305280546
51.39233512386565
56.995272419140626
50.47419521541282
53.17214365652244
49.16716610195268
49.763539642619506
49.67897703060777
46.436373943094985
53.62198510402031
43.7465781197686
52.536497226657104
50.440232410216176
52.76787649870903
49.65469102003801
52.602254239092275
52.17102144442046
52.28932261650296
51.23939018149434
54.350288117695726
51.660723536991625
54.456039251884
51.19317897510593
52.88426696146053
54.160430334813356
53.98847248969949
55.44427422607283
52.18873076315774
54.651955385176706
52.470883382274096
54.309837809731796
55.47870800988784
54.62820288009117
54.9927104362304
55.596559123627685
53.691257546901504
54.821800400770286
54.952311582949825
53.76395512415202
58.79378870167317
46.43092024526576
54.94277872876347
53.818736933095295
53.20016596557105
51.321611745137886
54.593921243757414
53.98854073935277
50.27600417154072
55.03305776065961
51.79899897194682
53.8712524427879
49.25439651239691
51.391356247956466
55.16253387934674
50.78320945284272
47.86166905381453
47.72659362371921
52.32587336257011
50.89218257154551
48.99234533967254
42.21243922621954
49.945282870879026
44.8699302252087
48.86462054837163
52.17783136441298
47.69147134227076
51.70258356814618
49.028006763366655
53.43239235331845
51.25547537266359
52.054650570726096
50.55725370938911
45.33369120643165
53.823577927274435
50.4835841641395
49.43066896219996
54.67323383474631
54.65296435415406
52.08027966366215
53.86353936175614
51.56398347005419
50.6123048226734
50.88312038918119
55.14953192321254
56.87379440364073
55.74401672530738
58.85954637434129
53.9931720155929
59.17433832282326
58.97182415832607
56.01963866862472
58.383360861285404
54.78206277874679
54.788363418294196
59.514932181828044
52.24254076001799
50.930270427057984
57.47129501638489
55.33669513845808
54.589272230252284
57.339585099806
60.03625620290775
55.578198323413474
60.142916097042644
54.70469393121702
52.898298957295694
49.41713085223146
53.202096609152925
55.76862741729637
57.46038476961416
52.278602178190276
55.26197324620875
57.1668677149633
59.25536708564288
53.94554764406628
56.947481858525265
57.1415888083062
54.715897726386565
51.55619920049565
56.74656596242272
53.99393544957898
57.686032474519344
53.13162716198462
52.70987307733745
57.413248896420065
47.646927891987715
47.895647227233916
51.303930023519314
52.95101099047881
52.70397896808767
54.239518637364455
52.02841328058432
55.339490123353556
56.91146542077
57.18763578768592
53.91166477217325
47.90709995900586
51.840580075977556
56.28224694956592
51.54810658517208
52.109555995343705
48.68415889895547
49.84395433652899
50.205547772919275
55.6561451823087
51.880029349882406
52.488458330686335
53.46734081826993
56.65343381731564
52.721857660313155
51.3985733990231
54.59434037131519
54.08019673285478
56.41581604431608
51.5589798079379
52.11707240505738
50.84687939050714
57.15325884263506
56.96828692949289
57.18551242735411
58.2650398752348
53.47237465638199
51.167749565236754
48.83536214968885
53.029837604019704
58.40403094469546
48.57316447091869
52.407184356231085
50.181725814365336
53.417584197772555
51.780241672998606
50.291844401395565
51.35119364981798
54.01155696244646
53.99292761067109
57.25722779041812
55.918844530250716
52.38898632561534
53.93916337054148
52.852754096251864
55.03081501288845
52.09450469228292
53.74032900575967
55.38789372439642
56.68043755556671
57.60873274039788
56.74797591205499
56.3667855197005
56.27023292613672
55.14048526838565
54.40811574178353
51.60847968165726
50.965210345841086
53.14790179546676
51.707260807949616
52.82792109266868
49.67246205586695
50.72619181695339
50.49102216473959
48.61250930347817
53.09745785857655
49.039441410166646
51.1527205625801
46.451825735160895
48.22664287364134
51.35502511920241
52.1837782323792
52.25854235894877
57.11384275804156
53.334943384677665
50.23493923301501
54.19777020850899
53.15209671079141
54.92795311563481
52.84996979654072
51.848219751783866
52.9913650049195
47.21126446723942
51.777411391417985
51.017960352284575
50.697798069806105
54.465599998727185
54.497692714382545
49.79754891690041
48.53290312886277
49.96610708753111
52.13271276001989
52.31929121065556
51.248910960154525
56.23594288323537
56.71218262414499
50.68158047146631
52.268753554494644
48.154563783872256
54.09412821387445
48.25245205118193
49.11509139656273
51.16669340886734
52.2395658689043
56.834283269307726
50.17914961439529
54.0547205310071
52.263447538279344
53.86376646561435
53.15432601809568
56.62842454278738
55.399605507557204
53.38405250151619
50.31580631193529
49.830198468252185
50.8433369933776
49.589939660073675
49.59018795351116
45.56110271976315
46.835338728256936
49.05039452886296
46.536853098469834
53.89892380526655
52.064308370920955
54.003126657749974
49.52133404807651
54.22081615651081
49.641577865400606
52.95452940105532
50.104434722611906
50.299673530943664
51.3498736932662
47.19461005355677
50.70389079970098
55.97998473543803
53.79818973769525
50.103340147257825
52.49942574147082
48.71361746602082
53.885082154105476
50.53735301988655
51.31991827245892
50.005911913123256
48.81651208860934
47.63584893445096
53.79431604043655
47.90338204469258
46.458699128771414
49.30915332755395
48.71275882476091
50.15634865851601
52.19445198075924
48.82432763665096
49.108561041985084
50.73391120216751
46.42084737737247
48.739355763116336
49.79338557923549
48.76564546267326
53.990899028283636
51.026243723398736
47.76696497592766
48.41494360119981
48.483324434251216
50.8685304970218
46.0451245210691
45.45191847415527
50.59132644813605
49.51633597757004
51.29075601916981
56.26923349229328
50.89893077474818
48.835452623595565
48.24035029116069
49.68195855614979
50.746930329016834
50.102294723846306
48.38535746414807
51.79989888974965
47.088417262160874
52.38329064654953
49.401779503059686
49.08977598122337
46.43011299593571
49.92396025769443
48.86872084249887
49.874952895713484
47.604427834092604
48.2595547072352
48.642009583483265
46.84212598780085
49.76582051455384
52.61189703062129
52.83068813780704
50.97959131230269
49.22674013851898
51.633500702044564
46.73743342030521
50.39501818634313
48.615998747781035
50.046893540303515
52.42136996519672
45.22453401671324
48.99751445699578
49.21588587972594
44.661190056301095
49.53981823816908
53.11274442203878
47.64205568850682
48.606021271869565
47.9721998347606
48.459643038212164
47.54736230349713
46.59453808809616
49.94641941406407
51.541836791278826
51.390003579842784
48.963657668553736
44.10896488975573
45.7560883507451
43.91589351615088
45.87881407176223
47.999442544604996
43.154666553403764
46.28876105507817
45.53444297933071
48.11085446899913
46.79434931097564
48.634749116551994
48.667272607033055
47.723770502053156
48.28691674548123
50.17105797335012
47.20526442595142
48.584153365891524
44.080753963503476
46.987234976803336
43.40117991712759
46.285775400565946
44.978870808143284
49.840653803733666
43.74479053478257
47.72898171933455
44.32979991215574
47.31822777642392
52.99390847543311
48.63033404006179
45.463744131111746
46.592742425571615
47.8422944392232
42.41793112941877
45.7227848930221
50.88208026371887
49.756921585302464
49.693286239558965
47.38002751035492
45.306983471632705
45.75080786091569
48.88707650883891
47.314120113378195
49.16442226514157
45.28032657761598
42.932557993368825
42.526992556742144
46.98799424360304
49.43737226803942
45.589319499079195
46.67358430327214
47.97460656735389
49.279439887280525
43.092212970557554
43.73722120474326
43.30289127330897
43.122641817349006
41.63055790866876
42.78940211766427
45.55296596847511
47.272914846461425
43.300763565349534
46.59320705648062
50.94456334380337
51.1336999533205
48.14142765721125
49.26763414324296
46.50218202595442
48.2097549599879
46.400057013534095
50.940372139183744
45.87665277567275
49.954017555309
44.702031027122175
47.97884237815211
46.967054887062076
47.52520433945379
45.09977587979968
46.686892857744695
44.74746503977536
45.249156638430904
45.01116822933545
42.17838438632141
45.67077073407168
48.384247669371035
56.338061232499825
49.3088098815256
41.35024083116752
44.958037067629384
47.7537953889099
45.17353413825249
48.34091914909552
51.37927845345037
45.25826533814215
50.315701803198046
42.35641300230727
49.577947498425075
48.28211514739152
46.17562958965774
43.20585915284158
48.5654465841739
52.28970122621622
52.063974294478705
55.66580514107431
55.77457501040776
54.145525279478115
52.979572369400884
55.961527210993864
51.372282468629564
53.54113807635808
50.911315482709504
51.65302485130922
53.26375041122663
50.52893417214188
57.60594932248412
59.1120434180361
56.506639305628454
51.46826278398674
55.62134412653743
56.300230965647806
56.0561211213703
51.069926542057495
56.27873897168738
57.2447211931845
54.81202498248818
52.18750434491962
51.83426046945508
51.91779052713378
54.617326506909265
51.731376945162175
49.95803087730119
48.341981836858906
55.444196695729694
59.636042380095894
53.01788371170458
55.803859709423214
56.40343564731986
55.065901985617586
57.64008309199103
55.69772216712987
57.925218820861645
59.40172115409456
57.7916087176455
52.7846703903733
55.35559038888976
56.50102302095163
51.37614113577781
55.76694723115428
58.18051264772339
57.89375368590816
53.4312561131581
58.12055500611179
56.50077468664445
61.552858949081816
55.88614034945329
60.220936411901874
55.052835064888065
55.84352643401931
58.36060276216883
56.20171964230365
55.5302843385713
53.66174641849882
57.86526916063427
58.38602543528427
54.281174877627656
53.50895730047873
57.41993394635863
59.22632564806162
56.00965992153152
51.782157205847334
54.15457791776744
57.77175128506906
51.25336930712884
47.31935146513273
56.02591010324231
55.59677380125412
52.5128064491759
52.340547645717905
55.5483307969501
56.09973318061947
54.27419971291078
54.174372829914645
53.740969419019855
56.85659492572807
58.979612814204785
58.633757866935554
57.37674512213422
58.64791251545667
61.21657918252268
58.9879916549833
58.68595373638922
60.151765402115394
59.466986103976424
57.95740150908847
56.943408119206076
53.99553640056176
54.25010226927219
56.38766836195532
54.67150945426565
57.92767038015076
54.55462553384141
54.281374004311516
51.8542419200491
55.19398738141646
55.32010788102132
48.23730057138862
51.67763892785413
52.61408206240962
54.227791681483794
54.241096467448095
55.85112278698685
55.29069899713495
57.101113599512644
56.941816876650144
55.31923449660765
55.81019701841082
54.91360859434443
54.36899548432253
54.543765123101295
54.71964579081947
53.85963659188627
50.34470343227755
48.31269497008052
52.79351923693752
53.90503638972986
46.7576553962589
51.82412560711086
55.327322547830754
53.550673932532185
55.1243767298145
58.31581059021256
56.91346939982851
57.050503761447146
48.460869306381774
51.94414243182883
55.61117026396865
54.272998735676516
54.30968354970855
53.75756722712478
49.457784945799524
53.08934379187112
50.86399548306515
49.3499913324164
51.85475925959472
46.22822942239296
49.11530711269237
50.561213199578766
51.99129214836303
50.708633088009584
48.24663534704149
48.39947102829739
50.75949473842165
54.62819083532616
57.38506013382868
56.802510032826866
54.250812112952524
52.79303662923215
51.65075325029069
50.77821889952169
52.50740628618594
50.36904998063866
53.43008201890763
51.93193214431453
52.85085581423589
51.086691562786946
51.22960051065789
52.196254867146564
53.916417655914685
55.31425850658151
52.23068252107385
54.39649808620496
53.2204907567955
53.844964111365044
51.87348085653377
51.884283899438906
51.02984922854512
51.81827324885642
53.63094787253733
52.44568412945126
50.410897081670264
51.887167854581655
52.15361175288179
52.06506132703833
48.00414498543183
49.8273743531338
50.992276990229314
53.19857792396
57.00734771004077
50.97778678095184
53.10812383297214
52.37969055634654
48.95708200726326
51.41951117095746
50.59289165213841
50.47946995212237
46.87405478559818
50.29474987232597
53.68817469203724
51.41620657552924
55.29939775989134
54.55951268998491
55.861743336308436
50.21431195405316
53.771504276270264
49.71062099554228
46.9330290312666
47.52387989250546
54.21796509993965
47.89508013197843
47.59233231663795
52.38785768718758
56.33451319513413
54.40455921159268
53.36088814694862
56.634685694349194
59.83488649841943
62.22178631387873
62.3660902498476
56.00538902506732
56.834700020921126
51.77682277256678
55.00668683487914
54.79170132239278
52.18548948620106
52.80741301758937
50.42047265504727
51.69281808726567
54.17893875080868
53.94823518956436
51.1107174790622
51.17775544753873
57.38164445241766
55.02302467436567
54.619316519038
51.32835519869348
51.60961214398156
48.81569158483629
54.77392582323884
58.02209048726343
54.05765021777529
49.24302868970245
50.309006003666084
56.40343967331515
53.39331686028222
55.20125713942343
57.75506861798131
56.914816637039685
57.77344112931671
57.847930427956975
56.93130892461769
51.9330576113784
56.46687725478246
56.252827357501786
52.93839921933164
53.03579939327295
56.10828194135208
58.075753287673244
59.17898772289745
53.84824590136208
55.915441573925975
55.43411430064398
56.274181474398894
55.95071175192548
58.92696848878957
56.985122593123776
58.32601442643582
58.949831517382506
61.19932832954932
56.99726929054227
62.340160623288476
60.144560735576924
56.67675113116733
58.845014349918166
56.039179221440335
56.92676443833891
56.952761965163155
55.204047668218216
54.26391127905652
54.02657927962984
57.2578640735737
52.95668837603453
59.48504415385729
57.01691965730854
53.60818483793928
53.10922053837294
48.94532855277778
52.555963049394215
51.10420843942162
52.17040487301469
53.74860601787061
53.993458714978885
55.686106324456915
60.15324385983114
55.09688613166313
57.3862379361107
49.43944787613602
50.47825318626218
56.256539121866375
52.65666672376001
45.78908536194238
50.773373439178705
49.68401996239141
48.66179177177242
50.90618930765598
52.21998196594382
57.7980938697815
49.049983873321025
51.356764143557584
55.962570871911815
52.54238634446378
51.87723568779101
49.79639009710563
49.437238546347096
50.84694227632755
51.79764563713556
54.19056120278413
50.41692039928803
50.57379643737562
53.96859668399011
49.3397106002731
50.81362801310515
49.74072843751583
50.576772838555605
51.085500327651765
53.12540266306724
51.3401616491363
51.22753107126025
52.26032237430101
52.02944366699638
52.35575993932691
53.57246181774624
52.100753974609816
48.951810332410695
49.64887707976577
49.98383369254541
46.02747943432039
49.384837918323555
45.266749695700746
45.00145410144225
49.36427610073408
50.19381200381362
49.34924837934617
51.62042354313589
53.715920012535605
51.316157721796884
54.347754746334594
51.76251971735876
48.729347511189054
53.3586054792932
52.25608130263721
52.783790059540806
49.18166491278978
46.32475650865186
53.462553469040884
51.40781318334701
51.09163968139135
48.40197288099458
50.29001468271401
52.483131946916394
51.36595591045886
49.291665454791115
54.809922953460394
53.4447762586261
52.82288200245973
59.165485433573465
55.069582577741386
59.06167954085042
58.9481640654729
60.03700846933872
59.02965503091505
57.53671205827017
56.884970045763296
57.0840499082573
54.805397258097756
51.90681172544394
52.20952636519638
51.63168123446079
49.80219520815363
51.937678499629676
49.19060011592598
50.06811703978025
44.13720230121282
52.568331122444185
47.1736687265161
47.47440775572427
48.5822170033066
48.605054284005654
48.49564133253814
51.316146964371455
51.31090348650403
51.25594602484507
49.06781598792017
49.577961729998705
53.03298469356487
52.16416459064186
53.123745538237344
52.31072592398797
51.90203458456495
54.21862320964405
51.76535318317123
48.279933901504634
48.93664532407207
47.678254082826534
45.80029875863308
47.19787313339279
45.73033633595096
52.105341501652376
52.32671691016571
54.157848530444326
47.79371461684143
51.57676803119741
44.262416265254394
49.247881271761045
51.570817991196854
52.444974072662134
52.72517857012863
56.414675209054074
50.995489399569266
50.848960715460834
53.61245932840162
51.95597343448539
55.53890426794751
53.47451577549563
54.09373705681348
53.62846994344205
51.171700215848865
49.73558245855542
49.99925215426193
48.93522352716961
51.16834840258018
50.052498258339774
47.78824461000429
56.26075639501427
48.38697958944638
48.49197002577946
49.739809642281806
53.117761306134454
46.2114335717544
45.513745512485855
50.98471839141278
54.95243660102054
56.73846299650928
58.08780470547568
59.737726018914074
62.173974394962734
62.50296719861076
61.35270334875565
57.5822216403803
53.57416064462953
55.2716490625653
52.957478339439916
54.701968278478226
53.89737223264039
52.020724790041825
53.55506628380789
56.87291652056837
61.168537778063616
60.14929357614117
52.951487916723345
55.04875661024351
59.70875980407049
53.33612066218227
51.606324988492204
58.13581646360691
56.14686297516404
50.486507256501284
52.79955417498312
56.53266553921536
54.67475520787805
55.716183957337726
50.56569291033589
53.46867940518734
52.2800544630833
49.56877022605583
50.96165841792785
53.96385269927961
51.99662218687077
54.67581104045536
58.32493898360096
53.80479733707898
51.69360771807928
51.064111019297215
53.985336626174856
52.38175479625366
50.934712967981085
50.71447595398104
49.810150254375436
46.30393072717753
48.86287808496093
48.619452801965224
45.47675575445832
49.832370022916166
49.51295103806726
45.07557929821149
45.72252345317527
47.17360881538737
51.13410818635559
47.752222632261876
44.092569075102276
48.0651910696291
47.8210247018528
46.83281072792777
49.764528084796346
48.341142820317
52.91884747283667
50.67136921329261
49.04470194474245
51.37323162840214
47.423026166730544
54.1179072058436
52.25335412573363
56.25213513209479
53.747854431632604
53.986923016092206
54.78696973883054
50.84559287577347
53.78250738711741
49.857152443225225
50.08497914490281
51.91194025078799
53.617663025487445
49.426808684601696
53.04811731355277
55.16908210357702
56.34531089343368
54.36145067498868
51.807085907764574
57.29086451034638
53.71282139210871
52.002445843018116
54.33732115178171
53.4163458436706
49.13903572772795
53.61026872578296
53.53821925409834
45.579171951637015
46.46169777549134
49.93308605782538
45.454455857423945
43.89481469101536
48.87158651273144
47.14923193272046
47.25270970389605
46.75557958176828
47.53961946607953
45.81421697127453
46.32653146520718
49.34637998108592
47.16145416526055
48.11593841634905
49.4353970419229
47.61445325120536
44.473475980849855
50.00766577631261
50.3344187184128
48.15667823371723
47.63742892353058
51.762433329823516
59.189203314058
53.47192286532058
53.838649768780385
50.04507684512906
51.85858413850357
50.2735872864833
50.95963253918453
54.134895199134554
55.096265286676626
52.49336369136517
53.03886197523644
48.40894710707295
49.03995569908586
52.2191120100648
52.19674268891998
48.351905969145065
44.389456744417195
50.008303061278724
48.681127542054995
46.36841291740592
50.51851885470839
46.672514751683046
48.619144547439326
52.236325609332546
49.74916237887155
45.862859403066615
46.82375219412707
49.546254019626296
48.57511784767258
48.324174347675
49.17002888549169
50.92992515836913
47.79570907253856
48.31573309555936
41.882565357009526
50.08180604423393
49.1823932515651
44.58794437259753
50.268162044723496
50.53764634293562
50.018413718298596
48.84357683290098
47.64108046858192
50.10931867601459
49.798649051510004
42.857509980760206
44.482190835096006
48.040695080144395
48.544517447779796
44.48053131167392
46.16191764640572
45.39550200749186
48.46857317309989
46.18282106618081
47.517924273944935
48.968196780742545
47.0033447743192
47.82811713147869
45.649600334961995
48.1635761255623
46.62654839162896
46.13347451237067
50.37639429261624
50.18127149832633
50.81397481157014
52.84403451822235
52.86398332948982
50.131485746895585
48.27022762142529
53.94245560059056
52.94712090497627
52.3365329164731
53.97096821278326
55.76609985773193
57.260975536621096
56.7878138121474
56.091281884591226
52.93877903231458
51.82760752102415
52.36541804115915
52.77107570113802
49.745550130850006
51.6924717322469
51.695624704926196
51.24979510644278
47.726362174549195
47.27443834230251
46.379331903686946
47.51862609364701
47.43509115745692
50.731258226390544
50.62540745012776
49.16561189568369
49.1365483085302
52.1388873252671
49.6428275131985
50.20441267830194
50.199928264047415
46.20938449888214
48.80950104164773
47.84598316841788
49.13238521203746
51.148845584770314
51.136748164357776
50.04616224954534
48.22748925103286
53.32665762256457
52.67657904673715
47.1228567726526
47.38923120788134
48.45152268900405
49.499276948331335
52.50470303923657
49.23709568302087
49.90094813281235
48.535553378847354
51.482758980484604
44.09309562547852
51.357298096527366
47.183528285146394
49.88435756331708
46.49323211627987
45.45291306226676
48.90455838178412
49.63751747372147
48.90510605659284
46.82930402687388
46.171859276220005
46.63279312594421
41.32266793977048
45.274831020496755
45.04914601946087
46.2509142574713
49.15714637175336
47.126194488518756
48.05390360534282
47.95063720500355
52.565275338911235
51.70346396705771
45.707217044419764
46.752972370558616
47.89117740912906
50.45531603448102
50.62270772272639
47.64394817371841
49.62589330946666
44.59906633492648
45.98212927658333
45.59293863658064
47.12567342018131
45.64019876002201
43.66580959089058
48.247104393024436
48.04364952036829
47.36429518333889
48.32849300027923
47.192428620470544
49.112493145735804
50.45625319369422
48.914092366258394
48.034297200769394
42.11907830227272
44.99316014049106
49.101475384156736
45.71739048960214
46.570191369753495
49.781416276829944
45.62617860228736
46.242452274612475
48.468820874719576
50.90294672132079
46.24866549782064
48.87482095384057
50.72115150750915
52.688461704705475
51.38148642436332
50.892624636159205
52.0780415622498
51.57258232723744
51.63212961757213
53.961578422415556
53.53967057233851
50.25423538260654
47.00437126267139
46.30243620241767
46.22200923501544
45.35873642666748
42.41228055144953
49.37591266966059
46.29911650495862
44.468654102695126
48.73624038132816
50.24996318785998
44.42231725597398
41.29758984161859
44.160695578406106
47.3166932277204
44.51157878490114
47.704501608739704
49.41042377817023
50.64854404293823
44.80725064151856
47.65896774900129
44.3563213331352
47.89581001037326
49.1797082321133
48.363319728307225
47.918769777647434
53.87086269106163
50.76510951708598
54.416756429721865
52.01640157254913
57.79030094764909
52.32113380976025
49.47715813440125
52.69836602345438
50.71657979317855
51.87234442099745
50.87347990582098
54.25028762194955
53.67566085965068
53.05164363875023
51.83712760663971
43.55045886032636
47.401517118541136
46.907242843293695
46.68629377963697
46.697572781842446
45.6724671136906
44.07865664347159
44.10286642972662
47.496471551271334
50.67210859816278
49.966086101757064
44.953244496579664
51.362985900183546
50.41008575793249
48.00328478587153
43.87562486774757
47.67004766972809
50.67024491205792
47.061930840505966
51.27998013821954
53.448202143941614
49.62135099454587
43.89554717708798
47.02392890287524
48.47067872341349
50.00101919901747
47.675342635213525
48.009155139870494
44.80988105336091
48.186496659026524
49.28442376112445
47.5218348635379
47.00203975994558
49.479672220364876
46.14173398728803
53.45832371724786
49.38122609228665
52.15271545351229
50.731012220834444
50.152616147745086
53.66900767605281
47.619951233765434
48.7548966997516
46.98125386990578
44.34255924632621
42.75994541654824
44.97641331448534
48.11610052152277
48.04373285727236
45.28780786018397
41.275543483077456
43.03679847699066
44.43425850669836
44.90314358770509
48.24732723412522
48.147532737764514
45.209466805069276
48.076493309733536
47.35777996229802
49.53480049404614
46.528119036660875
48.66091594307172
45.53470440451267
42.89584240255459
52.51275835336409
44.57687734414149
45.7205981819583
48.698200493326674
47.491124362100926
46.468865258224945
41.197794666898886
48.25385067683675
47.36166700248619
49.71556711668696
46.96427020417692
49.47662538642051
48.154966916098786
48.28614122246421
50.119915906084024
53.838694558494964
50.19571957838426
47.26628493539507
50.159983819983836
50.9896792528838
50.470054905631294
53.011575887744655
51.81825028667316
46.52102331762873
49.486638991655944
46.4758407408305
45.615982308345394
45.03172001661285
42.54634074140133
48.399805022622004
46.41021535182007
47.03592683464461
47.35619723264862
47.57719727349003
48.20579033131487
43.75885103073201
44.471802072499614
48.88446689389417
47.31163964139641
45.079389079533485
46.052901840336226
44.56367791548499
42.97858287435716
46.59182339330941
45.752204506128926
47.95412104026676
47.91030812933546
47.33038164594813
49.04170796718807
49.385834364540734
46.640120520559556
49.440777821868345
47.39750254966489
45.586360975610894
47.2510812173468
45.36492632400787
49.696818850897195
47.26929071350096
49.77259244404831
47.960633634517606
46.80984627766338
49.326217393104216
45.69632750810177
49.00006103361042
48.85381563317576
42.371982533289064
44.74071240569475
47.93872171666408
46.86316883045188
48.31381492345927
48.21770417321584
45.12430186845202
46.50078608665297
40.173430942886824
44.4811402151741
42.46893270000145
43.638133134894396
47.51943146457943
43.77606534861388
43.17908718378379
45.53827436623374
49.87837025176162
42.74285596066537
43.870603723110236
47.09600531787316
43.204330815904775
44.63807962147588
50.01343039557835
43.97823838818281
44.405524789688755
47.07842942075908
46.54146977538316
41.53320954955823
44.156045535520434
44.54909334823134
40.56212892454892
46.70013681585568
45.4972638741836
45.945365118846546
42.84974802540049
48.6500816269045
44.62041549977737
40.16688260961331
45.95103535263177
45.9397354634892
43.200948218241
43.21633882228993
46.20456584951496
44.6094806193343
43.736612037300745
45.64948975449989
47.47048541221174
45.56307168722389
49.38399271571873
46.286348753721775
46.716457374313904
47.39427578727804
47.99647736973593
46.76295370652602
48.61445284962943
45.55072111787071
46.25986834983809
44.036779859514866
47.046751048230746
45.47284140262755
43.77237987592849
48.28771944926538
48.66824625816262
46.30312293817317
50.97300812654719
46.93440814267882
43.722760237519
46.41088011440892
46.15178932819851
49.831455282924615
46.729387169895254
45.630090227034486
41.760317702684844
43.12539883744076
43.2060390257993
43.18140933515575
42.4812040987884
41.55561680379151
41.32369149512722
46.160337801614844
49.19644889731327
46.441444524866256
43.70085495701889
48.16339330016463
44.1218294323808
41.18914898448216
42.68048329735573
45.87088335063946
48.01596510080455
47.94417076226535
47.39189576463763
48.13612363855118
46.65901663324254
41.91323162624775
46.19949062559563
44.13528401377973
44.73822538000348
41.823527371150085
40.45972891749209
41.35350752003762
42.13952637724091
45.03136861438138
43.44015730031732
41.348642222105916
40.2124163077086
47.762658176930856
49.30252244038631
43.3957742772498
41.26249550705097
47.186983304390886
42.9045611874554
43.95509996944018
39.82309621536164
45.7071009564618
44.05207551999617
44.362665940188435
43.23436237155794
42.95273771758248
41.481353709654655
38.36927484484272
39.13594673321229
39.12135294484242
38.35710301385143
39.28772546137393
43.73041527817449
38.9321177223427
40.67650195109034
45.971826108636726
46.9836697803256
47.409172390990335
44.37067998922228
46.081250621452185
42.61834634971315
42.68891698546465
41.99773297714242
39.743702296582384
42.44424090018114
39.13607720391301
36.65440037709244
37.81482681841204
35.95749467634464
39.22721391747875
40.623132168909116
37.73482845866476
40.87059330271514
43.2057801392135
44.116805867269726
43.24627022842309
45.7031763026022
47.4254857879122
45.9058055865483
42.139072476755935
44.754398942103016
43.47765388990726
42.218397565335906
43.317104838203726
45.42411894704796
44.7269543115657
45.40127223043308
44.873950432665616
44.10923270613735
47.314424314447315
45.80404547010401
46.083292234130866
43.13564107116626
43.18317384738156
39.47634800406501
42.00466139556745
43.3895993229651
43.16020176277546
45.297671036318064
45.92875833872533
44.31618471287886
42.335070121341616
40.83205870703843
41.63558499163659
40.43644144696545
47.41039002224619
43.97626876269896
41.79566009932153
48.65686475575167
48.20378310597003
44.16455194792372
43.31636944363459
46.92841373687921
46.23356726590067
43.86864642797829
45.8030261072167
42.920472836646056
44.222539224128944
41.94113820690629
41.9569736877098
42.65949876322591
45.10636968623052
42.98062198918003
41.28091991817275
40.22839361086118
44.941102004847544
39.14980742772649
40.25530827184903
38.57301741645557
40.55792630743592
46.47955296748498
44.180427660307174
44.86794563223628
44.48268514049115
45.141655096597454
43.427935884546535
43.879329691103685
40.4926481505233
43.57013807441781
44.875775010222995
44.31417814361657
48.631017799148616
46.41319076922664
48.368201315383914
47.51764369747506
48.57734986800773
47.256172844131015
47.53082599096238
42.47020353673321
45.564350257072
44.45863866051503
42.729866989420486
43.66984531524424
39.4271464568685
43.60291112897052
42.8548738379811
44.40883587100066
40.386144033766044
40.821374409061626
40.414180084416195
44.98715343305915
43.51506380974142
44.0085735189039
49.00148045953567
47.94272074375609
42.98073853519402
41.91960090568449
45.638613736707384
43.32111534503136
43.61014284926786
46.27823439215527
45.69448336098854
46.683443095771636
47.769995097075956
49.78852571449206
44.949130630656036
46.42293136087625
45.71089873097065
44.51420853002847
49.84413245198393
47.12155818238421
46.128423658972935
47.84716650973947
47.05244945666309
49.48727569574259
50.92939616038504
52.428279486738305
48.42584675660237
46.856633674291345
45.24553091699174
47.23412656592418
49.72963148144039
45.3271364633735
46.91096463729881
47.15296690606272
44.3326161615493
46.86692854467699
47.938621082614155
45.53711497138446
47.48278838512885
48.14505445662443
43.509785467530435
45.37785762322265
44.35125592081491
40.97339309047768
40.520722838403415
41.88538836919159
43.752476783823106
42.685961282031464
43.13740468996993
43.86899613224914
44.82687605840656
44.334774395049536
43.97552020339992
44.50506656099742
43.58305874133212
42.200414704542354
42.486060790469075
42.708132652940584
42.593060865932365
43.022933682990036
45.484171313716914
43.78169481119254
44.36956215933853
48.38473165773826
42.59764523426946
44.29822728850284
42.05035471787875
44.81921319328035
41.350573527918826
41.68978907463101
46.81693421042477
48.57606738133683
44.4923976785324
41.961786615710736
41.91196011136509
42.792150836481
44.75853912926459
44.64407224535365
41.02529574039332
42.39605065620551
47.434126964407945
49.348137462055384
45.86406361672144
46.194951355369156
42.40655755075981
42.219300444767875
43.38536387914479
40.01672758625786
43.44931432818167
40.93776512843987
44.742579356051365
40.206265856339385
42.51175543535379
37.69919460491654
39.94053132756935
40.409263218681275
42.91862598265451
40.588871020168895
40.79717839720718
43.920033521829
41.29233450241057
42.71970803789996
40.61537725101409
42.386439302725556
39.63766098900046
42.51279304782163
40.62249436495153
45.10388986276308
48.572471468227086
45.726846654632276
46.20046910557854
45.03001560281828
40.6050259836229
42.14439596299303
41.296214423450195
43.103524210886896
45.3041018947836
42.76112801085936
39.31700879110144
45.168584200165405
43.24543707528746
44.71483270052991
43.04447899964267
44.15834281310566
48.060532914381746
47.13866709647738
43.01622081377897
42.31315242425148
39.46780431924999
45.34250369763293
42.051703478951225
38.33823671076182
40.57164528321105
45.39257624034426
42.60655585112678
37.50235746198288
42.590050261361824
39.746549026319734
42.22325383971025
41.53061262608334
42.659007645044774
32.58926967845387
36.63172791460501
41.58215479969613
37.237301344267685
37.173291627490045
39.641245695917654
35.13064651650054
41.81060840709508
40.03569939323643
39.17526202467053
41.41936823963348
45.00365293007814
40.24981933931803
40.438288991692815
42.53117048197584
41.94575258927859
41.59291893701102
40.62568698014147
41.50840243041472
41.34352854511468
39.91753221036811
41.41270349266903
37.96019018733546
42.12321736723552
35.87788581315639
40.757211756370005
36.66586158489011
37.263954309894864
38.0212877020165
37.97953228106152
37.9758735107261
40.490267948511026
41.27448131839843
39.60053058441099
41.0892827236761
37.42874075252654
41.32832473560184
39.21704095650322
39.36341875519631
40.03609678992982
45.67909626758699
40.556206846122016
38.95070778822952
39.52741197495294
42.44812254454857
40.65683549274621
35.289115785572484
43.66331620798659
38.46533175539116
39.68385770323887
42.11030277297111
38.0187336945957
40.68746047859951
40.502076877414304
42.09516745509154
39.88163477346224
43.675497066900824
43.05259900222043
36.7829352315113
37.06778787747956
41.53815864155611
41.0708510715488
40.26571648207535
43.28270511769479
40.83143855076853
36.01241498674304
43.11482059276441
41.563814887359946
42.79674783727815
39.86067256713725
40.03334434481314
41.84371654591496
40.75878989432132
41.117355493872125
43.43109619895161
41.5094482786705
43.89038040527601
41.85873578935186
40.71774627653865
41.38053735729728
40.979311282830096
38.53962414769234
46.098476777369754
39.51355486033116
42.42942501435018
44.056029417142064
41.49707284990761
39.48720701853255
41.57041657036873
41.29140844167319
42.59899370808544
40.54684104658745
41.47247205280795
39.01355303364071
37.43222873750356
37.37854345724821
41.75399803900564
38.55209764230804
37.939216506577566
40.00812861181644
39.723360739211124
40.379695353162454
44.29476761302038
41.990204343525455
40.324320717630464
38.665277061311144
44.58929667747635
44.730009692221664
43.86154384582236
43.11320260944287
47.45823126375936
44.627092988272835
45.47313357899926
46.70703458861474
41.39800866260447
41.19288429862658
41.65193949864524
44.178085755294035
45.77849693533424
45.583935293831935
45.69651294602114
49.50203556356402
46.76245591658584
45.795310804266116
47.38208027607965
43.148188175912985
42.44153723298289
47.09129151963205
44.195623456174324
44.159470731689524
47.20631569700045
42.8248218858233
44.4242691282356
45.35675544614276
44.58071788366195
46.79937870837272
44.901085550275305
46.73556856936622
39.56686391353806
44.35136652377128
42.367624862461724
41.16285763524327
40.73313425798883
42.13316168537059
41.69581115773772
44.92025323033079
40.811427536847326
46.11980130667297
45.00016723782908
40.983161632112605
43.42012206531246
41.09922285499036
41.98470404270853
44.178207315888756
39.01745103155428
40.346850115250774
41.995858720856546
39.088274223098786
38.017596791082816
40.5268505689941
43.48005977406305
40.49202651600084
38.402050978074115
37.798380593934716
40.831205178939456
40.19678810984011
41.65064834423872
44.326183164887794
44.314676079910605
44.2278327706856
38.548551010752064
42.116201713808195
41.61859054204215
42.2030268820699
39.82673478193217
39.9325073288815
33.275175390466565
36.84748661208145
37.18019504446879
40.57986378667577
38.69178911158798
41.411970444353855
39.64544686146574
38.920628083436156
40.15612613984234
37.389590723980945
38.59824088282067
40.18383629588611
41.81733907972902
39.77013721704548
38.42661172713728
41.75889650006463
44.91284939386076
44.57715265222363
40.24829170042505
39.489103809251816
37.39525145675323
37.73174166237821
41.54821816930809
44.9948462143705
39.64346409996825
43.68369551843617
40.042000153430855
39.769217434372344
41.60268653159759
40.422158837472765
37.52159768854193
41.3104844683002
38.708494007567744
36.231817918729305
39.49171209876773
42.91123789697904
39.362579405159906
37.64285513584036
38.93739434953718
41.86301909854972
38.40244373851126
37.906605118462416
39.18699915634542
39.45940004889439
40.116868653724644
43.333340564738734
41.57071233484476
42.15103676805406
40.94682967287873
44.08742631956674
42.143544482806625
42.690551758055356
40.06994518212392
42.2983009579352
46.10822020369518
42.22146056463618
42.36120240153718
43.93632945469717
47.73381197678977
42.86769944295649
41.555044108895906
44.86685886053342
39.47215335979667
38.06845708695478
34.31474432829747
38.19934714257263
38.693348561578645
38.276722584378874
37.99011663137199
39.748144368268704
40.98434047893385
39.86150014680232
40.671507899087544
41.390872765377736
42.933868109615716
38.454840994712505
37.472887885031184
39.688361397085714
42.05984754587082
38.82924948727042
39.01161715907855
38.12389370248945
39.40272127558802
38.36990617539854
38.344197598149506
42.684623830907725
39.37662846813731
40.34261420765085
39.13716699308976
36.62424507349627
37.46547307429621
38.0911191470972
37.40305518686676
39.96235174095126
37.734410917100234
39.56423550265612
35.85462314877157
38.93805793419322
42.17098850023021
36.33680655090136
43.12816688695735
41.2844817129724
43.90139309332768
39.38725426809384
38.853896533075314
38.97068732693581
39.20374478602386
39.96645911931769
38.69525309116464
39.47207196846551
38.23263270001352
40.14104446946577
36.951644055141394
36.61816781804399
39.47964026516399
41.23927537062369
37.484241864668185
35.21844355028507
39.51795706250394
36.01134620062004
37.891935813855675
39.512232245135266
37.27432891444152
42.00058688281297
43.057821713543674
40.861354579058535
37.121786261380706
44.81383407087861
40.35974237878707
36.407976204583605
41.9605526154769
38.744639790472604
39.347938824278856
39.21457851420406
42.14266692585725
40.75764807778126
41.05746137588295
43.10614587910268
41.885195141975636
42.33429281908334
41.41779815250769
37.97801544564568
39.71149734282072
41.15372889887956
37.58325531438305
40.40411921625935
41.86160882996538
43.0844226439608
43.650697716549814
44.32826043479674
47.615436370518744
44.595351151742555
43.498082093401734
40.188956679069655
42.274178401066074
40.83889497059352
42.39854191233699
41.73200568068592
43.99602471899556
40.613910354830985
41.5629169796574
42.34333245319044
38.807749926918085
39.368763673033435
39.19926483777871
37.08164656598618
38.928796485962664
39.66620255649947
44.69741324238076
42.257626546977896
42.29819091801093
40.187365955616045
38.826887369654685
44.018768148420115
36.32397804990078
39.08441865727809
38.35316353466981
36.99355543845575
36.81414270135377
35.822456693808356
39.2957183172063
37.605393619220855
36.51875092915487
39.700485017557504
42.783096134000424
41.21510233778126
38.67101932307306
43.6675752147859
42.45965201506804
40.6421604610683
38.70153757797958
43.93185803474557
43.63521719230652
40.49365083700086
42.79235044459964
38.08970092653246
39.08578903197407
38.92805751733991
39.34685867144792
38.41625742821008
39.19675641361475
39.68442780981472
39.668568273727296
40.17018832758003
41.0922326267859
37.668066961844225
41.038325795310236
42.98785729153434
41.48134690020716
41.01080827404869
41.60124690182688
45.56236635559984
42.17945364543155
41.78134438544894
45.133303335339896
41.82262056859794
42.36074930545963
38.5320602437997
38.36973797465787
38.109454272279436
42.541271036469624
40.64372840685658
40.83108760169914
41.76788576037684
42.11132310770783
42.60372210334488
38.60656730174229
42.284839827902225
42.441846247571554
41.87614068440692
42.969644107496336
43.77446915803146
44.39550929263014
43.19572100120886
42.102602175283046
42.25181098295472
40.010471826796
38.85408252500265
37.16104515195481
36.7270673983012
38.869740080735674
37.27118716412458
42.15149098205968
34.39457725904759
35.328230914206536
42.73026184985806
39.45849117506491
38.25127281482036
44.36587645153579
38.22864715940011
37.09475786466154
38.2897023567417
37.20647561416022
36.94395177955481
38.92724217709374
37.04327655637685
37.497538974480015
38.73537399276185
37.15633906016154
38.50747048351933
38.34861088395156
40.22446775949089
37.12509449666473
40.05996422032041
42.84545318087999
42.379475252865525
34.505879759707135
36.60471065144416
35.00206426292712
36.02254043964269
34.66993547955294
34.04987677935055
36.185208107600744
37.71728923146671
37.079804638776224
41.94781065632638
39.66545605756582
38.064702424805404
40.19275692723383
39.291502967856
37.0531621229728
38.06557138266421
40.74500941992066
41.634334142594845
40.127074317939126
41.472118497051504
39.16639011744099
39.11632547389079
38.456144114648765
38.95019884718784
36.06706987180644
36.066131723584355
36.29345920365632
39.62040450750981
32.88637018762211
34.06871765295706
36.5982492950234
36.12292375900223
34.79160258616616
41.73827692744077
41.170198912190926
43.8143242600881
40.026077065409744
38.24005810286083
39.185541765063356
38.21478705417521
41.05582353940505
37.82438883680809
41.24455193668566
44.16389881649438
36.330166896809466
40.37408597325869
43.25246525118167
40.52923820683529
38.72159958508484
40.68717706324087
39.23937107464378
40.86177686171759
35.15979920226263
35.482233189659944
39.25072290035726
37.76189493402349
37.88248417692998
36.43034221260833
39.913716928531855
37.18558405608181
34.557474707910444
35.515331833582835
38.73937697824013
39.4033275831631
38.8357832133551
37.696188001280035
35.54673499204096
35.31576975811037
35.56152005359192
34.8651368943935
37.21379836440551
35.51369859409345
40.68812464626185
39.24264961453419
33.06559148640192
36.24287700900481
37.3805755238603
34.45360929317294
34.49871075357401
32.196781212766346
41.096084383997656
40.13787199001402
38.81874873273198
40.62284572121708
36.554375043100755
35.878608743248115
37.93302641598142
39.018879141358696
36.600209880549755
37.71830182059827
36.232336634094146
39.69948842249207
38.811615002455554
36.78448603287441
38.507772416170525
39.68410411207528
36.99152770056813
36.22269618096596
38.35181905987972
36.27300782872011
39.60767985784299
42.907159992734115
43.81215289713198
41.04211294371399
39.34071834931343
40.76358344587371
41.23120678053455
38.42012742786979
38.4241285522617
42.372746326787144
41.03171948959594
41.848968977912655
41.427854310798864
41.338040924439134
38.61447337319019
35.77815846420552
38.034559744327076
37.42156602689664
36.73371383606818
38.18732225294567
39.28230676746818
38.86387566340125
37.85562080200299
36.140828738369784
43.665256820181646
41.591547518903575
38.4889838443933
37.98465397409557
42.76403135488139
39.36007325219383
41.25386004383475
36.490921703387784
37.423166581860784
40.735123994521885
39.1065964737473
33.45918237173599
36.629336218065156
40.84500596637992
37.81641459930579
36.30452175085925
38.88367531447974
38.04280735178368
40.37295149818439
41.93145619161796
40.640139648786786
37.63454095508484
36.257302262442025
39.75614927623119
41.357759948165196
33.691225607371145
34.967810718256736
36.5682999564276
37.27794446264263
34.52201698363122
36.61066613958005
37.88803279857334
36.42711644216579
40.56625790188522
38.072858014762126
41.13408779169633
42.08843646970877
37.26149547028228
38.79385370992501
39.54037492797985
35.25104951067022
37.665786693098546
35.325656549087114
36.75765996446191
39.69198455792415
37.90120579464966
38.83726920630133
37.91037993602261
40.720374054389
41.88071007358947
37.192194702489125
31.95524228322329
33.75365867016525
36.913799570925605
30.878319213601063
34.40792181276774
31.647475621349013
35.582565566737934
34.468915287524176
36.21300994229116
37.1205675820992
36.81613781129735
34.58424942873352
36.7873730620618
36.719071421604795
36.081984346708424
37.57066406460153
36.35362163718199
35.965440548966356
33.86370142464195
39.151086479340705
38.673649735476836
40.20193211898299
39.3909395372193
41.68123725910775
39.41262881464236
43.290851591808334
35.26649559828907
37.230828959474294
37.5777642274931
35.370401189053446
37.67045951727193
37.457208376147065
36.648490032103055
40.603832119212306
36.812324441008876
36.82163396490914
37.263902607182764
35.10060200921347
39.07105547857795
33.59224442524434
38.18658413001063
39.652576847307685
33.35611335015208
33.96843243721913
36.67357845472425
36.77560359857713
34.03648954076364
36.36428983298566
35.719744892372354
34.728636906716225
37.850728573115745
36.987113813971106
38.72089804341021
36.05013461714814
37.86012378893977
38.189382285372375
38.683523415475
36.21126028275694
33.38792694893943
36.778864702972186
36.79641930160808
34.69817286263044
33.89530248209129
35.32652372804635
36.78082038308698
35.767577527341885
37.0007567742592
35.22907943880686
33.16369488061575
38.89797503711289
40.74982642252531
37.5857727906427
40.25019001630238
41.450518315395165
36.38415519021725
39.729017711938084
41.585219996594994
41.2857810282165
42.02218413310086
36.624832369785935
35.67068794985168
38.720550325928954
36.73983801123558
35.898211146773555
38.81937325456478
42.70452201548726
40.4478776417367
38.369620441686365
42.62687028855365
40.20698028416749
39.357013116573825
34.61897713748446
37.11446468786526
38.48116434868326
35.73850949636975
39.12434527753778
38.95803304073252
35.590485974922004
36.609415538710984
36.95260839858345
37.55457963519395
37.549338477827824
38.6555595837981
37.86995989725083
39.257253267730455
39.836691511348484
36.61267777773749
38.05751549368763
40.61804482790187
38.00213949065925
39.16460400861723
41.17604223769507
40.04575816014852
38.2985287371868
38.591847048919114
35.1015459488131
37.987667738791004
40.99026258780598
36.66249270460296
39.729126003089824
40.75875098053275
36.59770184609627
43.14744369883907
42.492808137887444
37.82088668724569
41.117592173928095
41.010522608183685
42.47814059805647
41.492455023042794
38.42572608875526
37.06869747119298
36.930787011622435
37.8285038567248
37.67586219805037
39.08927168047063
37.44359760606267
38.12690659481337
35.35483790451404
37.87829049994268
36.8522401160653
33.34924253377788
35.269620892359626
36.81788366703727
34.00247225220444
35.3851148473319
35.07729516709665
34.30232429987755
35.60052302871948
36.59699677645052
37.47282148664903
34.05932942822078
36.59394259543783
36.147428475881554
36.052290356687145
37.34472402434571
38.59868306129966
37.3628098154808
40.027702426922374
39.21841960030787
35.46582173161077
33.67005397707041
39.80127646540444
37.685325494119596
38.65512417281916
40.36575238673765
41.890666866297146
43.95648368161318
40.52553285256047
42.54163422082535
45.256162424651535
43.15338867439395
40.34530592110873
42.58971844820867
41.344802020899216
40.72970343458441
37.16487125831657
38.15174777661934
40.7537910281164
38.99401173812307
36.65160345951084
38.53569372319025
40.96596175158003
35.118123922001026
36.478889680764624
36.72214895674477
35.39083250796684
35.83072154382198
40.49719430523538
37.390847338331724
39.6565931863149
41.753470542609996
44.11313835637498
40.846194597969934
39.7658483110046
41.36019018068802
39.05238558508322
36.072757747528705
37.998734301374
43.003015465832895
44.8893869645479
41.9468269110236
43.154981644032524
42.19297456051284
41.0156291068558
42.94722448589417
40.12714000765538
40.68247571322866
40.466045205523834
36.01925411108491
38.70989312020869
40.19814130440663
35.39329179657705
35.98086810977909
37.38683915276958
37.93549223949967
37.17565907339196
34.76267877643915
37.87634299857886
36.07828820441743
45.30521133651999
39.494358963307484
36.95906054191345
39.94235865763445
36.11707075310811
37.67407348755305
38.46198067449482
37.48069067173457
35.85611480402232
36.48395664279722
37.727665261022395
37.54208192884985
34.74525706048807
34.25065281084477
35.03853183479897
35.340656499006066
37.8034944235956
40.33053279149827
38.67134612159705
42.683062942314706
38.307250495821364
39.87731194904779
39.38597768487309
37.37420718141979
37.71986779977057
35.29412043889849
37.667669365799604
35.53302506312338
33.56427204942369
35.20378776007313
36.608637216028754
35.60343092399911
35.24249441494878
35.47251483754355
35.80919852757288
37.091135880450516
37.07909667167385
39.94206216359092
35.46348342740937
36.53666417896171
35.5179332327452
36.711587209715915
34.908318152117225
36.87958546665858
36.23196869467431
36.88136845123172
41.213341122247755
41.67280915180107
40.095089500929674
41.44804806075751
41.84986150482686
41.364959948030794
41.28122059988567
40.947631335749946
40.27662110048166
38.90668098010002
40.445138164705774
40.885852726175706
38.980653072679786
38.73356847149195
39.05521995828256
40.93931571997957
39.9007959887572
38.47363795502009
38.80959206863422
37.206124525963325
36.95651984306821
37.97889360139847
36.91572873546372
36.85424020916278
35.297727274429484
35.87431090428618
36.585080487496015
35.406285685253025
36.754956098834256
37.18347401385144
38.71381486547017
40.96483256587846
40.5740171737326
37.697199373175806
39.96542432052909
35.11729026598497
37.64099468178034
39.5099716265579
39.21150860125917
35.14455387437646
36.68381279107904
38.67775128240116
38.806223510980814
38.58873138686486
40.02329563517539
42.65035175771325
41.25259726841889
38.200865113527506
37.192253117435264
38.84522942474451
36.87286997674749
38.557635837056786
36.852836834811626
36.632913116961426
36.7248769692119
35.397156110591155
37.272114006514585
38.35542675377535
36.84654349425056
38.4119323525873
37.90258304510948
36.21614786292183
32.76191063199491
37.3566524410814
35.14408968467209
35.58902928742034
36.18616767963849
37.664828033409236
35.299372935713656
32.34849910026658
37.64359794827758
33.71065240475814
32.1649399628226
34.69779124481507
35.27376949533981
34.73722223996958
36.46665881250758
36.15719308847637
39.85372028132371
34.663101201349235
34.857891955244725
34.24907351686036
36.765906596191805
33.963360351237846
37.62084619193815
36.38040732617863
36.00151416516705
36.95257624731971
36.929679306750444
34.54715874076166
35.232143653060255
33.12239309258939
33.439557752837906
36.33605991776147
32.331144753290076
39.45581307948161
40.1572186813417
37.05253955633637
37.026431294425514
39.45018577671751
36.35001365518126
37.41347532220765
34.75872093600202
35.087010814956564
34.193254918423584
35.204687835888855
32.95041871852359
33.44554092917172
34.9469870270791
37.243903801516275
35.68941125335262
36.75705176387667
34.99413357894399
35.78999308252715
32.31862622584603
36.0287314432763
39.45551490621272
34.58464938620826
39.96225567092489
38.98506662956929
32.494080065273344
37.180226599395816
37.25026612008031
34.157147606539354
36.84986958075223
36.508013707757904
35.593675776659865
40.39224532403202
40.75172449740557
40.944087160456476
38.993513135611146
34.519659290069534
32.20264594566268
36.664263938550015
36.862020232883374
35.19928384142964
33.25055857217243
39.08308666215541
38.232681166192066
33.350088090160156
35.36048813935671
38.23581091701361
34.93651826280469
35.505347396794875
40.21987877663045
40.220833901453844
41.16357444395241
40.86586741040788
38.71309485205457
41.427104610594526
38.71151820040996
38.95695901525024
38.51635976362662
39.5736661658471
40.31140215496121
42.0798915152872
44.16714820162624
41.879465138867005
39.58507598158392
41.52529596798386
40.40634402273553
38.69490166892319
41.03398797504178
38.43652479637112
37.78346157217146
38.4282799726906
39.49307587781931
38.376571287967494
37.01956592432533
39.19695504971171
39.47456275892433
34.90076957378983
35.54722542791983
37.38051940034054
40.1262756621727
37.77157318001299
37.66349758980785
36.01504767676898
36.21662259015143
40.09039475393653
34.738356219275786
37.34085867404423
35.54761600177126
34.81947085080429
36.46384030412096
35.73949857213038
37.15784528215144
38.118512568744364
36.78067027678388
39.04086882818251
38.009717571337774
36.89979410633269
37.1731895469744
34.51285238410169
39.22222097824651
43.08083841054335
39.10359453056739
40.36819101246236
42.983346264684094
40.440775342554645
37.76737219507758
37.389970511201426
38.22094793364417
35.19419711328989
36.17753035588796
36.963191208394775
38.1157590792851
34.455536890159316
32.061065713394264
32.39997325030422
39.1229026657398
32.95572555248863
33.749520565416745
37.10714939599325
37.973572633010434
34.704345264022244
36.748872224834166
33.440697702562446
35.223553281170545
33.20580970390714
31.97519047591867
37.00524742808814
40.6749356191349
38.67678050082979
37.79727441683961
38.53674667918055
39.493769674712915
38.938532947307316
38.74497157091726
37.75768842737496
32.748209155236474
34.03416779132492
37.39140947361994
35.095487923617384
34.00887145856955
36.49575797424024
36.595514826362155
30.707877795716282
34.88756217617997
34.041324605126135
32.021350063949875
30.904359722085555
36.38077647482489
31.594266963992478
34.42313962067347
36.71312854938761
34.61287909152818
35.48680713490099
33.32441056508408
34.19061111537848
36.377245298737996
34.647927589718506
32.348236887473334
37.70775618722624
40.45879715516041
32.89981145306272
39.204330543246506
38.84218218781615
35.08703271176133
37.44985143465863
35.38625759373369
35.56448124169501
41.076464517794996
36.35872939894786
35.338670788151376
34.59800497895597
37.08521617851564
39.32574083518219
36.583267690098076
35.35541529098693
37.284265041733036
36.903547342608974
35.10299016513289
33.55078214855616
33.769348313528646
36.121873363085506
34.89629756692005
35.46727151185285
37.323545499762275
36.42171074129322
38.71708111989522
38.99494583553704
36.75015680520581
35.793134288195716
36.46721899755346
35.20044820391694
30.445004599917244
33.42618771833739
41.25686517636652
35.27019162075423
38.69057547008024
35.81108356545544
34.942021801417354
34.328812393825814
36.0678475587227
32.28610663542251
34.19742467656984
33.49905316491777
35.49191083519426
35.42307116509603
36.14031371852155
37.480028841801726
34.47924542832011
38.05472769077113
33.96091371602861
33.280950176539356
33.72380263942866
37.68616154937975
36.78911747547576
34.47435254470545
36.849144412833155
37.96323679902659
31.936813887302332
34.91334276753771
39.50280630155693
31.493421546790692
32.46697611441468
36.38455204076496
31.625512025496118
35.625246778409945
32.99534418225773
34.544786315151605
34.69947878623621
32.80539802626775
33.56990557929421
37.844948699789896
36.495287374859345
36.04614305183679
37.52564570594779
33.22401483902585
32.526141634165214
33.32220110739524
34.7956273631393
34.075649490457494
33.21450890893558
32.340743845911874
33.75672496201469
36.17368342658691
33.29852915938671
30.835264345270993
33.29687993655756
31.787880953231003
32.09312964469407
30.897358103553497
30.76299396427973
35.63249357469411
33.99295064729236
33.110015190091076
33.999772727541384
32.10490454614893
33.468673789730786
33.34375213173413
34.822005058600645
36.727158721505106
33.933412768273485
37.65710543951022
34.78395948147849
35.321102705355635
34.641228485684344
33.33786340961488
35.753172321964435
34.316503615110015
34.8389081836257
36.18633690817597
34.46207773708979
31.177736426447993
31.91487551856694
36.45731596375601
37.56573678837313
38.2255441798958
37.49692637539685
34.144674941757366
32.640865567237555
32.49282648811198
35.65213001205517
35.719645108325246
34.00698517352697
35.06708266831135
37.905264483344894
37.301394869516955
34.40867134200496
34.11423699638724
33.844667070448274
37.66201555273265
33.423198484359425
33.70977133022504
37.308778158388016
37.687782712076825
37.22749310253086
37.65704358906359
32.736387405335655
30.158989394370145
33.77831288761468
35.37713854673031
32.72174994054901
31.68872897159146
37.194497029422145
36.49738190517118
32.7443564759657
34.132022955692165
36.68221798949858
37.842215139506955
40.24673494065279
34.820942665428184
32.92587644539798
34.83145933777165
36.30988751658985
33.814793182159974
30.658685131790453
30.383475043259555
33.82257358584811
35.142623166889464
33.25004586729922
37.28608492164952
35.988843846746384
32.351031135745295
31.18464067650408
34.27202731657388
33.983035410220666
30.82151323813123
31.636425768168298
33.40566645147976
32.58458897681093
34.05427856838174
36.631102986443075
35.46821581674592
36.53673769500275
35.325638152222865
33.696347015119535
37.18452189597361
35.55141189662706
34.40398957313906
33.19385351031869
35.17184558401281
33.82970125639995
33.4949992380973
36.76846025081341
40.18565607222721
34.66085826864343
36.630902876769234
31.397162579524284
32.809200452336405
36.53578758530979
33.54358382540692
30.77322216442452
31.062533747199712
34.60185281253868
31.274136231040156
30.634078539392608
32.98674540529987
32.71275918671475
32.77175139750884
31.29284677967501
37.947977123741424
37.484440694295664
33.494749584106046
34.610360750064984
34.60721143483626
32.67458577374438
32.75290170198707
32.05992148758912
34.229437946584106
34.11935201025468
32.353634327891534
35.0296582811781
37.914958789519794
35.91382721813588
36.33648498824728
36.41829573462798
34.31454225057548
34.87874908587193
34.847917640004525
34.44948545191655
33.735804991603366
35.219511983552685
35.55821307941032
36.36801349684495
38.572837240792836
39.73548184394026
36.26362081869759
36.31443522552682
37.4614239020366
36.24813270374178
36.511983229816735
36.39628157153652
37.36257260919726
35.36569309423622
34.552377694699814
35.60666677984413
36.43817319504395
35.62006658020504
40.067912455744384
39.76662377797352
37.0463180383434
36.590277349658265
39.66542917031988
37.7898207022405
35.20583399937292
40.56622905315577
40.908646751150506
40.322283491067125
41.76622067710088
38.78921996068485
36.163018648721106
37.41100352475472
38.80399167263456
36.86612819651822
37.45846474628804
37.0313165543112
34.075492745877085
34.61104069091991
39.995065430159954
36.949013415025746
37.34598627347179
34.303641583702586
32.89026190452069
33.868288794896564
34.479358429344174
31.036309420115096
31.901212737350715
33.83379895105486
32.182244021233444
35.20366785249768
35.651289417620056
37.3765171145859
36.37514592010769
39.26157892058539
38.638508109162586
33.512817946181414
36.56835510581213
41.149206397058414
41.43125983438286
39.231221536142996
36.39039394654915
33.611329738879
35.01111200600742
32.89794013724542
34.00463503526287
34.68937889985239
33.37529236333951
34.54872333387945
32.612588067970094
33.62960769494236
31.265058225935835
34.63890991374987
35.57920914335601
31.157136518866174
33.27869190877244
36.944289837804966
34.66847451570923
38.2557974546482
33.33713594014071
35.97728763716344
32.487344635563566
33.009640515765916
37.57024728971797
35.75668441166136
35.41430482004572
38.82387861222563
38.63620786037006
35.96654599428297
36.19319569234822
38.07545573655893
37.181870306520686
34.017747529890315
40.80776499345959
34.31739270248922
35.908491412266414
39.139705429952535
34.047497331244934
38.13312400179769
39.51367989566142
34.43056437697289
31.70931803416677
31.562881166860947
32.602862970167614
31.460541413243586
33.75752900711873
31.22192176111171
32.61394778608257
39.232101564160295
34.088611556943505
32.6494359089509
37.0104010941979
37.63239430360796
34.72457898992577
34.547793257902775
33.81083553107057
32.68233338386576
34.314485991811786
36.25152163290965
31.974085653535717
30.492884989635222
33.52359310886115
33.265055325149184
32.1187554038041
34.127298249882124
31.76951239531304
29.66975142996931
35.01714329079642
33.41559026706062
30.442371046715643
34.93365774105942
32.78726164546389
31.91252348815375
33.3523323989209
28.612771205907343
31.967354216923432
30.122351418167796
32.59885057817843
32.53705263339066
32.35563763063357
33.51686422075667
31.57139873128914
32.42390695325214
32.85875446650824
32.943603394155595
33.76503670792311
32.80840429591899
31.53124935274085
33.21772585316367
33.63121838861967
35.830448564039564
31.223460741620652
32.997964475399385
33.881869390092085
31.502638678122647
32.52247187527118
30.75797096168285
29.3954304732478
33.49160151876406
31.59327974493752
31.654073820990153
33.541709489993316
33.22510527252729
35.531832067109654
32.219773070921555
33.98682213677144
35.847339436243224
35.739361796095494
36.398950169628854
43.72972580445292
38.74474360755962
38.99351140158844
38.40149681214053
42.45578999963469
40.415621596745545
42.330604906947045
42.00655458779318
40.49318392492828
43.56686626631784
42.14036476027175
38.946494956263706
38.39440451566349
40.43691380702119
40.55813952924645
37.62326427394155
38.601614571505706
43.227051148480186
44.19264140622639
42.25088181593486
38.29038724353855
32.97604842478144
35.31148972026421
35.50699680487861
36.18083476606107
34.002625704164466
38.336853951345766
38.100851028700845
34.9342906713838
34.6633334702162
36.219295073165256
33.20155650684882
39.710611588101784
38.26315519167886
37.17156480063019
40.27128584091108
40.0848300519016
35.936617509875155
38.425272818892154
39.653058010108204
41.68774377077511
40.41997458609735
41.70993741877714
34.79227778301689
36.04654957320256
36.65054132234022
34.836717743087114
35.29892715862097
39.41108853049107
38.212564069863284
36.42828235537525
38.6530338042802
44.89910538715134
40.84328155924155
42.31885259348129
39.77856575884984
40.969601634171475
37.41784523864604
43.06545498766457
42.301934824991164
43.543348279610015
42.34455061920651
46.803574173983186
39.25005111194262
36.28730685850567
40.19406452411651
37.16283063631408
35.435015561442185
39.62287693388888
37.19512646505168
34.38906624000921
34.48190556768041
34.252109127484204
38.56773597936949
35.00862182539627
34.648881249484354
38.24977743843732
33.48691329547413
30.39166502903164
37.160245666479284
38.4374054511652
33.92515238905947
35.32416724707413
33.36529711675219
36.02953631309964
39.58977680096816
33.58390599696866
38.25728787726741
42.86513432743601
39.03664481160843
36.71932026298859
36.62849320876354
41.10582722967343
37.63482833768219
37.008134519068555
38.160056496684724
36.456740752330525
37.821683722728956
36.21037558665633
36.79548624687463
34.598678368371765
33.141039750207185
39.03701388730887
36.04191316107365
34.66938613671343
33.24070228560794
38.072893908913585
35.25123772562804
32.22683786842017
34.35811709909945
32.826357828410615
29.91324157260353
35.49591880197896
29.28860478588582
32.30195857685992
35.21708714270123
33.656781655633466
32.08006240665737
33.079374464455924
35.098063159963516
36.18046466099458
33.09196697411195
33.879041475200594
34.78337888380804
33.289869990926945
35.135799706475915
35.888229468418885
34.53027899515399
35.14975399974356
37.56614054956107
32.04320832403269
35.91334130121515
38.11263595893774
37.16019034757564
37.120673048579704
36.85150126999093
32.53619171747426
36.60150688219828
35.82313721308792
34.859853202582414
36.2457859916063
36.06203561226754
34.0754008263045
38.39676570652635
31.964213407681523
35.579922459715014
38.64002968100894
35.98694736810706
36.22297587135697
38.187935195040275
34.60297352838224
34.77875811253996
33.71844171268087
33.65480326243225
32.87367950555719
33.178466544227966
35.969495261952886
34.279373015512235
33.42521679826284
34.51730131614806
34.45768636784787
33.9051099731511
34.57103436340706
34.917341435363
33.15778308462156
34.06125525458073
34.9038422036682
32.73543587780738
30.438031758610194
35.66195325440465
32.02243323333878
32.67372363350672
37.641766819672036
35.65566565326244
33.8876984566686
34.58675661688372
34.71635955497638
33.493299930713896
33.39301048992738
32.707843148621535
34.237521881187625
32.342035562692196
31.66578031748017
33.03212693103338
37.44383891703932
34.8870543931761
36.4942966102676
34.995055371191626
33.935587992765925
35.49588408558453
34.05303590985554
39.93844187592103
37.0321172477333
37.461355030103924
34.60243625660458
34.998826912760585
31.143772711035364
33.06201157040297
36.366539066669105
35.59328392403251
36.79214204796569
35.964676394432225
38.33682621409159
35.468417931072786
36.837744904996555
34.73758543381604
36.47548397535585
36.94193796101469
35.954329942986966
34.462435101606516
33.08165396903159
34.41751463081792
35.159649015548645
31.623913803437937
34.83561973208981
32.06287861292133
35.27607968394551
32.08726583596545
31.753722552268993
32.700853771757295
31.237392255627686
33.178571819665706
31.485188056346452
33.34285370573685
31.70748405809107
34.019621577047886
32.7969838105653
35.972699768193586
37.61986064832545
33.497369444935394
34.16002836363964
36.203353276840964
34.936779918806884
31.03197901729463
34.77754754353922
33.304963870081124
33.45458556322086
37.55656557797984
36.417875663174094
35.979395454887246
35.751102412393365
34.59451236120691
37.50509312255749
35.816563570658744
35.609611971232844
36.11511749991096
36.53532111261769
34.407276309444384
35.52369765780619
34.10585253953738
36.02342609497328
36.568388948453595
38.0430260555846
35.275652231164656
40.199382152967864
37.77833560188844
36.9512086194874
35.99585613882265
37.822245765113045
31.289344876750594
32.125335981857376
33.69490996757568
32.22877289121045
33.957105059509324
34.802356958081056
32.88809387966123
32.5041028902913
36.62265126808968
35.94927436681397
31.800713501445152
34.2448409824111
35.36702026605602
32.17732488588084
33.60567427291456
33.27113618848903
36.39555262607187
31.330928466142524
35.34589763978275
38.09339286317622
36.57083058438265
36.16629697606037
35.61722083533686
32.55587788990627
34.72046767151261
34.14600406422412
31.102136251398953
30.11617850374861
33.53452796437009
33.22495722737078
33.810517902408435
34.959767327796136
33.17457118515014
31.55853415442798
33.18006676829713
30.458247618850184
34.50428034856277
31.53274848027355
32.033366118240004
32.18458464633176
31.598470151057324
30.59912174582874
33.41587826318237
35.65394419951618
31.97186579971833
32.68042855159117
35.48099987101004
34.34643484371917
37.36681129087946
31.80897925561362
33.90852606602432
36.61222100855689
36.702261936332036
31.06648612950565
32.53884480565704
33.2602035034076
31.503254772646695
32.66713609476502
32.008657355370005
32.49845192153637
33.77456290283092
32.72092515742811
30.544523457461775
34.55856136083242
33.57465548192686
35.435971592102916
36.99018690867264
35.83275157808707
34.256842270444714
36.607984778800876
32.22641261893727
32.02432025222193
35.75025867329899
32.447656303587365
30.18259116552851
35.201373932303824
31.180346103821204
35.2724624610152
38.94391262724308
37.54216175683601
36.902349130329725
37.92179838076638
36.482567020794875
35.51150332574693
35.73555758422699
36.780304027512074
37.105239625505746
38.55759516496443
36.7988696534306
34.6656288318841
37.41234580418819
37.77213728742606
39.88429453893057
37.585966037599704
36.692932602996365
34.82364731189216
35.17785292737749
35.41022894259765
36.10484649518567
31.344788633327035
32.22539173232466
33.75469898601413
33.65011463057382
31.47426927402626
36.76132217528445
37.448566153905816
32.25260529820193
33.41146640800545
35.1963287984832
35.092429625494105
35.61045584119009
31.59689578886093
34.198407731620904
33.99288242203354
32.082240809052465
33.922959796091725
35.20184011980743
32.501537610757616
34.222889911084465
32.276795214826095
34.64678321795623
31.021255637469434
32.3721750041595
29.33138143994261
31.2106826676066
32.1497749940377
31.970528021780197
35.13803246090089
32.377260094189964
35.5827022916686
32.875727652014014
31.313819726949095
32.09746852474451
30.905057278208325
34.29427854112947
34.48019983145323
33.11389820554441
29.228959661938752
33.74277480172359
33.474077136562464
31.586481308532957
36.55772043074602
32.669938145068635
33.37413321522453
30.68086616430982
32.18292714178331
32.08891304090974
31.12169568553661
33.981575277128925
35.6088070422563
35.85297972661937
34.91071102312436
31.96990492031714
30.070935589252827
31.32269372444464
32.73646619220537
31.362697955819876
31.34666554821769
30.797214070227657
35.89810273367888
32.689361027100865
35.045001312005155
35.483614131470766
33.14863537748792
35.86396295908437
35.41559531130249
31.93441131965735
32.52796890697403
31.224367970890686
33.06355953297364
32.175912269683074
32.48366644305922
32.53655160120409
30.7087265107886
31.025802953353242
33.3066697870351
30.745987214563485
32.65825897418201
33.343223824394244
32.55376250978216
31.097282501798055
32.20881142878645
33.94025205880149
34.58723907643305
29.93337353175022
29.27628267737254
32.21418789862807
30.64607591396331
32.69105103820008
34.63977582306019
35.851386667815625
33.64607594638015
33.94525652086165
34.784474498387965
34.06228237084306
35.658549795035604
32.84709102961015
30.418339564641496
31.704989287138524
32.507329365650364
33.70152978536631
35.7290204986939
34.430067450538345
36.97789828132868
37.659245049981585
34.57514974790048
34.291769236867346
34.070172243756744
33.848417531219646
32.92678175777066
33.51372426067075
33.635719108826976
36.97100853110835
37.804473729966865
34.402260392255336
32.37579658216912
33.279087187898156
33.046131113328556
33.30931235602418
31.887464748108343
34.18602013903134
32.08683936757861
33.259942802363675
33.86678377218561
34.6921788077432
36.077236597251435
34.26364371054186
32.401658491658175
33.67869619364775
34.05481186898944
31.944796343201865
31.278810021027528
31.849882166119645
32.48089273357195
29.758590673091412
34.89517682361546
32.047799350533076
30.210324625669262
33.06862346733376
32.05201764684502
32.46066536657893
34.607750144958025
31.8497065351761
33.68439366608182
31.908424780484502
31.28023226096167
38.43449009113646
32.665578990959254
30.136455783928305
31.85873963722026
31.856245626459526
26.988537843023643
31.136993265662387
32.690815288482646
31.948679494743946
32.13129722435853
35.04608382342401
33.85238719315843
35.36059740567472
35.49493384633505
33.8115957624365
34.62907646528129
36.12261027744265
35.4425270086375
34.7733607796869
36.35058081656588
39.068136027571896
31.90018247068547
32.430667714525086
34.83007698650683
34.49017077874298
32.05516402762298
30.749798372143204
34.446544842855076
33.04131286802702
33.18854684094198
30.088629791371496
31.622616333075502
31.68371867581738
33.94763778501535
31.8120013323218
34.28861953179965
32.67685570577936
33.76218423218723
32.76816708516768
32.614946445178845
32.54991419362837
33.13909279548664
33.47271396137668
36.27641598918593
32.99033931737222
32.37931602423257
34.528048044359494
31.745985511788803
30.809340532150546
31.634724494355805
35.536466304292105
30.104359372717408
30.328832978453537
32.6972610275202
27.305642110948238
34.04351866796221
31.900232676651502
31.597588370594025
33.50383157901772
33.05346167108127
30.693864488298676
33.72517485469092
32.622001895123844
30.377446395468297
34.028342609349835
33.33620279089039
31.361967996354533
32.79581218780963
30.37003649276814
32.88738557096244
32.273295981141366
30.236899374398618
30.067232163540194
30.342162328883887
30.336203622165552
33.42200784370781
33.45433695184996
32.33098220796777
32.795464846994584
31.605930485374575
31.77190308222872
33.37375384146801
34.181306754481874
29.157913067204117
31.720074923112406
33.54200284658221
32.65526767454042
31.311248500944902
34.41857481894946
32.50559551799603
34.313489119295774
34.06918660971203
32.3259870399149
32.97205394037171
35.74327285141066
36.6042903633952
36.69762875756854
31.750299712800803
31.395565249574492
31.813949707956734
29.75884315818493
32.56614248381135
30.554306475082626
30.293760520702964
31.77606425314613
31.49671115369064
32.89444592777471
39.434752186508724
34.55776450477961
32.153234471906146
32.268188879094275
31.37410282124735
32.48315529633081
34.91387578840793
34.36325162676435
34.29755937227197
32.06076040300884
30.644387660797715
32.76437357677169
31.95602910953109
33.6371096744233
31.847649974937486
32.23668438036304
32.2348688381922
30.380746017797
29.985000221509885
29.015420256230513
29.261754256118675
32.238222999131814
32.393489535607635
30.354693222434772
30.93866425435722
30.082335143046976
32.61288242379368
29.651601456570077
30.21093893573938
32.319758047076064
30.108515770275588
30.97487220495499
30.41070769446069
31.37157981501899
33.8935358964664
32.60100951831231
34.30707363711852
31.607285203271413
33.13519971572259
32.764263056464486
33.440793873333924
36.02319808964328
35.94199545499104
34.746494118343755
31.992347181249315
34.10099597053715
35.913174620124664
35.67187502682238
37.42209682711896
35.41268346372404
36.07691558661091
37.42140710430956
33.251907263038675
34.13858286621584
34.099013213773645
35.59942070095414
31.18905136299978
31.586262695618906
33.127545471321326
36.00202741298473
35.25055655603384
33.46481089542388
35.472671979245504
33.01700138760664
30.530230321115656
32.616269642837686
33.74046922280363
29.354152368729064
32.402685904488
36.08101221099491
30.939391703617368
34.08395782240749
28.738723706590896
29.9527593321497
32.229806892970785
32.787814017702885
30.18639909068402
32.49225572756919
32.45214054025977
32.906260840745006
27.492757476842954
32.36574360919837
32.74391197655165
32.63912673555539
32.81480615755474
31.210473594562767
32.26803243107988
31.780530100311616
30.214809846837888
31.61979326611788
31.59491118553494
33.50759105082862
32.819592715170344
31.68713613028092
32.54676288291561
31.029853254754265
29.286944731326717
31.87468244219596
32.05586284739455
29.89102037162198
27.803247049276322
29.821435167318683
28.179988671084455
29.828529174148276
31.526249296412242
28.78873598426163
32.68432432522828
31.231214624074802
29.512176859569635
32.31859540088932
31.80632944042345
30.563846822117284
31.819705138949075
31.690928470878333
30.632283332954525
31.832504734189506
32.8026779035497
29.19094518145529
28.14643513394645
33.541816904244236
32.254169046581076
31.76436505821237
34.90295538338085
33.357026530881456
33.26098169936135
32.36774459888806
33.37515528650945
38.892281058227844
31.843321246151685
32.563240283068104
34.07924512255265
32.40522887724425
32.70486166421302
32.649862032665226
31.551897041939533
35.51736866213936
36.76142549806176
35.862564578911915
34.335885076589555
33.9824639406351
32.889848634997854
33.94020454576682
33.28168347954297
34.02290980996609
31.590374573940288
30.968333545368132
32.74897226191125
29.00944672693095
29.522584498416915
33.72880558452306
32.69612229061913
32.13427881108463
33.18718303120137
30.95790670894691
37.73582027266491
33.00363453758487
33.04578942165763
33.955230737364346
35.152974407658114
32.94960277345277
37.35242907249487
34.72077033049922
32.92622644802168
35.73877446355253
30.319489808731976
32.41630108857767
32.09342197797176
32.09476655274325
32.62860150916056
34.019259297209956
31.847704844403307
32.07984012027127
33.168645478172515
33.14216700398335
31.63913653779607
30.604495380894804
31.840961972581248
30.01067663684179
28.671121779475524
29.039071019797202
29.67165610193914
32.417050307421086
31.442504899972565
28.32745958542876
32.415843770485466
30.75264282486919
28.686283477470916
31.36961405796301
30.31711351762363
33.63699189333055
33.61363938622317
30.87254657002446
33.11699972975999
31.94599242287935
32.41521542215342
30.194498199788686
30.19404060407542
29.924140632857917
29.387331876467886
32.76578082153967
32.93192351622641
