170.51909064618988
138.842035852226
140.97987074461125
127.30215814603034
110.02928274975818
125.2510365747334
118.02349025344667
113.88387280517567
109.8293030281519
104.38737682304945
102.12320099040272
99.03817520256123
101.2011140529567
103.11773897568175
98.66716434246464
95.24503934410903
93.58624442115328
95.87607694081191
84.67808250954857
80.09088043725691
76.68883914005328
83.39186727753776
81.99608704356744
85.84314543496548
70.66003679009975
81.8106391720479
84.54778774887504
81.39298090699394
80.01592026403777
78.47034862924
82.38180095843353
80.37922742863604
76.73305210461916
80.08592965062695
77.99775024031817
84.19996657387783
74.13357532501273
76.18139460769166
77.67677034645023
80.60950949930749
73.8292327468949
76.33376676682435
68.86990916250488
69.1033277522297
77.8226018870346
69.05149464722436
76.02345826927771
72.28551044024687
72.97830583346618
71.28373884494309
78.37987373143349
69.12558945725239
70.52402458990798
70.00022143405653
71.36791728890654
59.25680606157264
74.13172291248438
66.26344073049509
66.99523919413943
62.94768076422777
74.4614871034719
69.2675535493179
77.46749017915695
75.7439041833744
66.73560241400679
74.76355359411714
68.65314429371843
80.81624692644218
70.70970002326676
73.33280317454792
71.36210729567316
71.31928773937142
71.70203811826265
70.21722109822035
71.1233218224604
70.40084573540815
71.98766594694378
72.49899729216925
71.7223904025201
66.13686241901755
73.56243241362895
70.67837076462139
63.52965949302221
58.43944415992708
69.12130804304715
66.45744122158305
66.41972323125951
66.69973590100038
69.48869936589392
73.62239467786137
71.04169852738566
64.29071918951163
62.131255610994046
67.45504296666108
70.3301770839233
73.69451296192808
62.21658581981259
68.94477753133911
60.97897210154817
66.43725709085126
62.97496941315012
62.69539437849799
74.06052859676466
69.93363713772341
74.36770710083434
68.55462622444385
70.35144099633172
65.75046533061902
68.02420402984855
68.83825258986319
68.06268163863894
69.58721146163802
62.79262732565425
68.66889007660671
73.12091454740317
69.51189407767365
59.189147125811694
65.55561596001588
68.69758946439966
73.66303869764964
63.660492540247894
64.19431178116578
64.98016183150085
66.21679111913586
67.45072095827982
69.56769511507642
66.46686860447521
67.81959043256592
70.3420815874021
61.80375909175225
60.81069162746882
64.8565399762858
70.42309384687631
69.84949697705348
65.02693841526202
67.64993723979723
65.14973516442022
62.865020519124556
67.02158806941539
64.718157909668
58.039388799210826
69.2304880019347
67.8978369883066
73.66693553183877
64.45745539288453
71.83795369179268
66.08469932380612
69.82674236147037
65.82221144096307
69.76980667744886
70.4962544152447
68.94825694694129
67.24846406058647
67.43275870411844
70.9435885446653
64.2193857033556
67.81238940042967
65.81955529978829
69.97719374665601
64.98837693036421
66.66364223971648
66.3191319331882
69.58001477638774
56.44173062817461
67.9085972917506
63.259993659721005
74.3347774740768
64.05621760723149
61.814495628330896
65.43141793840931
63.028898938379854
63.16303360574679
64.3722763855657
61.07300780466072
61.119029285334946
63.74637244627673
64.1151835703098
68.80777829980576
64.42802515746473
65.83447476828178
64.81875041035418
66.33164835647204
63.94251011871369
68.474332355382
67.36813591084398
62.89689959186129
66.08316547467939
68.59258924147426
70.48668076070143
66.89306147613344
65.35634327113577
65.4799586259244
64.72398899344404
65.97248012304307
71.41930121138124
65.36968395409133
58.73520065695814
65.8105791122733
65.02721083420722
63.67742114235576
61.99987106472494
65.26298828806172
69.8679142071695
66.25982230867591
64.35067794125501
63.84472097868995
60.671715151059516
71.06429660236766
66.70563239943515
65.23101073760137
62.230885963968355
68.5148238224238
72.0822013649567
61.27231973634038
65.79288043390095
70.91232929800904
68.75407450714188
64.28485381171103
64.29772417781128
61.9749434630133
69.28044249030607
64.04049760010494
60.86475948098454
57.557349425328155
65.85106706726484
58.18880900215725
65.78798818152913
64.55466700575587
71.75818894373639
66.92499475934717
63.11399743676267
61.33208585242633
66.94329724912335
55.95508215561931
66.47180871901757
65.44358381669316
64.7573053613832
66.39312893248314
67.53853817236605
67.26416192069084
69.8564128881068
65.9152014650655
60.270084982373376
60.15375633292625
69.32832056699102
58.5855351956553
63.247290506244724
68.40123439818466
59.41438651434049
69.95985968040321
68.51108848890631
68.43959840289814
62.40125484743061
66.46869006531027
66.44316259270258
75.63751640254397
60.47822640974935
65.99943136367062
64.38775090614936
71.21142215533358
63.635321498516426
68.11097867234498
61.31860105947906
66.30808959721774
58.14592674849937
66.21372533311083
60.62591784427387
67.28944142838088
63.92985855059663
59.85104680176125
70.27222776113284
61.878638431577656
59.79717699578119
67.76957334691086
59.83130832637036
61.68427602485697
61.773737076507096
61.99468945933322
63.518652785353744
60.06128100290977
62.242443505492226
62.629329218818064
64.73495330568988
61.22476414074286
63.14040049846042
56.26238808109558
67.49732322186037
59.83566774785302
68.02852256182209
54.455158133292215
63.9293915199342
62.49364147275241
58.61609236168253
66.43628290707544
63.88802726351822
63.41875872762449
60.63621103724372
67.64732832948116
64.9396969743774
63.68620040881553
66.15667839171712
67.10128740040895
58.19499373495253
65.22056167927333
57.48479886914742
63.29928775075414
64.59612478287855
65.49344521528813
60.26850444550805
54.19054894199277
63.18627792301073
66.10578966528199
63.1915753558572
67.16598884797922
65.0810474502843
62.4161385744173
70.73729212909889
65.72930219503813
66.54050100516561
66.73069866227334
68.54901251587698
65.59823722522188
67.81419897834084
65.1988067000093
66.57456253162404
66.20927073824143
60.80426127508528
61.82467835613992
62.633364733574545
67.37456965913658
66.99085573446729
61.25751768858651
67.3900832029931
70.08332797222174
65.19401641503082
64.13945333387184
66.7972386395043
67.16970816282661
60.850520519106205
71.67964402970794
68.5419883371621
70.31467572099243
62.59889222936646
64.15062092062315
67.15631263631307
64.33337684040795
59.84056176906044
65.41368390214953
64.96117106232758
71.21157474447025
70.66929109407893
66.40231429856661
62.29387656935479
69.07496756977349
67.93460845547006
60.87329009781288
62.546769520873276
69.20025280418656
64.4227973851638
65.40051698292922
62.13451063843533
72.06519927239611
66.67706375716462
59.365846972202945
61.690404933891095
63.45279972018639
64.89325037215409
62.626673747104114
64.08899373007345
68.34833541310128
67.63319836373219
64.0917556425965
66.84507028929961
61.74056880689604
58.46555613246605
64.15607484025949
61.08910052099412
62.86748441243405
64.76851288610678
58.34506823104048
62.7235067510046
68.2345102548485
64.06393251345524
62.98794936698975
63.22491293520856
59.72985250059107
67.7325427498089
59.40795547210312
70.93234237609072
66.69556125748801
64.59436204813497
60.03656956332341
65.76338830347271
70.91764802314961
64.28841281561952
62.00248366968052
62.597356129324815
62.686086613915926
64.8963011154879
61.39008249824756
61.16142938029082
61.777762845210475
62.65534468198293
68.0073298403754
62.9834444119879
63.93951267667181
67.29396716920967
66.80799887583272
56.73835156165951
59.996504248556285
62.260481122764084
64.41293499240388
59.08181268014816
65.7596268111658
59.773920808692026
62.26489277876213
62.18721205892818
69.98635160160823
65.4453906827194
57.609104168232996
65.01725645349867
60.47402535916421
60.66747503947288
59.93053674163095
60.08259859980809
57.556853220890524
64.06524360633722
59.21782915212132
61.02908235119921
61.172612850747875
63.07000430731876
64.46666132865477
62.40964110527742
57.39651280641896
62.32942502438316
61.882953778307055
64.69407051240725
56.97302567608271
60.010692487488434
61.2578273336222
60.319242764236506
58.357047457687024
61.602033141066244
58.91277786398255
54.79119057210235
63.50975547584314
62.03008613475365
58.824359603294724
54.505265448687624
62.528897182055914
55.80328344822792
57.95993751231946
56.78645227205132
58.754725212328694
55.00217877312954
62.4258446880318
64.70333051989704
59.65431385838244
58.83106547157618
55.35448558842574
64.7873982097533
60.868678667604435
59.29535104703795
61.981368419620956
67.76836161115048
61.4669163397181
71.5204261261446
62.14190154291978
62.72700465068282
55.768469228958494
62.35998503025851
61.947209122549154
64.34509595853237
62.47818131320917
62.624741516444445
63.71439376408152
61.58897155923787
65.80172300074086
58.54571062128081
60.579042986072764
59.93201692842874
56.14008430332869
58.300674719918945
56.9833257019125
59.13207877528995
59.8215422122443
53.071292662692656
53.185564558887236
56.090014114536025
54.54955338637959
56.59808514723574
57.43909664412967
59.52558772866836
59.95153997273052
56.08277891489126
55.43642375334314
59.14317727288506
60.51988511464674
57.27945236993777
55.31414727953099
56.484884064945035
60.63300386003078
58.6939413295226
57.764818059882984
54.97763523924047
56.346364958394034
64.30989360138524
66.04344327925128
63.75726511776199
58.50239184500294
56.80426436027179
59.98734007275336
56.15640201819222
56.14265791647128
58.77413184684854
53.03671565992467
58.880344623565044
52.91955581723486
54.848082399313654
54.524463705192176
54.4366143738632
59.33549498685466
53.117816960293624
48.328306025148194
61.20502176274271
55.67552984139477
54.68123707405077
57.001954895315386
55.89902181134043
59.510043975387816
54.77282436357203
62.79663007053654
63.093480838351134
53.7819735276847
58.943552692113805
57.32853580043164
60.00935668071403
54.6311369457828
60.10792988704222
62.485070877860046
58.13025076528968
62.91636029745402
58.663010283113884
59.61103675459404
53.11403462675217
59.75115556646899
59.99208386525486
61.03119840601673
60.579730403886295
60.4548812124447
54.23234034143006
60.29769517677516
56.943090334367696
65.16863405537065
59.845925627575305
56.233129785097155
60.87955542100088
64.00623760698554
59.367835859211915
61.25161568564034
60.083361167168476
54.697228970525494
58.02383055641296
54.04916473312582
60.724158816678006
57.174132473926235
60.893843902081635
55.06140369433877
53.518923824456785
55.860706197633846
55.55493281780588
59.39787901572452
51.911783619469794
64.47669799567504
60.420896890685256
65.10816657513725
53.6990957095863
64.18631687758351
60.08944992797497
62.81194253775431
58.82742017736846
57.27194952647135
57.793248977998466
55.59172476502207
55.0402582055747
50.70159138686284
61.853788652873234
61.70929581985022
59.56599040322313
60.48455708416489
60.469759990235154
62.222368721756176
60.90387384288948
57.53311286959339
56.44751671833026
62.063283211741044
54.86747580011449
51.387313372366506
55.66969864767689
58.00189508505886
56.142629792604865
60.52462971867749
53.08298160515161
55.162111181545825
61.186948385121894
50.02707203339796
55.29542906135663
52.56731246310501
56.64035228556282
56.118767941382366
55.346702787403416
56.238840665817136
58.47222730708154
52.45380825032673
58.772336536542724
51.04120209709495
54.63006397248695
56.0168717759247
55.27764018903014
56.52873999757629
60.45177819519613
59.56985752944083
56.65988528435757
56.88870858566077
59.35505032553147
53.10925070554162
58.59749546617933
55.94386300587215
57.30124772940817
63.56669458519247
55.42856646049004
58.07763819083224
55.53141704343414
50.870902664528856
58.88305331908385
60.309525050831645
55.029474619506864
61.29754841095304
59.81687656860464
55.07171357154977
60.14413927306834
55.398216911854725
58.04535892878574
53.71386309668811
54.80083681894335
59.99024287581879
55.63406430283034
57.17606810890086
59.64297364397982
62.594413495969654
53.566946833316834
58.61593249136886
54.046043775265545
58.42707144598367
57.414399601283456
61.824379574331324
56.14593436768613
56.98841642332075
56.267151587246914
61.69415061289075
62.622853162536536
56.26320729215574
56.85369089041813
61.39030428482316
64.28279338796195
58.417933642912885
55.07606766847676
54.869781671540984
56.94862519530403
61.283556961991174
56.478963281290554
58.6762183536285
56.167666565543186
58.80472194003819
56.86979853836953
56.69149369109784
63.353093646524705
59.42253297746104
64.02541544788765
59.38864768871765
58.49300906522229
50.13120855584868
64.82634111883193
57.951493464985745
62.83142799933441
55.61687613034568
62.18193063266289
63.1598449476563
64.73638111695641
60.26324261196265
58.876833285194046
56.28607668078077
55.15771399065437
57.55692056493188
54.74540833481722
58.92928983726986
51.887995891602195
53.22380764604421
57.166595022028844
57.285824515752694
59.35570979362131
53.723944882699215
55.982628399229014
52.76007145580058
59.61686202625326
58.828195920173684
62.003568032680526
56.78821508889714
57.52464606960457
58.18137881988557
60.712515569002996
56.86763658714783
62.94284927223627
61.581523718570736
61.61097343753596
58.42555923425637
56.01419070833644
55.27474327225364
60.59667323403946
56.278538152048775
56.242474579681804
57.483598426758746
59.25063479665685
57.19561894262302
60.09457147364609
55.245561507603114
57.356642274471575
61.69048131450385
62.4636700830026
54.5958453158777
58.876547344703255
59.61410317823664
62.398665050111575
56.02972887013528
55.878388163932065
56.347593323670154
52.25122293221999
52.9920024256418
55.56987051064399
58.418206872087914
52.25258399342809
55.62748565114092
57.09566603396011
57.22686294435087
63.973223378351925
53.496379181099954
54.59568767862571
56.003212926266244
68.73989888471193
60.677705214047904
58.98820890410138
56.96084565090724
63.35232747238556
59.00998851839069
57.13179497060801
59.094532288193186
63.116318215699174
57.04860204207567
59.00751575233412
57.47707792541151
56.341228810905065
59.627623341235086
55.03424433159635
57.37139039614464
59.22213838745109
56.09731974529261
62.078939028409515
58.540516225576724
59.0549363240439
58.013546748412466
58.901744571272964
54.71753636405083
57.52845285547791
58.541943497575815
56.40471109298958
49.69206722824651
55.238038379514485
54.50523167425567
52.08091423966936
61.011535138620005
60.461602129038674
52.16963090811613
54.841572775530636
57.70777323404997
54.879910911564636
52.0579169611036
55.98395627866814
59.37920091918033
54.2692702111607
57.795664007013436
57.6016945416404
52.324179746339
52.00516428903523
56.1269191575411
50.87560841505834
54.59583249652476
57.897525967953044
55.383304533632206
54.35499985699834
52.732195353672076
55.521883798240495
52.38340795374947
57.97259029292361
53.87370395654967
57.19750524655468
53.737501365529276
60.52364801206945
56.15959877536429
63.028796459371826
54.40377787435829
61.69536570332339
57.38475948581672
62.35333188401861
57.37840608228973
58.76020833432781
55.764009078035976
60.2362615710809
57.29741772447098
52.803544733518905
54.04099412872506
53.60844694351578
44.24027956997335
50.66470735888761
55.6595477842706
52.6756325107454
55.83352043023673
50.92732644724583
56.83303220127764
51.56334269029463
53.49021378555035
48.07696609162365
61.19624555241979
51.85781936485423
50.548869397925884
53.412102313296735
59.1566099400277
61.26405191397806
56.406186415261345
54.16053589894951
60.09947565258639
57.09294508120637
59.77929042778744
52.04302742730504
53.35343263499918
60.61163829554136
56.364056096988605
57.77710702438069
60.81258321533894
54.34980948734512
54.88310665000521
58.58084118990092
62.46996822903421
59.79796717476848
56.87850341474512
57.2311494706936
59.529270515898915
58.55772361797281
60.77904853528522
53.91705672354678
55.852215028858176
59.502865028544235
55.60922861612641
58.112009360780796
58.00624540181041
57.7517149374895
55.204493667642076
56.80917085194386
55.609902290812585
55.43936786364439
57.77987346121414
56.649512261625276
58.64445336087849
56.66722141186776
53.15223730769022
58.89370430144244
59.189647844639985
55.29370602047129
56.73001239124288
55.541049295040565
59.13741873097137
52.302447556363205
56.06913220552529
55.39255575194998
49.82884508174912
56.54715087140747
55.95729226545073
65.1102740799643
58.862347420435796
58.12985134263743
55.76600108549905
56.106486848073104
53.82309425550666
54.16146758600176
56.979274334060825
54.43735084519757
50.04544270109593
54.707050038140736
53.17099488947796
53.28276873665347
51.05810069293173
55.6453102778633
56.205773434235525
51.550960595446384
51.788481287983274
50.73793232321906
59.37572615073039
51.98079318855239
54.863052687548915
52.24336817753243
55.21353437718496
55.174671806210974
53.47305978774468
58.13999756589899
56.79796232083636
54.271630852491626
49.709870312638486
57.96312808299395
53.39806946834564
51.98830305103078
55.90107132364179
48.737772254241776
58.42568116561344
52.46983571915806
52.45512914234696
56.46115243483453
58.872951231554
57.84911906149977
48.15198626062213
52.22625029296823
52.51819522187094
53.467781148938826
55.353616994950436
49.9105535972337
52.76242993126413
50.65178679634439
57.29392923374523
56.293361479847974
50.360873925471985
54.12382292870054
56.878281507249895
54.5124589587525
59.03599942718536
55.607968655899
54.60657652916845
53.78625362885333
55.146671760972964
50.01286646072586
51.91724718397401
54.986495918173425
58.47445576731441
51.60175041250285
53.436203635570145
49.050221370946375
54.31587451607106
55.57797229798448
54.70137913038545
56.00019058647766
51.273834117212864
50.69000984733999
54.34805289455153
56.44579419612315
51.51031038352701
53.0449370965915
50.191178292027615
55.41848588432133
59.603676006876974
53.3944678772165
52.384600792355
54.25317334685139
56.51202998797311
57.877076342992204
57.195987477709316
48.548664088490696
52.63940304188916
59.91474926268199
51.94955056680982
52.72163537306964
57.04392349639884
52.753372303213474
55.73339729726947
49.745694037540815
52.746398358345
50.438731279732494
52.01592519727492
52.30667386195293
48.22305241930267
54.43693221969798
50.53287720679665
52.625760936379486
48.17465793489605
49.192334785139394
49.64661792443736
50.22651395983643
47.23463680964829
46.119662374849234
53.256559768271565
53.204922177626386
48.2756232333485
50.33602273597664
50.682854155364836
55.176619875202626
47.48249777315564
56.02585822379402
55.72436810690132
56.233952576144056
55.52575862804875
59.3807383738455
49.672675888283884
52.45276764182259
51.187139679389055
56.599572864714844
46.14932875258524
50.76252202911277
57.399100995146625
53.442130122651086
53.40737370981833
48.551213780614354
48.758242817966384
54.61379620922182
59.4216054962333
51.21418469080409
48.32163754441835
50.57358552571579
51.541372821801104
47.29268219992602
50.52039442560934
52.60341668104029
60.01519189874301
51.37334767409925
54.36814143766073
50.96499556420938
50.12887276400696
48.936871379442934
52.81731891017165
51.23623592306194
51.472679971933864
50.6474647436704
52.72580899961265
51.52215805487386
54.71462579556399
55.04348919637161
48.575597485943455
53.12055757114626
53.13357981295241
60.537007804281465
60.291645544170585
56.27434258171664
55.679795923986404
57.03850156430861
57.744966978820365
59.49758025802553
63.251401644842474
57.074688563226026
58.53651909770987
57.173058064810064
65.05551396759175
56.530749240763924
54.98955680268595
61.711554991587285
59.6197915481287
57.80524972801004
57.711051340065296
61.484237794515046
65.8843161468314
66.30629137904499
65.32546561591931
67.70798159004579
70.01355875414454
66.98186471944732
62.79234405341816
60.054088447915476
62.24315139208745
63.89385551240752
65.38723192455535
65.69743991013426
66.22286145867962
66.07458767054729
64.82611615704484
69.0319814049634
65.07818144188745
66.5133960845642
68.47068170934193
69.4247349222317
67.01600904079392
69.6260471719095
67.72761004253752
65.5197137677744
69.83021652170643
67.01602102698389
65.74965472713174
64.40555613884094
57.33364909907761
59.42100636714875
66.23355420341656
61.688511971853444
55.72080586311684
63.50517829035766
66.84962549018503
65.58340614713521
62.830520784984365
58.3252135022139
61.61550731807481
66.98501540741695
63.93888489314824
64.96525177899333
68.95191289711686
74.1792394348287
73.21856927089513
69.95287475147299
65.74750469136569
71.55728252953853
71.30986580741074
66.84652501701036
70.0020262356468
71.33769672385992
73.7859615494975
66.39767727933506
69.01849647821453
67.41332556778684
69.98042796615476
67.07996301009263
65.59648715826329
68.80409776212517
67.98194064305126
66.85639180217096
72.98983822231148
67.24995538088073
72.80492988139598
68.92750294173462
68.91957642605524
67.31344568177137
69.62677006280676
64.12768091650223
62.32559856220767
61.0447717923009
58.236353714274244
59.64904773935903
66.56100103511297
62.629648916264124
61.20208699662642
69.66844013518089
72.18593361317775
67.33526118702375
67.18857411239857
65.5622055160797
64.15660091363084
67.51864252253385
65.81051005017201
63.044573815987135
63.26291241949632
63.17245938846263
66.2799553658363
58.74320946161267
63.52370995083057
63.769009759553626
61.83789587747244
58.71859666987555
66.47380977751551
66.1035207865257
59.14578095227544
68.78616583662902
63.363481481641884
66.12106534051809
74.86610793911657
72.195558215074
68.6784840882845
68.05992666391157
69.43474176482295
68.01936415257818
69.59345348261814
67.73059486415154
63.941175501558284
61.67500515027233
61.265201384938976
65.0108978912233
66.7617370903197
72.21892271617602
69.57137188620584
62.367952464064636
68.5987097019031
63.14254563222368
60.057044788012014
63.3615292142782
62.99095225031084
66.25584171130079
63.226224891951404
66.44381304798245
64.56274773768477
63.80275815164314
62.17647140606832
61.56284219352122
61.55820974504475
58.42791932035809
65.79439452829952
60.14816689544526
59.06764641319447
51.73897683298088
59.09599248587463
56.37324170857726
58.67793930949258
59.60074381523697
56.64061943980001
57.51115947152752
56.15285635113901
57.744941370195356
57.95083244967891
61.88349242578479
63.13631668853108
63.46364297708384
60.562899021465874
59.9122509118585
63.851906281917934
65.35543279552928
63.940470586027075
60.2366342821683
57.14871101479848
60.596797531176215
62.297662980273834
60.490216788189045
55.489406829110614
59.04313152073243
59.51789961117185
61.305295204464784
57.067246123695476
58.37600951898272
57.792354420651364
60.154331645554336
57.909977819733356
60.15227167675461
61.85386827295366
59.75725590929398
63.12338071212875
64.27684865527871
63.761746832579526
63.69012877315131
67.26331008959038
60.77970697263329
66.965334269301
62.741650040440035
60.90382885345415
62.394985449500346
62.907021193817464
63.929320958886564
61.274692965892356
62.63754436470479
58.04674303157175
61.72323032057546
58.281978894643615
59.34430581712822
56.2515871832768
54.13300931035825
57.45557199706222
55.87248204870297
57.31606530816063
52.65431510537794
57.03879278844644
58.28028248571207
54.506133060370395
53.23178496567423
50.652330093699476
56.68385391659843
56.56568244018617
58.69803326959689
59.09896390887201
64.78972732349675
60.717908071702915
57.042478935924045
57.98152462547795
60.43269326603176
62.30565027346647
57.07694732780663
59.35643277693036
58.731296371415766
57.896500323431766
56.2862734469906
51.732401035914954
52.99055780668075
55.32742678009603
57.618217385903115
58.24883718567156
63.79759991210097
60.653337750706704
60.05311971888093
59.610446833768236
63.49823421198389
58.334217791751236
62.05773729964053
67.13218721509898
60.63494746592659
56.34247067124883
66.76747911881947
63.5606604874529
62.349422944462134
64.0478013003753
61.91361444950247
62.57267542715724
64.47170562866054
68.61707822588797
64.08971879035369
64.58312720764387
70.1435026522574
69.13198149911419
63.61039885076308
66.66471680295372
64.08617487433895
64.25704588101922
59.311608068951784
67.93445526348674
65.0496449146339
61.64180852012923
62.8405628076335
63.431411361013886
64.74032270146549
67.95111686608416
65.24350017769108
62.39187912930986
63.6514131778294
61.918346878868626
58.3169927526021
58.76100025763751
58.69279432892875
62.905962168364205
63.4739408523119
58.99781441928135
60.48194341715176
61.22011996765423
59.499559036396796
59.88385710407154
60.56543409454176
60.04213114472209
58.739010946076085
57.459627523488486
59.51846167180317
59.313546205457754
58.931493416070886
59.25054779838525
54.47206268339238
56.234899501342895
55.83878905612993
58.24307380720465
58.32631614549519
59.36035047969624
56.57326232404952
61.78099839269723
58.13992982320029
57.85368189837001
57.86897822507912
59.21844296558611
57.17683093157666
55.928673524751396
59.79197636880037
61.220500713988805
56.91867830867575
55.77801356754757
58.73554193890403
54.54971188255928
55.68395592763536
57.43406706593074
51.302714475774856
55.663425293856434
54.76887002041953
54.667914304582155
58.799492304843795
59.76333391640324
63.37952366621611
65.88991425259184
66.87376110548277
64.16312184848186
62.89536506866203
59.91151754747067
60.29732022445169
62.041269996210666
60.15969129936508
56.950148808121284
58.30139940850235
60.04475806751829
55.193320240960446
59.50906363342945
59.580588499115194
60.04634576662864
60.419594809168274
55.42493801621495
55.52677083224392
58.52017019784131
59.9588081892346
56.23211739376197
59.096628783452395
58.022904810971106
60.23742414656297
56.20379744178831
55.68729346795255
54.3385191799802
51.404621097549544
51.87875051050793
52.20664694425588
51.45633042617082
53.83416730283176
54.109429126777506
52.7510045093109
51.53201330571136
56.63893818408273
56.38083998480097
55.00380063619683
55.57916785024749
61.77494500314567
55.373542328553285
60.89514381636951
56.37736112322018
51.892513675525805
55.51659891148349
57.19446958647637
57.55565955245032
59.17627392258042
53.37759375401484
57.35504657374326
59.90391407627906
60.70920139368052
56.603289103568876
60.04821826040792
57.37301156213416
56.53046466758005
56.97101490385379
60.11392116450341
56.644447095284534
59.01620121506621
58.07251328416117
58.143348332960656
56.704946365173285
56.42937999846396
60.219959755486016
58.692886319715434
58.65621728017166
61.647339911934004
64.99990145900615
61.545031640371036
64.69953431684678
64.35311541612333
62.5474482125734
59.55391298653796
60.83416823474533
61.5156987026581
63.330748537122396
64.65884367953815
65.53633664076474
63.00554930424511
58.23789179762635
62.393668411670795
58.499812486264275
60.92038518182849
64.63820897249452
63.760360391332085
62.19486765785106
56.35125179118122
57.590459906015646
59.89612479668634
55.33162246972188
52.85092515611437
53.685088396828654
53.92052336461515
54.75885344961462
53.06996795281673
52.07310442440523
52.44533003104675
52.05927473906846
55.158254039233505
55.2477712567153
59.39542683108791
54.906639685309656
56.70040823377099
57.39821721843808
52.82893833855607
53.25550270123145
53.95133947940401
56.78724885942782
52.43328281645989
54.693632978989555
50.43237858586732
56.82887969826443
58.52398990497987
54.36263631312549
55.46767486475565
54.29679830653143
53.36631002877055
53.94029392043649
52.82930170774256
55.24735872574856
56.21816393285024
56.37055343172002
56.50039864133284
60.19275215147698
61.63435421280439
57.992218800945786
60.69420101361471
59.55224990167442
60.74623954479293
64.89150738206743
59.4933980026256
59.08446678109474
59.4143404515269
56.83494745370088
51.26186740319518
55.4006575625009
58.14613304037383
55.69442228475962
55.96651922558809
59.13283917653475
57.474614953195236
55.72542628359763
53.60830538841296
49.76505600416298
51.200095351926
54.600740112801006
53.11398876239686
54.749705224272304
53.625310196224355
54.68246080541534
54.48786548499909
57.0784776254371
61.07046851050527
60.68339244812052
59.78380565638456
59.442849599063045
56.705322898783066
56.73204306990672
59.05878535081725
59.53807561226642
51.240881045361576
51.257153536903076
53.25771031698736
55.32256648795503
54.837005115873104
57.98174650636477
54.67560799290576
56.31572015238333
54.48891720905813
53.200577929750246
58.16766718757027
60.45116660356958
62.61315664378619
61.76090960356877
58.99415184661064
57.878879187616484
56.85365933552554
59.29147837338209
57.22029682122911
58.005747495131324
59.72229375640118
61.20529301755125
60.977764363089626
60.99233944113701
57.925918837666394
56.127748171332854
55.809274900064075
54.742804291138164
57.67726589516351
59.102309318156784
62.51255536940883
58.647637110817975
59.825018682719985
52.94225518774716
52.1683175574845
57.766489309571355
60.15737340495142
54.24822304424746
55.531394085974206
57.39355502564929
51.758578759228016
52.60581561190157
50.52131973616932
54.63279629741367
54.996223118911246
60.842218455028245
57.35376694700086
54.8323713728351
55.429624836842166
55.33286495992528
50.79943653318134
55.781789924406496
55.872969176948175
58.312653284991384
58.41802327719527
56.60536810498006
55.95085606008936
60.16656048685383
57.76443417959403
57.99498780718873
55.03343700901369
57.763286714038976
53.085641930214216
52.963660350732304
53.11494094654619
57.43377803561576
57.13717143516977
58.39085507126569
57.26237698621915
60.55114276428364
58.39815612050159
57.088341801849985
54.8831896635623
54.548586304616435
55.60610144838643
54.09115859377834
59.77913379839109
57.639593040092535
56.84497374839477
57.05059186558953
55.75196068641351
51.86434677702164
55.887028011812156
56.476375471389545
59.94407565689612
58.77342562250331
52.187134665855886
60.89323767712138
58.803600339724106
57.482746809294625
60.3747490534558
66.10198900274494
60.53948508427298
56.82235503650696
56.705175921370646
56.28664429830093
53.03671829350475
56.06240136996768
54.5685948341936
49.378762208188725
48.76837289565401
54.97572878630021
51.394105270224166
53.455835938114106
55.00547977742853
58.40846945876933
52.76935024298971
54.620021905332024
52.37744887287323
55.33259158271678
51.44770871854633
55.074256388815954
55.76291667003338
53.29789531349362
45.97776146377671
55.13551698242765
54.853674424283184
47.98901978520682
52.791361361306045
52.251842864102215
56.95168447169417
53.90336053035746
54.155816454898876
51.24075215712228
51.78111575250254
55.13721046726896
56.85713006631271
57.19262129202262
56.3981830934847
58.71177359011757
52.75163254077195
52.390376448926446
51.14279069762556
57.477332982193495
54.1264513833406
56.74720888606075
57.16254837478494
53.464667070451945
52.7575940558301
59.258615312683595
56.66222418977477
54.652289480282576
56.2234085151637
55.327681710890374
57.51818430111573
55.018924280335625
56.976481712948015
54.473995026467875
53.15459504841143
58.205929377206694
57.93399844597177
55.921476406487045
55.92841232321074
56.07527101264108
55.52517618655133
54.9458728859003
49.6398077519147
51.96586745477536
55.879102907854104
53.834295461319435
54.593149177188415
54.533507713021066
54.508255790893415
57.25703895904775
56.031128378714676
54.00150121246462
53.409505791123074
53.76158087372512
53.00318638948172
59.893225142229085
54.73605765222123
54.44571180196337
56.86397194800886
57.39795512429072
54.997942754681866
56.64014528767004
56.76521228603377
53.56329551383576
54.135068558997766
55.792370883718576
55.03885789155861
58.341135861188434
53.82519987429454
54.42843129851794
58.66813834578819
61.33755654133493
55.04801045604747
55.01118196265433
57.90758460350698
58.57594208253468
60.01306350082191
58.88673654195378
56.91773015779485
57.597104889208964
57.64243956699751
58.979778583695335
61.51840139288534
56.468331467709234
57.17168893495411
56.808238364927675
54.16603123016512
51.764636982408604
51.94067699379893
53.031350074676624
56.52735434237842
51.59505738538974
49.93855539185215
50.74197123214658
58.415747010845905
56.55643241124576
56.456650314058095
55.177438633386025
52.237963207570445
55.06666761288593
52.61505702460203
55.72176470179297
56.11208035235007
59.822025104500355
59.24811218570481
63.162571123890096
60.61514949928902
59.95356394617036
61.7365556095759
61.655688244527084
60.15565284520798
59.0450283889739
62.567660938838074
62.59836194598984
60.94920955782709
60.202514669934544
59.786586579693775
56.83769713549766
52.46559254037112
53.50518117333178
57.49933677542685
51.21113646830735
48.6933320011158
50.60750366870313
55.80532682273101
54.82799636810578
55.07246461337889
51.868486164219554
54.000376659230795
55.44765052538556
48.71666649315106
49.771171988235125
48.08482179721622
47.34448675561973
49.88276561013224
50.73241951472651
52.384461006613684
49.02506230832037
53.52981751513478
55.80884134128268
54.925174033826146
57.839727266651316
55.51624803551773
51.3593625187769
56.4821708465532
55.1464049921806
53.13540512152246
50.52660855882044
52.790570292730266
56.21028904768384
53.56627362483102
53.32829940404403
55.761994777982565
52.7499627573275
51.58411722168891
51.3304693852649
58.34067959827781
58.33684647391519
60.19708321102994
58.447287576951666
59.44736083983952
59.750654733271986
57.9419429460935
55.65852375042521
55.467298783651195
58.540309615224054
55.02776817571379
54.148569824534334
55.99460578946432
54.8559199024055
58.633431690445924
57.692322890713875
57.63954118787771
58.035076587605296
57.89645996361033
58.98865756587156
58.04926420006492
55.64449570047902
58.38806730484731
62.00822274643324
58.21335994132685
54.14720725416122
50.10378994140822
55.00689389389907
52.90287991263585
54.856413834840026
56.17476206770642
58.529402703555185
56.905740856261346
54.68501137067025
55.992739848253315
55.91098119577298
52.99288961317751
56.41714298112629
54.19035957795801
57.959162989822104
58.68644357101211
52.29504243318684
54.31261705215743
51.53275752990824
54.22902163361343
54.559176055025
52.52505210282889
53.56706579216153
49.583123599286026
50.73954871357822
53.4019555182002
55.47964494662258
52.84229293479075
52.995980703714196
56.51040660401977
58.6744420409986
50.537240280810586
51.83357570665725
55.27630464818085
54.24015180706939
49.15822004396918
52.27379302400348
57.26650958055121
59.100879826692996
54.487929997632506
57.05911035667885
55.28697081395638
57.60118937043054
53.212226252909
51.527909684763785
53.866072041750506
52.46386365871759
53.22477334660998
53.979504425064334
50.41054275301345
47.360553780083954
52.657290605376566
49.818047388960025
53.274802264996055
56.977391528817286
54.94505732531492
53.12850472806462
56.556399953053514
61.099343791119985
56.770821828799
56.45721644416462
57.20328549703599
58.0955501427811
52.472454560380314
56.59527318277496
52.37016264610033
52.1898571113484
48.85957235017858
51.634945601227926
50.895003376598304
52.367161361807305
52.64476034788081
51.60034035002143
46.64378305152614
48.798760910268356
51.20994251496915
48.437729813141274
52.6304713517125
49.33367793101218
49.62181245771727
49.48608665197923
52.039504864680005
48.613804996062264
46.786253985220625
50.86693181413621
49.54902593113466
47.55449155859638
52.68562188104167
52.78744955104497
49.99497993085839
51.099984797171835
51.10916692037661
54.39860886118915
53.264680677675706
56.068643059263685
54.85684721037055
53.676930365301814
54.815442700052735
52.80187025316346
52.22590838200057
49.48061888684295
54.14925373275286
52.2463053528714
52.748555336181695
53.27350142789984
51.71669956232943
47.58267596148433
51.302847344887596
50.09411902759439
50.23691513807898
51.683117519463664
50.2612575999914
50.45441872985381
51.17925532419657
53.80072210442167
51.429236269027925
57.17569276021102
53.58025201060555
52.34802527752412
51.249118629523664
53.402745049851326
53.11348213283067
51.66408739860768
53.66135860203696
49.959396082436314
46.03517972622006
50.605120388457365
49.028727014673386
50.26236240811676
51.5297266727535
49.02394429047455
51.69195780651066
53.663106167824864
51.85028142619571
51.812656079073186
50.73834553002931
53.00416794853112
49.87333398111189
53.570212543885866
54.08173869951994
53.09388946316334
55.56352354519493
55.199305524063064
57.516970514620965
56.25204164108186
62.825647718059265
61.34355472769188
58.41106045898665
56.95915665494116
58.07845668909561
56.735753698390454
52.54582358085014
58.74731861194445
57.89517969183525
55.513502516396
52.237049895620494
50.23118928398153
52.171062394079165
56.54260308379568
56.02573576929499
53.40492739858694
53.02786873740515
53.8878041740729
49.15964944513913
49.60293730220658
51.40977323293335
48.76103255321064
50.35555050658279
48.89453466160692
52.89029203561502
48.09878485130724
52.71508399700997
52.629404504131124
51.35427476774382
53.683764295773344
54.19795469473048
50.53094333414423
55.37027799119005
63.400600596115616
57.06773086576763
58.00618805098806
56.20122285148613
53.457324704290585
52.43076702838556
52.541654355140274
54.39024153688395
54.2275845030742
45.0384367294211
46.45872390497102
47.66260408862041
52.957842703169845
50.65738533372295
50.455423029289435
52.374568227289735
52.56601964270085
55.839203125322385
56.06291760285025
55.315969688392535
55.39610560179601
57.740207576660595
55.80535549906081
53.764857498980966
56.16301657812558
54.46584877045305
54.47142077780746
55.69188895415947
53.91221385576917
52.61942325278798
52.28934255092658
52.37802614626148
49.55427216863027
52.13434004594455
52.09417759403959
55.103064683140126
54.08544553369559
52.6273978925974
52.86251733446921
52.120478599181254
50.80541156300632
54.177883633719595
52.42446304586352
49.6286781075222
51.117857245684625
53.3186309365147
51.829519362921125
49.81246560021871
52.010503044656396
51.195409118734986
51.14046040575309
54.536695705909864
54.35027410603201
50.83029702798221
50.0483907096881
50.85962611925834
50.45593342154145
50.84237971846218
53.67514702029581
52.901551471556374
54.14906921296537
54.346984935529946
55.40571930565533
53.13178467227928
53.364425216364964
49.06813538106997
56.25809768121537
54.0643349641599
56.40728735741515
58.778864836584624
53.600772112980415
51.84627133318435
52.88417298515427
56.50263885619408
54.9055268641819
57.13190147939336
58.01417335773359
58.33361583524607
59.00400981218201
56.29262991030733
56.671959089283426
58.03043272490748
56.42417837790386
53.07023252807766
53.38007824335213
51.8679472167078
53.82417269943422
53.41267718852359
51.33931427195977
55.26549870439956
53.16150137110619
52.71900015046403
56.68886342319083
58.066235889655125
52.79952512880436
55.05855659218361
50.341356213504966
51.717372125080935
48.96511480668274
50.69872866766978
46.945755462015114
51.030921496571594
51.557661762842955
48.49807261420207
54.65659172070052
52.51342028712297
50.04230421871136
56.204952213270296
58.919857080482615
60.07324656218745
59.1298453359927
59.753146331094634
57.34109392401069
55.6637490068354
58.094388641782146
55.702596638291126
59.24672300109072
52.602880818362934
56.12320926912187
53.444840446475865
55.610339818557186
54.06389468712083
53.46807619411866
58.68247056613294
54.64055672668892
50.84647857758821
52.7667905700841
51.1173495345561
53.212704303626744
51.4721564978652
53.60600743019179
55.20593749054508
54.3759624763535
54.5637366122399
52.047826125739554
51.79200443307429
53.391309328595725
52.13869825647951
54.04079313154184
53.03219264368899
52.558243279362344
55.059736494452174
55.1323485447122
54.83746962641301
53.69949617261324
50.60825604432619
48.135728426610676
49.73559812879792
55.53373603722171
51.96847378686395
54.13225062038424
55.494192854673166
52.4047962805669
53.513616716309414
55.851557205750105
55.401057903053015
53.3330549091427
49.470191519382745
53.86312795630296
51.24985478519131
47.521768651983784
51.59115232958038
53.27284153801867
53.033785859799934
55.26608631449735
54.6609349722345
57.325302400176454
56.244979228581975
56.42540536114891
54.843958563516026
53.251373708893624
57.5729485948157
58.96745332687888
57.09964938790183
50.49797479903209
52.469831308798646
53.517953684006464
49.478711110997416
48.98414689488865
48.52565144386281
49.1917098554871
50.88732246494867
49.35760623974762
49.65799975515523
51.12667861122146
53.61999152396415
52.50086374319812
50.07389885947834
54.58330255544122
48.91050878539863
49.23669230229625
54.295242118086016
48.80171246547941
50.95839241666915
51.642722335038926
52.71851283819731
53.065766077108385
48.3172851303879
49.98203099665252
52.29088763093045
49.90888164628196
51.61969822907096
56.45641916590187
52.41386761681015
52.702232722511255
52.599411685502936
51.945298759371745
49.622493060684285
50.74857151854218
53.81584920289093
48.54043631276185
50.17482582393583
48.38482959521164
46.98832077802468
51.339241197209645
49.12858013163051
49.47889049895295
50.0537992962475
49.51407073065275
47.81156229763918
51.64676373986906
49.809772497495416
50.80706569516233
49.74745773481303
47.805597971938475
48.570476002084085
47.08763424622508
48.68134645390985
46.81507896326368
51.49824233896365
51.105651115323134
48.57622435963127
49.56297327334496
51.012707818288945
51.09817407784251
53.176157855250075
48.94745437093175
48.66697696830783
52.16780441064975
50.403401779336946
50.12685753065762
49.963212841246005
49.15430054592496
46.955294732264086
48.7392923944622
50.61423391751007
52.068085507652015
48.00279149493022
50.35357457095886
51.299986065043065
47.78969536585571
52.96736233272064
47.50096902532944
51.6291048078769
50.98744399038991
54.42075215610163
51.511174137517585
51.863859410952955
49.22159189379525
51.57473365690368
50.63470623096655
52.73446478590514
47.091099019334436
45.856554859810984
47.330526218520035
49.12887518801333
46.2025025007359
45.39339306169782
43.81277834805078
47.06106362691921
45.66921044839179
48.04473201408079
49.24611190009478
50.902385662207486
47.72827574030553
48.82790582276876
47.59746228695847
49.727283639400014
50.96345492705745
51.30439467649167
53.23802393077263
54.88905022495641
55.56349789031511
51.65892891508705
57.963143516867675
57.90229255481908
53.7141388793863
56.3139672860623
57.22239485358473
51.752157154216945
51.92289532349591
52.19411847886615
50.68425231468279
50.44480204514639
52.79283849788544
49.58502008094197
47.69150620634448
50.731770712212565
53.22735762180957
50.45728930858304
52.1853061299843
48.10246492352258
49.246826972815796
45.63804730638306
44.73618946552188
44.03692871369179
53.04598830443085
47.485125562504855
45.04225147972484
45.654261146184005
49.282718982707266
51.27231273615844
53.0856227361545
49.395097721587135
49.51288911675222
48.355360356482436
50.90000080725904
44.7210444156841
43.83232076083073
48.07330265596054
47.99787854116541
47.43569329417829
50.74181201220021
52.37488605199931
52.680563768940644
52.37923255729509
52.89506695505134
46.878712820112376
53.16658745787521
51.64293935742649
50.79585024413869
49.15859753757433
47.9260436864777
50.52900444890034
49.4466256460496
52.15697992467923
52.98519178183951
51.310573045729
53.81004737302546
51.7783156317263
51.29357465811541
53.46634042538544
53.825423350846215
51.53545528502183
51.79610852995113
52.19462587712314
47.02266115925522
51.664845213123925
47.74787881214839
53.32199306335556
50.8995367955518
49.44210888486112
39.61996324863071
45.08244451861547
46.14867861744115
49.466915179119226
39.70006468929242
46.12181470492575
49.6724686640646
49.16322254848763
47.394847580456755
47.4604264938348
51.83250783539874
49.46097242139296
49.37408978633516
46.353968688626956
48.95748572895066
52.323739061100476
51.086603716228566
50.475714044916565
50.761795689134054
50.92343478238492
51.520718875169266
54.84573913129
49.64064158100268
52.9596115122638
51.48829409237013
52.32138186613182
54.733046138048394
54.060078523014525
54.849586420681845
54.64290373900845
54.658188312796916
55.44571577947481
49.76568844668209
53.87555216569674
54.00094103398423
57.60555891834241
56.059125466496425
57.28704441458717
59.400957716284445
58.0844543990582
52.95452628777103
54.46192394293792
58.54204921370823
53.89485500352217
53.11102669059779
53.45471038775691
50.20282449423559
48.6347389817465
48.891544479642704
47.176848087335344
50.75219162796686
49.53641774660517
51.421960963252104
46.974564235242276
53.02985420523155
52.59891914147608
48.02434011198835
48.72079222008837
45.86053919343729
40.03212335229789
48.81380071775096
50.20507189376822
47.78532590271136
48.87694721823179
50.04058329011926
48.19761415128401
51.64603678206399
47.78422412197849
49.8533321260296
51.061929245703105
49.25878198258595
51.228415083308825
45.5722892735816
48.20498587367099
51.981741165243086
50.47445544562981
50.94320649457777
51.084083410471614
45.48450566368664
44.921417005394545
47.93118991170456
46.31935014126595
49.300269479899505
44.356980608365575
46.85288289133914
44.041952873700644
48.75408082247119
49.412214117639635
52.15140112998924
49.313218092653784
57.269770446697436
49.49738261555191
51.24542899197495
49.504178523092214
52.18113473112827
47.62126847908611
44.15166851232193
49.563451073337454
45.581378602019726
48.30296615382193
48.30047036258009
48.795914298302314
52.2689838571779
49.82126789979946
45.927108050992665
48.55987225255076
48.371160494533214
51.331846166664164
53.42004825127725
50.58621155794263
47.43765115089273
50.28451121583231
51.25673414155686
52.92356837074249
49.34889234112632
48.20942792627589
48.589334537185024
52.502226161680895
56.85179825356938
53.341549429064614
53.398566889280936
54.1429165957045
52.602024007763575
56.65104222974719
59.262371943377296
54.214313313087274
54.19562017147024
54.39237408677205
52.73319427011949
51.1994260763025
50.367650433502384
49.62048652380374
46.99059673316242
48.085392961367795
47.10119647651524
50.52822632359405
45.40885136007405
49.477226671068046
45.8203606700462
42.61549354140724
41.67065847429833
45.48673610039793
47.312104742551895
47.37752679634867
46.753185772718645
47.86260939171949
46.65894225614697
48.093853409130155
46.94759557708829
44.20195443372684
46.41005204017406
46.074486758314436
43.896459557209965
43.09097008696332
45.55805972138487
46.53740537909682
45.83563583159099
48.17449619107092
44.72396108197815
50.680354854014055
51.74029076223671
51.45936893021218
47.37839855070352
45.2693353901585
46.40010348114762
46.84073487354402
44.26130388152151
44.81688981170129
44.10681350616223
42.82422780693237
47.177113656825874
44.63530903982435
44.47787867052712
43.713888479067926
47.37976135450157
40.91086240634259
51.91875743164769
47.605116175819255
45.49594634433183
45.735810783674445
47.96134812776429
51.24631759613767
47.15345143416328
45.56550306300131
46.3021790166456
46.821710524866795
51.149297458503035
49.442522314718225
47.95897758487002
47.29021590055779
49.043096439327236
48.34215771316198
47.80509817758264
48.510450095293145
48.93875998861052
46.207834533449656
48.84491217962201
46.15402789925666
45.858714334466356
44.71111205291101
48.789898745997746
54.29649175823213
45.35618915870002
44.81069691719736
43.98381841566155
47.03333514594448
42.191530076383934
43.2849090050694
40.614839770425185
44.61780689083526
47.12103260083493
50.44739413012076
46.35977437067982
43.17525653891233
49.279734740108395
47.649937568309745
44.14046644567404
42.75127131751207
46.64901988816479
41.14336410120761
38.885262973603155
43.93408027049968
42.123388348736626
44.9578334923626
47.06960028701109
44.669410291507646
49.19054127952806
47.34998803106528
46.289334166473076
50.20315137810251
47.430483017632326
47.71256370747093
45.359622023807425
44.64192943848604
47.20893049881341
48.023176036693386
46.61822428783382
48.05818228815815
47.56085168648595
47.62312117617083
42.516407998801796
45.93384853520109
48.66143673650423
47.228664200634256
44.18059479646304
47.155856039347306
46.66517147262637
42.185848667523906
42.74095745762545
45.87678325414845
48.537224873369034
49.345049706927945
45.23727476826658
44.758199537420154
48.691788874897895
48.161488954591185
45.43189777722175
45.84932841700292
51.034041877620055
48.97347348209364
48.2655954106443
48.051324494274105
47.195373646537334
46.3259480496902
43.069421663304865
47.28962356493783
50.205206149512826
48.347562841457915
47.96521890362199
48.46759923528047
51.00941939449717
49.22311157290206
50.603618474847565
48.43520927973484
52.4921372941638
51.01286283487541
58.150434666229394
50.43828991084715
50.87444852123403
48.97245251234216
48.420969975453296
50.277663563889
47.680938607140824
49.28445542644237
51.24754783091361
46.82110950685846
47.63725318228177
50.2231545040695
49.869565747777685
48.9598245673185
50.28002490962062
53.506810445653635
50.94583117209234
52.21326170074353
50.034884411353524
50.783139029774595
51.10654315529091
48.92858557574976
45.40008901107245
44.494082504695314
47.73910871679715
46.53547059649097
45.43461992521338
49.15359077970411
54.78624067391465
54.60880274336087
52.06051533923488
52.3120106801463
54.05423088083855
50.52491399361177
48.32236977654704
50.18258499845135
50.25264581357828
48.72563504837603
47.657682145394574
48.85913321655717
49.987515578940055
41.949290817589024
42.95284338252349
46.75312703559406
44.486498068041946
44.637330788145434
42.85151838762042
43.47773978158911
46.92961538268601
43.06749442205092
46.38027644070829
47.16165202374299
46.51666212048762
44.59900049767196
43.87584036912848
46.17018652742834
43.82599753653204
41.623407233838336
41.94952155546982
44.97707180204299
44.13030994229243
47.608193788648535
44.25283764452007
44.08715658534557
45.41210820053754
46.07742771428024
43.91310475052657
46.22304725678182
45.47385835752952
40.86491722391338
46.125999683303924
47.1492619602174
44.994275957449844
45.367368497224
47.615351816889486
48.527440726381165
44.81401210637507
46.345100819464335
47.375144606107185
47.92633658978155
44.97688309548812
47.428892324058424
50.12023689717985
45.98148657692648
47.80110337187944
46.5419849642973
43.12067044319185
42.96523786262774
44.6280239802146
44.39003019092395
44.382918195098945
44.385344707787574
42.804357299538935
45.04862452968016
47.979304842739936
45.507180705143455
46.920263168558776
43.22469659881395
48.67802328745023
48.09213595492036
40.738870123808404
45.2472519629202
47.162544437578845
51.76365855534504
49.36711012379701
44.87409247088966
47.91404797756251
48.47217441254214
47.86195494110407
45.16139405125131
49.81858701470108
46.579657630275626
46.72659085470341
46.80323627634929
45.93795595098314
48.3082515603768
44.43915644041974
45.218991827595985
49.419507569763475
42.16651496479698
42.81151897467586
47.06564966308639
44.851265455155556
48.67988358063289
48.67116674123319
48.13202835555043
48.47000807702718
50.03673539780646
47.55772508453943
50.056253645522354
46.79043871148383
46.639814224679014
48.69175940892088
45.589558200733734
43.34716549390507
49.506515908366545
44.23529804483755
46.152565310910944
44.93815306278842
49.18936111641823
43.11551838426267
45.05343214937216
40.30256281767661
38.43991114815749
42.255230413572534
44.33785529378385
35.23650417290428
40.08409875992505
41.24753920186393
41.876836508972204
44.21600942862165
42.78829470939135
40.944062734544424
41.87154538124219
41.40502566154436
40.93849344333048
44.69129842211012
39.29824448561014
38.80506099638521
42.70387407717642
44.522992009441204
47.253433138545624
49.068318093062295
48.03506180909734
43.5860785985513
44.69803284211714
45.78618054149163
44.7331149689544
42.315929154330696
44.356327900447944
43.64656893364412
44.7475517502796
46.487172132339275
46.08394645781843
47.35363949208899
44.82696241869049
41.10309380777209
38.58065769575534
39.42980488065097
37.21055929054259
40.82793825877013
44.9210821954755
44.84786867071949
43.99093934293867
44.1801160229267
45.37559493191406
46.16582663941952
44.338475883212304
41.509173406682784
47.14951885688103
44.01054478969559
47.203207707364584
44.691343089075026
47.3011162270492
46.96201299587272
49.4882785572944
47.44832550285344
49.92259156300874
47.53780810945101
46.53710136524521
44.706036657807545
45.42829161273276
43.102770966060504
45.50066826144818
47.333110348079956
44.70409843072517
48.61305998449521
40.85192285015641
43.820256287954244
44.106567513041995
44.719686847189315
44.24205522697028
43.9274922715735
46.3499840747656
44.15375194091839
44.66469810510609
46.780306946136804
46.750419652489626
44.573256755944655
47.71741064402028
43.61391158326071
44.7604848124293
44.129200718107406
46.65773790071138
43.40718656421563
43.258468192540455
42.26228991497551
43.159228899458306
44.22026667939774
45.87648707289538
43.74574938172068
41.53147679706409
41.01768264021263
38.90336933176569
46.56431426293415
43.885340282257886
43.73510283772222
48.50830944573564
44.456202507305655
44.533014214822714
48.00066469859922
41.18518763691794
46.12161994017128
46.16166318044907
45.36844643919969
44.28041009682533
43.63633859410747
41.5374227286806
43.64803023184194
42.17352422652796
41.961282735345705
39.17171174707878
40.84523319112353
43.82830868766725
39.962646642073395
41.767347410914205
41.59132612664306
42.45262674407822
44.1431518951949
45.09271913962435
42.17884670650495
45.53613445204299
42.99804596280972
43.24765869555687
44.05811938990213
47.28612657422484
45.02587691751074
47.501490677741856
46.0471356428877
51.56797638619679
48.85000649250418
47.25060124077324
47.558020046741476
45.997286111055956
49.31775905690781
46.09543591084324
46.715175950388584
51.504453954283505
44.860619737256876
46.32733391126988
49.11397835165066
46.372146605342095
48.88660782564837
51.56656696372476
47.448728158557536
46.09328045120739
45.26967291333146
46.92356083652404
46.97540060966301
49.21935633286301
53.91685826109945
48.04154003308567
47.24852102324698
53.70813303971467
50.63496122186059
46.156024599313504
48.83119969478314
49.23854242737734
53.64914570897975
44.40776224171135
44.39860470588015
50.191116454888416
48.14517455080126
41.40607875393691
42.872639633460686
45.92967245803445
48.105272110779254
46.32505489766413
45.366363050587196
41.95975804972365
46.99822784118627
46.51810110664559
42.766286775268846
42.93738040967468
47.01499259626692
42.38245482320816
45.301331863685874
47.19250036015787
47.04779262134086
44.08831478325632
41.265992589466784
42.87757054294305
43.825510222025535
41.52686828077949
41.257475752025854
41.4601018774407
37.17386423698309
43.01756649550598
42.97855188004876
42.9140283766728
37.72538857513467
41.91066163232526
41.76111991224785
41.994661000111655
46.195741842251984
44.06024286849266
47.618598131787074
43.25492112607818
44.110351712736126
46.20388535550413
47.159175459986216
49.33600949667832
46.23236066484171
43.02889423060004
46.74937747024056
45.60527960265325
49.0323162273893
47.4800151212534
44.85611776553769
47.00060768225931
43.8776105936364
44.45545462183369
44.66171577319864
45.003775500037506
42.398997397566234
48.57866854705699
49.728109656912274
45.94541297542329
46.4445729552856
48.0960684470015
45.0763585205237
46.92478797704394
42.18586775410224
46.53181519424103
45.216784232046784
44.20329609460122
52.595798665830316
49.02160004945352
46.049881964988074
51.91959766803913
52.09145346232024
53.395332105016784
52.42977037981451
50.19420310516189
48.99030904611583
49.42842962215489
54.730111901936056
49.480106372467255
52.65756664733316
50.21277378808727
49.30666770594828
49.70923151993413
43.22870644659631
45.25971075968404
42.722701374477964
43.47712235804615
42.59343995514797
43.82859093127452
42.88970463176114
43.584869002819886
42.59003285424942
42.49158598396056
42.31336700120515
40.10377328074937
41.8149257015272
45.196512610179525
43.84720021684172
39.20205042461458
39.29960554065275
40.789586023073255
38.86662838752028
38.24366215645367
43.31331720856644
40.71695810395996
40.66832537537836
41.98809674037453
38.974307823066866
40.62732030132016
42.57374920322494
40.49124769125487
44.68749391009961
41.83906600405732
46.37717773800441
41.112831057115066
39.11664535211809
39.56807623815233
45.34235812613775
45.11465738302639
39.78715187473903
41.632691878187735
42.02875164721001
48.14675213623341
42.10924870096875
39.918339801514605
45.218741073892545
45.05661419865884
45.271372539213864
40.90486060744246
42.877601596104796
46.49626893505454
40.6658837093727
39.059839720012185
42.80193636131811
37.70980437474135
41.18135062872689
40.60598382539448
44.47232242300948
40.099859814520194
47.08640939171018
45.16777925827295
37.251909742184864
42.4657469010563
44.08718170429637
41.00266620236014
41.717510212827236
43.15772433473554
38.85604472153968
40.20518533310422
36.93151465288825
37.36943723323936
36.50171745554021
41.542612069021196
39.325960281390515
40.62917606844178
41.66205768546781
43.284934353630085
45.39560791609136
41.79251639414202
43.456216685263826
39.988941146974696
42.20769991404616
40.33029178472128
39.89170693349936
41.867519358694025
41.1863572698863
40.91317652303785
43.05815336321326
39.55729718583309
39.34124099855826
40.54493398686165
38.32052328727302
41.230156990980106
41.61303184601268
40.52485691078507
39.44699075289539
41.09911802082998
40.20612902958604
42.52606438385512
42.78656456864697
42.65621883682745
44.45837346942237
41.474403367198136
42.61413708159233
44.90324958249905
44.46105447416162
43.37676282714076
41.96538830271809
42.29320407559459
42.24415825274182
48.07209019120029
42.417774507495324
40.29859560702066
44.20215029219098
43.868510214638164
41.771038233906154
45.41665826721111
38.705802533372655
44.624388865283926
42.35096801015606
39.39613357648245
41.80211242320247
40.373438315916594
41.217933362813476
43.05802957489088
47.435842600647966
48.26467992524073
44.15807724350501
40.757661023638825
42.35891480205588
48.4293907115236
41.73729999857662
42.84547132736177
43.84479983105832
39.92751782570684
42.09020969102915
44.898291478068934
39.54178821104293
44.795869510647
39.69066461032286
42.18379100933887
44.290038144988586
39.87295990071428
40.513090801512526
40.79016842736201
39.46460427837441
39.777128953149344
44.928383808454925
42.635452298991
44.29772530104936
43.68237584122332
47.334666542251945
46.149786280838796
48.7270936565249
45.21690293335599
44.931725206816715
42.00282622649136
43.21113422022733
44.25619151307039
42.81587563841023
37.78361709232513
41.747246067432926
42.42809321956087
40.48386193547994
43.860789098301176
40.68432134872612
43.080515586501605
42.2721592646922
41.90018906159567
41.69789154059925
43.54345896867184
46.03595409312876
43.021842460442194
42.41216870961095
37.88101468456256
44.36464388137848
39.23273238387714
39.43098210144389
38.371812611106485
40.46882489462765
40.95790930267557
41.467120291548824
43.277482609545594
41.15983160414914
39.99272174165306
40.428389379428346
43.472290036835346
42.26892838666232
40.63708843886178
45.020065826311146
45.06628608842642
43.86384442729495
40.38296248427939
43.36161024107332
42.380218150524236
45.798044423057306
46.70026837752223
44.68085458297128
43.343463990472294
43.4207999676142
47.24693345507125
40.542969212318205
39.64383067044403
43.92312051366003
46.61573775160796
41.78492280911104
40.982278435338046
40.907445273601105
40.33427947339822
43.149962515022
41.57733747711398
41.139388978584755
42.16521362520017
40.599834417437584
40.10832393798855
37.458185594698186
40.93065857433306
40.4882991530551
40.76728123019939
40.37336875281935
41.28315902867185
42.400669568674566
38.81278861359244
38.229124015153126
38.544447167827286
38.97140717064857
43.178438816753406
46.70729142566575
43.65100424529363
43.28184316455376
47.44700457206945
39.22054857459543
41.36785834705931
40.928997726353344
42.077215898077256
42.850544713274395
40.39702646831613
44.1404611667017
43.29860629815782
40.16767719262558
39.46075869510193
39.17929537917592
37.450199450305966
38.11697410406476
37.87349059762067
38.689347738585624
37.014303049355064
37.7630078428485
38.55090627382508
39.58921468024494
42.21890319109432
40.20751863114287
42.57632449779974
43.56896429331248
41.136765642965294
41.454558653412825
43.05092562762129
43.55591220259603
44.02975810409012
41.071487491144296
44.960850599269236
42.88505616581661
44.92322668954154
45.40152986188076
41.14431254420158
41.23672434231568
39.4317162899033
39.219877582542466
40.81012673345222
39.794280066780445
41.22348235797348
41.80071025814621
42.26360592717564
44.704674357153955
44.12866938812098
42.94058844491682
40.36730165848929
42.45223572651947
40.77241980810927
37.75196311492827
41.29817229206395
44.53086907569339
43.8467800878945
42.240668546207786
43.2933570975729
39.25527260374079
40.8323876331327
40.87992576162608
36.82616763544758
35.43363142700968
40.97992438678059
36.009638003424485
38.99225727328011
42.319069053814545
44.624570243888414
40.45082069376514
41.11811031304724
44.32117985894314
44.88986429891933
43.14804786855433
44.016045604377034
43.42371509005245
42.294948498995566
41.06910437095401
43.502300620203954
41.92914690308235
39.48968554090603
41.15041680432966
44.651793759694584
43.9113854933347
42.611917618976506
43.92476238875272
43.7141573995793
46.21087190045266
43.52646557616177
39.24008500909797
40.922829624875455
43.3605241590818
40.97562254705897
38.18295528244147
40.8158634857372
40.5854666599147
38.48873397147441
46.33665308007443
45.699095166288934
42.868759324048234
44.5917204626737
45.37049384578349
42.70692507765304
43.892749614043666
41.743386532796876
41.498015354183906
41.94279789049859
42.31333145868941
39.00479031483962
38.72242328648421
44.67690841879163
41.125599479895556
38.629893202287846
39.6308795138551
38.199417336484515
41.03260654034228
37.690831237854646
34.63279669688056
38.71366232590129
40.77970345924716
49.29582749043413
47.23304319288106
46.99742959509525
45.11566736203999
48.26891774554116
47.247756981947184
47.83020977090255
45.72451304659094
41.625837303414436
44.62730527766338
42.82687380247122
46.4282025521158
43.381520013649315
45.39976125494135
48.59591851218265
47.29588800919293
44.57399230851317
47.998092605681656
47.63719548555915
49.79111581683015
52.41426327033956
45.087725200181296
48.39542403016485
45.605787594410295
44.260873824857335
41.845845320233096
42.53135265426259
44.44372213580122
43.42749487384495
38.9100262919542
42.98481796512946
43.92705528414679
39.5293712712581
39.0448620710964
38.35502827554272
40.690673807040206
38.428002745374805
37.66637779739128
41.371521807857924
41.60156823461311
38.93166785497834
41.512115582162444
40.3207871145124
38.65320101638111
39.61159780238102
42.152734866913015
39.224119704120966
42.173634451274346
45.07791782178054
42.6918042283734
42.881288249433084
46.66431338887789
44.18680726999095
44.520480967783094
41.005130646873994
45.405033505122574
49.379651766803434
43.86477853749613
39.49433680518777
39.90136661061244
42.150903879768975
42.75932380936834
39.083536201938344
37.24194197027038
38.232300654351185
39.69481226823733
39.86834458581962
40.66379570429467
38.53892482044269
38.150806316141114
41.734688143945405
44.98335055704445
37.67898593088301
39.48943978012335
37.48147456116634
39.755814656561604
41.177872139132795
41.09293175356188
38.13962195694021
38.753710326032845
39.198353385975444
39.82210693471413
41.72585901226384
43.9466362712268
41.21065340411098
41.772512046887535
39.499572060502885
44.61288534019845
42.69167772822216
41.16298879189015
42.092933293071944
39.98414804525433
38.11089923154881
40.3737024893118
35.951567059396005
41.654022192484334
42.58800906283221
42.112803652641176
39.12255422572408
41.18051973405944
40.156884398020466
43.494466631964315
42.795005684828354
38.09865409819008
39.17410065367605
40.96202499435647
36.63063910897082
39.41956780832769
42.87715941125674
39.93756779406373
42.64797313719926
43.56821577756475
38.16857789557691
37.900037420922516
39.55100441121444
35.786460837609646
40.42243948245726
38.14472142831203
32.48237947037027
36.55700940600465
42.897752257654645
36.26498811652241
34.46246304873339
37.73374684775069
38.13379471539433
38.60314183546041
41.464708983546245
38.860526943142474
37.87770901990522
40.515834392590335
40.27879778056829
35.23470934176818
38.80354959857592
44.02974398373795
39.45367765930459
43.48648128980198
43.53395375237171
43.871610764127134
43.26948974767012
39.784091065664654
42.962259373872975
42.333607034467256
43.339979513762465
43.863378971003186
40.03384994467026
42.756554504847465
43.29319031308003
40.927874571305345
46.3083018166261
41.56206443144931
39.5878362182059
38.42801758679363
39.35690070833595
37.78416901936721
40.60023998339026
43.48103559090818
41.25243294823884
39.96733891732643
41.26580350575782
40.97410557910858
46.92147310928693
43.30946103671058
41.867794748733886
41.377190273275694
42.52218068652581
44.61077414594367
43.43667257127076
43.02155315053623
39.6967371502284
41.82556528278624
45.637403568260126
44.68085461011522
46.285419550279336
41.15470768059217
40.779126149297795
43.16137990969771
38.02980952197871
38.66005407618108
37.4148890279913
40.3467212938948
42.8573889922303
39.73643521757647
40.71431671469954
46.07168858958901
43.09241382697715
40.96460843771973
38.15055143051608
40.7104229504348
40.33853394273443
41.18735767768073
42.10492307844277
43.65274014323381
43.10350488686796
43.288303639084795
43.94965632598373
42.15666760012069
41.117973054125024
37.23397060640267
37.421577337283104
39.15342210013938
42.370119381230396
40.44450512547302
43.6153319033804
43.26622412043869
42.21548255324472
43.244897635619324
40.3913324764827
42.46077788387973
41.867888786278165
39.26417042640452
41.31596080991692
39.941525851245835
38.45597214328049
40.111420563632926
42.942470302361606
39.74885535768177
36.25553881551708
40.566015155079235
43.09615328179771
40.08663456036103
42.3628004537287
39.38492124469986
41.74034669894709
38.73505273446583
40.54832606402763
39.33003986903252
37.65389305925382
39.29747698478988
40.273807798042554
40.360531018074916
45.04069603292369
38.799447385086324
40.28474410956638
41.41193499958246
42.63439356643207
44.72920810562795
42.22095608713478
40.1652922282615
40.877202184854994
41.535449981669316
38.47077372816434
39.41769006940708
40.1515266376269
44.4330898347388
43.21907989895226
35.90926377640646
40.95248990254763
38.77729670258031
42.3097762841504
39.25613177910479
41.34807083123324
40.788525001588994
41.0130502896621
40.201820134066274
40.32543263507084
35.09341326901412
42.82424640669359
41.45161193068146
40.40364663806692
39.78319913380135
41.42503038727306
41.18606585718015
36.87629085986296
39.24906388773721
42.23154796623614
36.37233318906106
38.666929239505826
37.800791374279434
34.901562770386825
34.90532620864981
35.77263981993994
39.038041641249514
40.23437251794975
39.659892105579125
41.15674655021487
44.06553635763918
39.21507040223639
36.69248320195858
35.085822130521954
38.34070853790972
39.80500024109003
36.78851016800425
38.19960834232498
39.603014103216196
42.78464380745705
42.32909704408362
41.92833782493008
40.638619799211426
43.7021243171767
42.893570122039506
38.61618577694227
40.39998603873648
41.57684191037839
41.661047767763705
40.90052637834973
41.00770025777181
36.52838729386301
38.023419653761884
40.471770555508115
40.74392393449414
37.772293443339024
38.098777691850444
40.98259439874212
39.06641304559865
41.879189840382026
41.95587105575178
36.088385832003226
39.0771543710443
40.46897845191797
38.45599807968039
40.236743214861484
41.27326425630303
39.55166260461614
40.41484979380999
43.03146944188738
37.77768464486401
42.029861382015355
42.80500655467693
42.949822271328166
38.87431860144317
41.363548764359656
38.28951898845515
38.96283159655695
39.21727132167803
43.74102256306713
42.27490195750429
46.36138984128657
42.34169642692542
43.459529666751
40.37799353089648
40.2074218311558
41.47367126609958
42.704874855901046
43.40113282460351
43.44396515269873
39.433066620027624
39.780262703858504
40.75022684781598
43.54926992805803
40.28128915518754
43.18392081692282
40.032351149103796
39.523423371212346
38.97869734564876
40.23085117510848
37.68237488253094
39.24418036603137
37.528105145732
39.570673309798934
40.32712164255254
38.49522660943755
36.48049365398847
37.440328119181935
37.6743065890964
38.948423133707635
40.300397044130605
37.52599054164296
37.56733457006946
39.00750752502941
39.004456677154224
38.967032964678026
37.40774345211976
38.92153376987695
39.13769782512983
43.56555383824527
36.07890504365611
39.758500937784675
42.49081081401735
37.18786945999114
40.945791705021975
42.69810884238226
36.72452613202827
36.46218062656384
38.62710321004421
39.800752310504606
38.36690644710222
36.5921740539684
37.630373781962334
39.907173723390905
39.77864549043232
39.94415037369848
40.94261558840906
37.03738187717554
39.150899147086385
40.98482449374854
38.67137348265543
37.65361269310863
36.58992909699382
41.434875314785074
38.146173390443884
37.75705254848836
38.37443825586231
42.69430102627139
39.32602178411828
41.181249104542594
39.0394133460374
39.278045590133026
36.627640707595845
37.17748185530967
39.58764956430313
40.790018099413025
40.566877723024945
39.31270181061036
37.308995013179654
40.42584344856273
38.060486037121315
37.889264126369774
37.71973011705543
38.61185160108186
39.62911151106827
38.87500664514632
40.24824308587786
40.607975560807425
38.71420757023855
38.05610030477757
34.54173670820878
39.91244449595762
39.78935836163521
43.758385938846075
38.83018463894849
42.16766452110381
42.51466332614194
36.95455219687838
41.64195297730004
34.17392967342111
38.03050692311941
38.96296698561299
41.23938936911924
39.7124509051329
40.10861855842983
38.036546905619254
38.25816416060033
38.54967698594292
39.28521131981411
41.99878855911086
35.42278215317446
40.60370033269676
37.97596159242824
39.123937931846534
36.59996450441053
37.68626562560575
41.696443772125086
42.22427463606946
40.952059807060714
36.490929064449006
39.62312979983846
38.744676197380905
37.39464757939113
39.20817756328413
39.64575279359151
38.75779824754371
38.1829452293603
38.89736042740475
40.00124051936757
34.435039137604385
40.923921598161705
38.53229325742016
38.77902400079493
36.695606227625184
40.850527757138984
40.48965145699302
37.09746800459754
40.3772255116012
38.576110334630364
37.606311754305054
36.515843517684715
35.318815534559036
36.07781751669723
36.69107024432458
36.52849041143826
37.84395478560271
40.85552838505734
38.354729877212016
36.493098422725936
35.4444923518007
35.95751114892726
37.34003820048984
39.09132025250469
36.95526930713123
39.09556994514842
38.75166669092377
38.19113629225919
38.794529651327096
38.4933566376446
41.98373164695905
40.45991039240355
40.91184619312966
40.26240395937498
41.56270897940018
40.77836703096946
41.15107698443918
40.54908276074113
40.50153461784285
44.69147200292593
40.88755889210817
40.21795121699096
42.11207394515564
42.163716256946024
42.84019208078047
41.884643548626364
39.3463847361953
36.03675791746739
40.14955964500328
42.08322983082812
40.92801254131475
37.691240554942944
41.97130234867535
39.282579993227486
37.98148155085874
40.665690216121874
39.42772277284657
37.109790134361155
41.95763945875765
40.032022718498354
36.25436029131178
38.99328115952922
39.567728071493136
36.96309080453967
39.76398098436988
36.072489213098876
40.59507682887955
39.80467408469122
39.67259881667772
38.85757740919426
40.13917425655662
37.693549413645925
37.184547755626085
36.71041832634015
41.41063030101029
41.22927241778376
36.51979302355925
39.15488489014092
40.38393548923559
40.61550768988634
35.99373009600009
39.41781466205153
38.54771328285356
38.0355952703027
38.33280377129327
40.45657543356048
37.433228296387995
39.83759069942552
36.36057057280007
38.292049407894254
38.703562158686296
37.88319391440368
39.231879919226536
39.21298121660729
36.1980895288994
37.55187586670582
36.07956993338648
39.38881615987195
41.085947478485075
42.219873046916
40.883661083718636
37.860526258174495
37.79017738998728
40.561341675631084
39.26880705313702
38.83118080129324
42.43835751553639
40.17086017401678
40.25048886095375
41.41359872713278
41.47851675469708
34.6344071038583
36.91121368336096
39.25723368358801
41.00806984099956
44.463527698196124
42.822286275521144
41.08897385370616
41.281259786446974
41.29497171599512
40.32607046347874
44.89290186693406
41.93799826198727
40.67379038546078
43.86870695023121
40.69424549105553
35.056781983597496
39.57400413828955
38.26836297685513
37.36166951731724
37.150225886969764
32.9977690709107
37.15160675185595
43.15307198795371
39.54460888292098
40.05565465659786
41.21525594161094
39.08415390142505
39.88813679263389
39.86900708766614
36.95391115075388
40.87764092649331
41.79058041403917
40.58442310780672
37.62263878098234
38.94529428542716
38.192345621961564
40.68945238068426
37.84434890567292
38.06345043175464
39.31722128183973
38.692840258952586
39.08487384411113
40.68631160890251
35.297611606156835
38.87329012828092
42.8193337372232
40.506641125363195
39.67500266463013
38.78714124386949
43.301319401908174
37.15680692817727
42.679452491692246
43.44212906148453
38.84475344973369
36.373501054277874
34.53698521886249
37.70389906959074
33.53266663783786
41.86154308312305
38.823065586873675
41.76824545950349
42.860290828641965
43.17677818719662
43.588868912296604
42.478533667690435
39.648138739615405
39.549047328504386
39.39907238232294
42.29354914884543
36.42688632968936
37.74497470636279
39.42176320383444
37.602082023135274
38.480618895127044
38.72147550701328
38.10182443010713
39.940931389587846
38.55597103686534
33.93901479568057
33.57252173335057
38.37904794129304
38.90948487919348
39.86208655181424
35.35051803599614
37.14332492262009
41.277030820453476
39.59762169528628
39.01511511672515
39.465256475155066
37.47871233957215
38.00515887095867
37.916451941470484
40.714769096634924
34.17580533652028
34.76369365589875
36.62736172734841
36.032535227264816
33.08843287008292
39.03195655479776
39.48272255140318
39.036884701091815
34.22035879022355
37.167431947231435
39.67583737640123
36.5945369507434
36.51717363814699
35.51088464480001
39.550926552699956
39.868085951661534
36.28976783298201
39.71586785199117
34.11336229822459
37.14985930214715
38.80576618788707
38.83822048486244
41.270293265056736
40.35923471804057
42.21417081659203
38.472065900970065
39.78047470650169
38.620560567039746
41.112154604707065
40.950550671424374
43.63256545337247
38.50146058227433
38.525939042601856
38.284922202705886
37.8382151334685
37.828092390856966
38.864785514695924
36.99355371275267
34.206081938888175
34.812599567695905
34.13709328151735
37.614506766187354
36.768094593094844
32.72196113911605
37.176940495451944
34.673844211619254
35.76444520009794
35.28815891431434
35.415387511785845
34.41458316111072
36.59447037923023
37.75929713350134
34.07186322543812
32.943920821419894
40.41987970967324
36.135070522909785
34.88802113311305
38.029039947468725
37.30574369721104
36.67464993700349
39.215039405281196
38.67270690611031
38.03096813543622
38.76798549249009
38.97736806195559
35.356573640367266
35.3450250779548
38.279300680729904
36.22147589560176
38.90206183613347
37.316157340824645
39.22566059841111
37.94416580239603
33.83379765599626
38.32032081163255
37.952763245329805
36.929378545944125
42.632449056672804
40.450812018636
39.53916283401847
36.29235646527202
41.67528145857861
35.75415379084396
34.57408689838732
33.535285708716536
34.45955384546108
36.79587856953677
35.42398537451172
36.82322862813402
36.7321692111208
36.31816720485625
35.13697470608894
34.9488312848501
36.36910214172668
38.345129967391365
39.17659149742978
39.54500985688978
35.07147770347465
35.85618914394431
30.85534373619276
37.72243000525955
38.648887613710485
38.35233268790673
35.777891449588736
35.14340984197476
38.18925255301279
35.94520608974045
34.86269969148439
37.696199859367354
37.570104253185605
36.595715967839496
33.75882195004872
35.248669383727744
32.64890154221823
36.57796236244222
37.1329537790185
37.50545776090201
34.72049582058581
33.70472558629151
34.518087617097564
35.24801659462785
33.7746096548726
32.45595445850997
33.20851558548934
34.151050588766125
31.951200340588713
38.7962491650645
39.38706031314359
39.0839109270837
42.147441950091974
40.35102746456057
38.10734039718854
40.14257358260274
37.52084185371235
39.112805156275556
40.038872145666986
33.314535535085696
40.94578695328553
37.05781925714984
37.720664857962035
36.67164537423136
36.75553481952881
33.70191269397215
34.71005191839694
37.11756060957536
39.57040984144421
40.22425420248933
38.59142846989071
40.351288345912565
37.98546106019076
33.113434174586764
40.10916181825853
39.55345641464059
37.93868310803513
38.79779306584532
38.27196671886977
40.5908659749789
38.460753962483466
39.630628906413094
42.63562698872618
40.247748365444956
39.80751086941516
34.42726108397831
38.92289993076753
36.8845243295404
33.14127547488039
34.87593932033983
37.906034537438515
34.35109329114181
31.68794928207149
33.24819173733762
34.165375777076626
38.04651268710229
34.31998811296992
36.24586351071798
35.22872526889143
37.36958191268267
35.82423430567556
35.77478655582802
34.10840440488683
36.94706366085774
35.297382141166366
37.27707905530904
37.55714033002109
35.58007936840354
41.369599304547
38.64735781258612
39.6561741924768
36.65115300100908
33.982729026597454
38.13422075253928
37.889108973444245
38.64246904023075
38.548015986680966
39.88754967559962
34.53468965308815
38.14361329564689
38.987106960556744
38.974630669128125
35.35408521493445
38.92679195190976
39.321399137180016
36.818364324229236
38.465829444638715
37.858209319871044
35.73029488121224
37.900274521506155
38.24755712751478
40.07310038811346
37.51217102966306
39.14086969072156
40.84173581729257
32.386757219310766
31.270075697480134
35.06559192540904
37.25885058783006
36.122522613404975
34.879517446519046
38.3394720504279
34.500798171879836
36.64363266029658
38.78619175920744
33.8503851309612
34.10780293229379
34.44067707035405
37.22308862738184
36.48929966818387
40.87404394435026
41.90535005248089
38.07058805694428
37.931158951807824
35.46762600247356
33.656779181921536
35.588238944967564
37.806616362509516
37.70502996348839
34.80564666068201
36.63350790530399
35.25012948230763
35.35983584801452
32.50593277800094
36.94093165502088
31.253328444217917
33.93081324425546
36.11324666849645
32.91387484777247
36.608653603769895
36.09389448315817
36.441374868274224
38.29788052743566
33.12747395299204
35.373813170689985
38.615068625284685
38.49773988086639
34.35940989698048
39.5161628355814
37.4430726826766
39.62550925326782
36.05791668677006
39.040450695080615
37.24740399223199
36.05427061614433
37.152408177609786
34.67282867872736
37.15621170528653
38.9929508033315
37.19787934947488
38.372442245398915
37.70822791082917
36.170893175734456
38.91490715445769
35.53084878089379
38.46949753356831
35.67452329270677
35.40333574929992
34.817172696904244
36.52571182690066
37.53203278426347
37.91426644554738
34.99512470736798
36.71870795030502
38.31415309579452
39.11070342859279
38.29321860783177
39.26533923839588
41.148173443260184
37.26292133859754
34.43992012554765
38.586936322835406
36.803978657270115
36.395118540266466
35.93863398629127
38.712207422448046
37.28836891496041
38.370745259676966
36.75199142650296
36.82285814904369
36.01736933501095
37.3543170697344
36.36229073050878
39.96247623175387
38.10875091703848
36.83389744525105
38.66488003368244
38.57823487628972
39.807195465028634
38.32321210108826
35.239477142772536
38.639459534909214
39.411117833196705
38.36943217685046
36.91857868932554
39.01162710878073
40.38538469995268
38.30839758900709
42.096723010588796
42.292689260524824
38.321439824848824
37.38081860159453
35.08652795544524
35.12105333575878
34.87898057012818
35.71748328090654
37.14558389752515
34.461211200057306
37.16774644914388
35.35672967323228
38.292994930805754
35.96319603487732
33.0306043263764
35.1154149661869
34.59049575115199
39.267314145221825
41.762576992684075
42.40008163569955
36.45266340148312
38.44494698700218
35.019608832120646
38.21086366930301
38.59242410510778
39.62544302182907
34.31439548359468
35.58140748352427
36.30100251430886
37.28622152304382
35.60453827670452
35.103583329673384
30.347785391045022
35.29163529639227
34.0112603781889
36.37178777490011
31.808426231810927
34.53619670389078
32.80175972263915
32.460309942930216
33.27062833355633
31.57341813536336
35.07738347078487
33.18174399670206
31.973923529381956
34.36030105928293
36.093860804785734
37.068012299084195
37.05188333065521
37.32956147241441
36.03122345473118
37.15079823395952
36.91734594971614
36.24127205595777
36.1168308018939
35.98361998012131
37.19252092388388
37.08044170533638
38.008769653818334
39.965186406415185
44.10468137572341
37.637482829058605
38.68455545472119
37.295571247133296
38.660898988641655
36.13308397667401
35.59685919254659
36.149078273450165
36.328357208179085
40.68813602619555
35.89864343001928
34.95808767229619
39.50183284687126
35.539150611759275
37.95303189664069
32.586710287907174
33.60578550677631
38.20120110023128
34.572252897499816
37.694374185010396
34.320369863054786
34.213172022659116
35.5436714913376
37.14585128473744
32.64862263955044
36.48329576862835
32.687289980726504
38.169476848499556
33.516231515753525
30.87464775479254
36.43961428962021
33.273508651729365
35.699814095367685
38.010114542584624
33.71862008984602
35.58126015356042
34.91172281861047
39.252118881786245
34.710917819700974
32.464107050076855
38.556540406494356
37.4076519937353
39.724052688279436
38.433739194422316
37.90006552270025
41.09822148480267
38.33788568545673
38.50142318844753
35.33228235325423
36.9139824356882
35.794382694559616
35.674082404776755
37.36932254212061
37.55573901921602
32.51632358431553
37.46581267147215
34.44179105932213
31.67436476261074
32.698093087588674
38.2868115844049
33.74349805791869
38.633374989307384
35.89534671078959
33.809869106774954
35.852999388796185
34.69534154397587
37.00242382637466
32.64526486077504
33.68046025878114
32.75102655963108
31.652987009297775
35.04269843625287
34.84861004162597
32.79945139821947
35.52614609864546
34.486162913142095
35.38224649283227
38.40911994995426
33.93168135872096
32.60927994190185
38.00542595421166
34.7593629319796
34.572968508381535
34.81863049381711
39.52708472620192
34.18195196711826
37.07455224949469
39.50686627967653
39.33455355751583
42.83461014749222
37.92604785200401
39.42768515542359
34.926737696103615
37.64459766816883
39.060623211104165
38.25170758275132
37.309626567794716
36.191845481338746
35.689781418246504
39.99931484466254
35.25143044869374
34.81556977730067
34.03657171480898
34.74260853672204
34.13075520561484
33.71291743773621
32.82347508576289
33.33260444037942
36.68573871400056
35.512889249897604
34.06974376577998
35.8960024806695
37.691134975133764
36.49292435803153
37.860198758836674
39.20703617671031
35.551649385066845
38.33010729153162
39.25349327827646
40.145885053711545
38.30126217147358
37.46153466793179
35.71388393648249
37.0003785481405
37.32313531130015
36.192793990499396
33.90715896358225
34.63766365913895
38.08439950128029
34.411791669458054
35.757052659509945
39.23885703225338
35.46575516946169
35.85395805693231
36.61107652008354
35.24360480964558
38.68707455435436
35.74652299500917
33.460976571499266
37.56248729901229
35.91111995813697
37.67510972734795
37.95801276244843
35.28556290950908
31.61805563057876
35.83186243107688
36.48287902730806
33.89574015322094
36.32486963585211
39.063415501079106
36.64501045948141
38.240237458025135
37.44456824892391
34.9311218884839
38.6552568058361
35.26030460011584
36.1545755986347
37.801214627091206
38.47865495389834
36.82521349922632
35.939229527103706
32.22943315937347
33.85171766192001
36.385123553059714
35.47433725022188
32.98384643655181
35.35072929703113
36.343219288937014
32.06778344227776
31.757806840476356
34.955460432414476
34.78885870639592
36.583819055042596
35.49372331031986
39.25714810280252
39.235927763962444
39.36040716446714
38.20424703284375
40.617668386791394
40.767219894606605
39.05971291282095
44.83060646794803
38.21384512286048
34.499426314043845
37.7229688545092
34.78921756963717
37.46817389622171
36.94250180633847
34.07914449025022
33.123875217262146
35.381643325042084
37.968320549893534
35.41874592599028
35.477875782302
36.13278616884655
38.540166688661735
35.02087447692153
37.16478163764509
37.251241760664264
37.0905043437653
37.374276670474046
33.999009502598796
34.059016468669476
37.692561082677855
35.381258755128165
36.51123158903684
35.338541892328024
37.623622448700345
39.696323416267624
40.28904431886642
37.13149411459751
38.51801316867471
39.17127684371772
37.21112732580464
35.11562815352835
35.32982682454939
37.23322134829986
38.7588491573063
37.064262784954046
39.40091862415351
42.13736291207841
36.04256671992672
34.108589200519745
35.92450503603445
35.21627528122713
37.30819404248151
39.28340513689181
36.67517919593818
35.119589742411996
39.417919681275954
35.260891071871754
35.00872041759422
39.52456519449357
35.91535663174805
36.720287533683305
35.53578948419697
36.6237854728889
31.595868949232045
32.73086034605366
38.13913593963277
32.208330111174995
38.574237651574315
38.34619035450759
39.1677288768036
36.51494696587308
38.92523061217582
32.300539811719325
38.02060688102132
35.33085746272093
30.526197343019707
33.8665364929842
34.09818480312301
33.45116572142082
36.73174569671431
35.60658702328527
34.55149438388107
31.399942992048835
34.742200496080514
33.83778554758179
31.884241869014208
36.858165082760166
33.91313993430844
36.09918456619464
38.439250950015584
33.96740182435765
33.91812313835682
36.70880836064575
36.21617002483724
34.68583963044642
35.01589329803037
34.511201515165446
37.60049299043641
34.99260016773162
37.44813683253466
34.8320355019537
37.18302655441694
38.3813382708859
36.1456288676669
36.76371738411626
36.557082970701025
37.97406048846135
35.84086522806106
39.75971041316391
42.36737584424272
38.111281492986244
34.952005451301886
36.28895474555023
36.13402069860108
40.031129267600306
37.66456671988307
37.93490044456202
35.30580634078398
34.55595149971275
38.703759482566035
36.06690037921543
36.172532720396156
37.32828348669629
37.619184905917336
29.925500504766216
31.182561227990142
35.64302280245775
31.702321424428437
34.21764116069351
34.7017208026636
34.61972165967774
38.30292020922985
35.78000106006928
36.88243722947105
36.68428963473655
37.2263161017309
35.04886313058056
35.749329095012996
35.197840837880804
35.02070228188993
34.69427311088212
37.118146137208676
34.124607134419804
36.595077162621834
38.2272274160693
38.988551149731876
36.38736154032112
35.47626397377631
32.846711359726626
33.30297970562797
37.49286026872018
34.19073156071685
32.41305255287047
33.39861243984526
34.92154942414883
33.73448947948984
34.63600579109887
34.68535322016335
34.95846380947169
37.563372552651636
38.39472124289833
30.811264468495594
48.505673215840524
45.98610660674487
37.777535421529095
41.14947406077347
37.220321820727534
35.267674691101455
38.33173494195794
39.255137527411165
35.908038620575866
33.76871034281455
36.271534492808435
35.36449594141394
37.90098707531367
36.09448806758173
34.877527779971416
36.45392958933575
34.24037522915618
35.27159423155535
33.80704432565465
35.47053742657407
34.74247759306587
35.39261275029945
34.70401033100403
34.2261159438884
36.682304253325775
36.42528149645215
37.04487778856389
35.15254975799286
40.6151522050382
37.369426547622744
34.263773806827245
34.84437486696425
36.74470260101499
35.17511615493055
33.802782393471844
35.61321490765979
34.7397635568965
38.07103787234946
35.52756649415203
37.28603258106945
36.40192078079717
33.88015818751791
32.44538655338941
35.244499659564845
34.57953957955394
32.87827815002922
35.01347316384611
35.070768565123785
32.53373003897174
34.5666462347262
37.7065220117253
35.643119770323196
33.60469637435053
32.53584662347479
35.964439204570844
34.50766446279122
32.12705712781999
36.24659623654448
35.67280295907978
37.431355443634956
35.7513921940013
45.60047214048884
41.28548810133654
38.45407402099509
44.461876623227816
42.28897884132042
49.14994578776599
48.228363683397276
38.8454848251635
41.34813626454879
41.61563671062637
42.639601974645196
36.290102401659816
36.493603111637846
37.89781189941763
39.04994963740096
36.07516461988178
43.18026407896282
42.38437020538986
39.84870923705121
35.64362126199891
36.61012575220204
35.636650439739014
37.73770406083631
36.705446487306915
37.01723978054499
33.63994222334473
37.59900055972598
34.8999368207171
35.67144119501654
41.109775812940136
36.249404258836265
38.78648867733324
34.39147596938417
34.99175281194659
36.076308822195614
37.46780699130576
33.85839263407252
33.40483545175136
33.789841126242926
44.781823864432575
39.861182769035594
37.3226479871961
40.824033180287145
34.90413790881824
43.25849710940868
42.42744206894574
37.84064751605671
38.42493195507303
42.76203900250006
40.814518376080876
41.36606526521682
42.332656598582
40.433007693408484
41.05474851683939
43.18499835990088
41.68455149536796
37.11820240902196
41.05011798845905
39.87289134081437
36.85789057338829
38.36906257538579
35.96434064016702
38.08589062818438
41.06438801241873
39.81260899302138
37.15798531145421
34.74912024881
37.92636568061457
37.396136197286786
34.81893918477415
35.78954391668178
36.91199789336618
35.461327992706835
39.59025602382107
36.02179876975267
35.96946805341459
36.033356689141485
33.88710066066169
32.93929506112286
36.37039319397769
32.712975156452515
34.143245847990336
39.202525911618594
38.54285856109822
39.57450398492399
34.459499978936094
34.658759096940706
34.85641096642104
38.20346175723174
33.991010882003465
40.00693385027482
36.00289350018927
37.38339623643404
33.337606078263214
34.19643180773492
39.003017320467094
38.98174396424373
35.68982929377123
37.518631593558545
36.9915006364759
36.691377080702466
37.73339973905391
34.51692969006521
33.91248880382167
35.32895441238129
36.638580906491605
33.276159187998886
33.93641414091017
37.0647992091497
38.53987237889959
31.81793253150084
33.90493513076062
30.813790427985722
32.43802003347273
32.90668750489428
32.21010947159161
32.30611155484755
35.823063067059365
37.14949567462387
37.49722626402404
39.632900446062216
40.57262543885244
38.89918697830916
40.2858928222245
37.55316655696264
34.76913956069707
36.43150752402135
37.548147717365715
39.726515258366696
37.72705761470954
37.480474259583815
35.95966366305711
36.42430044018148
34.951191893099384
32.17550585566593
37.398326216367465
33.759862380113724
34.94810105025555
34.83783578149767
33.67622630360756
34.227187484277856
33.20655221286532
33.077437058570524
37.782682318038944
39.632360681414255
36.28942831299587
35.848356871681126
39.67538861658398
35.541218556295675
36.16572774469722
35.163057874180694
36.371148031710234
35.07909448913548
35.67812109016931
37.923991847544436
38.03119182406511
34.12451771668848
35.329613537393044
32.484508439749696
33.60039795280139
32.4697021060899
30.74220257030921
34.89343821944441
32.452226134827406
34.192866128176746
34.77376708094858
35.0095701765576
38.16622098244206
37.509524884914065
36.798320884586715
32.16739219063762
34.46782098291566
30.573490296075335
36.28057182581438
35.227609802110095
33.70452261569775
35.74249053166673
34.54823004641353
34.285545614009585
37.04317444842384
36.574232525301824
40.13813351484241
37.29764604982345
33.988429031964095
35.41362612651599
35.0164885775639
35.61883632484352
35.93155291895023
35.23111316226556
36.65490421532948
36.082917981767174
34.34753606082264
37.567706491215425
34.479202719198675
34.92368130159858
37.82022313585427
35.45237899376276
37.54213065357588
31.559722997767434
32.358414707782
36.67396713864429
33.85267948566154
33.414524011996335
31.531116671837825
35.434948519095116
40.95369496803436
39.317824697212195
40.909598276228095
39.822318006603794
36.77009207911469
38.039555078748926
39.864454845727344
40.101560551609765
40.5780332097964
39.03625987959679
37.0443342740968
36.98069319083573
37.6868832683109
