171.06466361627076
134.73988300851528
147.99145891373297
140.78411602167503
122.94811693739597
119.63688388081555
113.08648632367397
109.81686263220105
99.42350124062192
102.89125764734243
94.03174279491722
95.73918680382376
96.11126674329971
86.47464955218621
88.18557459731896
83.41478091548048
86.39674824494269
83.27067641983953
87.01261139705726
75.27342019460264
83.68004877618004
82.84839301042413
80.36236258259264
78.99798108687895
77.26422306374472
69.1954334379385
64.04783874272319
63.391545728499196
76.71942754006886
71.61299491968929
62.652227320257644
64.8219274972799
67.71615574206312
60.35097266363699
64.67900574946617
63.44986849215932
72.46253011364911
68.67621535780688
70.42889128546398
71.86995670813165
65.69966259952757
68.73605110806116
70.49612369695775
65.43013655578858
63.55887678237852
66.85871021313153
72.50519605413933
70.82363378152371
64.97881623610492
68.85356107915551
70.4341997974847
78.32365548040042
69.52423687848899
71.4314847959047
62.050394393623016
79.69484203396762
68.18018196294798
71.66738671182073
67.95506477674944
74.09156668283329
69.90387438848197
74.26433310040561
73.43549551696374
69.39390811434318
75.7498718206142
80.14960937850384
76.49940342778643
76.48228061516156
75.35254440768863
64.95341594571701
71.02640758016923
78.49741153387441
72.47666984478747
69.01333929558955
71.99198820684525
73.855633074481
77.5814851721392
71.41765477533531
65.84072965210798
72.41073057991545
70.89279438622077
74.1608720046863
69.78014800135324
72.13233785995618
67.8821839432892
69.35143489325114
64.84394736089375
75.72685720101902
74.67392182999896
70.35812335982924
70.51893327312877
69.7529572078671
77.05432728063126
70.68490968395372
73.71731369095859
72.0447846841137
66.4712518903401
74.03838799815911
73.93177181858289
75.07874812239135
68.70431061007656
72.00408604100674
79.0432626682171
72.82431706768361
76.1511026877731
71.7334670122385
70.11304302336421
71.84776093678828
72.95686091770304
72.36489898364789
69.67213678888592
73.93347214958841
74.5817395536592
73.79577098623665
69.61178709909015
69.81863421683425
71.72379261375222
70.61320644051347
73.66969459281889
73.05739616273752
70.37785038353307
73.32241481461159
73.92983921217564
67.85534424939186
76.75967748143155
71.05748342424108
70.92454716928907
70.17874377613505
73.57768268160721
74.81911348388493
70.80975982399471
68.62728689083553
78.0632795271088
70.81765727527345
68.8399699671124
73.03625890004027
68.6671683069057
78.21299111397626
65.51705021900503
71.35564462539283
74.27959854022889
72.10140607362077
68.79514545721189
72.78485274889104
80.45530586867572
69.78019546265743
74.866063360897
71.71784661360225
68.43798497103127
74.70148697418063
72.67555131031676
68.43755956984641
70.66843776853652
74.73849814733586
72.8930588153875
67.43695153150388
70.7929670421378
76.93992583257109
72.63702761035381
66.12029318979657
73.43371577563846
74.58521294881666
74.80541739545347
70.33990834499778
68.72763403248112
76.65710028825912
70.57184614767726
77.83123894112157
72.10091137371886
71.39374259938512
73.2041221774263
68.82583273014598
73.9942125064508
65.0816223853446
72.8107999607027
68.43839291694947
64.24187778937774
72.51529120377774
77.02202263848343
69.87659575148118
73.8368224190851
69.75134616593371
71.09379824990954
74.07680727998401
67.4329134758415
68.4673750085941
67.11362643734397
71.64153129833238
75.5842073655261
75.37509169547434
71.54098327584512
73.3899480659415
76.72266919890947
74.2261799733375
75.08012726223633
76.75754080683637
76.62493254665327
74.7030777020985
77.05595867960879
64.90767416610755
74.40055381917847
75.2608056771059
74.5646487618086
73.65086367722778
76.68437907258793
75.64807042253399
69.45217938951453
71.6398516425297
70.74418767433858
71.80688111441475
82.25949938643366
78.51447103992834
70.39642180515514
72.33453008847582
82.51989122969515
75.06793867912923
75.65221281888552
67.84276255731011
71.4267386984943
73.83897578493301
71.54648672938039
70.65189554451472
66.29645584085739
68.7806250592693
68.24432875147852
73.3075117732011
69.07854205536131
68.48843232114378
69.32559187124971
68.09867724378951
66.56281855375975
77.18854792082543
70.56891656632259
65.76340627367063
68.58767390632019
76.10470165545279
73.47808016362805
71.38047689835044
72.15760988694947
73.80580400310384
74.09185015895561
73.15334092146992
79.63186323771556
69.50025314961809
73.75676265508106
70.04396050863612
69.77308844376967
71.22250015482317
69.78918956234759
72.52580718955825
72.66956961500097
66.80516737672242
74.65254146459091
72.4046654555864
65.9656318403303
70.43006720114427
72.26444790532472
70.47003098694772
67.78896642162582
72.85852896740222
68.51279907354417
75.22484868911283
70.95710765286074
76.60240427969455
72.38260020491987
69.80182205851155
71.63759938393895
77.43128828211702
64.59733571962956
65.57090448511293
72.24439252632632
68.90374364512515
71.37885856121292
69.7556428421074
68.36085390648199
67.87757143803145
66.73319009046722
62.49278753441542
68.29773812024914
70.52161240843776
68.95461810634198
64.01309001148066
70.02936422386715
66.43686879555216
67.02837079103338
69.77716067255507
70.04138362396331
65.08492885365193
67.34302979428881
71.03670842880372
70.33773553043848
64.4691320608556
71.96226897005428
74.30227651655204
69.24689790847873
57.92913435503133
71.03013405231837
69.57606557888492
68.7841552170788
59.22968968194864
70.99005486627001
66.72736599110623
56.68774380722671
58.664726069203645
68.12893906970014
66.46085902044067
69.46700561532057
63.66339517554865
63.34597820993252
62.78770014697138
65.06626677867871
61.760717700505694
62.223385158022865
68.36717716682803
61.120774681307466
62.491560249832034
67.14576503151295
70.70181599084196
66.00346628790403
60.66919917652277
65.29161913945127
69.58780987815922
67.67943233977964
62.35395095130183
70.44360341649084
67.40507000619365
67.13330155392286
67.42058533387168
70.68035767208512
65.29506357898525
66.89505011971777
68.33323753979924
67.36758274280038
63.25924509756276
65.91224944891985
63.013929864501414
64.78353029713195
69.66288221134266
59.44714345036502
69.65409424913291
63.56769616015103
76.18438987357257
69.34108930356504
70.26430368343074
67.68546823603604
67.74670332938408
63.548397400023966
66.2085509145291
64.8902420691828
69.84383597302582
62.67683136591255
63.85721638999319
64.95033117953368
63.77981387695207
65.04177129996542
65.7562804254985
64.42304975878497
70.1994421790291
64.77731527156894
63.151080504859785
66.54264580952194
70.87337676557098
70.082317506857
63.41352629109659
70.13016342044357
65.83071006922158
67.37426603241957
56.82049912042687
66.39306994656617
63.995136825603964
72.1872795548686
72.28921867497716
64.94446652462275
67.68039391475303
61.44880910755941
68.20733813561156
66.19338726490321
64.4814772421824
63.13052536850763
72.45116135821974
64.01995078335213
71.75006456901777
66.6371290457576
66.17734324401911
70.7902433260807
71.45233784156478
69.30429462508066
64.03172354278216
73.61451226571887
70.20300447694812
69.953971572169
62.96453792805041
69.23606563948762
63.47569564463229
66.58595053913638
66.61917230567991
71.36490342569324
66.02970283141492
68.64962281809744
67.45678872481152
62.069237663400926
63.76654424006817
68.44453372063144
66.18651483627586
60.65154411043483
60.48213044817672
63.687198562405975
63.37911445422441
62.954501191493534
67.3598831573763
63.62727470358634
60.28057757603497
68.61554827111232
72.40547552252127
75.48368556239777
69.62339782694528
72.01005249215137
76.29808387186398
68.51595985153557
71.95480869776759
73.19729808150325
69.93359234038853
66.47935674961798
68.59661491205556
66.63690252352725
69.60567342347416
61.74201556936445
66.1808915318242
63.14016282164738
69.463733250827
68.61584271283772
72.53037909745579
69.90359550937787
70.800723106777
70.2704238803747
68.08164065134766
68.31331802738994
66.08532580999128
68.86192188895798
71.01348384409987
75.41432288743145
67.76934634328336
67.72407371776444
66.35424595962878
72.21035568734743
67.04519442862512
58.60640611702352
65.47907129287482
70.90917161147229
66.34692399471085
67.19262575898276
61.18464321272819
68.3279295754322
63.08849756146546
66.72856739175943
60.040607793297475
65.93126749676355
60.219373511145456
66.18505506716434
66.31910754258178
71.83686405175241
63.91985370081307
70.92871639639105
71.42713180340921
64.9033340197867
64.82110010608194
67.99964879073956
68.14064766157675
67.73260646428874
70.96323449324399
66.32981774442963
63.80953658411372
67.65548567816832
59.308789606309375
63.071483840332306
64.42862724258205
66.4086813619613
62.65298133299013
65.53594793598612
65.37572528718887
70.30729768423929
74.14908268612292
65.09466706152297
70.87333259595998
67.55384120011205
69.06139067819288
63.34030757808178
67.36591299872502
68.67804545819581
75.46914016515066
65.54864647307545
69.97863717113496
67.50156266929838
65.53197436105891
69.10229234159698
64.75483617846734
69.02958163101461
69.88295621712639
64.81973844505183
63.41191169672739
69.95521287437927
65.85156614550353
68.67370507922583
63.35565122711812
67.33586006762616
68.65632326599261
71.04212888526959
59.7285767758863
69.85258278022455
67.70566754248
69.53300644699489
65.00011010155333
60.45516225386674
68.39654534048056
62.46793480789698
68.2421751647906
59.24385433946789
63.28373108217478
67.53746130544077
68.69877146568336
58.749384350464204
70.97502118022841
65.29138226567561
69.82545879075252
68.61609327839575
62.09242934518748
63.903280791040814
62.64440785446668
63.18880852163988
62.34103136720836
63.30480930750193
64.81636467963388
66.23274831435229
58.911279884838834
66.41850495218581
58.953790144027124
67.94562985646326
68.4759583809886
63.707879339085686
64.99669372117393
61.361547921080266
68.72358154044159
61.902185937565385
64.61152276489771
68.51110091115709
60.73252796548958
64.86749414761282
61.467866897358945
69.92707350844377
66.6519965484313
63.63169747656435
70.35819067437811
66.24647250476151
62.8247629241403
67.45369402319712
65.0306349375612
64.37222019726296
63.00214631565553
62.206596831949646
61.867762009309246
64.80789464472338
63.83476318884643
60.628176377475135
68.48071836339167
71.47685669640524
70.5536945274981
62.567199806460614
68.27705098101269
64.99686688839523
66.26442330213551
71.0367552726889
63.15806688909496
63.593776674529174
64.16800783567652
66.21282670786485
59.19182659930048
65.54940815917958
71.16449990227802
59.916890992349856
62.09125972426487
64.93401777184023
68.74230327133762
62.441960951134554
64.96259667719282
70.95367590341793
66.64824141999357
62.55934373228307
68.54145881353129
68.01581910402336
70.48465102795079
63.92035403722841
69.10422231537632
65.13366481424684
61.8226945317059
62.69473227017575
63.59416098509669
65.20240777712802
59.77817976228708
63.7475146487364
66.50623589458586
64.18017996876641
59.198514172962405
58.512542173524764
61.87532546858402
65.50943403463833
65.03456745943181
59.635313079427576
66.76738043891321
60.79183282675081
60.63097814165368
63.05385234976893
65.87823420224339
66.3750933382968
66.29383203233593
61.312014430576
57.34190451881268
64.85424252120961
62.637945564914745
63.426764302820466
60.792032189572694
62.504408361602216
54.839228426523874
63.99837909376176
54.3758170485986
64.32463771413565
64.9077927139217
64.68762575736271
63.63290042505305
63.30119740992345
63.90602096825216
61.54713094694222
66.45562119247683
63.74589767114322
64.48203656029733
64.35695008179222
60.20934761967541
67.4996505000233
64.71254820470557
58.63888759042302
63.25744212551762
62.66061218521051
65.62786514156738
63.8103958818613
63.654117380815826
60.63449212824234
64.99560595067774
64.8325555383244
64.37760829824579
59.55868196078778
60.98650306378899
60.62902988083631
68.46352096594386
57.80801882627104
66.04147420526785
61.99353312555402
59.67272919906038
64.72315472285376
66.99982606369673
65.18656215147863
59.19011943427316
69.51549597736188
60.279522077086504
68.86863500782201
61.245623030099665
69.02575794611417
65.74249247017258
64.83314508854876
65.41212182989055
67.91581930016535
64.18059562079628
63.66343242243798
57.414111687959995
64.80990266796553
67.65415582156906
69.12487698811884
61.62994463437924
66.33238261670742
65.03022184013614
66.69702753085151
60.821802810483625
66.54795402300547
65.99295092223619
68.51350440784445
62.323680875172194
58.162911484959594
69.47386779214398
59.728393582298416
65.38604591915629
59.819278007703105
66.51236848727609
61.950098613411086
63.00571334599081
64.58424050543677
64.57838472222102
61.78545017345723
61.243092288836834
69.27253362619918
60.59655346615686
66.67542538611538
65.85513993597813
62.588962083050134
63.09615823914831
68.02512907300695
63.90008724736296
65.29397803268365
60.33793300151391
62.25130162837103
56.166283696870266
60.06488303918624
58.0656869588057
59.14462274740861
59.21711626865914
60.346074614714624
63.11921458883698
64.62093590039228
57.325215021013
64.49729648956952
62.75751550674576
61.40699107886666
65.61981049056742
60.25091612885822
62.978540554080375
59.67776307431611
59.13624899409712
58.98349068847064
59.39481016258188
64.4750307037996
58.29033155250003
63.06476410184401
66.15427305851824
63.627719410955194
59.66622750445728
60.4547376593076
56.14032199735384
58.86418794033685
57.642766934487135
62.52347124203638
59.6553555126575
62.746105140566726
58.038061734825426
60.399453098598045
64.81339832821418
60.35870493982729
61.698999038821874
59.22086272677361
58.614946177625754
66.88854284320995
60.37821633082262
59.4782189058925
54.06806663008241
63.40064389105195
62.73685848241199
65.48372589829209
57.16524644433961
63.48539411632552
55.60895197959057
60.91130269561554
59.986652226080125
60.03890219790293
64.13799630665713
54.81239177721516
57.64182823573553
59.307914833721135
61.68349080397855
60.27410623186721
53.175413941255904
58.2159164320621
59.65886425414256
57.146282376373584
58.23421236890873
58.58691151497227
61.315984847291105
60.36909257004907
63.18121845470376
61.57812923494726
63.50981596571897
65.27311205154965
60.59651840615636
63.958259715662535
57.12618930069078
60.666398688741474
59.608985375539525
59.747741780783926
61.6093190874635
57.471403301322404
63.985370099169565
61.08086318131875
61.99669582327406
63.48075348706573
62.292292673547216
58.51980371044646
61.636098127442786
60.63027268922188
56.11189722861889
61.76018469688902
62.388722475329025
67.61992377519697
53.544001254291615
58.38458956163253
61.86189994539358
62.140800441238824
60.06412833687771
56.186571140491054
66.90038394107279
55.208570858891726
59.082165537193006
56.96415247144722
59.96942201437257
59.49996972204578
60.12451555070702
57.47514609772475
58.45354890739789
55.720924187284126
58.47708479277143
58.49010886202237
58.02541189021405
60.2988339124463
55.79410897623017
57.30463892827135
54.52869719162721
57.27851385522288
57.140269854148265
61.291652643109884
59.25000040415431
57.36528217988287
57.81001279440478
61.56759176072157
55.893256658782065
60.35999014032016
61.81452869037694
62.707010310067815
59.64805646301442
56.76538555340315
55.342106820084645
62.33640392107694
56.65655301508619
53.98305482716753
55.60668477026664
57.91787122045658
51.36296669719602
57.2745969585015
62.11237000254163
59.05292039253112
56.58333456532987
60.85428079317174
58.060029040637566
59.75037835792782
54.2684941031015
64.05784439705114
63.8261738650425
58.752605573828205
58.0525408834052
59.16587448443036
56.84849859828284
58.41669711117425
56.324073829380666
57.18151793110763
58.42184766577995
55.02022690212441
54.08257021603325
56.4687229484771
65.80095773353632
55.52791412833403
59.00651301707188
52.64627391437051
54.98802760180486
54.05666736810863
56.80514350746555
51.86288617568459
52.714214320935405
52.36806907812788
55.67061463950873
56.70457308691543
51.99497419712052
54.715386608531226
60.498627106028465
56.10464857812822
56.53891622195475
57.67475251157855
52.59471303060165
53.10373228002448
53.31611087902721
60.84936132540577
56.97107010325839
56.091330389982886
57.86717957954018
63.4456820977214
62.35223876607863
60.53366024804743
58.61856783658841
57.21458679220654
63.77618392552586
60.14868989944329
59.32935049813431
62.94674391736249
61.75245496301372
64.64882402286658
64.51837849400881
65.94389473485043
65.57781869204035
64.06096824173098
65.05086771577812
63.873294631341885
60.847534158026434
62.92853236289719
60.58419338177187
61.412550646990255
61.00812686848939
61.84034780650309
60.89725414941902
64.0610218684184
60.6817246803769
61.609967579584335
64.97983267305067
66.37435714743344
67.2376417774638
68.10912934748784
72.12355854478227
69.33029746064528
66.03951732787773
70.74079710457923
71.21295526927996
71.26559252816809
73.35117995545565
73.3427900261227
68.43708084340933
74.40726666800445
74.75056328881821
69.33707389629195
66.53474686432087
69.46773094547852
70.18480378773116
69.88772860707458
68.31155726426843
73.51527485001503
72.0179364087507
68.34130263610578
67.85409624327747
68.15873104518506
70.74758105280344
65.65401274568993
59.87974364317523
63.75888189692769
58.54659751529556
60.07123645920751
57.016802482302204
63.49972345487518
58.12376184579028
58.15643053143931
64.6192613313422
67.41734849066783
63.57869212482439
62.67571714546647
63.27557742912444
54.966190152888096
64.01242408133793
58.319782864477695
64.00557495957504
60.36346849409205
58.426349556947926
63.118074700133256
63.65751504410091
62.19232018944207
61.37960964714895
64.73739500092537
62.81219998480308
59.73157506019167
59.59211514089309
55.238293690609815
54.53233074846017
59.035767269179196
58.09800640976691
62.29392759743089
62.65242269606198
66.1083820861527
61.42450978387719
62.08516709405343
57.505931817287234
64.36466447188913
65.88777456342426
63.5018051309727
66.46953446608748
66.16847419305904
61.70966742997029
61.09170019971505
64.96993367706362
67.00484750456827
66.32544912388657
66.1510877698706
61.05237852367951
60.74014233505645
61.287158950611094
66.00201606144398
62.37598183232458
61.720065461826046
66.90872470148129
65.42982071644252
66.71091579778144
66.30267449100727
66.95972101613273
67.6386619071779
66.18914793584534
65.29480388026424
66.57840714000491
63.97468785793243
66.18106089703116
64.08401708383967
63.577170661229445
63.684810636428104
62.71100802326012
59.44644586255483
61.319734214740855
61.12360431384245
60.026050540421494
59.40096284141504
61.62795239823101
65.63839978527528
64.42674445367462
63.759085032804016
61.13579257713758
61.4418521389614
58.17831900396693
61.65926161909898
57.583439951892615
62.60038083952568
58.13252126933304
59.85031371771635
58.81781988720937
59.237654424132806
60.42589277456367
60.12852108102956
57.32733961224474
60.00585845269546
63.966288205298696
64.41861502429153
60.75849604243862
59.17747947089927
60.35093582341875
58.246016895894826
60.304958148856755
58.90877836316889
59.295963556258684
59.94329495433094
56.413400639404955
56.62396285949948
59.472913674423815
60.85929254294791
59.030842838988676
56.79466926263838
57.82528428838341
63.225780734475556
62.6091827140968
65.5627156940298
63.58526916575079
60.161726503511915
60.31624435381381
58.36499025989155
61.276226547123215
59.60559438854584
61.855293691878835
62.74372112447651
62.85083886536193
63.47766190510685
63.7660007083967
68.12637923382128
60.52807286636461
61.940517129851614
66.26539992614843
63.736007200178264
62.67718153039661
63.66663180922552
67.39061113707179
64.38541103695871
63.124708626141945
62.88266235250836
62.586125464820526
61.93819378136968
62.46964560452383
62.33026174883318
59.107256172240156
59.22087653566582
61.05350092596697
57.062560258589365
55.75746759329428
57.821013950466856
58.69370123970981
61.837885921586675
57.285933295866144
60.77526086835287
62.226721990308235
65.10924095150767
64.5220950796929
64.91649618708999
66.89760025027371
63.16739641873129
65.945769073816
64.14272923031774
67.1738393881814
66.73100109989367
65.57967594734829
65.82606805119681
66.0875214271994
66.24257037432862
64.37182608724174
61.48485600881488
61.00166747166222
61.48811715458997
62.233644568775524
62.48671250485713
67.19335480623968
68.6410327782282
65.23308286399788
64.67118814831927
68.94865704245954
70.02240477206107
69.94244167757448
68.02872853552853
66.70668349699075
66.00718687569753
64.43620336456263
66.1715853330937
65.52530998316695
66.2597142142461
65.07258631570991
67.17100688588961
68.30185635268752
64.26821524527033
68.8719101325591
67.34033063018816
63.823862205267
71.28586200846432
68.41499493191043
66.41320723349503
68.9686000018378
68.12512127539648
61.759290946131806
66.51442537663611
65.2352079207759
65.48422769446577
62.4971063774987
61.59294416570846
66.84843004223644
70.28417883985443
62.5273441407563
68.29829423634916
68.67764324498167
69.06996143137083
71.25085056129902
71.44764371776401
72.16639300712026
70.9354439733236
72.0771405013662
72.51247521566631
67.9138899421481
66.89167611320583
69.80394612151535
72.95288049360128
69.46512454879714
65.89735332266758
70.40674930824991
64.01788373221594
71.4365823291447
72.55348724590503
70.77865745952816
70.00363517343322
67.92617335914896
66.0511455820823
64.37339898133588
62.409841870653864
62.30311749382745
66.58921462426821
65.74990760683977
67.30974731777015
67.34645048280917
63.74892025401722
63.289597102396876
63.62414326088658
59.10658110605862
62.621392236636375
60.911238687831
61.01829310283724
65.75567199207607
62.42628064066337
66.45065794967012
66.05687868097435
65.61892563638146
68.03571286655782
67.85251613870209
64.57304648170795
61.87984833132074
64.3244325749747
68.7266135579703
66.29072257867146
62.4002663840089
59.53750948715875
64.26359019305357
58.91538096818193
60.04671189983721
60.84980600480495
60.219601619503436
56.04740772391762
53.354439902343984
55.16552383013455
60.925627050456605
63.60702093507547
61.964225099570704
64.89398625028642
64.81267822458655
62.947729059235186
61.603578056533294
65.35466040943045
65.7521504768085
64.14494939595266
65.01617172064465
67.61971432517333
67.01108032386456
64.34203177426645
59.774333735470464
54.44032132142516
60.06648374492875
57.66752991911251
49.76692090266852
61.27657714496837
55.530451580248474
57.8150874103475
58.552633069541486
62.894528046641355
56.940810875316366
56.09052119771348
60.17604019673228
57.01858678135321
57.61216382895289
52.29234235211471
59.26814241090542
61.50508692134184
65.44469311793995
66.99131446631945
66.21389832467209
64.14156474000725
65.69035527951884
65.89136255925581
67.78980259263699
69.34401960601528
65.0473518679325
60.43516999251391
63.699868120238605
65.5003021918409
61.640661783991035
66.36155681092157
69.05703487937463
62.29077819152357
60.0423669977152
60.37899008660052
59.57402848709515
63.13476308533389
66.47022385826511
61.83844573954837
66.6524797261437
60.453035151659435
61.21051418400786
60.72837958182376
59.36845587860791
58.545865504878485
56.63564407337902
55.68874087677928
55.15488788077184
59.04357022317159
58.22412807375502
64.16855453707527
62.2500437481609
61.21584910711721
59.232998928886644
60.51038828018527
64.2018325628435
60.335660143687825
59.81313924053333
55.534210532192425
58.64656042381745
59.60170398693961
54.96273447494528
54.42957991639736
56.65665113777025
60.00183598256851
56.59242964568919
57.82919151847935
55.567914089028136
55.3686189526652
50.923072368885386
56.695067858131715
55.75608083701533
56.43354910101411
57.31877650207828
54.58210112025338
55.13446352254695
60.73964048380072
61.70170857671726
58.089941298111356
62.298579522581996
60.75566617844456
62.38447714276387
60.44964004574705
60.47585933870914
60.50463707747558
58.50155276947234
60.84357979907674
59.90670632147612
65.30969837371985
63.76710487391711
60.97820310276109
63.44792759633688
65.18400329910472
60.77459632193109
60.61026768301787
58.401688282783965
62.616943763697144
65.9027782220131
59.29131473551072
62.41776168661764
58.06095561133825
62.23048410917375
63.737433895229636
60.43176674033774
58.26217909706667
62.40786972577579
62.45261661313787
61.12258905379944
61.99336635995828
64.96798294254747
63.426735059035074
65.35577284429947
71.29215639033949
68.33826021468587
67.75359876186882
66.45106436995722
66.61936198556798
64.89106426810808
64.79580120117433
56.54786005755408
58.1370810855436
64.01663036756014
63.898594959978084
59.68092981025462
62.36437330982059
62.28790690976348
63.50198435584227
61.080520077493766
64.51912527438807
60.690884074888125
64.24489006753205
63.44260552932041
63.19209700793498
67.22958725233062
69.35717356926864
62.90834994818919
62.45446365355556
61.76165199182567
64.52864014235857
63.25774867486062
61.45420542241164
62.86791319496653
60.6486219118621
62.81360270031058
64.35950081423499
65.41057117552381
61.583673693068285
65.7008017836226
69.14690835297856
63.72118681952392
67.37844657891198
64.8229483368667
67.24059087091717
72.61831586734296
67.10834872664991
65.04957835554613
64.26362450044176
62.36722698310284
64.4582509745958
60.58943583273441
66.19389145954739
59.388232627461086
61.196107098013755
61.47277182010895
60.71228792471177
65.47196695477733
56.10172898706978
61.364277514604744
67.91398511896365
64.07120658059644
64.92744202437531
57.143681521983545
58.99466817581768
59.02439211963013
59.19100105907003
61.953650904859735
65.02935024621445
61.21610983932207
60.593795945353435
56.97671084377327
58.09309789462071
59.26397353777225
62.08497287982946
59.21238374519096
57.89845214766618
54.905471117208016
56.04195922207919
52.090628079570315
53.453862967580335
55.33209986479641
55.09702335923826
53.408930632687905
56.05051305810781
52.73002018234382
52.579448636493915
57.72139118956575
51.93584533514972
55.48306298106579
54.88144359935579
56.1692816218666
56.85056317790743
59.26196271974952
54.31506146558111
58.77788233045701
57.22039825202608
58.455275656017754
55.458562111921495
52.91073470560826
54.6565952604951
48.52872609230618
50.86509844052418
52.82125158394495
55.6369284593795
52.950891829319495
52.71489446824255
56.66134340377997
56.946700047229314
53.18794792659304
48.763491866470524
54.50273600965216
53.839448722846306
49.489232805336414
50.344784771526044
52.433875226820184
51.16581015411128
53.91347176190175
52.226127944463386
52.63359738855885
52.001831087620396
50.27542750447567
48.88008837615791
56.208326543206006
53.45793792724985
55.398929271547004
52.00489296515945
58.33912466224751
55.482624295020706
52.56912833719476
57.68206350810201
54.94163841808028
55.258370884530784
51.125634467721
57.08104672977294
55.456778609503615
60.33129372164692
62.515209609933564
65.25403390193377
56.03573741865368
56.592662008744284
58.05817463013669
55.92508201471956
53.50108127279459
55.96268163450872
57.865086009628975
60.48594141525402
60.54927009910163
66.29618378771161
60.28701750100388
64.57725193336351
61.86177646568143
65.05558153704554
63.52617183413592
65.92756079036984
62.72497229904486
62.81030882657914
65.98143811437998
65.23969877899803
60.29740020268822
62.02629940496376
66.00463166220759
64.38724548936278
61.61807068071795
65.13300899341775
64.06773106398003
61.58604322820454
59.825316922737656
60.99849903394287
60.80752583961399
62.16713816271405
60.8143613476842
57.401952088138074
65.59820871340895
62.69989965232629
56.218851064190716
58.87706071502783
63.60538408096603
62.172125494441744
63.58520099815065
64.92365835096138
64.13053990312739
66.07189956213107
63.74286595379024
59.015352456155796
55.929059819703525
56.88998922820256
62.5422527791428
57.843024224612854
57.6404597790649
54.920841908271505
53.98885633867772
53.87949207075228
54.62104315528453
56.84029871119973
53.794131612041845
56.40337304902887
52.0409265971688
56.96225587033948
56.40027748577577
58.0322986537794
52.08302506493711
60.9226804719407
58.58454405276276
57.664419456585165
53.476258605656476
55.19210247613053
56.94199892748191
58.61505655230541
54.49455481329639
57.67767123536312
59.604435209276744
61.20956464413335
58.81273769502257
60.25427474170064
57.78887862423332
54.17160100305399
58.277107799153384
59.82404929412405
58.124328512733285
56.314386756658
62.06364202368413
63.600429099969716
65.5991062274339
61.42653373101608
58.56660175937724
61.018659672345024
61.026492067741586
57.38123144856567
58.29999743126277
54.68006083458097
54.389681615497686
53.53260311596836
53.7277122177526
58.731672507454206
57.0736171857043
57.52844374418712
56.54339496306144
58.3053238605795
58.85357633298447
63.37690136545861
53.6288264630515
53.70848004003276
55.35399135730027
56.92911906231573
55.97804015518559
57.11949237575286
58.06060617972718
59.26598223444853
56.89784697278865
62.50874850143727
55.70927136903132
58.52239002998229
60.91481386892821
64.43699710180209
56.21917261348662
57.59789947748621
59.06589392362931
62.27975109973611
65.60888213043292
62.54720792338734
62.248506760180625
66.68113819616536
62.43936603703778
58.12933891361459
57.66504393440087
60.71280074426937
62.20810231143736
61.8757822650156
63.07813788449462
58.33990297891581
60.66675778887981
58.35879064455708
55.25805857690531
51.48508695202252
52.101323237323555
55.25330286738306
52.64398563294543
53.47434586880467
55.43536833757752
49.28161960301853
54.44743431617213
50.714334342651625
48.231486838775126
48.079370855332506
51.20465331548934
50.708499321636516
49.36040820666435
53.87361579069946
56.60497560394924
57.0124905480391
54.71779438602452
61.93749412898667
61.73102224100538
51.58671359040971
58.28352790022021
61.145671216512284
60.32533213273417
59.61921818211927
55.0059080719441
55.88453663588318
51.665403556681284
54.28405761496691
48.858130746924324
50.24420661029064
50.46961766642555
54.39395198090522
51.18894194889785
50.35064002897163
48.517786395981446
47.96872836820443
50.604383755422404
52.37241351607797
52.99017843991598
53.027408064409684
52.73096756073564
57.949718645728254
55.902952138297124
55.49431386456588
58.82598637307076
54.33494203175147
59.342833046947234
60.38692485714493
54.105059413422204
57.963320275615644
57.74287561040455
55.50563607065089
63.29502279913287
57.84952480591977
58.433302584740005
56.349659258222886
57.159500669628606
53.51195795821695
60.93242224114344
56.160732544786725
57.880994055996304
58.519839607767274
57.26969980899301
58.355126903184576
61.948123653301394
61.08419445746651
55.640679974304675
52.375602026562234
55.18216840735886
61.432532228272194
58.9408840833316
58.105314133669516
57.34919998220863
55.32112178889051
56.04910352993166
58.44686695529585
56.52466181478851
58.3803552810037
58.84813040432397
54.42785859490822
57.62487247944066
63.390707224492154
56.344423168098416
56.40732388549276
57.66043865184247
59.53785466374948
61.79521727085419
59.60612681412675
58.644144971378346
61.29048182338331
52.41826924045528
55.01073328474577
59.52042167065501
56.87853342081124
54.0681132201811
51.75357830305155
53.16325829645503
54.81946037342528
53.22547354866398
53.5282218283777
53.047430310030215
54.66696938637544
54.24754223984684
56.55539411608012
57.28867244577594
59.83754327408922
55.204722921212685
55.67071145762569
55.59607308360992
57.07744271251873
56.76149879239796
56.35204831306497
60.42526806766669
54.47531630263732
55.57672525228541
54.1296583122188
54.846041795111624
53.77196736555443
57.13081566583933
53.5568671269251
48.99822699389097
51.02225696347546
46.567024531895875
45.03241013479465
47.04839503919939
49.05762435508603
46.071471257633476
44.70332193727498
50.889380052791665
50.58520286525279
49.36790056101343
49.4537175921761
54.63358441493749
52.90321135305753
54.32270295050122
51.10572209953412
52.88050565773514
54.61174487095251
54.462386205751955
52.40557932697809
53.28650543874769
52.08305344697426
56.154397406886154
50.607894949228246
52.37377132932637
53.41032310415591
53.045713885891736
51.56966693758698
53.54132626190738
55.1106028921017
51.63016341192497
51.139499645734006
50.45114695720147
54.56583984514223
54.74158039831216
49.33362910936696
57.061165480095106
57.695055401946156
56.73839844259579
53.95950595187681
56.285780367704156
57.55539133821889
57.087998286907904
55.854760144543185
60.183239856304006
62.24840317004373
57.66142069799898
63.86736476096375
63.54370090275821
66.222573660795
58.81045040856847
59.04728661504805
59.469113185130375
59.22010437819974
57.87792876540692
54.58191834825746
59.45882692709169
57.99939779221804
53.45693187237713
54.945044424138594
53.693919394690326
50.697541987010005
53.99488200308838
53.8958657933781
51.31276567660185
54.841444136353424
51.607433496056295
53.88475402995593
53.94965237935692
52.575825650431945
48.78898562361434
57.74588754562417
54.54099553605448
53.56710034598511
55.96114641999737
58.284186758965845
55.37492112700195
58.57237938366396
56.720411478785984
61.74448445468146
60.306360430705716
56.48564021501888
58.53110274719247
55.195460638947644
59.77982964385851
56.570114147139606
64.19948807168804
62.67057297675714
61.918790049843416
63.864712202639666
57.847080802465726
61.86022062238023
63.389642143207666
58.66204790823418
53.48038000516209
58.41116399951319
53.52315685819603
60.7838878218292
57.56697587586677
60.77347571317173
59.99716612727518
61.42539966538055
60.53830874290872
61.95093328682935
60.15391006411986
61.85906046202843
61.81445964860537
63.35205503289941
60.84085744426404
60.11342751857706
57.95710786303591
61.09969337622162
61.15131906452578
57.6236285333945
56.98098821766336
60.86696864335625
57.344589049830674
51.52184858432751
53.816688102424344
51.082479940971105
50.55242860283701
52.009752390879406
57.21982224839785
54.767496604521035
54.4169865532651
55.96348285137168
57.01368592950584
57.07642951425557
50.78277073521379
53.02777850851102
53.96757712066711
52.495157531098165
50.6051394857241
49.73400259499382
50.223207107060574
55.99852047076088
56.41558244931825
56.66428887747602
54.560235700613596
55.54772406840367
55.55117644992483
54.814037492234895
53.86389951118388
55.46473882280608
54.54795313370371
56.67537904568651
53.23030890641669
54.240594358254256
53.49154313762878
51.793744494658824
49.43124169113756
56.28314388365965
55.716451258077974
49.26734245563024
53.17147744023374
57.84856701299288
53.410469351513875
54.10193895584023
53.589498053513005
52.30483875688256
57.13006055134168
53.83690251046119
55.386868475145604
60.33111739014021
54.129584708283126
55.251267406510706
56.65808925881999
55.79143463253951
56.26936244001999
53.0654731981361
57.04005552029604
51.81733104862187
52.40761730139698
56.927517518597604
54.59997819344586
52.28264687782102
52.08801547480297
53.85097192175986
48.390965754502275
47.58557932523301
51.66311576203686
46.55424162293399
52.154892245667895
48.954259273412966
53.45597335015447
56.93357172995401
51.66284576080473
51.36006331718872
54.24165973594929
51.144636455787115
52.14635973857538
47.93929124037362
47.332142494072976
52.26130747696718
50.55762910491489
50.078841048294315
50.42634697581616
50.41755201163626
52.918390395682856
53.569954343394436
52.323486536043944
57.08017418813142
57.814569556846365
55.008907006356075
53.14361552449298
51.83694478663601
55.09068587270363
58.141842021035316
55.659786327706776
55.83373192936351
59.85617891753593
58.69089056584679
57.92204943452527
55.38071439244502
55.7941685763536
50.73089165232552
51.69494938882223
56.06429174418597
56.50200593174661
55.41074435263726
54.78271470288782
53.19641141717375
53.85435484015141
57.29737137348957
58.478137511889784
59.355155914060646
61.07495924169141
56.89988015994962
62.800434526322896
59.18867213611156
58.77197218035524
56.36574087955071
61.601965056510664
57.401938417505036
55.14308910306818
50.33517255949215
50.12022069411316
51.88194878286046
57.26323963493567
56.9925256173685
48.10790711199308
51.965332648272515
45.40335352791164
50.375698882138195
50.61983857454902
58.155548000138225
51.916415731148064
52.004338507241854
53.10725026917985
52.196634204576206
55.430601115589326
55.08911424363254
53.082262872210755
51.17341904790848
54.38309583053572
53.98778529576458
60.30074467708881
55.5758499969255
60.91550728288561
59.94060945953168
55.78194564076255
54.56196882808408
53.994159110883544
56.225251307364104
54.97748552812161
53.88237777552709
53.110908405641474
49.007826811199905
55.56362403320252
51.61248822109619
52.22903059298869
54.23214418220985
54.89170212762158
51.94213137705063
54.87339400043648
56.927906146831226
52.78930413727185
49.14432217574033
53.51294330078977
56.88367106526039
56.72659738388311
54.49198233902393
52.735478226891885
49.53017151218701
52.62058272685359
52.75600739824911
52.45398176435843
48.59260422491352
50.143506071258834
55.05935135029494
55.3203389750321
53.346865067360305
51.59210618084802
54.69332844255763
53.07593525061378
57.420718653859566
52.64995672853043
55.15810660374591
53.30613183771669
52.55951797217211
54.97531083135939
52.605848885760054
52.711373317918586
51.070272087737614
51.10779644107868
51.72367381357834
56.622516902535466
53.44036038388347
51.689454168194445
51.12595307520965
49.82099103094693
51.53215085168797
51.4447254946475
52.22503685863534
45.54189418464495
51.79942143856529
53.27382871455857
55.8148553245539
53.39028378028618
54.36565878294226
55.7452707477125
56.21907043045564
53.700526367099236
54.38563273193469
56.53752152141529
59.576178022416144
55.98525594284669
52.12208788502117
51.52838180035448
53.78440537370823
49.213217370350264
52.70134881865292
54.88631168954582
57.22566378503524
52.9450227124747
55.35626705132099
56.314244268172544
50.98163200906751
51.97792770674665
55.04049506732554
53.98117921633253
51.88634053564258
50.766341764289734
55.72123627616413
55.17688571789869
55.329478519220146
55.30813255151129
52.2406560332194
50.98622004169013
47.215291330960646
49.750186600464424
50.56450366384386
50.94922757889893
55.37664848806117
52.59456309070986
49.85158549565994
53.38482126232737
54.26937455694604
50.649119973660056
55.38032500014461
57.75462050139113
53.434475359958206
57.346165294533506
53.8370705414409
54.90238583331149
55.88986321253819
56.680937305459246
52.14732928349347
57.194006872758784
55.34119860458662
54.043980840188084
51.79298862169871
55.098481915084584
48.183143195699614
50.49057672558636
51.67148375048567
56.00421809876932
57.17797902187427
55.90051887466701
57.77457733994811
55.17188881013002
52.269484144728395
51.99725520732099
51.463983638828395
49.61955683171351
46.744357271524365
51.386913104057655
53.20749371544032
51.862833342982505
56.03549009617896
54.143100787255754
50.98987143018822
54.338847216036804
54.16642891726591
50.26588052849781
52.610338178897834
50.236295621944954
51.12585499433846
47.686723397378245
48.92668943619561
47.011241244893526
46.307810105168976
48.86485378431231
52.66392587723438
48.40528710182982
48.12341396537807
49.19573939717377
48.66062750811362
45.21966725641948
51.26982886823527
50.30619660318649
46.56418982828697
47.51427669230181
48.85093787133415
49.261665516369504
46.101910979045094
45.564538177298544
51.76131158358101
50.16572179534271
57.93472953506987
50.89692930251937
48.0550278456233
51.6460480678247
48.14388640388357
46.08041716399668
48.0659023953773
49.2761102429827
51.434895963568685
53.86718465640817
57.14309926464282
51.061104657162744
52.11127013865787
50.18647060589801
53.313880124086126
52.58726644810356
51.705216825745495
53.97724437411405
50.42515510385406
52.64995428254308
50.262185418833
52.244827987966985
53.959680045610455
52.51529906234198
50.55349173317545
58.00426967168139
53.93848931723431
53.100045521483274
49.40873492798155
53.43650026764604
54.62097202329838
54.30179875968559
57.1924096097252
55.53829867329795
50.88670903221525
51.47870162608601
50.8384137439551
52.957712281706854
54.846285446336815
54.03426916094544
54.38512690190264
51.22731034680786
51.29236935898163
51.41402244090847
53.97381600742541
50.711503678535216
51.819279303683835
49.943879918885585
53.876096071497756
51.71369622677526
54.389856213244585
47.99627637203843
51.16339561914263
48.03172282170031
47.09394469023189
45.730848530083804
44.80510670834785
49.608821049843456
47.82187592892258
48.50546606501294
50.09469253853799
52.12403066326886
48.16562861291513
51.660769441046284
49.76265948332661
49.52132117566802
47.88532219907074
48.84479401404806
48.696610209446696
52.10618598412799
47.6777521729901
45.68452652000141
50.980407765640614
48.610680762825396
46.72513362411768
46.74131188681473
50.322017671094564
49.0279590179574
44.74474232388064
45.38932777361724
46.746548721169056
50.03197106595602
48.331013491903796
45.11873362511607
47.6545172739846
46.2946897217466
46.452435397238766
45.86262853264851
50.215896272778274
52.58406590832955
50.56127198276227
46.834666730923054
53.09481239002217
52.05605381853034
49.28500021828784
48.60210752247722
51.48312667357314
47.94313121827486
46.79696250352334
50.00388292066486
53.814022402698264
51.51542759291796
48.497845023429306
53.957592531736864
46.108886308712634
47.14753525918462
49.98474133998905
49.56983764816141
50.093309477829386
49.10268311900791
49.98635985018855
45.61392066478305
47.67229523620149
52.312975829701394
51.601108596072315
53.077710638816455
47.121522787454516
51.335140608698275
46.90590436759592
44.13397151902194
52.4971331735689
50.96244449794021
52.165207109676
51.32225950001221
57.66962951385165
53.09121942765163
46.53186788360937
51.65012658199115
51.666317806338064
50.006513048877004
47.11609983305301
46.46989478138514
48.60429808190354
48.91853270198699
50.78520629180246
52.1719010266432
51.271194994375676
49.31489303605645
46.34818346689535
48.45209345040625
46.762833096145044
46.75156446933519
47.42767343990597
47.52752431399345
49.20287745820228
48.245043037446266
46.117170426780206
52.6443076001498
50.06759438852865
48.95384042385585
46.30864236234797
48.416964616466394
47.867272369260334
48.92872573870325
47.15120699521764
47.82129592825575
46.84364972736196
49.99092361916125
47.69611965432043
51.212114417005985
47.47860935015397
49.98353986171939
49.19933174245996
50.45878630561183
49.46465807099148
48.96950784329969
48.9399316899492
51.784530805600774
52.746423132244075
55.88510923719965
54.41009506113388
54.00870016011799
54.39069283426721
58.21766563432864
55.39521453439813
55.46160082980343
55.931965423675756
55.57216565856393
55.166683674792914
56.05586824366653
54.3584182004031
55.66725945895614
54.13890094648961
54.980039315998404
54.21427208911421
51.82436418518871
51.19613312718173
48.764017688774196
48.03693775535612
49.47837335478522
47.41091120376245
44.154981102668515
47.566901221984665
49.72630446026031
47.760826001120535
44.78053772228598
50.966310365822764
55.052506341234455
51.44448158866995
52.75254854548571
49.80605127215864
48.62645249285846
49.78328172970882
47.88425701011137
51.00473348179899
49.92178493954172
52.27089363036127
52.3593993799431
49.4631715906231
50.204541624348984
47.66836147317605
51.59308090135246
50.68030864969257
53.27509022213208
52.157039417234536
53.771737361329414
51.70908254139285
52.6631304103635
49.69473257119611
47.465370045928445
49.75981716310924
49.47163559613617
47.30067151357691
47.91478407208869
49.04790880624166
47.07643581692715
46.80104441429472
48.435139830313304
49.90676796156861
48.33868012865231
43.88465297318404
42.99511936787486
47.780572578393084
46.536772847706835
42.0030543667811
42.91058923748817
48.43421840485843
48.502451803377284
43.661052451590656
41.11900813706103
46.06140459068826
46.984730752338855
47.68008612486444
47.09183736859881
48.46996199576947
52.58987483624381
51.21672442349205
48.457009263788805
56.994493327417985
57.468788441937534
54.78818739159769
50.28042209918138
54.25279782602626
51.550405623020936
51.952849741146366
53.40304873472311
52.25614634080059
46.63502332126947
49.72560385648169
52.10960215039619
45.992370878340914
50.02136994782059
48.555074151961165
48.14968081311488
50.98908330122766
50.96601186945987
50.015058262075364
45.05190362663074
50.25751745986918
48.9992328367518
46.381401014440364
52.66908100912013
48.8301320908295
47.72925232559477
51.04862107882761
52.66325028856908
47.231879274075744
50.17772828477155
49.8408044780262
53.43290261119637
49.05709994773933
50.07932036465913
47.13887675645735
50.737716473527215
47.12033262624387
50.191317503771536
49.12460514318127
50.31271694738448
54.93605813569711
53.14229029264018
50.7138612129626
46.085566370585184
47.30667103501433
45.979651928385344
48.262479604538576
48.22497286140584
47.73800952183632
42.55900410591521
45.72228738529427
46.69060266327192
44.53970049974423
45.63735970269568
45.640868362512514
44.23134060316445
41.63795301705331
47.540441538207396
48.647147488545606
49.3558944360934
46.58463292168744
48.15895166499309
47.81520019586571
40.98637925458006
44.448698980097326
48.13191229966449
46.53509540885236
44.06361851106602
43.37413184411129
45.03536875739981
52.066410118682896
49.80617590524958
45.09602428188197
44.81585554967952
46.29449168920955
44.75753607094033
41.889333237279686
44.50298467733254
47.27216907883268
48.7842393953596
46.22143165264195
43.56213090780676
43.80298717701613
45.04753439788787
45.671686696943
46.14772893182936
41.5819165715018
43.43557748951568
41.07139065287092
44.55505849051236
46.61429581427081
45.25130951301659
42.401728086339155
45.31838128253704
41.899065156068794
46.86249294464571
46.338799662383764
48.597245841448455
47.082175951072934
49.530290670049126
51.47640444480837
49.37362776368273
48.194884324542166
46.98478133218281
44.06901776116065
45.47719564979424
45.81294473230622
47.178944286215454
46.489770451267326
45.62435337429166
49.02756939736466
46.27837275791979
45.880598547747155
43.5188814252072
45.0199018763665
46.156286944746334
48.24600401070732
50.62694214082549
45.65869948673146
51.27473901384276
44.047166896546535
46.898438992283026
48.17696986997131
47.22194627043018
46.45087859057794
42.68765792045329
41.16849500041094
45.96793534182805
47.42803830227114
50.03738303046057
49.88723391999409
48.0351451142362
47.123997672389834
43.37956699092007
45.06241339553743
44.73449989943872
44.979022679339835
43.090108187735765
46.29155882048874
43.8768673408754
42.11245027056462
45.67566222089911
45.5903017257927
43.41077628206724
47.161834500651786
42.2594920155052
46.550799978583946
41.10831499063609
46.07161221397144
50.58786472180206
49.4453736048468
51.43656477129409
49.56605529400269
50.48464867575736
48.11160807420047
43.746773723252474
47.93983857629815
48.627988220869504
46.683285856217324
43.988946407203045
46.42571720999283
49.2344852222268
47.05553029264086
47.27917712780661
49.39076152014156
47.29399660974939
47.14497053623934
49.46566824179517
46.44401223094675
50.80581933169736
45.60770508040723
49.248966200314754
46.36169896366038
48.02114295165913
51.70947934566246
46.17473208013456
49.19438877244077
47.00369729144526
41.982819337202166
42.757002451212564
45.957211231628406
43.14635769603709
43.924713834294614
46.82833229901442
46.409990371883254
42.45894898867469
43.731613170106414
42.732521974736244
45.8790863376002
40.8876228284661
43.772478114124844
41.77313184974919
45.710075805688504
38.726923185132925
42.1888248218913
43.3524396425098
42.14053009167254
46.41763433475553
44.31739916613019
41.590865967963246
44.96005041191772
43.30180058676621
44.668298446109496
44.80589359752468
48.186415425559424
49.0974456249331
47.07497851961054
48.156399763457614
51.24526086959435
44.89343838871113
47.80881062813326
50.00323995879293
49.44581909549228
48.04473440741408
49.29046749847849
47.999240361293516
45.30918316287472
45.589291942553025
45.46571431336309
46.71262045548205
44.93669515049353
46.18240100943165
47.85840221213235
47.92901149022984
47.84792932812592
47.63903448406288
49.832705355609285
49.111475347030584
45.31180985313904
49.40165989932836
50.12406912336479
40.879075573571704
43.907798059866835
48.33745964926373
38.38446033899907
43.21698820222943
46.2023933634393
48.05057061738698
51.745375018685564
51.21563099341101
51.07145603488416
52.920112569956274
49.323225059087136
47.93907382344841
48.235469384968674
47.7570064097288
47.55484928225841
47.28348580546764
47.89542341217128
47.92797373926838
50.16933694719643
45.26531691642302
45.844982706053436
49.311907479456266
45.582047823845066
44.815470502939526
43.62896755264326
47.82720872307087
42.605156914664406
46.6167041494
51.00557882744608
50.03545811034308
45.75555680971327
48.49454272761584
49.360997422416055
46.771152030850764
48.97988261770362
48.802979667104594
51.62377201092404
50.74281671467728
47.094892959256775
45.87588461043557
48.350905601426604
47.88923845384036
44.704574226803494
47.53115319364962
50.77583264002589
48.85478303985544
49.097897018649064
51.16700332023536
48.37934550657636
48.64070175721272
49.01183293344392
49.80162596244694
47.4923232565212
45.11163348416922
46.31358302189492
44.38770790088023
47.11813848327566
44.77986627757708
38.66963736202191
44.044155975988176
43.35447651511719
44.65953841533623
47.042240647398266
49.61627100742298
42.44693949528739
42.31188005408715
47.06963789748783
45.424974430845175
48.85630263203914
49.87973647513876
48.23868453644338
44.32281950029539
44.49015647707357
46.415565249910976
46.02002076540357
45.852293848438855
45.86437704552843
44.567096641239225
45.54556486207327
49.43455847777018
47.35112244664675
44.18564567335353
48.903426672890745
43.91222042203074
49.13274616274759
47.41714229085224
46.42309009548344
46.71662319575408
43.987072768474306
47.895741572071046
45.066931506239165
45.75758512597935
46.38819932470367
41.98772961346345
44.298587944660675
45.768243426880126
43.007485621407824
45.244410231379604
50.40546401487727
47.90655420169647
48.3814151266192
44.24286891522266
43.7573409443114
43.91938988000236
44.03952555463633
44.677656664521855
44.88300629886391
45.4354994070972
43.896345009666504
43.53679758809153
50.11779346159874
48.26760287307774
50.772483708428524
53.07927847741179
55.27597088770894
55.63547139177554
55.47471526489659
51.88288290816312
54.80699715385459
54.59383338749067
52.953123812910036
54.067798608338016
51.10978100206167
54.00019871997022
50.22653358382308
53.185883984145995
50.394696718702995
49.186040511571825
46.10794182543228
46.90243027270706
43.95542843610147
48.34107758091032
43.83655194160348
41.377104477688405
48.89758640728314
44.604536423863955
44.15379752151778
47.35933404339224
51.1322823457079
53.76826078890696
51.596709408986946
45.735928254392675
43.7866170399978
45.895946444741256
47.69407578798771
47.729765394419935
45.02255510167046
49.57958299276679
45.96370045755717
46.517153797619336
44.99574230127694
47.38194494456769
47.41044932583341
49.73686943775776
48.94515662401584
45.19838460416235
53.151203323201514
48.543389356965235
50.038144006365926
48.43829178208855
50.92059130582506
50.52971072884776
47.978182841880916
45.76872827248411
45.01529509394979
48.11208715821262
46.15540619900218
47.52342914883316
45.95109857899524
49.37951629448866
46.6474004223171
46.971660798710765
40.907036775424125
41.84838234146432
45.650837601055976
38.133574300600145
43.53096574683566
43.759241051084665
48.254222483721044
49.4603229499053
45.86593906044002
48.22790957662093
48.79541537369345
48.06844757886926
46.40951498016285
46.32899866189159
45.569052002222364
46.23814384973505
47.26843584345261
44.95346509786688
44.107866037567184
44.47768608469521
43.061350263516985
43.298321604684716
45.96729077334655
48.31131906776707
45.16465616489726
44.97024106271179
44.415226843358504
42.87115036769365
43.979148206239586
41.27755083391006
45.516601532733546
46.6131549617475
43.856530904821504
45.824618846531465
45.36978167372737
47.6438913139364
46.968707770898234
44.28923602233372
47.770486529504986
46.00134278705389
46.20587873255336
43.687278755920715
44.71511591856188
45.13047487646029
46.112411917402895
47.65786263542271
49.55717550076955
48.10443492377156
41.505628452001616
46.182458833295044
46.860715317543836
42.18376327182955
45.100980770051464
44.833249117116786
43.5121783712453
42.99029156197259
42.28877317343905
45.8711186014552
44.12524883427168
43.276300851757306
42.90498139281411
44.26223336830275
48.57852023198884
48.19537824306254
46.2922364920431
50.95421736042037
49.68922310937553
48.986536760949484
50.398644583493166
51.36535448374327
48.60490960568915
48.11911166928413
45.46027313857332
46.99086485400615
49.17394335320303
48.02511224756466
48.918173151071635
48.04617244991219
47.41060051971761
46.29722009843743
46.10817297288444
42.638733880907914
43.70282612096573
45.92871555280228
41.87712641053817
44.80512484718955
41.44310402151324
45.354151715432856
44.92855021320527
47.65334900665525
47.88077749690828
45.943743933865846
45.10908255054894
47.14209015217725
44.07386057851292
46.669961817877066
43.06142536541002
45.69676140546914
45.044415945662784
42.81484395003858
40.27475460236552
46.44794505958186
44.544890035548725
43.93961531024228
45.29378673041736
43.42554486461306
44.446108466843846
41.65187086390587
45.71454510239384
40.94927372990848
45.75872124752092
46.782630136913376
41.877075006153866
42.68379604193531
46.952375419000425
46.500044729934736
43.73168851020202
44.606320644405095
45.164368033031785
44.0770695906913
46.97318371418147
47.52339593269443
41.160073965037625
44.24910407908392
46.15889138268046
43.93316630564052
45.17421960163762
47.30728788090395
44.6985619502089
40.80595068608696
40.79055332865932
42.311095222217084
41.69758732316856
43.90074581850389
45.78524493478495
47.55106002120969
45.884573303928455
47.466302203241284
43.31539766802543
42.232587556146484
45.14256990634391
47.13579792892993
45.39775162807765
41.15820528468556
43.795020353947784
39.402173709323186
38.871694930355524
44.87949706777063
43.08829621686377
44.89100943199458
44.08256875052021
44.43063769327269
43.85471149876431
42.66055118246511
39.493356680862114
40.35777527197915
38.545278831734535
43.720343439551236
41.795879311012214
38.63253014589138
41.15200244067001
40.18006595487524
41.82105803802503
44.12689585639343
42.37877883083223
40.34485535098898
43.722989911886614
44.35821152635026
45.58039223081699
40.59177525961404
48.058169284834136
47.06646362631818
42.278610232060004
48.29064680598024
47.77260987903345
47.76669954501031
48.20569389494865
49.795357306087766
46.37356447605205
47.70306431374855
45.83899195216406
44.52940370225724
44.80128941974604
41.45181109622012
41.40191710872051
40.023230094021784
36.454109353191086
40.034843333786355
41.49300063437065
43.934074129019734
43.272469736204876
42.52117342218684
42.12338372088805
41.56417940648434
43.45244780763409
41.22042992470169
41.59653396043805
44.25251893477262
42.5799948275198
43.56482747115473
41.76885080406171
42.734399261890616
40.901810133650905
43.69369483640555
42.75120311668005
41.89162087703841
46.35365699260883
44.08927896306506
40.69521347879329
41.91462482603165
43.95922990313677
43.62796061553299
41.556053281689884
40.73882546056073
42.62605605645502
41.858923771551
44.321965068376045
40.78252799149681
41.60246464979656
42.61016346544964
46.71581712019663
44.39516285538703
45.43749750814008
46.4052490580834
41.758752937717965
44.03244771612481
43.33346786937762
40.67324371339819
41.83695125578105
42.214384214735134
43.29771512178027
43.9746814824341
43.1629937250433
43.0136511274224
41.984651140022926
44.635392131879506
42.16051658925242
42.07315477054839
46.18559147998737
43.20192492737111
48.452288812392496
47.150366756274636
41.67613145560892
41.72315524564089
42.44186687950871
44.09662353665346
39.844015065190206
44.42630671185971
43.521029529082895
40.781045215755285
44.25708248325419
43.388355581719615
40.808486096858566
41.855847177284886
44.600287007209666
38.94940272630135
40.70715379844583
42.52308077338092
41.62321145832695
40.529733406986715
44.478142269147014
41.07343342780565
40.99920419923471
38.5856771363648
42.808663761786335
42.28068646647376
38.01708632211878
40.07052221879367
43.63836715372841
41.353543119175995
45.66551646139511
39.24698719092905
43.27356897338394
44.72204841795454
42.51570486675968
41.95331931248129
40.85059132091696
40.778353050143004
40.163450386244946
42.79843362046995
38.3000858215665
41.09186612056392
41.989670897919765
41.73503762106047
43.26217579384479
47.04538625456344
46.18333168783709
46.22110922481304
45.393334420946196
43.2265331481051
45.02647381807112
40.282743984744165
39.55984990833711
42.62212411516293
43.19793868151591
43.88450225875635
45.234215704516075
43.64957741837675
41.52282046761269
41.83802788966481
38.29766580092663
41.221952459733636
40.58236096746128
40.02222984605494
45.073104282130444
43.696513567479776
41.662968325695005
44.74019915720305
43.31214822578906
42.998351674173264
44.25001015174156
44.46769541321237
43.62572442613642
42.55359620045813
35.865650767275085
38.372645980721806
40.116250802083556
38.26512393425473
36.01142603116287
39.47965722221065
39.52145568462898
40.339124755847344
43.011147917275736
41.59385981107121
38.718735936118165
38.865125739988706
39.27812108241851
42.28082191126659
42.98594921963113
39.68854442333815
38.77010663755646
44.195246555952195
41.49937453166606
39.67211625432047
40.76074744822731
39.60384111986048
39.26840304623261
44.19398302995364
41.29716087539331
37.97112179025351
39.30940880472557
41.63198146861298
37.57464908499745
38.813786553044054
41.171727169891284
41.05017440205718
40.758553627871564
41.22424603362148
42.05050862195648
37.539985428301726
38.346380234333886
38.692458376050666
39.40541778382635
41.11214545991341
39.218447845182986
41.32128201956932
38.277020990237
40.53793198771034
39.66109382061179
41.10770006305627
42.378701128652935
41.09578533823563
40.65770151169588
46.03033768484833
41.651756231142656
37.368702729061
39.122280331997494
38.975231723683294
39.2408486135511
38.56659707718499
41.13635134600239
41.17984829131413
41.97701394598328
39.48086177300236
41.41811534798984
39.66615304204061
41.33425202370878
42.15238823701371
37.110497045452576
40.11974058130127
42.132678652002554
42.47913023423965
44.50511507148492
40.218470339391686
40.67198565955426
41.98474594577333
43.51403129657787
40.82606373869713
40.01211240387168
42.34674395426162
39.48347691745121
42.3263849378178
44.679126729681286
42.71426782023344
39.945440845348756
41.13808381423378
42.54242790082149
40.04859132388774
38.07262173690294
38.51468181288803
40.37279925449213
38.26512754117178
39.61618551835557
41.19251472802616
40.76633846916644
39.77101913968228
40.88675533943043
38.80724849740619
45.56914356529177
45.00038342845066
41.99025423605336
41.62070519924942
42.25921331751769
42.865103690095005
41.559251397364115
39.88804571688653
40.334730703773985
41.4126089955801
38.3186978679164
40.24839027405021
38.451320069638555
40.14616572822797
41.60917616710748
43.563099296662166
40.6098102651904
40.13496197908059
42.05436200812131
42.45981356614293
41.59738206445904
42.719927636431954
41.97680059601339
45.590619115021866
46.27644712359278
42.34629408339872
39.145860163889836
39.06465786533225
37.56701150575501
41.16416533344514
40.01942355257143
37.15371120534329
41.85891085405102
44.461084197520975
39.66745371367072
41.87682258292148
43.473494519276265
41.59130806701069
39.79038910974004
40.79083725324554
40.93881889717085
39.46722552898225
39.10772400530718
39.51901377359506
43.32776064545813
42.06655278606655
40.183979659130365
38.82281597338357
39.76569975739268
42.04858918177888
40.93887703937074
41.724639925848315
39.76986355374711
37.738281931621806
39.81296148320046
40.24315827671795
42.826129962236884
41.852278944821954
41.7137816124846
41.93919505379486
37.98286231741557
41.43848473489681
42.4998706852368
39.923970875736096
39.4400964564436
40.192999644999524
39.31210405922373
39.10497437087715
38.864263840647055
40.14871578642686
40.2388999733835
40.024974143946466
40.89174338169536
40.20200063923721
39.7382934206136
38.12812223782427
42.07036135294811
42.0242944151955
41.32079216878796
40.94856413340867
38.98113393577403
41.92698732702122
41.52654181203444
38.2940780466445
40.72288236941476
41.71025701962317
38.989138516321475
37.03350075361631
39.331732188947
40.928544031091796
39.40146753688314
40.966328994194754
42.2040166089826
38.92955438741191
37.5535985160063
34.76245160591317
39.411053284294994
35.59707003152747
33.52005213158513
37.26492862768125
38.39483413435496
42.25197907268654
44.630220711643396
37.6958327386619
37.42260146678521
39.3128156015575
40.014972092121035
39.85743319606339
41.18079483170433
45.055993375958195
37.06335219128628
42.26913145773973
39.33213156262227
41.45199045583982
39.536343643121086
38.64624594519869
40.30854255466445
41.8565670313867
38.87781780211188
39.504925722913306
41.03232412448393
36.97741766784477
39.04803818452685
40.78385793665565
43.797702549169536
41.783746964163896
40.96741848334438
42.228336565142726
37.13478259811679
40.829729733977594
40.78894488160474
34.71485223189403
40.06068876068598
39.303953153921036
35.1851133259772
35.343648814354175
40.10113661484793
42.180755141888994
41.1223349430244
43.50321452623043
42.62546463764172
40.67015334575659
42.50381372837875
40.19425730752891
38.560180660200174
41.41446203869971
44.167985696251144
42.41994290088567
37.64442624003268
38.38446355821362
39.51259570996614
38.63976615920514
39.41028678143257
42.08222982328145
40.370369904910355
39.08638497359674
38.926199136816905
37.95366780649281
40.572862756435846
41.3264221812893
37.919961185868395
40.667221484177674
42.604637714926
41.69678508780682
38.046698475508
42.245460205671115
40.582316476919786
40.81727220232168
40.83855061005966
41.785775500750646
40.11094657909348
38.71316237278845
37.860332025154456
38.25724991026821
36.39777980355451
38.81825556006103
37.714943935109225
37.54224010978648
37.77799185612938
38.261750927559966
38.25334707615804
36.65212924197749
35.923594311052035
42.196052806246946
40.41437658876852
35.41689627035876
36.77965516136331
35.59352531285127
36.91548679983939
35.67728230365093
38.269239095069246
38.14169185962861
37.10960470398478
40.09748280753388
40.0650759370223
40.979054534898786
39.95679463679019
40.42893529152926
40.195186718071234
41.236531806766564
44.265000159971386
42.42080438573005
39.944600086890205
40.66869735873025
40.46190387260244
37.37068731033882
39.52831007314516
41.2453759648838
41.622039318308055
39.45433976628808
40.475899664704954
40.72514914946822
36.39461354497089
37.984448557882054
41.87652790062199
42.68057542851059
45.88782544528204
42.18698650001212
43.434967550372534
38.854894705380154
38.690992174105716
40.48243123677065
41.13395632935015
39.92500076736078
40.05469830370999
36.20993268709043
39.76504854506879
38.409744011956455
37.50073191738559
38.71407205725685
39.37541652902341
38.72690158176624
40.85291029700695
41.1995427488502
39.95561045137418
41.222459138379826
38.68238886047224
43.43830346163175
36.79670721897755
42.58107438207804
39.88824736301018
39.94353648552824
40.82988639442749
42.04990318146038
38.97619085558718
37.62452570659535
41.90478401127428
42.554128777546175
35.76404951854316
37.141829187675725
36.91119595976029
35.825884350022946
40.22498930641873
37.428557156344276
38.145323061128785
36.95939229943303
39.91334931117986
37.0536250474354
36.705659850750074
37.322222316827244
35.9055101881594
37.48839342537738
38.51955813532721
37.76951817793738
37.681290550442306
34.62924029998705
35.821379425040256
35.850535521798264
34.890854627353576
37.610866906291875
37.3188160058923
38.05799128319179
40.63061813074051
40.64919764827096
39.68072550902743
34.18305714777588
37.02352961538437
36.47147503577491
34.51192103240072
35.78232129550261
34.68968820889019
35.96099635634971
35.28695236982809
36.26250416311126
36.28025650250362
34.50147010241813
37.61341640209249
35.788980476964625
36.82787558166976
39.19546660735841
37.213614906540165
36.82431689676444
37.55991886491018
36.033046428876425
36.40322101299568
34.44637066049063
34.69685177780844
37.60857546044122
36.22298303767066
34.64969878527986
39.96494495308667
38.474081100809
43.01228710868364
43.723699165472155
42.117654297339094
36.5705985513721
35.50302471548636
36.79451599185911
36.628487101464245
37.197983126744866
36.85618153762192
34.48109189396012
38.1424001689234
40.8633708666789
41.34617719966738
39.80438021308728
38.27024015810743
38.20212437174632
39.54239758363397
34.69803894585531
34.79362915859789
36.57067424800374
34.02490116078212
34.62283056545373
34.88356777138878
35.533156079361504
35.771456533660036
32.6283470234213
34.55861183134467
37.3172914821091
36.822957219846884
35.96356105264737
35.631847763744744
34.297478010288096
32.872084279204756
36.99929745689324
34.23807893276175
36.361584468017746
39.81754684064935
37.96382334770186
36.69349907241677
36.37662235010245
37.25562835922919
40.13505209152445
37.26125690051178
40.73807036482374
39.694341005685246
41.13022399236671
42.298153527769415
44.80288664670034
43.609844429837125
39.98887385823568
40.22356553928022
42.72388189519981
40.59701195096388
39.30962573607867
40.147639829098495
39.43842522182118
36.45521031684303
40.47903349254122
40.88621956543173
40.91776042856016
41.62180920195729
41.69270024725711
38.83949925558741
41.246210436398044
40.60245382733625
37.85942045509368
39.388332128440986
41.449662056981076
37.41516100827871
38.76598884927965
37.521108351619866
38.42284543985717
36.86696906563475
37.3781419688704
39.01300211780496
38.80219118457936
39.24893357620823
37.0983698085059
39.87964884349356
37.33527481473184
36.80770647425774
36.090287391363916
36.352957640145604
37.522763972997254
36.60914598885662
37.62755655248987
37.74807980873451
38.01330348665519
38.626401636573725
36.79598660853512
40.059238953683526
38.38752264328573
39.20935705193105
43.16420096544929
43.17606530848661
42.33267140611475
38.822222599352
40.54523696097886
38.071249039742845
43.63179537608914
42.041345969162286
43.56149182160581
40.31516995260057
44.621632464799596
42.97393877482555
40.46681895073666
41.512891625671216
42.42489711999445
37.96958723569361
41.653896657050666
43.299620169535814
39.96340364302285
41.12548360797347
42.766661255782495
37.1307011450413
41.288113037249566
42.81822857443256
41.71234967752109
42.01740275272206
40.76599544688751
42.75699720654132
40.04270888372391
42.068884377497064
43.49966726444431
41.82269286373023
38.77186871794757
41.142630200613006
41.24281326620516
41.791837020865486
40.27154054280565
43.199843590850406
41.38654962921359
39.057373790782464
39.509568854672786
41.404468471858074
36.9105565181927
41.74116423559687
39.49577498971476
36.58570724311421
36.74715732717192
38.84879541155143
40.03702097281878
37.39255040658186
39.01553725167801
37.36969398090253
37.576304105410784
35.320507151962204
39.44167575709805
40.15493887183693
39.00996743571288
40.7450436631057
38.4852811476787
39.99072061435992
42.61968122985506
38.784955541627276
37.7419393569625
34.733526175028494
40.24241139934579
37.49982682354135
33.62772617773215
38.38869610706636
37.1084707536912
36.11267272565419
39.620438327248536
39.838467749624044
42.739459907034764
41.71503395001222
38.35776543518773
36.8639737243026
34.506983728648905
40.185828405959555
40.72049152265912
38.56478903656172
38.97540691876446
40.05254640640081
38.51000708748963
38.75686530179567
40.5834693441053
41.94513965254245
41.24430606899929
43.39759459653641
43.27384185583392
41.15894223656061
43.86635927647911
39.652392465286695
42.10504518856425
37.28332457350765
37.92434853818837
39.35213615770001
39.07712199160709
38.00408475940937
40.15930340807592
38.58166098379346
42.88378898703384
40.90802799406242
38.32607501472994
39.051577957186545
37.3305062711198
39.36828870585721
40.79720269310654
38.04633827293035
38.697326472094296
37.79883789762045
37.092600864302874
36.803005916267686
37.03599671253372
37.54199724986533
38.519931194887924
39.42715460439495
36.56802077050129
40.12590718924392
38.46176230367708
38.296701044006085
38.16434498335716
42.549798458103254
41.9734131007689
39.55474602492613
39.35879621418748
38.98755603054637
37.96460780742125
38.10608614310397
38.431500005987246
39.1059133747413
42.94580582169896
37.96696734390989
38.8884488665868
39.79934513871747
37.03096393099662
38.14549032223167
37.10620369563239
36.967086670414574
36.612170709309524
35.899609409354944
37.271608624177446
39.64347154063275
39.255792093717545
36.29111315706415
35.31346977915255
38.99916752171936
38.155768958937266
38.112608436294316
39.94954458251669
40.271977541545375
37.87081568263351
39.23389439562614
41.97047386121019
38.67031716713417
40.00924828816781
41.81147051362243
36.141329203162684
35.61049373909824
38.78047994149785
36.35440688640544
39.764101899235875
40.43062899158389
39.31782987916585
40.638112726861245
43.36951307432768
41.070272386518916
39.09534241877185
38.141262827112286
39.49573435995637
34.96986361086053
36.95836879897853
38.650461700271144
39.14427040911134
38.64412470819203
40.59036715835741
41.224680154901115
39.27047036187851
36.89839358001158
35.45302710310507
39.09282093341784
38.990058554576684
40.845126552311825
42.8084742085581
42.32869428786688
42.77552616615223
40.07807970718099
40.46929897992469
39.440462604198586
37.69107387493748
38.044410791279
36.25015543315267
41.34002519336524
39.04854513558757
39.32216022324251
40.65000942795798
39.54891343581483
35.62757352027311
40.98657086736634
38.9363832227705
38.448057485437104
39.441580850401635
38.36144197017022
38.98251780668921
39.292941630727164
37.387875865676754
40.566906863062805
40.05761937645658
38.837175425663816
42.03312738926168
41.5577441918018
39.15847437549666
38.02835264357626
39.05830589260411
39.705239376808194
37.179118296400624
34.9698310192484
38.842744153614746
39.632145243746784
39.931389403787264
41.370795301763195
40.72348886564845
39.50217744137208
39.195794587692156
38.71128517722664
36.34345362856764
35.46353752628576
38.68681159149191
42.27964966957675
36.68351450048031
37.3535423468706
43.15689147867854
40.56181468274083
39.17779175319249
43.88816226956591
42.17547472767559
40.71267327838196
39.93359231146939
41.323694700232075
41.09294161179192
42.656300029946905
39.677200634061435
39.50161802889486
39.32749326122449
40.4064550778454
41.19650620105572
42.70129169289211
45.60611721372119
42.82350336474483
41.336508233982784
44.679525330016915
37.285835042769094
40.562824192497565
40.738198372515974
41.38166313033279
40.18621088143342
39.6626956606913
37.679095352573526
40.709021666457154
39.501600478851145
41.03729809623808
40.37081596250127
39.01809839487814
42.24099844186936
34.9925284540745
36.7629513611308
37.974133081616245
37.495058822017064
37.456975980349455
39.420728839767
37.42012672316335
39.31344615209276
40.12805621484673
37.73870991792294
38.31400061778692
36.74588991018242
35.91204278803162
37.092043571758005
38.32872553388538
36.992190810379626
38.40305636703248
37.86451533551411
38.063629174068225
39.90040200372266
42.243192931656615
40.58637924791804
37.544097983474046
43.696728554887926
38.23761584146706
42.37453874242603
40.36122953629192
43.55220920246017
42.611813479371506
42.94261916510673
41.02130421358532
34.380305545937496
35.709216717504816
39.61783830869393
37.23131408201572
35.40816745489214
36.53958844317576
37.91332070408978
37.02719806721354
36.67310609318181
38.85179671526897
40.25959228409465
38.734455344703626
39.87367389490676
36.646250193199684
38.03220873595091
40.34946647118596
39.57684377579678
39.965471509972964
36.169406016344986
36.024549403972
38.2867631907636
36.606260650030315
36.73630369363228
35.13969394529385
38.79331336467351
41.57275717052394
37.93263658394836
37.58437311471322
33.25517529837478
37.51642779305342
40.01765852669692
37.01279577303481
35.037021470359015
36.0876432428833
36.575308057413885
37.209956453657334
37.09709252518681
33.87828310805133
37.04219038123151
39.3309071363785
39.883072427074524
37.05158611103936
40.71102594623088
40.34213517550785
41.8086679878507
38.23758123124137
35.210444347206874
38.37884703769109
34.651455455102685
38.715758114613294
37.590794146909445
37.62016483113095
37.4205404018449
39.77915090263654
38.67609239846387
37.069259258868094
38.32870357037134
40.744054086682915
39.111311767594515
41.12673742779897
41.073436875274744
38.94045944751472
38.25160770283267
38.62971263678914
40.95530068051543
40.126401666436095
39.51123541085756
40.427286253813115
39.206064579666176
40.33202045118695
40.929760713805024
43.292598060968956
40.638649804059206
40.9592737138596
41.71976896306578
41.04541984742478
39.934193027218
43.2689791114495
39.634482691241935
39.57770139330035
37.26016438543784
39.87649447075507
38.67190043233703
39.95771481124605
37.401697897087864
38.37200634149972
39.753553378750105
38.21491190794405
38.14786780981181
37.11841678594051
40.61254985337779
38.48590205068873
36.04727296941206
37.66261548504043
34.27001849310587
37.621323725805446
37.854095588779586
37.58914511132487
36.37934672301092
38.944752439767
39.701814102165265
39.93869090727028
38.96719676934516
42.500177133070004
41.0883110997018
36.39398970545938
39.74191928697775
41.54128497156405
39.223721490962525
36.85428221311052
34.96490384199597
37.27443900822389
35.41371456995799
38.63451933370548
40.47365952675304
40.207674046817544
37.3708610775744
39.01117144124992
38.55809821649994
39.31832681564618
37.97269478596947
39.341931092453954
40.65676338750038
38.3826533608504
38.07482481472621
38.38113707859414
37.86635183379083
41.10963257478173
43.67350489826926
39.106594969505345
41.863674282202936
41.996049084166536
42.362572562279574
40.8404243937115
39.24439355350195
36.691185107491556
37.65275419809605
39.938714863469635
40.343082347025295
37.07037350651928
38.14964776976351
37.02001886631797
37.74549793454226
35.61741061612143
38.33765599653324
40.8990993538548
35.440136185946756
35.362963349330016
32.570393524605954
38.825524129268075
37.7305977544209
38.421999752494145
40.03446935282449
37.67064311959025
35.126278661194846
38.195302326986784
40.313763984596
38.82972808334045
35.95366306149548
37.68655272687005
38.75676189688109
38.43134575272122
36.30048778860159
35.883984401815326
37.296018613783914
38.571225448644824
37.30232945695717
39.49685229694428
40.890018242664404
41.42515772753251
36.9439962826418
41.228411307200496
40.986020962723295
38.717246533220184
36.47935584451143
36.63236868918371
40.09887814542496
37.159376062971205
40.08528430657492
40.569339823395815
38.97944446153733
38.07061796147313
37.30732167779284
37.373491627491696
39.133843592096355
38.56446656642093
37.75457551182374
37.21724862138537
39.132837334692205
40.07956468484483
36.59245241765071
37.85563921500404
36.718953133362305
35.2798039754634
35.73639340006546
35.86033543324295
33.54038272193616
37.11913399363718
39.69360919675123
40.345533466057766
39.798041343771295
41.49866246944194
38.13690445151226
38.2660541113173
37.91902490436714
38.61580026021035
37.03215900289836
41.63746450788035
37.86699892595735
39.12049480329969
40.28956962135585
37.88343485022581
39.193206590870524
34.81472207440369
34.67478025577133
37.07560290730631
36.93292930706912
31.581594214840845
36.05275730488827
38.4607499002359
34.0411362302969
38.392771661175246
37.2500473001075
38.296665165538656
38.171390774803
38.31772872229431
40.18882322224346
36.86889521267165
37.446830328560516
36.310664367448204
38.80728327885971
38.0755711366656
38.19991878506997
35.987819263428385
34.220318034154786
36.336824706951944
35.53763558286878
36.908738577585
36.05542518868253
39.25839958914619
35.53484424562696
33.32315080127942
36.4011884599478
36.79719976146233
35.92006244105393
37.596407930558534
35.11445510658874
35.60858352692921
37.63089487745302
40.220755774275176
36.594842749446116
34.626916426929135
35.75847450155303
35.27951571509274
36.21707113009295
37.75708597040529
34.65442465632304
34.245795969203144
38.86972119704585
39.036152719682676
36.2973227496786
36.77867558406303
39.30420572805232
39.83731582198057
37.25090587901158
38.90077722088055
36.229444642035205
37.1649422629617
33.21927675954702
37.363753960377316
35.55182713624584
34.88046843356474
34.98685011961429
35.746160278901904
35.874517015813055
35.277715796269916
37.54732085536444
36.94224103134715
36.79332455698652
37.139515191806076
38.06487206843237
35.87834630494268
36.53773014773384
31.696220643559545
35.969373880840706
37.314768177546995
32.148607385476936
34.49240557878049
37.44355286444234
36.03543916695144
37.83895626955422
37.13840299765354
35.3477591170511
36.30872710728781
37.906116348986124
38.769895825846746
35.82846861758974
40.33267223788476
35.93094483116007
34.78554569231135
38.72471852242676
39.27274854199461
35.13246982996397
38.01777786199538
38.98818289231911
39.87112254529206
42.426186632879286
39.41742785152973
36.566127814862476
36.659254268385624
38.11732134551606
39.39887540467333
37.71095475722212
36.234361803320155
37.15257338293828
36.3571724466366
39.25712572143908
36.060822875284885
37.12222757841543
35.729172731462796
33.21533318526558
36.350801763769894
35.39368641193701
35.0255683854119
34.56231155888414
35.64707354773328
33.502294937185205
34.846512312396044
38.90854564773381
34.560248787212146
36.756262681277995
37.42704409659206
39.21911891041208
37.01894696727695
36.15880838934601
36.283892238952525
37.38903122550933
34.177252097545974
37.21161912456548
35.94398584995322
37.35890986350663
35.43080527812542
37.595435999718845
32.88322718651243
34.25709099079844
32.29491030610913
39.36276231327136
35.58962660855456
34.84507265785978
33.84396913898655
34.200553711094535
35.29964914871486
36.94463777907084
38.15637869373362
37.65112689342871
39.29072687494666
37.447698792513435
34.942731310278575
38.87250898637215
39.88472403524654
38.75476478053551
36.554440421137954
36.59115721529011
35.94768132342207
36.797424228122196
37.9460968551668
35.09500605666318
38.013228314625955
34.84907301660856
35.9069692506027
38.66064714266013
36.83994469397135
36.251796175915196
34.981369221204005
37.88075967672499
34.50697468938711
39.161669302852324
35.469014934721365
32.19925349166932
37.204058080773315
37.202296985073104
33.10394005896489
35.052215760685336
35.93135186458471
35.648933768100015
34.47934778217972
36.30330335538165
32.8840166950205
33.762578114609
35.13346967716509
35.25899768837809
36.649789493436785
36.820165720504804
35.695575116334595
38.98519681817518
38.69702041046698
37.449092950984976
38.43759045177271
34.34090949283831
33.650865780115254
38.194922067447585
35.744012927823725
35.45051340747377
35.692492124303264
36.78466882460015
37.01523703607866
36.19498767518576
35.67587891470477
33.499917312637436
34.40297609673978
36.826813475844745
38.19768407341488
38.613505348335984
39.262130350767784
34.2398768355175
32.87920614759095
36.135460646364756
37.19087037304123
37.23659151185354
36.764625589417214
35.79321258120867
35.174644851176744
35.904372184631036
37.52908094002893
34.213634290661076
35.95910413603736
35.88660480918779
35.00981719094111
38.19186059649855
37.92674137155574
34.98757828442397
36.113236895069875
37.03542130454631
36.19579338811985
36.940886308784876
35.57073006663127
36.38442710695955
35.031598705429815
34.234704259946284
29.95999538054075
33.783812995447285
34.624755059048056
31.73040350477044
30.76353445375508
32.886532155265066
33.64102073174058
31.066382817898493
35.70748965935624
34.89524214319851
33.64572220296731
32.889128074473795
35.21501554533153
34.200816284706114
33.02813129747251
31.93251637556682
36.98792369545712
35.37837789953383
30.466778128468324
33.47788853466675
35.15220288395993
32.9727768198328
35.8012843412743
33.25054549498386
33.0849586102059
32.48059912574465
32.82556500098356
33.843424605064506
33.777457755418524
31.285015475786576
33.51617266175618
36.34375040221391
33.61777924515516
33.80860260953409
34.86923838171086
33.64152198443433
35.69258529056837
33.63341147418945
33.72601216346529
32.90554401146197
35.053197208620446
32.535606002534
32.93806891168504
33.832171038939926
34.90036242844387
32.51676708981996
35.64854471798842
34.30403583855411
36.26589018085319
32.547983837799485
35.73800398111412
33.380046307135764
34.88480880732709
32.42347719245438
33.57007275999163
35.55486455593182
33.91961901643941
34.50741609221996
33.23561777860393
36.52492009437228
32.14350712695692
33.695023426293965
34.57660881142049
33.16699676557362
33.617557956991384
33.910227693740495
33.711285810371685
37.10019916169759
35.25406538946256
35.76871890295632
34.457179220383956
33.64181586975481
32.897680119062855
35.43469810661146
35.71860938665182
32.49935829915365
34.33545578283842
36.486505853540514
35.89331874003503
33.62764797633949
34.82545930102896
33.35010596180232
32.93403228216133
37.30262656015124
35.7796148453565
35.34247363647937
33.873494080398416
39.283059284349726
38.175348605543384
37.14179668102906
35.590388478291416
33.10277713709002
33.89204544370116
32.30291078774858
33.54964251826423
36.22212927745122
34.50128380488272
34.58263529791554
34.385963699001906
32.58415828116333
34.79312057681144
34.9962236439637
34.6787304969029
35.41470800876084
32.73520437132454
34.695901529623036
36.010430786911215
34.560279225563086
32.097806527254654
31.749534369597185
32.03785782946195
33.918519812078465
34.02600449551569
38.138636691258355
35.24482484888457
34.373188604354254
34.07295014147273
34.95739678557633
33.18091708590159
34.85721209746203
33.806048286770135
32.533637721489555
31.342051628003038
33.20868300668803
34.54809449204482
34.36082271789232
32.69129037741617
34.71778778479756
36.78649771625105
31.83936343134522
32.64862787670634
36.458338622719445
34.32164237815973
31.52016374058272
34.42311745256902
34.59188142322577
31.86194283958649
33.73347649000283
36.71336889017117
36.16220180910371
36.270509090463186
38.412384850328245
36.748490193716364
37.85724589912942
34.580876466434994
35.43437634738761
36.50819163357553
36.72525499741878
37.09391221531344
36.813787896870636
36.02486904724085
34.63077335475252
38.855878952765586
36.69333256163381
35.734767424652475
37.737135903118954
34.169903747379095
34.66498052376238
37.85273915996132
36.76353132124771
34.97394447701031
36.03867400013648
34.74546695309907
34.836693578645026
35.348445153221796
37.40630818356046
37.647593095979865
35.80893740575925
36.26250603167483
36.43416749030858
38.37222996743717
36.582457021559335
33.9262909244969
31.369734922149345
33.95535880941339
32.841624363388135
31.26113138681437
33.05492777595193
32.68511184201673
35.3017315043321
34.27808329865642
33.92219881872871
34.460912396654095
35.60718062616135
31.413629207795456
36.3299823570251
35.85759308427317
34.078975106073074
31.227769516101166
35.01952471886826
33.950359680592385
33.66102512150224
33.07905179554752
31.399051071720923
31.538233793644704
30.691991133041657
31.250936088840128
33.180640804010025
29.554157258230603
33.026909254706965
35.09348624104549
31.851194062438182
33.11998165283481
32.42628763614144
36.25589883159786
33.655143698136435
34.648560299524604
34.03643104508586
34.43936828007157
35.500878748871
36.331971478901444
36.59287277414553
32.806207496569186
32.00275387659267
34.73514694648966
34.464604819738575
36.35109741256352
35.88083390718778
36.74381201348995
35.78722327079513
33.74601545131278
34.727311556237915
33.7767079785598
34.88942295148382
33.5511477642754
35.95168820719848
30.843018091473795
34.543838187226605
34.22221963736986
34.63672052673036
36.61440121273634
32.94250087030307
36.890272092307825
32.93981095098546
36.278052093550926
31.291412969807155
33.31831687387339
32.5577391987368
31.766964210186398
32.37282733958376
34.88718351105598
33.74297129107325
37.452329073278314
38.185126840436034
34.91706108499783
37.68924173572039
37.16750241308016
37.2514989951163
32.99874908895508
34.31171523387201
33.090896678907804
35.1494437665856
34.37401240612176
33.978722400060036
33.527983267336005
35.69596695613415
33.92476282524723
34.35210013777915
35.353716397098225
35.790284220613195
33.41891432055161
35.81349985941484
35.03602930954961
38.268659968553536
33.25208525907409
35.816807691898404
36.01572943096966
35.295203666792894
32.11529377437819
32.19842736166797
33.50894025194995
30.898805159043132
36.31780742397686
33.38055570432244
32.670090882192525
40.07201811963363
35.581991527226236
33.553018296262785
36.50534897613355
34.84134000168255
33.781561446273926
34.982245097712074
35.269725972904084
35.092801697578835
38.05403407740691
35.88461879404672
32.23793288455174
34.95252455122801
34.63080491517885
34.65694081867618
33.402300703866004
31.818013796091908
32.83559233248919
32.20835224090496
35.50661193120353
34.46959448893969
33.28371127328326
31.410450878194414
35.140354890757564
31.476098056551706
35.224804900222516
34.67694354560514
35.630170839907535
33.8725334439515
32.56308032481548
34.277854653771165
36.13422253590007
35.320669148503114
33.7166003180156
34.13712064373176
35.18090553879857
36.08039385541736
34.3622932109117
37.104968265820816
34.077703349511594
32.393224984780765
32.069087333257286
30.941896928043644
35.57880958617572
29.72803989456976
31.883084894308567
34.167939126380695
32.53447023961695
34.51120362456073
34.75453491553323
35.29187057583765
35.25444457626735
35.62562364296897
35.583859972325016
34.68839749672744
32.533710396919304
32.975728449342505
32.89147979363842
34.712050482466616
34.71473906548292
33.19921187461441
33.00251626525097
31.509739231735857
39.082396801899904
31.59739481194005
33.96079946457929
37.4453609205824
34.9875884104361
34.15579641487988
35.37994424255858
35.632416915335234
33.42793269929259
32.32752033282599
32.66341640851709
33.19561808640735
33.691382781370216
34.133097009796074
38.49075134079392
38.55791054495599
36.59703594770093
34.541906924023195
33.0378746301772
33.89887649311377
34.820562549026114
32.934204919375496
33.3970504859565
35.76572750883119
30.113581641047432
35.47548556639299
35.898019840056065
33.453878632135485
35.86441522369361
33.72685198261724
34.12161098332999
35.883119035937995
39.84860560236533
32.19006902209725
33.0169949737721
32.60547972843964
32.670196391485824
31.441180169049566
31.91332783515486
30.530872021407824
32.515803878552454
33.24798091323296
36.33657295575749
38.90420862248518
32.600747857906505
32.32949235595625
33.43481229627126
29.7191514678374
31.275686000087347
31.736598613018188
33.42226851971349
29.201138359269194
32.32392314462466
34.0614299203753
33.94088510373174
32.362880878859094
35.85898832440753
33.84278507138984
31.838501628697003
31.48146593690871
32.28898982880815
28.403413329760923
33.58732243731393
32.74243094446537
31.215192385498572
33.446851859282255
31.506900335564456
32.371147011755994
32.152786780706336
32.35321489524345
32.12140362612265
35.22757649039601
35.239091947706136
31.816075433670925
33.88360718899269
35.65525117090875
32.98251493103696
33.0429335088248
34.39078529092553
34.55491689729658
32.081380105641834
32.31805198031148
32.18197286089492
33.46602983232368
31.602011772875297
33.43735690206315
32.75698291359792
31.530290970499305
35.550976650456576
32.44893065533301
34.22223009105873
33.8175346113928
35.36600503445607
34.70109573060153
36.41285017976917
33.68991556258529
33.39338187113101
33.71889547317064
32.310466096604515
36.12187494592944
32.82461717377855
30.265720079380603
32.04416346069873
31.68151731360178
29.827951077816248
33.82621695753542
31.541370428302734
30.124519540945858
31.84114526351115
30.93090248059757
30.31373808139184
32.6754433157395
30.921493411428628
30.139192065956824
33.792595639575026
32.56057107417313
31.734093085951496
34.054514905327345
33.10707541672523
33.25487618203487
34.88219298142297
35.19362119994924
34.20059057913935
31.91244881562972
33.745176672216104
32.40151994359965
30.689686687997238
34.78745605838956
32.41208479223011
30.859323117677228
33.746816857538654
33.29542939174067
32.01312080803628
33.592119271477756
33.01785306054778
33.72579533881519
32.976321469769736
35.3646883965792
33.07376716086847
30.80525626391105
33.64544375321981
30.343411754292916
30.04018369815828
29.563200921420112
32.2685686230683
30.62341291082138
29.46887270754304
27.911528313297996
30.425271877995982
32.164670005648865
31.006711389943604
30.439638874044885
33.56885259865278
32.64521768186472
36.516925168019796
30.969955403261565
30.191839542179647
32.94349375350089
32.10363588422784
32.65542213309427
34.61837837433643
33.48318962463041
31.702561856778903
31.110862755148954
32.42647448917988
29.06292494837302
29.465296598769772
30.828783404370867
32.45147257138622
31.887705539004163
32.25689842258309
32.079537982434466
35.567119823205616
31.75473209395461
32.22737108487725
33.47456924123981
32.084563531976634
33.53224096574698
34.4899925027909
32.93673208065645
33.06680145956374
31.637133691070538
31.681888268288393
31.46453851236244
30.869296245912675
31.392588331864093
32.882925962923736
29.08594220803906
33.024026953495465
31.126824987219035
33.25952415046067
31.022515210621126
32.452018697871964
31.166255422984545
29.91621063328265
29.771922687121208
30.676398061181413
31.493476773050308
33.530887007235194
32.05435745849868
31.20647749419967
31.036210251380794
32.412180467080816
31.915550432210974
30.033439835825565
27.480998496844357
29.800512133558424
32.217826757901776
28.97438670215722
30.957016933829653
29.739343407452132
29.86213859388363
29.963715330193928
28.345385053453928
29.458308968867264
28.54082909779806
28.887559486353833
30.878095828747092
30.143919730573167
32.04441820636124
30.464279609684706
30.3267166521694
31.81191765264334
29.921886638383985
31.248001596755003
32.22926407860039
30.153232499597564
32.96636066060532
34.285276863771266
32.954111522052415
32.429238439818775
32.05316750862259
31.179667932846243
30.015008631484772
31.05472309946359
30.390626139537588
30.969397933030667
32.56511868035603
31.374307059805904
34.086047607413676
34.21202216027428
36.97764365665847
31.781531894941605
33.52133589267428
34.796085566516
34.65582139913805
31.11141248183846
33.29332715298867
33.17601537093216
30.19796649907662
30.146716427541172
31.485252839569807
29.16577606688444
31.372079242796243
31.86981263147555
29.553669695648967
28.633076683615368
28.66391443152432
30.957950647664152
30.619414830296027
30.644040085845976
32.7562959781668
30.69587463410006
31.359784201986578
34.036201184176605
31.589682301197744
33.940158873970724
34.98218295690285
34.40954900160023
32.588976363325685
32.26592574916551
33.20885281794827
30.888744705901683
32.02120796680565
31.806444579102735
29.709709007983374
30.032580569225683
29.964589828914715
31.68974167787956
30.90903244915515
29.994165265612217
36.02815883712802
33.51318408344302
31.53850208426232
29.421028414430506
31.42164550066157
30.911883520795154
32.599980252596076
32.125433511787925
33.58946189549163
30.7532116366106
31.380103470503773
31.457692762992757
32.77932846427337
32.30769508202
33.273360568272494
33.12257403575319
31.13174073246518
35.777234024305216
34.22632507721388
35.11958645697854
32.338976068061605
34.80387551033605
35.58219252241344
32.50814532113211
32.486452528443785
31.20903255828678
30.990557684985923
30.697899706825584
33.28613830361503
31.795839280458086
31.92982819625344
33.42503740082915
30.585739575056678
32.251986150270895
32.65763655918093
34.49073581361786
35.46620013063368
33.67571150108262
31.1615178445963
34.194382565279874
32.34092256121689
31.163214827394413
30.473088810887962
30.41967389811127
31.117265553761843
32.960728296317114
32.33718339109932
31.90048263871729
29.423203706151966
32.451356758367304
33.09133194033839
33.85969253483277
33.068971012804404
