657.6821854830627
642.3472444494683
639.783563114488
637.920057796288
636.6975491183737
634.3097814283088
634.5430841826335
632.5135354868746
632.3821107140468
634.1003737469705
633.1866122357242
627.1383087397362
626.1670574110283
624.7847282719534
623.5440657859137
622.4222581903534
621.3749177824484
623.6014620790329
620.589576019828
627.5855282280589
624.7975002158919
618.0322725173805
622.6012837212065
627.0842197862623
626.7769350263694
628.4801579585938
627.9630681932414
614.9192974344013
612.843857037131
612.8385207124821
612.8160719138125
