660.4717576161364
639.9616006094577
637.6420775284776
636.1773707854654
633.0297007957812
634.1789563676524
631.8104640254495
632.5475561014739
630.8907333244222
630.383649700555
627.9494187682292
626.5892690885028
623.8017257553089
623.2909996102273
621.8680553189258
620.172743273867
615.546374761245
618.2447918418491
615.2007752863444
613.7236365565639
613.5320288094555
613.2058813030029
612.6520779328924
612.1315235061385
611.7171347340193
611.7984261815448
613.4047134665423
611.4803696281141
621.1672855802362
622.62846420541
611.1757452059389
