659.4709985778107
641.0448002158613
639.9675057810541
637.0013589172735
635.0605908052314
633.1899559809121
632.9612727658081
632.5110058898294
632.4605768208755
630.5521840443932
630.177714636288
628.4731764944788
627.4151487734174
626.9864988131826
625.5971687297441
631.4712359917681
621.0964572413551
619.9135717779367
617.9021500359142
615.9874581912115
615.0503420451855
614.4817785720985
621.7217857442189
616.061585168963
614.502013070018
613.4079960529225
613.4027945338278
613.4027913863165
613.4026464789878
613.402545239064
613.402425381681
