659.8032178222039
642.5276792335972
638.6523215700711
636.766175470312
635.7630920713684
635.1923904783226
634.3526029918123
635.0173565200487
633.6641617744372
631.7160759804513
631.5621292787075
630.8841745237768
628.8303868767046
627.9836340678723
625.170246090773
622.6430189146222
620.614367641853
618.9445006944195
617.0539370728508
615.9734618771724
616.2507553070666
615.9653581752157
616.0040684853909
615.9487453944082
616.330829827468
616.1423414075758
615.9488007907408
616.116147357177
615.7701634832598
615.7657502914979
615.4490036124753
