653.793120890042
629.010479981552
625.819687944433
625.1322614211081
622.7463402561971
620.3775758970213
619.3210511597647
619.3176271981407
619.3176271034312
619.3176271034312
619.3176271034312
619.3176271034312
614.7777336566054
613.7876156812187
612.4021435516847
611.6316217997867
611.3591725039881
611.2737606454263
611.1893295659695
611.1773972434507
611.175457372801
611.1754411406265
610.9589526067925
610.7733374220996
610.7135170207326
610.7064972780007
610.6120130731132
610.5987565072911
610.598743848604
610.5985803072342
610.5966416837736
