654.0539804713779
629.0791603088569
624.1150434149827
620.831740163277
620.7989967061538
619.5982642520152
619.211289790258
619.1975793658237
619.1974675755552
619.1974675753199
617.6839520518726
616.6870622325673
616.4660516190286
613.9387050229132
613.6836563605158
613.4791694575134
613.4791694575134
613.4791694575134
613.4791694575134
613.1703002594073
612.6139629129821
612.2599392245022
612.0472512167793
611.9477528958539
611.9320843646074
611.9315911687057
611.9315643175498
611.9315579823002
611.9315579823002
611.9315579822969
611.9315579822969
