651.7330052463033
630.94000910109
630.7326739633518
626.1657054148064
624.6330383794882
620.1799005742337
618.2524735844041
618.2052425732237
618.1916032860291
618.1916032638281
618.1916032638281
618.1916032638281
618.1916032638281
615.8632251267634
612.8507072621244
612.268139721656
612.2430841562638
612.2418364362616
610.8946657615796
610.2255200371732
609.7544787932013
609.7311163704378
609.7250240357212
609.7248775195651
609.7248739282026
609.724873884106
609.7248738836886
609.7248738836262
609.7223968759907
609.7223839115672
609.7223833361192
