652.1814994465582
627.9529818511742
627.468662677963
624.5271326728807
623.5459622863177
622.3370094388616
621.2880540163237
621.1672906531634
621.1670492571767
619.2261306202956
618.9417785955719
618.9417785955719
617.3658903324892
612.9307462937697
610.2471472742666
608.3057634112953
607.4015532021799
607.2864151423113
607.2194932693152
607.1731756971204
607.1448163031805
607.0464832456498
607.0288721162389
606.983515142439
606.8974920771607
606.8961515167118
606.8961433007394
606.8961432956714
606.8961432956675
606.8961432956653
606.8961432956625
