654.3523865310873
628.812765987071
625.6472488250938
625.207614441666
620.6099408498025
617.8853200509295
617.8853200509295
617.8853200509295
617.8853200509295
617.8853200509295
617.8853200509295
616.4398047483633
615.3659894691073
615.1802980028643
613.6992989618004
612.4736524252999
611.4433168040972
611.3280823347175
611.2099781546096
610.985905333241
610.8585271972313
610.8546079199713
610.8115562046775
610.7908839405778
610.7906913223637
610.7906822600546
610.6605925543029
610.5707725235663
610.5512688924437
610.551216012175
610.5343151072066
