651.1331387871633
629.3290003368743
623.3174800064656
623.3174800064656
621.512468394367
621.512468394367
621.512468394367
621.512468394367
621.512468394367
621.512468394367
621.512468394367
618.3847576355632
618.2679283310549
617.7140846890624
613.8544161938787
612.9363573091762
611.8368095144855
611.2812037044687
610.6470145339183
610.5945987485266
610.5799721534709
610.5785847616825
610.5785146826745
610.5785060849365
610.578500679504
610.5785006766407
610.578500676611
610.5785006766081
610.5785006766074
610.5785006766074
610.5785006766048
