653.951384334925
629.6881816577995
629.0779662188432
626.9141497642962
625.4915992601061
624.2019202733534
621.538671827371
621.538671827371
621.538671827371
621.5123840873429
621.5123004284948
621.5123004277605
621.4377382037178
621.4377380296905
619.9859286166952
616.8432285575421
616.0140565156805
615.9181934986826
615.5122899522927
615.416891791253
615.3291774620826
615.2110874693698
615.191408576628
615.1910995185781
615.1910785604737
615.1910299998148
615.191029741137
615.1910297411094
615.1910297410993
615.1910297410951
615.1910297410951
