650.9135038808209
629.3593743510594
627.1657742902199
623.4187793180268
622.9677208411695
622.9677208411695
620.552296477481
620.3079466609146
620.267028114415
620.2653416259997
620.2636347941655
616.046784008078
614.676349994973
613.1177573436697
613.0274939045273
612.2125337242511
611.7849326468432
611.5645396988266
611.3325317902159
611.2203016510608
611.1862753807188
609.6635508605524
609.4930906698316
609.4912246124479
609.4891544929125
609.488983845487
609.4889836349275
609.4889836345736
609.48898363457
609.4889836345684
609.4889836345683
