652.1384401828841
628.8501262942955
627.1705445641368
627.1705445641368
624.812261208566
624.812261208566
624.1560494678067
623.9687590085491
623.3168639360907
623.3168308716228
622.7342515225959
622.7092411131212
619.8094392578687
618.9711526477133
617.6649801273028
615.8474633884837
615.4769565318988
615.473754941055
615.0423086722326
614.6040534616066
614.6040534615992
614.2310915393003
613.9218106264588
613.8855484439708
613.8855405572483
613.8855374698828
613.8855374698318
613.885537469831
613.885537469831
613.885537469831
613.885537469831
