650.4708902193321
627.0241278776567
626.7273753065357
624.4685247312667
620.4893714344538
618.7716347776318
616.9379229271342
616.9348669262124
616.9264155361831
615.2490821141661
615.2028228085959
613.9521689318301
613.9521689318301
613.0377955284996
612.2762813223158
612.2761201558378
609.7190917390765
608.8799079402938
608.7760279921611
608.7688638788698
608.7667885279252
608.7664555280296
608.7605784601158
608.7604783415059
608.7604714163808
608.7604714141779
608.7604714119151
608.7599881864282
608.7597429720154
608.7596770659075
608.7596770659075
