1887.3181162184997
1365.6835357250834
1352.6993983646755
1347.3837792882055
1330.3263738845355
1311.584680163462
1334.2899216840062
1338.5718455093038
1289.7389474865615
1292.2120958802475
1329.8145249017464
1306.9805737586362
1289.856310621274
1289.7969656251505
1309.8101491011462
1270.807766421522
1280.5408946143914
1263.922413515223
1265.931192670003
1308.8965527862197
1263.37876443748
1277.8861397938585
1252.2211738500582
1259.5435955573041
1248.1634609739035
1238.0619746398074
1215.2392990803035
1223.4823606372606
1195.6156162028306
1179.121305375613
1150.133856325781
1146.2197454389566
1131.2990307933967
1115.4108334706204
1134.8772535402627
1110.6318422261402
1090.0680980284774
1095.89507618281
1080.012770400885
1078.7185705790312
1094.5035903935805
1045.7177333882303
1030.171564531292
1025.7342150750205
1034.7180775995453
995.4951737145899
977.606543711948
977.6065437119476
977.6065437119476
977.6065437119476
977.6065437119499
977.6065437119476
977.6065437119478
977.6065437119476
977.6065437119483
977.6065437119476
977.6065437119476
977.6065437119476
977.6065437119476
977.6065437119476
977.6065437119476
