1878.55471600373
1337.8200927567182
1337.2541908568046
1319.7771031942777
1284.6349424203215
1348.6289151410792
1286.8704778624688
1308.022322171825
1288.399172851175
1303.6490472170888
1261.276780905034
1264.7510441528743
1264.7364739229379
1271.1870640531408
1268.0949518413788
1272.3439055403792
1279.2859434371173
1249.8288996417846
1265.3255570170227
1262.6961899038363
1248.1604114320635
1242.9793613508555
1253.2453367246271
1265.3734513834534
1263.1722324618825
1231.1798528427748
1237.3407184193923
1216.1486786794326
1220.8009094282593
1180.9522132528216
1165.6528095837555
1162.9051363040846
1120.5150055888205
1148.3974416870924
1138.2809232802163
1160.6121484329874
1126.3711872285687
1153.588257759941
1148.467320266135
1137.8845804541031
1116.4333974381511
1149.3003336820536
1134.399409664979
1128.5876528901945
1116.5872273110901
1114.926854352135
1100.719123734413
1099.6060366151228
1125.000576118472
1124.9438450313587
1109.4993263428169
1092.8895538503502
1115.4562778589038
1115.4563757330575
1115.1132663314897
1119.4178109130614
1108.7787396253193
1115.2387700401491
1112.7937898788473
1100.1408481248498
1061.4005598579565
