1849.4379195276983
1326.2191886863275
1300.5013304312456
1337.6588112859977
1310.4995759407134
1278.6191383538257
1308.791330890042
1274.8375630798903
1318.0706945897246
1285.0634541796153
1250.5990474853038
1258.5232267084652
1252.1191823138945
1264.7636051615284
1265.9391472579396
1266.7627642595512
1262.0965960408669
1250.8719328399889
1244.6041197863742
1236.1263329756462
1238.990383695772
1257.6450859551974
1237.8172980303023
1253.7660576991354
1247.869899799215
1203.393725122265
1163.3425600826754
1169.0899618720975
1148.919466207382
1102.4183003901335
1095.0740528580486
1087.6982241048931
1085.150147807173
1014.0687354515458
1019.1517795367081
1014.2611672440014
1010.296427904382
1018.5184792253692
1009.7848725943188
1018.2875411666267
1020.6841963201907
1004.2947200281635
1009.6650654818543
1022.4210078560285
1009.1216512645142
1013.9546543198292
1004.7078254118471
1011.6019910477565
1019.8735400265023
1014.5982068915688
1007.4412208019994
1007.4768157521178
1018.3486371932775
1023.6286371941657
1001.5028340758761
1016.1232875031158
1014.6455431837787
1016.6033502180151
1011.9212970221218
1010.6045664349047
1013.3218985441596
