1739.2009853301759
1358.5970612541416
1396.2253609856346
1324.6222900060804
1344.7630066433326
1325.2966223406704
1321.0216355642644
1310.845720214619
1307.370119033231
1286.990844465849
1258.3006329869982
1293.5560206148252
1269.8197164600565
1287.2938585886563
1285.850342577142
1288.0758312887979
1275.381490102396
1271.2656406441197
1280.3184939381404
1251.755808890981
1280.944960209446
1267.1973125024892
1245.9096071361412
1256.5357819969536
1275.076948741779
1237.9000850169173
1240.4210991400205
1210.7700408271235
1196.3394188807852
1168.6184583095187
1164.900001083743
1143.3735940267927
1145.9131466506558
1139.816663009255
1121.0805042563527
1125.506996889981
1088.563128686476
1093.759902156431
1082.092814880828
1088.227153159883
1095.505871885219
1089.3787826695284
1058.2543233039344
1062.5271189503137
1052.7359108217922
1055.9976282663004
1054.8975747878314
1059.5265796744907
1048.7893599488832
1050.6203794176756
998.1665813120056
997.2705341234556
991.1065364512033
977.6065893260948
977.6065893260927
977.6065893260933
977.6065893260927
977.6065893260926
977.6065893260926
977.6065893260927
977.6065893260926
