1903.6421241408902
1376.189293966057
1418.6422541278873
1344.7046340646873
1336.5954160088038
1344.3005027147924
1356.0579751793616
1361.0349171224018
1361.6690541557612
1327.4583351796036
1347.7694793926669
1333.36579080629
1336.1720070442645
1341.4890079174747
1334.7142427717843
1310.16839562856
1310.3332187866831
1349.3914265634066
1318.2113223579256
1336.4657349277536
1316.071060174664
1312.8590527112078
1314.7099652762638
1335.4546804712295
1276.5277814358465
1314.2693533193876
1275.5444785251102
1281.8391714292266
1338.738911487981
1295.470684261963
1305.0546254003336
1310.2289724863592
1284.7303325297119
1278.193549766846
1297.276374953431
1274.218878735644
1294.0715120314057
1300.3779716041265
1269.7116320322916
1299.9940133336424
1285.851520035243
1300.501362939177
1264.3464998969544
1237.5473974093372
1245.0686723014992
1240.0046826570533
1215.33720840153
1232.8422154584052
1225.2661705610162
1228.8100282714008
1225.0405103917415
1200.6555815108616
1211.4211809178676
1172.1191852291443
1148.6430525384244
1146.3893922388515
1148.2017062130521
1124.5611423109096
1134.130891283584
1139.289615830715
1127.1779773379
