1901.059100345395
1337.4164416146866
1339.3092871447247
1346.4808856149043
1326.5275744222574
1337.1519777941676
1337.4977727097296
1362.8668765260377
1339.5409208788783
1318.429619582628
1320.7180260985713
1335.869880153518
1307.3500989721351
1314.781589987118
1263.551868949374
1300.498032614369
1288.0460287193566
1300.8518395069366
1304.1650506367637
1291.885315051542
1298.3749582467049
1303.2854489923925
1279.1812624634501
1266.8956921629713
1285.8705305738897
1286.9253717605775
1292.8168399324663
1265.3155584302376
1279.068037840105
1273.3959881268659
1264.8746701334624
1267.170470354075
1262.001964814032
1241.6163369491148
1267.1287164177568
1234.509964062686
1226.5987314109204
1228.71838581106
1173.9762888548205
1165.6548540540925
1098.7718000719985
1067.7646253381276
1042.2090501509736
1052.7458031371407
1041.0776131423222
1021.7747824759587
1022.3407371104471
1015.2819196366676
1023.4697020777621
1012.8200075867359
1018.7811696408204
1018.5279681849927
1012.9965581981885
1015.8184540778606
1020.9606815092284
993.5258686570612
993.5258686570612
993.5258686570612
993.5258686570611
993.5258686570612
993.5258686570612
