1855.6416538496
1355.7232624459295
1371.526435712276
1374.2807819357754
1349.0085228267758
1358.5190241744735
1351.6752952344118
1360.677758979177
1320.4989725100995
1278.7030629530336
1291.5809492051544
1280.703226840858
1247.9349781251826
1269.2332792493205
1257.4282516378155
1264.310433423788
1252.2277530627355
1267.1866676428422
1275.833688947229
1258.1733698941714
1269.1251243314557
1244.9318378756343
1238.8812838830904
1258.8670649324165
1223.6824505061043
1193.6536695259842
1208.5086902636144
1157.1020908565608
1160.1366307550325
1140.8033773990153
1128.846372666085
1126.761670507281
1090.0566434721882
1041.8758496541604
1049.0148954181648
1070.7780210452486
1059.2897745315186
1063.3164783398393
1068.6953234268972
1048.9535537140362
1041.2732525526837
1053.167191842131
1057.7012044839703
1064.3486108303482
1061.7709309519935
1053.5621703738018
1067.7583343137885
1055.41227856927
1059.9558907503588
1052.5935229893912
1062.7320296224282
1052.8296040720181
1042.5982262141092
1045.0432335927367
1051.697524856277
1046.0771340556228
1044.057413212619
1056.7962125043741
1055.3999581002795
1051.655671481968
1054.8304552942698
