1840.7614051530254
1363.7541383392004
1343.754186544225
1362.705312990297
1339.8089562070722
1334.5364476542416
1332.9951045638566
1325.9035591465654
1315.178207080247
1311.4521473268478
1302.7021822867002
1285.5960472069924
1297.9691052029186
1298.1301882166122
1296.3331181301676
1292.1925298268502
1258.838782082501
1313.1959823197685
1280.3567497082402
1289.9441363934454
1264.5892126666495
1288.4832360161938
1288.5739641980474
1253.655867709041
1262.9303435397585
1262.1005542018834
1246.8418929969823
1223.78166179149
1230.4898479924195
1189.6580789796762
1202.7227087076622
1177.5056584120143
1159.0855030742466
1143.885609920483
1153.739749769999
1138.31637318685
1106.8180036411068
1079.043688988442
1060.6606059346982
1057.766248663062
1062.6174376927108
1047.2514063423555
1032.4148987362457
1021.2775846655761
1024.4306689077225
1028.9795258853594
1019.2448883086021
1019.7655455456613
1014.4444774716239
1027.21352366015
1024.0305965398734
1012.1370531063209
1015.5337831184986
994.9252859554641
991.6846825248233
964.6722378638063
964.6722378638063
964.6722378638066
964.6722378638063
964.6722378638063
964.6722378638063
