1890.0123706367644
1326.3127450261186
1330.0642867864353
1304.1930314694557
1324.1122357243657
1314.692239111056
1324.4078140983177
1299.7694965227674
1293.6785952491664
1280.2620295996203
1270.2624984165866
1249.8738902673472
1280.6118295112835
1269.5864454878515
1263.7739786103898
1248.6154900618594
1259.125732961902
1241.879517131987
1277.4242906266809
1254.7201678261317
1256.8760235369068
1255.5082356527766
1234.246862434628
1235.9925320667292
1244.0979844919616
1241.3863928437772
1243.307861552085
1204.5663605044442
1172.4710131041095
1162.584987674424
1144.3086205658478
1135.0595659982898
1097.6990888165612
1059.3637393203062
1080.0420322361265
1078.422808899274
1065.5439144133484
1085.5826096383994
1090.2505841867683
1078.0324658537274
1082.126982839685
1082.04682130669
1077.3905064499277
1085.8738600729562
1072.162611629011
1072.6474106959683
1071.259207325716
1082.1478321518225
1077.7095303625424
1063.4506444387239
1073.2131754856757
1074.8060683289148
1072.104878284973
1082.9309255024725
1068.2480348730935
1029.3979968993342
1044.0427582142768
1044.1833369440922
1050.911159115656
1040.4316186784538
1036.4780092776687
