1932.3672409204723
1416.9863914068853
1375.4602087991802
1365.6693994086286
1354.120317427573
1359.0727859796928
1351.719785621392
1347.7461598423713
1337.9303732742133
1311.415877774933
1286.6562806838688
1282.085627891051
1262.6174569329753
1253.0439490354404
1271.851782720952
1256.817994215195
1246.9973266815857
1238.72852969046
1264.9995799128214
1255.4254270425909
1260.0119475136999
1239.394191025548
1260.778912794379
1257.0175127052357
1257.2466251969813
1238.7518572800122
1229.0075179357411
1228.6014581860486
1250.6935116549196
1164.48859364987
1129.5067766811178
1133.5557307388735
1069.0121456320535
1058.5803234406048
1064.2785673717008
1052.9245505032573
1037.516198526729
1031.7981835055175
1005.0447682469724
972.7796690112624
971.8400132476942
966.1101041265399
968.1329525875313
971.0414824507025
970.5191458369218
973.0969307366435
973.3115003275437
975.6254992806741
973.1979342665178
974.7988417317817
973.9361860282819
967.5152512007138
971.4347423270763
963.3490177213505
937.8084139426308
937.8084139426312
937.8084139426308
937.8084139426343
937.808413942631
937.808413942631
937.8084139426308
