1667.6374302733348
1181.3381653007366
1132.7470144640201
1132.7470144640201
1132.7470144640201
1132.7470144640201
1109.3958692600877
1109.3958692600877
1102.453339124877
1076.603703322893
1049.9124957537801
1044.3322485192818
1044.3207075820442
1044.1776517466765
1044.1776517466765
1044.1776517466765
1044.1776517466765
1044.1776517466765
1044.1776517466765
1044.1776517466765
1044.1776517466765
1044.1776517466765
1044.1776517466765
1044.1776517466765
1044.1776517466765
1044.1776517466765
1044.1776517466765
1044.1776517466765
1044.1776517466765
1044.1776517466765
1004.6656025163605
1000.8179285630961
1000.8179285630954
962.7767515858177
957.8457634640541
955.8126748429138
955.7392667147833
955.7180571997023
955.7176410271095
955.7176173418902
955.7176164522956
955.7176164269092
955.7176164256774
955.7176164256742
955.7176164256742
955.7176164256739
955.7176164256739
955.7176164256738
955.7176164256738
955.7176164256738
955.7176164256738
955.7176164256738
955.7176164256738
955.7176164256738
955.7176164256738
955.7176164256738
955.7176164256738
955.7176164256099
955.7176164256092
955.7176164256092
955.7176164256092
