1581.7396562498004
1176.5656740676818
1175.632062692131
1145.628604171231
1145.628604171231
1145.628604171231
1145.628604171231
1134.0442035880806
1127.2105302734437
1127.2105302734437
1106.5544742726406
1096.8526095717657
1096.8526095717639
1096.8526095717639
1096.8526095717639
1096.8526095717639
1096.8526095717639
1096.8526095717639
1096.8526095717639
1096.8526095717639
1096.8526095717639
1096.8526095717639
1096.8526095717639
1096.8526095717639
1096.8526095717639
1096.8526095717639
1060.3327292937818
1034.8398848371269
1015.9638659209343
1015.3183005090289
1015.3183005090289
979.5406102034171
964.9731085300923
964.7144671076334
964.6805414932643
964.6775750235428
964.6745810777405
964.672270271147
964.6722387710549
964.6722378705185
964.6722378639371
964.6722378638065
964.6722378638062
964.6722378638062
964.6722378638062
964.6722378638062
964.6722378638062
964.6722378638062
964.6722378638062
964.6722378638062
964.6722378638062
964.6722378638062
964.6722378638062
964.6722378638062
964.6722378638062
964.6722378638062
964.6722378638062
964.6722378638062
964.6722378638062
964.6722378638062
964.6722378638062
