1660.3959054487495
1194.3105645579253
1176.4381009808537
1167.5421724944333
1141.5308436509
1141.5308436509
1141.5308436509
1141.5308436509
1122.6100458681678
1107.580390762256
1079.2710015603366
1079.2710015603263
1079.2710015603263
1079.2710015603263
1079.2710015603263
1079.2710015603263
1079.2710015603263
1079.2710015603263
1079.2710015603263
1079.2710015603263
1079.2710015603263
1079.2710015603263
1079.2710015603263
1079.2710015603263
1079.2710015603263
1079.2710015603263
1079.2710015603263
1079.2710015603263
1079.2710015603263
1079.2710015603263
1079.2710015603263
1067.8056256282448
1033.4410092095231
1033.439917020975
1033.439917020975
1033.439917020975
1033.439917020975
1033.439917020975
999.8838213099895
999.8804380867662
980.6947531278278
979.5860119963717
979.5860117081354
979.5860117080969
975.9248420441237
975.6813430295023
975.6173225007487
975.6166907683335
975.6166865173066
975.6166864173249
975.6166863779307
975.6166863779307
975.6166863779307
975.616686373392
975.6166863733902
975.6166863733897
975.6166863733897
975.6166863733897
975.6166863733897
975.6166863733897
975.6166863733897
