1583.128959014166
1191.1724481340168
1187.6790332909572
1180.9901255128889
1157.1700361888747
1157.1700361888747
1116.485781020935
1116.485781020935
1116.485781020935
1106.1360004692137
1079.7182466633606
1064.926095924607
1064.8151797180947
1064.8151797180942
1064.8151797180942
1064.8151797180942
1064.8151797180942
1064.8151797180942
1064.8151797180942
1064.8151797180942
1064.8151797180942
1064.8151797180942
1064.8151797180942
1064.8151797180942
1064.8151797180942
1064.8151797180942
1064.8151797180942
1015.3291122343163
1013.2883561965792
990.1843530531395
987.5721414347909
982.7766909695375
980.1329467895914
979.9992648378197
977.674256686022
977.6072934458246
977.6065975219714
977.6065896490596
977.6065893339392
977.6065893262465
977.6065893261325
977.6065893261296
977.6065893260954
977.6065893260952
977.6065893260951
977.6065893260951
977.6065893260951
977.6065893260951
977.6065893260951
977.6065893260951
977.6065893260941
977.6065893260941
977.6065893260941
977.6065893260941
977.6065893260925
977.6065893260925
977.6065893260925
977.6065893260925
977.6065893260925
977.6065893260925
977.6065893260925
