1611.1987940551085
1223.2771807043168
1212.3917308333707
1193.2431316221455
1169.6006848701115
1164.8148627648357
1164.8148627648357
1140.8743234132494
1140.8743234132494
1133.1447668865073
1124.4742996430014
1113.4243693220005
1113.4243693220005
1113.4243693220005
1113.4243693220005
1113.4243693220005
1113.4243693220005
1113.4243693220005
1113.4243693220005
1113.4243693220005
1113.4243693220005
1113.4243693220005
1113.4243693220005
1113.4243693220005
1113.4243693220005
1113.4243693220005
1113.4243693220005
1113.4243693220005
1113.4243693220005
1066.5935737542925
1001.2071165748674
997.1477279885323
992.8045021464771
992.5437990913327
992.5310861210862
992.5307693662663
992.530767177997
992.530767124446
992.5307671209636
992.5307671209505
992.53076712095
992.5307671209498
992.5307671209498
992.5307671209498
992.5307671209498
992.5307671209498
992.5307671209498
992.5307671209498
992.5307671209498
992.5307671209498
992.5307671209498
992.5307671209498
992.5307671209498
992.5307671209498
992.5307671209498
992.5307671209498
992.5307671209498
992.5307671209498
992.5307671209498
992.5307671209498
992.5307671209498
