1689.3640887029333
1191.3060370815515
1167.1867011745562
1157.936847197699
1144.3764827522896
1144.3764827522896
1144.3764827522896
1144.3764827522896
1144.3764827522896
1135.7190940162154
1113.7648793106293
1113.5819767237288
1113.5819767237288
1113.5819767237288
1113.5819767237288
1113.5819767237288
1113.5819767237288
1113.5819767237288
1113.5819767237288
1113.5819767237288
1113.5819767237288
1113.5819767237288
1113.5819767237288
1113.5819767237288
1113.5819767237288
1113.5819767237288
1113.5819767237288
1113.5819767237288
1113.5819767237288
1113.5819767237288
1113.5819767237288
1113.5819767237288
1085.4901917765012
1079.6530996991837
1079.653099699171
1048.0278752344661
994.5222634326532
993.5501293012518
993.5265246149298
993.5257466906367
993.5257431230788
993.5257424355515
993.5257424352596
993.5257424352596
993.5257419411308
993.5257414479481
993.5257414479481
993.5257414479481
993.5257414479481
993.5257414218327
993.5257414218327
993.5257414218327
993.5257414218327
993.5257414218327
993.5257413838012
993.5257413637232
993.5257413637232
993.5257413637232
993.5257413637232
993.5257413635256
993.5257413635256
