2242.174275923196
1452.0373962738756
1441.9753659470196
1429.9390803684078
1434.5534309160817
1426.4682504157654
1427.504184045264
1433.8347619299439
1428.0778768649286
1430.5030332051483
1425.2655601802044
1422.532926831461
1419.5907091046402
1418.8198623418482
1415.3374156061984
1412.2427329216619
1412.9854170195708
1412.295478517853
1409.6482789165052
1411.388885917952
1408.3881544812343
1410.144431482112
1410.8550040500836
1408.3210595727164
1407.0493003553331
1406.8835760507318
1410.1699848967114
1405.8896258126965
1405.6336427947547
1407.1739005505824
1405.5473915386008
