2216.46298504098
1453.0747928208855
1441.9079437487371
1430.402464176475
1430.1299560943175
1431.0445554935964
1426.697507206869
1430.8146667313688
1431.342088422044
1431.588921869475
1424.168348531463
1423.8688543483668
1417.0930751825904
1414.5014962905093
1417.0399932253442
1410.633304225411
1411.5373197399688
1411.1797616210313
1409.373308030446
1409.1761688923575
1410.2200290316098
1409.1815088055105
1406.8471895325324
1407.854388432696
1404.925115573228
1408.5487417898335
1408.5297290097174
1406.0529874024342
1407.8789009653924
1407.9543293874651
1406.8433963111704
