2272.4483045910797
1454.6886179336857
1449.2198037222329
1439.1716493145036
1428.0939623869147
1426.5739563147404
1428.0644018521123
1425.3213647145617
1429.5248414360628
1424.215065785484
1419.2507000458306
1417.2706946071844
1415.180705442435
1413.334145599114
1411.643580485873
1410.1075616451503
1410.1763336906856
1411.8151631282776
1410.5045150241613
1408.6422704291722
1407.163216557227
1407.1309982704388
1406.6495238997743
1406.709094493368
1405.2342619327667
1405.5149086287377
1406.5587927090914
1406.9533315962447
1405.2620613924569
1407.6325474113
1406.2251458078285
