2112.5051510008716
1454.5690093462167
1452.511492443065
1441.7486077648841
1436.6569801839037
1443.8907543411249
1438.1557443576535
1429.8960010737533
1430.9917539567673
1421.0093058984064
1418.9328642467483
1418.162440333858
1418.3676683290746
1410.8188158746493
1414.622284361893
1412.904584510441
1411.7196116003365
1408.9607266105681
1411.233826363071
1410.1880988844914
1408.0134820452781
1407.2056552054014
1405.902530578975
1409.0572164688474
1407.1389791772003
1406.4994251898843
1406.0144180247512
1406.329922800335
1407.4686178482684
1408.934019494001
1407.234555448932
