2097.280116565428
1451.6909444265552
1442.346096617161
1435.9836577408219
1431.9752861517527
1429.7683351157186
1427.607695792804
1424.8263739083245
1425.0658554025863
1426.7663819964357
1421.9772687863197
1421.9695655559628
1415.1359644352233
1416.1370032831533
1412.1289142713854
1412.4011185337497
1412.092172519077
1410.4012449123568
1411.176523203117
1414.3201362034915
1410.5975688744115
1407.722110722088
1409.7126719975063
1409.3697284405785
1408.1331951960265
1407.5677656415132
1409.1283029407346
1408.1243397378641
1407.7509608961911
1407.1060213138342
1407.7395308106402
