2204.878195105611
1457.561658543723
1457.2308224062979
1442.1704859744978
1431.766261337409
1430.1131833425354
1429.8166554915256
1434.7055626750239
1424.8146158654395
1420.5275440641885
1423.359360578871
1417.3424503732072
1417.0707258602285
1414.33138698819
1412.592204188833
1411.018324796843
1411.7180575936623
1410.2148295334123
1411.0024662407804
1410.0952665008676
1410.2584973258442
1407.3048416313763
1409.907135981814
1409.7451541783562
1408.2181075715953
1408.9328669839665
1407.1468712320946
1407.367175089097
1406.7244773175971
1407.079643184528
1405.7444338023
