1865.143750856461
1420.6679409117883
1408.58832197969
1408.1846635785478
1401.5469426876791
1401.145565089284
1401.145565089284
1401.1048227575764
1401.0856360928167
1401.0856295699875
1401.0856295699875
1401.0856295699875
1401.0856295699875
1401.0856295699875
1401.0856295699875
1401.0856295699875
1401.0856295699875
1401.0856295699875
1401.0856295699875
1401.0856295699875
1401.0856295699875
1400.9621850402905
1400.9621850402905
1400.9621850402905
1400.9621850402905
1400.9621850402905
1400.9621850402905
1400.9621850402905
1400.9621850402905
1400.9621850402905
1400.9621850402905
