1872.8226966637496
1419.9352647084793
1416.7558789691614
1405.2163567896112
1403.0812327036938
1401.006215312221
1400.6844916407194
1400.684259918044
1400.684259918044
1400.684259918044
1400.684259918044
1400.2017551379045
1400.2005134091698
1400.2005134091698
1400.2005134091698
1400.2005134091698
1400.2005134091698
1400.2005134091698
1400.2005134091698
1400.2005134091698
1400.2005134091698
1400.2005134091698
1400.2005134091698
1400.2005134091698
1400.2005134091698
1400.2005134091698
1400.2005134091698
1400.2005134091698
1400.2005134091698
1400.2005134091698
1400.2005134091698
