1977.985030923533
1412.7836097849813
1409.1177847000645
1402.6453059924952
1400.5986827854883
1400.3460947664755
1400.3460947664755
1400.2849181422573
1400.2784876793644
1400.2784850949686
1400.2784850949686
1400.2784850949686
1400.2784850949686
1400.2784850949686
1400.2784850949686
1400.2784850949686
1400.2784850949686
1400.2784850949686
1400.2784850949686
1400.2784850949686
1400.2784850949686
1400.2784850949686
1400.2784850949686
1400.2784850949686
1400.2784850949686
1400.2784850949686
1400.2784850949686
1400.2784850949686
1400.2784850949686
1400.2784850949686
1400.2784850949686
