1813.7273873293761
1416.4130166486173
1416.4130166486173
1406.6408990472041
1400.4733943672293
1400.4733943672293
1400.4175132811824
1400.3195695981515
1400.3179863929781
1400.3179720130233
1400.3179652495376
1400.3179652495376
1400.3179652495376
1400.3179652495376
1400.3179652495376
1400.3179652495376
1400.3179652495376
1400.3179652495376
1400.3179652495376
1400.3179652495376
1400.3179652495376
1400.3179652495376
1400.3179652495376
1400.3179652495376
1400.2248949079758
1400.2248949079758
1400.2248949079758
1400.2248949079758
1400.2248949079758
1400.2248949079758
1400.2248949079758
