1789.5002941876805
1419.397469510414
1415.692593912784
1409.7752769229935
1404.7397996184618
1402.6342002683725
1402.634200268371
1400.3439547661267
1400.285639572832
1400.2848102727032
1400.2848033812102
1400.2848033812102
1400.2848033812102
1400.2848033812102
1400.2848033812102
1400.2848033812102
1400.2848033812102
1400.2848033812102
1400.2848033812102
1400.2848033812102
1400.2848033812102
1400.2848033812102
1400.2848033812102
1400.2848033812102
1400.2848033812102
1400.2848033812102
1400.2848033812102
1400.2848033812102
1400.2848033812102
1400.2848033812102
1400.2848033812102
