1849.5975433296185
1418.0304364658564
1414.619615727353
1407.4414477183993
1406.662147435328
1402.9507905457365
1402.9507905457253
1402.9507905457253
1401.2202049311193
1400.711705312464
1400.3690434913851
1400.369022190249
1400.369022190249
1400.369022190249
1400.369022190249
1400.3655116263108
1400.3468719066484
1400.3468719066484
1400.3468719066484
1400.3468719066484
1400.3468719066484
1400.3468719066484
1400.3468719066484
1400.3383154770713
1400.3383154770713
1400.3383154770713
1400.3383154770713
1400.3383154770713
1400.3383154770713
1400.3383154770713
1400.3383154770713
