2004.487390011669
1414.0192116420549
1414.0192116420549
1411.7738989111724
1401.6572371406112
1400.4482110496524
1400.4123944884498
1400.3412205152056
1400.33004279699
1400.3300427969893
1400.3300427969893
1400.3300427969893
1400.3300427969893
1400.3300427969893
1400.3300427969893
1400.3300427969893
1400.3300427969893
1400.3300427969893
1400.3300427969893
1400.3300427969893
1400.3300427969893
1400.3300427969893
1400.3300427969893
1400.3300427969893
1400.3300427969893
1400.3300427969893
1400.3300427969893
1400.2746857112425
1400.2746857112425
1400.2746857112425
1400.2746857112425
