1878.5502970660878
1424.5177060736125
1410.5983804639923
1407.4650789955167
1401.9244745684962
1400.50120770397
1400.50120770397
1400.374900491138
1400.3313907986999
1400.3312986442936
1400.3312986442936
1400.3312986442936
1400.3312986442936
1400.3312986442936
1400.3312986442936
1400.3312986442936
1400.3312986442936
1400.3312986442936
1400.3312986442936
1400.3312986442936
1400.3312986442936
1400.3312986442936
1400.3312986442936
1400.3312986442936
1400.3312986442936
1400.3312986442936
1400.3312986442936
1400.3312986442936
1400.3312986442936
1400.3312986442936
1400.3312986442936
