133576.27700071456
2902.99633959371
2678.8712207667572
2002.0096342053494
1526.3161654827431
1520.3303751695973
1614.3426647987822
1538.8162950527453
1232.3258444859819
1058.8180752879002
1028.9441861859
926.0508775362736
952.3827169324322
719.821490533827
743.8829921123936
674.5332023966192
635.380909907045
655.5286669974561
621.532139208979
615.952141182629
616.7917114866453
580.7375633980944
592.0744395168902
582.8898935498946
581.5272912940584
578.6136178826774
653.5138160290583
575.0120944526786
579.0644657849803
576.8016607358674
572.1411719017606
