141332.85087343783
3375.8551798826534
2658.259388486095
2106.9745351611555
1336.5052515515538
1253.8864109924307
1211.4657608147263
1104.5408069026112
1170.8783905766466
1008.8523483586976
818.0145238785715
827.6651641673856
756.7699597655039
703.6719955011006
691.7589451676329
616.0809278234639
628.3264858755058
595.7955335106037
591.8376481624332
614.2402618653143
587.0128676474081
582.3867915242768
576.8573159140595
579.4076268943684
580.8444608429452
612.7604680803571
589.7560554686114
611.6634486690341
599.3714226958349
632.1098850364166
612.8401925852319
