152737.02878075762
2118.5925710414494
2024.824984196755
2012.8732392152149
1393.3009768263933
1367.0346897995917
1512.9881476330838
1207.830506849844
983.3811760410368
1013.1190212020467
878.6354686133848
907.7470923489066
995.8130143575088
785.3768812076648
738.1152162919029
672.5540436314202
676.6391473441118
600.085349892155
666.1205795888407
680.7723398743177
679.971451293123
719.6787252074588
597.9485224408115
622.6296406190509
667.4688587382419
595.922567906553
647.7385078796627
626.2847190441406
536.4093531833626
554.8468629041548
541.5565431847284
