133784.0776341846
1983.9593723757978
2218.0216253325425
1484.2807152074956
1290.6926704058667
1429.0242885929515
1336.067458454338
1092.4351027371645
1255.318577010783
1327.0199937472935
864.7120886227873
769.8206623585254
766.1415460791721
852.8196334644001
678.9884294188965
658.6585191001138
656.955693345582
672.0857446454288
621.0596967853658
628.3903804012514
603.6466063244118
597.2330071475274
589.8220170072912
583.4524669843966
582.2898444216909
582.4769140036427
578.1664858650824
592.3766699994769
585.8713326448544
580.3499002762543
588.7405692169107
