147134.4555611407
2897.3930722461323
1991.255992876412
1840.7967082142663
1572.3467745307203
1454.7142456451652
1337.2611207612008
1391.8479517814098
1686.6772574022204
1167.3718772304928
1120.1321755162805
935.4493708694803
936.6835389104663
775.8161551208318
777.648427862081
783.4102797735246
749.1641065315076
850.1920446466969
785.6034882124261
745.6641756915573
741.9381755993815
759.5425056144331
771.2762417857746
710.9210744264751
720.7169934495804
758.3940458011027
721.2515160701131
694.3194552949483
688.6177993797585
695.9033169472993
688.4231130874066
