168311.19858121208
2674.178361548861
2504.441677513615
1623.316949614709
1697.1028506176801
1526.2835243073155
2091.304833798901
1375.21686434103
1320.731957655351
1446.1026470255792
990.9796693607971
910.7574111914917
741.8607240671734
763.820016543482
667.7199410919575
659.8516159380279
643.4429150918327
637.6551319925629
637.5362308189517
628.2161298654202
653.8220387375909
724.8826623332486
606.1407873735227
736.1774561448437
598.3358721847426
596.2212723107394
599.4298042286069
642.952082549207
665.231774428514
607.1049548078846
608.2637905656862
