45373.9569124065
828.4620816281439
808.8772720904545
663.191733000755
663.191733000755
663.191733000755
638.262287099806
595.8430003668584
595.8430003668584
595.1382998030099
589.9681870623119
576.6935019693965
576.0846724885782
572.583150519587
555.5326778508729
553.1725601720157
551.2050602512676
551.2050602512676
551.2050602512676
551.2050602512676
547.8770337710246
547.8770337710246
547.8040024817774
547.8040024817774
545.2691585263212
544.9338133145498
543.7374592241264
543.7374592241264
543.7374592241264
543.7374592241264
543.7374592241264
