69999.8630797225
1130.7283230352994
957.1189805347728
797.2186456918826
664.9736271430861
662.2661719929192
652.1182950151488
652.1159462291453
605.0783841001078
604.7488155667538
604.7488155667538
590.322779094214
590.2566308342666
590.2540566277548
582.0211452496735
574.2517631831689
559.1226342666097
555.3595593191515
551.7494799415641
550.1645543754337
548.3038893666891
547.8749388853049
547.8749387492205
547.874938749185
541.3916525618697
540.8812382317246
540.8812382317233
540.881238231723
540.881238231723
540.881238231723
540.881238231723
