34810.862522623356
766.1943603978044
766.1943603978044
703.5428445873305
646.2625105133901
626.3040540419852
626.304054041982
626.304054041982
626.304054041982
626.304054041982
561.365086986253
555.8704372437433
550.1425179933007
549.8002996500292
541.5464676310202
541.5464674312776
541.5464674312775
540.1963678288989
539.8297266488668
538.5002176561233
538.5002176561233
538.5002176561233
538.5002176561233
538.5002176561233
538.5002176561233
538.5002176561233
538.5002176561233
538.5002176561233
538.5002176561233
535.528869909311
534.1507711428902
