56601.62143532507
869.0626361946187
779.7951304608526
697.2372613033001
668.4493806468004
668.2639209862401
649.6152464577226
649.6152464577226
624.091815107405
623.4585914862687
589.2080206330032
571.9450384764185
571.9450384764161
547.297836557517
543.0913065257292
541.421243629727
540.3571018163194
539.7944918542436
539.5929916424124
539.2907427760409
538.8248894564038
538.2814116105719
537.9085007494002
537.0612846159972
536.3448281015048
536.339329941182
536.3393299112834
536.3393299107926
536.3393299102893
536.3393299100989
536.3393299100103
