46951.73112092451
1018.3189323604021
904.0711689014888
801.4041626665908
716.1401272277581
606.4214257232591
601.2025932633252
601.202593263325
601.202593263325
593.3172717803864
540.2028583058288
512.9492635769167
506.0956031822967
506.0956031822967
489.99898045206214
489.99898045206214
489.80376240363216
483.55986613579034
483.1698459856238
479.7408331465373
478.2193516781494
477.4638674140475
475.77184815796284
471.4083985229573
470.5352864774618
470.1486895847454
470.12654264691105
470.12654257876443
469.893380777783
469.6989738661006
469.55696371932237
