63091.244499204346
998.9935465853152
810.0998926530553
770.8721533401874
635.5318384439222
603.1302344512042
603.1302344511896
603.1302344511896
603.1302344511896
595.1673044655012
575.5774778911193
561.8084012704071
555.2478085177545
555.2478085177545
555.1825617016783
553.3884766893459
547.458549517533
547.3555120619592
547.3555120619592
547.3555120619592
547.3555120619592
543.8027370963129
543.8027370963129
542.7239878757483
538.825624814883
535.9332246923519
534.5800212143013
533.8621993399082
533.3959443961145
533.0149988676653
532.8163621813986
