3028.1713725916507
897.1143061822364
845.3835994829711
806.4205034989437
785.4965669870743
777.4658861820351
782.8068375417922
784.1489959787444
741.7591312273165
740.9102815982019
718.2017437043858
720.1995342825145
708.5319764857838
704.3674623653276
702.3188809936548
701.2258232735446
701.3149473873461
702.1262442910587
700.6752979422
701.2011276647478
700.9100108645232
700.6872576993463
700.6263712844778
700.1866397252004
700.1351349155548
700.1547758838792
700.1386225508792
700.1366918591393
700.1392130533075
700.1517591385192
700.1393447167395
