3318.0968371426097
831.4339096436725
845.1327343491093
819.2123482712817
791.8206745592333
777.9254971505975
767.5639130546232
778.3245021463086
746.6635177625246
756.740962835229
741.8348109087237
721.5574210986231
719.2273967729741
706.0255358899054
702.8493571484553
701.0408807900332
700.5923453521667
700.1803148375388
700.1267184143057
700.0844517384642
700.0267028585147
700.0266955121923
700.5711127968699
700.0266950237911
700.0266950231401
700.0266950231083
700.0266950231085
700.0266950231082
700.0266950231086
700.0266950231082
700.0266950231082
