3168.383132610467
858.6520211941477
833.2102650718371
784.276077601541
787.8410881160146
797.4758169390121
787.489984901925
785.9283019922432
762.1076220180931
762.9771956699084
730.8100931397898
739.980962648148
713.6297532464072
707.3585585663352
704.3756206226756
701.4892919173539
701.0456862811433
700.5788877152803
700.483062178424
700.5550715269865
700.3253443262638
700.6052375160663
700.3328948868234
700.0465197903209
700.0320563988745
700.032024077345
700.0320239989936
700.032023997875
700.032023997851
700.0320239978504
700.0320239978504
