2949.158342096848
870.8819706197821
833.1655173231284
818.2726220637917
776.6420514825022
776.1850551504015
775.144901392527
783.5652291808258
767.6055765208147
751.4531929068805
739.0289193009163
721.8939095711452
714.7062593734335
704.3681524499532
703.093307459498
701.1201572646335
700.7619781061616
700.8285115845464
701.7222763111677
700.0451487470709
700.7209291711257
700.0186981972663
700.0163472358097
700.0162348237692
700.016234473666
700.0162344712999
700.0162344712974
700.0162344712971
700.0162344712974
700.0162344712971
700.0162344712971
