3036.1273509846205
865.9075400361562
831.9569300193156
817.8077437033609
781.0254488609635
797.8956253640778
770.7532464224616
772.4431063956271
746.0368078058125
749.754193830087
735.0110608064396
723.026254746132
718.507480860887
709.7370505938824
702.4039035171159
701.7722997129213
701.2160636775882
700.6145352498081
700.2072556270341
700.065729376432
700.0669880093884
700.0693995235304
700.084067370461
700.0649072054858
700.0632806276494
700.0123209888758
700.0123209888756
700.0123209888754
700.0123209888758
700.0123209888754
700.0123209888756
