2101.8842175143463
757.393205466058
739.9290454520104
738.3715470999207
718.4112168643599
716.3212043705735
716.3212043696973
716.3212043696973
711.5331892087574
703.3314634573558
702.1143289257205
701.6528876841116
701.4586548948076
701.059966308292
700.7270532187163
700.2462674874669
700.1036377196021
700.0942561276631
700.0931522607382
700.0931093739143
700.0930934867681
700.0930932392743
700.0930931547196
700.0930931539929
700.0667095027092
700.0100788992128
700.0098603543004
700.0098573993641
700.0098573992694
700.0098573992694
700.0098573992694
