1654.8112451466086
764.3963554927639
748.9161160925954
727.4266239324177
712.4575830384747
709.8454360950268
709.7565663106807
709.7565663106807
709.0270519863358
705.8481702240769
702.6859122652049
702.3653792041209
701.4152411900972
701.1129285927917
700.9494960617947
700.2975387066747
700.0860952791853
700.0434352403844
700.0348696472095
700.0344267803271
700.0344211715387
700.0344206886216
700.0344206879664
700.0344206879533
700.0301174561724
700.0296126637261
700.0295898551424
700.029576844222
700.029576774658
700.0295767745886
700.0295767745886
