2459.124430011999
756.728444581937
742.638598773107
716.7005458463957
712.8838878401679
712.6560906703094
712.6410894880136
712.6410894880113
712.6410894880113
707.3508427489458
705.3547220887293
702.0328921507006
701.4376337329377
701.1327290861522
700.9722733436591
700.2293075657309
700.0261111217252
700.009027606198
700.0075065777825
700.0074101910194
700.0073961407064
700.0073960420798
700.007396040375
700.007396040335
700.0073960403347
700.0073960403347
700.0073960403347
700.0073960403347
700.0073960403347
700.0073960403347
700.0073960403347
