2334.7921591853146
761.8436598290992
733.4854467192359
723.4151844068771
722.6577831055891
716.2168018653832
714.0621493876594
711.3415219245119
711.2697065028656
706.1102617331343
706.1102617331343
703.3931516193696
701.9605107639773
701.4771126298459
701.0938843797677
700.5969093223487
700.1187805856035
700.0143993243255
700.007757832707
700.0074140642748
700.0073964363419
700.0073960737462
700.0073960406453
700.0073960403348
700.0073960403344
700.0073960403344
700.0073960403344
700.0073960403344
700.0073960403344
700.0073960403344
700.0073960403344
