1829.0807527431243
1332.5782089540166
1318.2305643170305
1318.3791069814129
1287.511064190799
1283.4486281047962
1275.850525829012
1287.3274695954983
1263.0696396941617
1283.603933382196
1284.3213433355702
1272.0360214886398
1265.5623606093725
1251.899877388342
1248.656241684796
1244.5153831785824
1230.6087832484532
1195.0569260703755
1155.7316039378552
1082.1014838433125
1054.520430141191
1061.3775846488825
1021.9910629044873
994.8819242521711
994.0966535844375
996.4558668501699
989.6003023592144
976.5776889951346
976.7728672587655
979.7877592816105
977.9273865938561
