1820.8585419690348
1345.7961364520527
1337.527956908215
1341.9118049392232
1320.182759879528
1265.377328778375
1275.4249159480753
1273.4679519894428
1281.0894456075555
1270.7990999268839
1264.9422231013518
1273.5350478802477
1254.032140382209
1246.4532438410802
1224.3744412640629
1208.5674453052188
1187.2775739194683
1193.7657472279584
1101.4964380100366
1048.765206867766
1046.6027579881174
1049.007029418982
1042.0743290481594
1039.318674368754
1038.3862707590117
1014.6595598558703
999.2969250865401
983.5138622946399
987.9114253664366
986.4218473848001
980.3300643238932
