1825.8729129975823
1338.2568641154771
1319.6661781024332
1294.2682044692813
1301.3606983171924
1280.4107475120811
1283.3135233561156
1283.2345303094812
1283.7942338513626
1257.453342388315
1264.1761147892162
1251.9077466255017
1260.3374275220535
1228.8060879807217
1224.8053193937355
1221.641396809732
1210.3439430836388
1187.013888793143
1185.2573368604824
1167.0584591680554
1140.813517350277
1135.6955123203895
1105.1751955973623
1092.0035228473985
1088.1157886411486
1056.6133089102364
1052.4331721619114
1051.9901425299663
1032.275757847537
1032.2958574000054
1010.7677878028005
