1929.3537434912316
1334.0864670126768
1308.5863135905745
1294.8606039773217
1290.0998936041453
1282.2262639950352
1282.2033094599333
1290.1056633241087
1290.4975938415084
1274.2748803071102
1276.746900574745
1260.3110584084284
1252.9094641329702
1243.8543542583752
1235.2754159963392
1225.150562881684
1157.0530111471242
1103.0232878404427
1059.3220124845016
1054.904854986725
1051.8070486840031
1026.9677531387301
1018.8671713409743
1005.440579280875
1002.8757514637948
1005.0660842351906
991.5066235262093
992.2801386862686
992.7117165538468
994.0273615436879
991.0942003284226
