1844.8566003667006
1331.9174339368242
1332.6576048610505
1331.2995202876375
1314.16645667415
1283.857584106198
1296.5471675841816
1310.036843345028
1303.8187429705383
1298.9331421359866
1306.371453714416
1297.1965017252382
1282.7737590175002
1279.595849664036
1241.8547161598365
1239.7247095798273
1181.815861496049
1121.2157692562319
1089.5739840876774
1125.9920058050939
1101.283390464889
1122.3637568983027
1071.6760452280482
1042.561174551244
1039.2157543639337
1033.9776328620183
1041.1674547022399
1034.2060763137124
1007.2454837895297
1006.2492853512192
1000.1005422183465
