1810.534883844047
1315.4095490765471
1290.0057785104004
1275.4012728699356
1280.0511796026237
1272.1860376146872
1265.620363656687
1282.347915794955
1264.272116949762
1273.1331645003318
1268.3701334198156
1269.17713404383
1255.7946582466386
1251.6635779253659
1205.3108486410952
1211.1354376994846
1209.4740492218991
1175.224385250533
1162.9695702138574
1131.945897597653
1169.3956218444296
1132.5247536785143
1162.160984919174
1098.021081257394
1094.3152424106497
1096.168846703581
1074.091494232402
1110.8286455618534
1068.267547716007
1059.1925487949025
1054.5222913032253
