1822.203492874448
1335.7604967038792
1308.8590063452386
1315.7832377285374
1271.7901891379383
1262.4339922537793
1257.1384706058197
1265.766690013253
1257.312449398181
1258.1254218426725
1269.0553132600664
1241.077993690002
1253.0013606081243
1234.5351664233187
1171.3210193078103
1145.6057802822565
1115.9972303706822
1086.3313952540705
1054.692157018928
1057.6388785147276
1050.0490424649574
1028.4265880872938
1098.2255573781945
988.9077358501352
983.4956390019439
985.8787753980034
984.89462609099
993.3048471010061
984.2348806045395
987.565050348144
986.8099155382888
