1843.1371719830654
1352.7329551022017
1343.4668306874376
1324.6082674826343
1328.700156790821
1310.534189950959
1289.0108465856893
1305.0137201297289
1311.4314463352682
1295.4108242251784
1322.8672213024965
1301.3693477259399
1294.8592438085223
1293.3265913183543
1273.9655086525192
1247.1771609272184
1200.0069358396195
1169.921340042028
1148.8624497757505
1136.8243400109845
1162.8250278400076
1186.1032426967656
1150.76632292942
1096.2022744748824
1100.4114014244872
1090.1702773199145
1092.7147445258074
1087.3065337328908
1075.6799500238292
1066.2951275180073
1067.6292839000578
