1835.1685638825136
1354.1186414681315
1356.6744802676103
1298.3163534900837
1289.0774503440261
1276.3703989081969
1279.8095226664616
1294.6799656334344
1267.042906120147
1265.720700270709
1263.6502636069263
1274.8621811416374
1253.808399085096
1254.7958392575947
1273.1211255803837
1282.8711459090991
1250.0609365671635
1225.224979942248
1259.2353331660895
1214.4569778876325
1208.9795373664529
1219.2954046633863
1219.5860653343298
1203.3152176825092
1207.5630393286642
1190.3731561826844
1171.3809260937337
1171.3717235073796
1136.4559619135382
1137.1508698576056
1122.8116553770392
