1831.2461779904042
1357.1360917406987
1349.1949469822468
1327.1251898640053
1299.281514001239
1300.8298720172838
1313.7285191500573
1301.6519818009306
1303.3596857101306
1284.8544961793827
1291.697521127379
1284.7309939925392
1273.856678224632
1268.7588453667945
1260.4169293596692
1264.159479295367
1267.777803825101
1247.3528825577657
1235.6969665408405
1218.8415223868387
1198.5184781285745
1175.015603575401
1169.3927767793066
1140.0772159054166
1132.3134961659257
1129.7406076403897
1118.3449828607152
1129.2525254585416
1130.0679966847483
1122.0522680565261
1111.6670078631346
