1841.1711088900913
1336.84632518849
1340.7304724972519
1332.448075399531
1318.3479832422083
1301.2240382645293
1320.7886258601604
1305.603844163675
1302.1261331330415
1324.533315929054
1296.2894985119676
1281.0803188560926
1296.58330891022
1268.6141658510567
1270.3660333663136
1277.4611712110384
1231.739600172648
1240.9602405865228
1231.3102350504776
1215.1715610707909
1185.3735754948225
1184.3187164131264
1174.9822601861922
1142.1577856490617
1139.730482666363
1111.52581022956
1061.4129254841423
1051.968893304011
1042.3439595907646
1052.7793223162482
1142.4504601750373
