1914.370143262361
1373.3625253515474
1363.8739050073425
1331.4056592887196
1316.160694016723
1318.2806871453122
1318.7999251638716
1311.2789839336128
1326.95664299179
1321.3947409831937
1297.5883911882963
1295.502988313934
1282.48898181974
1305.5427704116553
1275.9020003895316
1275.7925631805288
1251.3801668123433
1234.0389499448677
1220.1998177052362
1209.1895023885247
1205.7412312573417
1152.4762856206016
1153.4385070116682
1147.6699665697301
1121.454737407769
1107.16953866947
1094.2427508408186
1190.5557250467398
1178.9132446682481
1054.1237654474696
1057.4019405025192
