1551.9196518980311
1178.4830338839088
1159.827164827293
1082.9499489566028
1082.9499489566028
1063.0799874284066
1062.8176152798128
1062.8176152798105
1062.8176152798105
1062.8176152798105
1062.8176152798105
1062.8176152798105
1062.8176152798105
1062.8176152798105
1036.1371223699025
1004.0655972374141
1004.0655972332843
1004.0655972332843
1004.0655972332761
1004.0655972332761
1004.0655972332761
1004.0655972332761
1004.0655972332761
1004.0655972332761
1004.0655972332761
1004.0655972332761
1004.0655972332761
989.9434251724981
983.5782589089112
983.3959717331159
983.3959717330538
