1584.1135117443368
1160.3097149155687
1147.6203235100663
1138.2034080876408
1128.8223625375783
1109.4192855251306
1073.576969748118
1073.5769697481146
1073.5769697481146
1073.5769697481146
1073.5769697481146
1073.5769697481146
1072.5129784659125
1072.5129784659125
1072.5129784659125
1072.5129784659125
1072.5129784659125
1002.6491266530033
993.8810800257717
961.5608418150258
960.7716964892528
948.0248216955073
947.760575599515
947.757996076099
947.757991071215
947.7579905784712
947.7579896135398
947.7579896135398
947.7579896135398
947.7579896135398
947.7579896135398
