1304.1028434035613
1169.0829143348851
1076.1478309053664
1076.1478309053664
1076.1478309053664
1067.7506310380372
1036.1536556382075
1036.0500967429248
1036.0500967429248
1036.0500967429248
1036.0500967429248
1036.0500967429248
1036.0500967429248
1036.0500967429248
1026.4300987923505
1013.5313685474711
1013.5313685474711
961.7457705425716
953.8233709894023
952.7891128168353
952.7388024017885
952.7328956107579
952.7327476939254
952.7327392911379
952.7327392577968
952.7327392548365
952.7327392548365
952.7327392543297
952.7327392543255
952.7327392543255
952.7327392543255
