1634.2881217263725
1169.0232056875202
1149.3691565115469
1148.090739713141
1099.7979674555554
1080.138700318296
1079.3868727360614
1079.339292297545
1079.339292297545
1079.339292297545
1079.339292297545
1079.339292297545
1079.339292297545
1079.339292297545
1079.339292297545
1079.339292297545
1079.339292297545
1018.414703452377
994.9995676967278
993.7711374634034
983.8665185029593
983.5773376806677
983.5763911710706
983.5763749920995
983.5763692823296
983.5763691642815
983.5763691642815
983.5763691642815
983.5763691642815
983.5763691642815
983.5763691642815
