1552.9698146924034
1139.0351433222718
1139.0351433222718
1126.8509693692051
1126.8509693692051
1078.8626537896503
1058.9740271386097
1058.4974449765164
1058.491424029049
1058.4914240290439
1058.4914240290439
1058.4914240290439
1058.4914240290439
1058.4914240290439
1058.4914240290439
1031.8441701725021
988.4094482143062
966.7943512536586
966.6626740414528
966.6621351246606
966.6621307514515
966.6621307434623
966.6621307434594
966.6621307434593
966.6621307434593
966.6621307434593
966.6621307434593
966.6621307434593
966.6621307434593
966.6621307434593
966.6621307434593
