1538.7737379652822
1193.9533020911924
1160.28934636967
1135.7234887809914
1119.4978205919492
1081.5679895749836
1078.406927570238
1078.4069275702368
1078.4069275702354
1078.4069275702354
1078.4069275702354
1078.4069275702354
1072.3620468266604
1072.3620468266604
1060.0391347936811
1060.0391347936811
1060.0391347936811
1005.9927939902054
983.6830585822386
970.1971451630316
967.9040915228286
967.7187819078047
963.6779091605154
963.4181198490529
962.2624445928861
962.2624393018359
961.025130260047
960.8991910489594
960.8991910489594
960.85065659115
960.7647965487708
