18508877565.93866
2193230494.7361627
2489600981.242945
3535564173.8157883
1945561670.8067212
2018203939.387939
2285058958.301731
2009891615.926262
2401198902.680287
1860396722.7376175
1396299485.9869702
1256169708.7158127
1026735416.0864623
1484302758.990334
1452246687.2000194
893523661.6726744
544561081.7545453
1381886509.717348
795204391.6493403
502906961.92921305
957044292.992327
1747117944.8661122
713274960.1437366
408278393.6007203
684806495.784611
678769168.1293182
437019208.4421221
241317218.09362793
184226061.2487104
90764332.22512284
84707502.29413167
54576229.89311514
25467907.728124678
46943967.71661066
67736227.97794868
25131232.3758457
22097342.215465643
15142491.173757758
37481787.44859721
28018999.8962721
30096075.916470326
69864697.67552097
40086224.05629429
32115607.578619145
57885258.460864045
36249906.73506924
23289309.19572816
40165664.697231546
113578542.11073975
62684004.369388446
57752825.171673715
70498451.13424253
36719854.54875427
89279359.81165549
100590595.23823735
74748511.33246182
212024604.25612777
50616865.37554903
78032814.49243191
87910497.60834357
79472104.40878205
