19214006774.86978
2188296739.8548517
2095522701.468657
2621959490.756722
1864499861.9962509
2481329118.6027384
1493102661.3032615
1993390073.2475002
1096672895.7020187
1904614798.3736763
1030203247.6740282
1848308074.6544375
1562823945.0179887
668983426.3782403
1126147440.5366013
1003727949.0948908
1131025951.2381103
947050820.4360149
910869330.0779375
670305729.6023321
441024806.8364379
487688073.65049136
617799509.8155603
529804974.14617145
228519523.09140414
351959587.57634246
351179047.03223
278491370.30931205
182582681.1890248
183318454.66730505
117348476.64007726
119979788.45201938
134470274.3292206
55287243.94829507
73838276.64087911
55122660.3435027
78437576.36627565
200569855.82161006
168140527.86848426
97080348.13544847
138251292.4819639
146029568.23993084
135683295.85609454
100312522.34391662
187425169.49529225
184638187.32143235
198132500.86808303
209211804.92686856
96334841.3951019
268515825.5783691
147544660.18622568
131181640.60410938
261672046.37253374
194074375.1664745
146578707.0145074
153925522.28754902
109929214.48488562
205584535.48721176
375440488.06773466
141267154.22890657
107773162.79978462
