16948242956.838675
3372047900.8203363
2967452133.546756
2553361595.785028
1489950710.52483
933172656.6285427
2100766941.3516095
2169964647.0019584
1591419292.307737
1491149073.0005355
1128161125.6947749
1287881296.4423153
1022087474.7521242
1383665055.7460713
1334617860.8526318
687934396.3222204
993926561.5574238
927298133.5062821
1104312896.1281738
699300843.6210308
627718478.7496666
854158275.6400863
541303343.6149917
450981047.3464236
486575335.7980992
199880455.0212533
147669067.87907407
262032481.3672952
196628617.08815655
313967845.12245023
150166871.598811
194409874.53914773
87030303.0942123
76901150.37061921
158656310.4967318
309425629.5666515
167173371.3226118
142442738.67929718
44637544.91923066
116994421.22042029
154424447.5613132
160975873.8364797
122313751.21891685
109557653.0120389
92312305.820344
178216950.12795812
104087292.19887476
82010983.7754662
313062156.16375333
174463617.3407284
271272437.26365244
160823198.60296795
129590477.00958411
104646119.485351
197679335.8762568
124140220.2356927
159657926.4223475
222068320.2832488
261780090.26101726
123078475.9930974
62110946.87559048
