18629940465.188515
2430376256.9749966
2344726533.901226
1894472873.24956
2384405882.0050573
2145423931.2109883
1938846316.881869
2319784843.378305
1889989026.2213619
1929615314.6026664
1698847930.194028
1737382315.2239692
1703532035.8149905
1142349517.620901
938709780.9620953
768164899.2852558
779014961.3798106
794969979.2917753
712424503.2357501
610456375.2812729
535068763.8346475
552694303.6758667
1291984611.4102817
491555200.84794295
382502401.93967676
517372220.2231287
317766958.8834307
257357881.02725834
279852207.3217858
380000484.82136303
164731097.9628949
127290173.20638303
125716969.90149045
25408277.067675773
76450745.1820117
22498997.968806364
46759481.5387022
20668327.491299573
16591479.887553623
31673150.270916738
10050932.902324436
20129264.952760532
22242116.96965879
20343205.04687298
48801793.52236299
58864976.852160536
28979017.47703039
46974241.463362694
52709199.87384932
42148296.00190624
37241679.05798082
132367116.46254842
54737897.259856984
20116015.718472175
29277151.30761708
21502994.849818464
75526793.27463037
143068573.6124408
64863019.5894715
105775313.30538866
49305828.21620824
