15123118521.268194
1789111577.3154798
2161846013.437785
2553340969.9569683
2244917435.4964747
3254918302.45108
1468864419.039078
1947713546.949145
1812220995.869023
1897638401.2521825
1385253983.1904058
1512853976.817218
1263487733.7301102
876158157.2719185
858153309.864981
1110412711.4787714
932090347.4213133
885962916.6043507
813663073.0642066
674204066.3130922
681283846.8654504
903990073.6032261
682302104.7345858
362746994.8089138
545845571.2221292
646003130.3559917
354949049.685931
399026503.06954086
108018291.24860767
169060862.37982255
292758214.8896672
136360757.46119213
94734649.29201397
94309553.07226989
143005426.9911579
95603507.240995
150982021.58242217
96209228.09017149
111841651.87255053
33798598.09118496
26234669.639154565
94498440.26716459
57240983.324528456
41144842.737776354
71132147.91808526
44600626.9215425
144461532.03698388
99822988.27488998
74475969.5820848
58756244.020927586
32646938.20841477
41721335.26295458
133928794.76046984
65595245.20169469
62856546.1720808
47335756.61401818
37642854.49747364
17912121.931706145
27720361.991063844
34636925.5933927
35449798.751735225
