20927998176.099045
1852101215.061111
2846825314.2770033
2209464684.2235026
1891302635.0152268
2979310562.062172
2128775003.0966163
2952742088.7532682
2647010862.5055795
1808311915.4054952
1348046595.2383728
2466538906.818673
2344809441.8748236
1428508792.056258
1179015845.2633731
1390095148.2695956
1075075871.532954
971037931.1243417
972723092.527517
439095212.7256628
792426061.5268946
672637692.1672271
394112661.0858904
312738184.3499106
552487361.8518106
582091290.0624406
275441914.0060381
121509365.6736488
187123424.44214973
388882583.29766256
201035952.76319298
227892771.27314487
82684662.06203052
47586096.82347879
70371826.21453302
59546931.319168486
54826414.13720773
58440053.36300556
108298799.75932474
30369853.441096384
177831120.50381616
118657776.70491275
70374595.89427042
105810267.82528494
139232573.0147966
89089974.66413006
98115612.3586113
73090083.40044433
98557315.50434914
178442336.74745533
94849846.67223385
167670033.2801865
294574906.6804725
169067525.81205636
190593458.08353886
159220951.88074392
194316731.46638033
164960216.47776002
174615219.69708177
201634826.9662367
54851378.70063138
