14209533201.59935
3562332409.422011
1725030153.6277404
3211183996.985221
1790022224.5893757
1223839696.2116227
2045841756.1489933
1181201952.1290612
1072016667.9030788
952866057.3283638
1071237652.8376051
1164337266.528995
842011151.1731651
1534174975.7046745
776149181.6513402
527104519.19871235
1038120050.1928227
735562111.9175303
702501274.8284321
774198403.7574537
799133200.7555225
793499402.7227005
531253166.3557127
448223017.36289346
484145034.4884742
428156039.9095105
429726752.8432991
321289878.13133895
359253493.3742133
194749444.48280746
210838181.5303158
329817966.4510964
217514201.90088695
760449319.1170973
131835551.8219233
140096822.04540783
253534812.34608284
126161789.62267235
182376220.8769101
90613240.36739047
61612176.92165196
89625045.62402321
178085752.81321496
92192098.94404426
228320685.45410642
66611637.61860286
165820348.00781196
214461699.85763818
91958650.9548966
251930279.39777088
90257304.01618472
139654415.80009905
75522090.12651753
74429697.95144787
252114000.70419946
390223048.5734038
175063209.79500222
87903813.08740655
103010939.20194118
290795081.7335645
79289977.84613715
