7059582071.850891
261171179.9995528
154397652.20765355
154397652.20765355
154397652.20765355
88741678.15715164
88741678.15715164
88106186.90214121
84777727.39174302
70510615.04377678
60513428.46895003
60508988.23049003
60508988.230489895
60508988.230489895
60508988.230489895
60508988.230489895
60508988.230489895
60508988.230489895
60508988.230489895
60508988.230489895
49261301.31892862
49261301.31892862
40139240.332655095
37181716.07527193
34201831.696785025
33314019.932031594
28106935.727884784
23240075.270885225
18362760.86935843
16869041.530690316
15682038.249935804
12635061.364473293
10662065.804625005
9870856.791087499
8422342.206981963
7243430.146504886
6630787.728135766
6087093.904708739
5280427.377006751
4436569.226189392
3770604.8936493867
3571775.2809408656
3375208.3066476737
3260704.582654247
3160442.0600242945
3047024.520609271
2990295.4517172626
2927660.287260152
2924529.8419716605
2924118.1742718774
2924118.174271877
2924118.174271877
2924118.174271877
2924118.174271877
2924118.174271877
2924118.174271877
2924118.174271877
2924118.174271877
2924118.174271877
2921712.151198075
2921702.4488113434
