7795131922.43733
196299662.19449928
151045870.84580398
151045870.84580398
144238766.1338287
137930777.2026706
132520827.63549942
76634955.62388867
61905188.85367853
54897900.167060524
54897900.167010434
47485640.96366283
39902093.902506515
39899177.69045455
39898452.18197706
39898452.18197706
39898452.18197706
39898452.18197706
39898452.18197706
39898452.18197706
39898452.18197706
35831326.967790864
25914860.986822054
24929539.623670343
19494663.92075019
17992438.562651355
14531007.309526248
14161280.420418352
14161280.42034568
13051225.751008827
11427616.791518198
8864835.329493001
6710085.983232335
5306767.485049378
4771509.982361059
4134495.593575946
3332984.662506866
2998515.6772679165
2546239.760143643
2201662.239529033
1958029.1461055616
1805858.8250237827
1706723.879674036
1596856.3982487046
1536864.9746102225
1475396.9329878243
1445144.126193772
1400078.6704047367
1398252.558206626
1398252.5547956952
1398252.5547925911
1398252.5547922521
1398252.5547920861
1398252.5547916628
1398252.5547916628
1398252.5547916628
1398252.5547916628
1398252.5547916628
1398252.5547916628
1394548.5303433386
1394548.530323298
