5920713346.070279
225740397.29192322
225740397.29192322
140322898.33667418
140322898.33667418
109647986.93554018
109647986.93554018
109647986.93554018
91773620.71792237
84819006.34078011
73765132.81322412
73765132.81322384
73765132.81322384
73765132.81322384
73765132.81322384
73765132.81322384
73765132.81322384
58584343.91121419
47446117.3291614
41672582.988088556
41672582.988088556
39901843.26809052
39901843.26809013
39901843.26809013
38133192.57058024
36673721.95817792
33476870.906950753
24691306.291099645
20668426.42655164
17736042.970624607
16195137.285501957
14511282.57401864
12326519.999802114
11385844.323844166
9388351.791003583
8834868.471787678
8046750.984855002
6942100.1746673165
5758476.661087033
4667061.923991356
4277994.736165397
3749014.8667193255
3109882.6132768868
2863609.1474068365
2623282.2223936417
2295559.829077509
1979251.3586131497
1924090.5349182729
1923822.640667468
1920571.9231056448
1920531.482238077
1920531.4358494221
1920531.4358465194
1920531.435843356
1920531.435843356
1920531.435843356
1920531.435843356
1920531.435843356
1920531.435843356
1920531.435843356
1920531.435843356
