8986377054.814495
327432740.65265906
296668370.21981984
267096903.95750356
258296694.98776352
222182494.88297692
188314912.58967656
163757776.91704047
158841067.00064215
157766968.91249946
156401232.2366678
155278102.70158482
155226721.72416413
155226684.15932298
155226684.09491253
155226684.09491253
155226684.09491253
155226684.09491253
155226684.09491253
155226684.09491253
155226684.09491253
132780518.92679672
119335385.48194969
108015189.37920883
92679497.9866887
88723683.50657824
85335100.39699674
83018330.17733458
76428119.83774331
69686479.98628388
66845041.08424618
55994427.77021359
44318453.86128736
39908828.970006265
37606738.10273171
36363856.89182343
34262937.98173977
20547389.830747306
14318816.496121801
10976807.92208182
7808210.404458323
6074796.086529538
5460400.039665691
5426027.6468418045
5080420.085866655
4681473.897502012
4679594.069412519
4679594.0693907235
4679594.0693907235
4486459.677729389
3986927.1824974753
3985133.8771138266
3984951.561305113
3984787.4058838584
3984787.367971513
3984787.3679681686
3984787.3679681686
3984787.3679681686
3984787.3679681686
3984787.3679681686
3984787.3679681686
