4431566459.442336
482090436.34972847
208679806.96410957
205099266.80838457
183653166.48161957
131945740.38337247
119499841.03787866
84354388.3830174
84354388.3830174
76977827.11869276
72728708.83960924
72725923.90251796
72725923.90251794
72725923.90251794
72725923.90251794
72725923.90251794
72725923.90251794
72725923.90251794
72715305.03707789
68611851.0741441
68611851.0741441
68611851.0741441
49280479.41138123
41710175.64752435
41710175.64752435
36841418.750259854
31739589.16206847
30514249.742063284
26575612.10584979
25278469.675408687
22349902.846682906
15181936.2421177
13536762.376896644
11663593.772089561
10293154.809649818
8477730.276655419
7728932.29332027
6924709.092671688
6654980.051127185
6285168.526190956
5969126.9683791725
5643010.067669446
5408751.312028299
4877324.937975547
4657294.77943231
4648207.483945841
4648207.483945841
4648207.48394546
4648207.48394546
4648207.48394546
4262433.506201766
4226514.06503642
3764449.335257403
3615955.690993476
3462987.348245376
3457328.295213844
3456718.947044666
3456718.947044666
3456718.9470446655
3456718.9470446655
3448212.5588965775
