10555479529.630512
221001816.79525787
221001816.79525787
205332213.6448558
205332213.6448558
185105689.04146454
185105689.04146454
165516137.540147
139684119.0456739
135644083.1812048
135529326.84099808
135529326.84099808
135529326.84099808
135529326.84099808
135529326.84099808
78710671.93371981
78710451.71638525
78710451.71638525
72207897.68661343
72207804.23228727
49057162.97104111
44833425.88654271
44833425.88654271
35726687.0481337
34263383.300101504
30995927.644179694
27385113.442190584
22697277.060383625
21071425.62864528
20823320.816457946
18010998.85159588
14820011.783583514
11849586.99386511
10849981.633077772
9982944.912823556
8546969.829687638
7197947.803150166
5672381.175202172
4881058.624866144
3172991.3349079434
2806883.4247637764
2278942.454927075
2084595.0264428065
1763341.2752690015
1742532.0930065953
1742532.0808801437
1742532.0808781474
1742532.0808758547
1742532.0808747648
1742532.080873848
1742532.080873848
1742532.080873848
1742532.080873848
1742532.080873848
1727099.490682815
1727099.4906713162
1727099.4906707702
1727099.4906707702
1727099.4906707702
1727099.4906707702
1727099.4906707702
