6521780847.135562
202635081.37402126
196921451.35460097
192323360.28551576
125404959.24450399
125404959.24450399
108047410.45772749
81928305.37445547
81928305.37445547
71973335.5107962
69704687.55644365
69704687.55628866
69704687.55628866
69704687.55628866
69704687.55628866
69704687.55628866
57418637.48605002
57418637.48604996
46162287.662892945
46153648.712574616
46153648.712574616
40412147.88780115
40412147.88780115
37741504.73716435
35277592.62812157
30783277.052807666
24613148.78675927
23894719.094065413
18373276.631124873
11485595.677172234
9605693.374409607
7494236.346128796
6843324.010007846
5352359.080664754
5346775.301669536
3872490.1534613254
3437161.863469739
3105029.4898555507
2965941.260104543
2762170.0326658175
2629840.95244879
2450991.7422268866
2388494.303071671
2298587.695937584
2273979.016915762
2206047.1280653873
2178924.5779384314
2172803.4287942215
2172803.051938086
2172803.0519376127
2172803.0519360173
2172803.0519348895
2172803.051934223
2172803.0519333454
2172803.0519333454
2172803.0519333454
2172803.0519333454
2172803.0519333454
2172803.0519333454
2172803.0519333454
2172803.0519333454
