140529.1154590473
1883.5523125124353
2238.632786998731
1772.5568224435453
1271.2227871617013
1483.3134474998055
1219.957798943995
1170.6268446237152
1103.6487781698554
858.4555885542908
877.6823592767141
946.7473994838449
969.6095807987656
707.0701739379443
729.1421610826665
733.1741432453016
655.1222898378796
645.5674582684701
678.5740858067353
662.4636104278485
663.8108025130914
677.9128764575638
665.390105311789
645.9928431421858
632.7673440824078
642.5050277571494
638.4314651331896
609.9063264552162
609.8528783225163
608.010312633619
619.1120874552236
