132837.48614497264
3178.0118614990433
2083.5830788131793
1783.1029256306877
1446.0300520623493
1721.4145159366283
2147.3662807055834
1510.4764584675702
1388.9883673025065
1189.4985467564366
945.4539697473335
954.2030405730939
802.8659089629639
668.4091920654838
686.2724160813739
620.4631696251336
652.5081724060283
618.034349554974
601.0391176095411
586.3507560474394
601.5077620097745
584.2090644507304
579.017606315151
587.8656157874697
577.9589779122201
581.3575492353424
569.4780639361661
579.5432071779886
568.5430302544148
581.1265839597569
567.8809819238194
