160799.14055432798
2816.6032169076143
2370.7672434252154
1980.6106700340576
1912.3986513184923
1538.6885587620236
1322.224129555938
1495.4366731479395
951.7588857548214
946.0304124687402
972.7050207758617
894.5627656197854
881.9109577237072
759.6025903658533
716.6185031331962
662.1903004242838
677.6695156113217
593.6574341864341
586.1179639086655
583.297403366648
560.2854122705261
568.4005455550866
577.67225416637
580.1236638335885
563.6809819754023
568.1910408064606
561.7211423816608
551.4636767631457
552.5702592895503
572.9810241294256
545.2310730147713
