150796.75212794694
3618.5096667870703
3171.2428030710703
2006.1718201102153
1543.9680089289263
2209.2612480135763
1763.794275336128
2130.49988775526
1697.3544405405203
1772.1479098421896
1165.2539294094877
1236.6467048914267
1389.323620381861
953.9198211765685
783.7657897604255
702.9358051554912
709.6113692716524
718.2385492388785
708.3793048608898
642.1153833523688
633.5490441892883
629.4145781352292
627.0092515939075
622.8529819511275
621.6691881812473
621.8639618703685
622.6737040788978
619.9448594743234
620.5258327534574
620.3240756306787
619.5865544256235
