128155.94565457362
2812.247151249473
1652.325567423445
1538.2028890574838
1205.9590718951956
1603.9639508754422
1541.6555799591174
1501.8093072416773
1134.6511399838328
1192.21532051459
925.0144504836995
800.1097364801615
805.5937320731342
765.0951773764294
680.2822495853487
633.9808147503456
614.6422174777359
594.3458644011075
646.7062661912215
577.0422876051214
665.4898630828122
573.6837325056398
630.1813702674021
607.8582793229111
568.1648520733754
586.3338480439195
570.3927398134358
565.4238828928355
566.4253116555044
573.2967565221409
574.5958396018501
