173742.2142927362
2640.907549672294
2046.7599253371586
1623.8916918290938
1570.6044258991446
1434.832604872517
1166.6658789554863
1056.8065332365045
1151.35725206913
1072.9677711604124
1748.3250302164565
774.2732407521397
786.8947787137662
695.9609549293822
728.1312449271702
695.5479783672683
659.2441193506454
656.3152094645809
641.7228831064325
651.6555486880545
645.4036910737614
640.0668885661854
629.3271130178091
625.28693825613
622.007664030142
632.4001945828716
632.373442808192
645.1386577529056
627.662575722745
625.2576082703354
624.8430725783589
