70911.74931254008
922.2902024593341
885.6559220976887
801.3204939772601
738.3219994708545
697.5685365831823
697.1030893042994
575.1848062654062
575.1848062654033
575.1848062654033
556.9807667660162
531.2751366329237
531.2751352493376
524.668622568883
510.53857775116285
510.4096174338805
507.86962856206907
499.02851682093166
499.0284284811647
497.51197329809276
496.9904685408041
496.6691651986355
484.5099509313234
481.75548072543245
481.73993305452325
481.7399322958054
481.7399322492395
481.7399322491962
481.73993224912266
481.7399322490795
481.73993224904694
