48911.276208451694
832.8033906040603
739.208585996905
651.2441422694558
610.0153855391488
606.6932804066026
606.6932804066018
606.6932804066018
606.6932804066018
606.6932804066018
589.3521459514207
582.7509321588637
575.9296553009741
574.6595803133307
574.4816173298639
555.650788364678
540.8058349887744
537.1840870224104
519.2573098200876
477.9740845373955
475.16235535403786
474.4494681245688
474.0044215672243
473.84180024496794
473.75783951369067
473.74322724504657
473.74322724504657
473.74322724504657
473.74322724504657
473.74322724504657
473.7009117389538
