37134.66798432018
851.471134423072
712.8602201235162
681.4969188139473
606.7020081177603
593.4646433140306
592.6834503004413
592.6834503004413
592.6834503004413
584.0678285700637
584.0677987410447
567.2390438657192
567.2339909678709
559.185104355859
553.1696918433166
547.5585608940207
544.8518076667619
542.5293614411507
540.5281012514421
538.2620226037602
537.5528443092359
536.8942860983929
536.2147417505876
535.6226146889425
535.3841966752822
535.1821155784985
535.0441542727295
534.9226655157352
534.751798936313
534.5051831188031
534.3635279290573
