67326.3717363756
900.4706857761362
818.0974317012955
683.4882927574304
657.4127135264123
641.389394879699
614.4430879601712
600.1720110983283
600.1720110983272
581.3174165113253
567.645505806172
558.887852961253
543.7376667485562
542.1480736211475
539.4533047511895
539.4465332872982
538.804410942185
537.6105728056904
530.9679807893575
530.9679807893575
526.2926528504407
526.2926527941197
526.2926527941197
523.6469388332589
521.3986922917591
520.7248400044116
520.7248400044116
520.7248400044116
520.7248400044116
520.4435192311753
520.4435192311753
