39527.390571466254
1052.3612953934867
807.4357756819452
747.2962413343364
701.5990480548542
660.3015273881265
635.9727244899972
635.9727244899972
603.2839184524148
580.287711161758
556.2780999546117
527.4763770469579
525.2166903319327
525.2166903319327
525.2166903319327
519.0101157339598
516.8690130340763
516.8690130340763
516.8690130340763
514.2374250316252
514.2374250316252
514.2374250316252
514.2374250316252
509.19532741968897
509.19532741968897
509.19532741968897
509.19532741968897
503.68620944819145
502.0996349863597
502.0996349863597
501.84265473281874
