54909.839741298325
895.9848694755746
665.0466711224506
632.3011560021697
599.5734258719672
599.5734258719672
579.640051033545
579.640051033545
579.640051033545
568.5809832129
568.5807687052388
549.090585418075
539.4585132420552
533.8639849255972
501.13299518289716
497.6436607967779
488.2411636942778
480.40370640996707
478.17473988699317
478.1503578768269
477.2725413755407
477.27247456728327
477.2724745672697
476.79633738088745
476.7785487023491
476.7785487023399
476.7785487023172
476.7785487022965
476.77854870229237
476.13267265909127
476.1326726590012
