27570.566990038016
990.2723384009882
827.403407877893
736.3919161792226
650.1795466482395
645.3253145525196
645.3253145525196
645.3253145525196
613.6473268238752
613.6473268238738
592.4245762735823
574.8211582486476
572.7577822089506
567.3054762272986
565.8908217962986
564.6008502828561
562.3895493377287
562.3895493377287
562.3895493377287
562.3895493377287
562.3865177346281
562.3865177346281
562.3865177346281
556.914981894358
556.914981894358
556.1793138320879
550.0001165605595
549.6261406165423
549.6256401429805
549.6100283516183
549.102699473623
