61233.40380238864
876.3459418680533
822.1803118969679
773.9880415553781
688.6314584602851
688.6314584602851
688.6314584602851
688.6314584602851
638.7968865226765
630.994155787094
623.3775621444735
606.7784089698512
591.0692878503693
586.9764881088689
577.3910400707354
570.5030309463663
563.6456663946344
563.6456663946344
563.6456663946344
563.6456663946344
563.6456663946344
563.6456663946344
563.6456663946344
563.639886497763
563.6198759407056
563.6198759407056
563.6198759407056
563.6198759407056
560.5374588413722
558.099588043136
556.1318479253719
