82246.94924723031
933.4478613924887
765.7215773234957
644.5931750972848
644.5931750972848
637.3802149202485
633.9382426198283
633.9382426189629
633.8623193823944
616.7425755235057
616.6549097749958
593.8098893869668
579.3007004354229
567.0303559057893
562.6157660440388
562.6157660440388
562.6157660440388
556.5567789272309
549.5242681981535
545.7565982206238
545.7565982206238
545.7565982206238
545.7565982206238
545.7565982206238
545.7565982206238
545.7565982206238
545.7565982206238
545.7565982206238
544.7656614967337
544.7656614967337
544.7656614967337
