49494.6633863461
824.3440625805799
758.414021824263
754.7809651637981
704.2089240182729
684.9864641906657
679.2174191634177
679.2174191634177
651.5976517143708
623.3976526911209
616.9709501436043
597.4809378602149
597.4809378602149
587.8310112238473
587.5103558700363
585.4222943579095
585.4222943579095
585.4222943579095
585.4222943579095
576.4561262248749
576.3155125818557
576.1540055270711
574.231831782118
573.3873067291142
570.8157147592265
570.1835471996092
568.2997231036993
567.9291551573305
567.9212106924389
567.9207334520848
567.8732431073304
