39017.949189304556
868.8104906985416
820.4696171941628
703.654560208777
650.621011326544
612.1728448959997
612.1728448298109
612.1728448298109
612.1728448298109
612.1728448298109
567.3346192682015
562.5297380084857
550.9865848133333
546.8206028115218
544.1497385365682
538.6880685192398
538.6880685192398
538.6880685192398
538.6880685192398
538.6880685192398
538.2981869913589
538.2981869913589
538.2981869913589
538.2981869913589
538.2981869913589
537.8575269795276
537.857526979511
537.8575269794961
537.6735284080096
537.67352840799
537.67352840799
