659.502738090568
645.318816810944
641.7942227862643
642.6671307574206
641.744651003969
641.7451869720874
638.0625286485401
638.5677979158104
637.545186057785
636.2086635735204
635.5100191150225
634.7350898975753
635.563951691315
634.3795879991357
632.2668787659583
633.2097966755387
630.7209296289838
629.4935861181178
627.2691350808
624.3745424233675
625.9329255322324
625.789652789902
626.1355224881644
622.9529574736233
619.1044327688256
617.093811414777
614.6215780433187
614.2728194644918
614.2052600080968
612.8081399167518
610.4934148834685
608.255147276472
607.3918090184803
607.5443802251199
606.4346302320208
606.3922627235806
606.4101301156974
606.3622423547326
606.3709360460346
606.4030828489795
606.2690377033806
606.1891148728635
606.1841857937103
606.1797784821147
606.1344585839877
606.1333803197988
606.1341731468839
606.1335800473676
606.133812821058
606.1335270646919
606.1333667232967
606.1335527429262
606.1336273944655
606.1335602013951
606.1329544545148
606.1329544545146
606.1329544545181
606.1329544545131
606.1329544545164
606.1329544545172
606.1329544545158
