661.1392440101196
647.2892137938845
644.0637718013988
645.940342347553
643.3595592295729
642.7492620425322
640.6148532852267
638.2753822826304
640.3672285751497
636.4974167662997
637.302517717541
635.7170073802833
633.6612468478885
632.8013700006252
634.1048287825067
630.9421637089165
631.9429567987225
631.0553812020335
630.2835797807755
628.8858393816388
631.2089538025241
628.8481887471763
628.8526566840119
626.2927484046927
626.8050937787496
625.7711122577336
623.4181905901758
621.0814726449262
620.1889926687911
617.7963970072312
616.3452885643662
616.0738187951467
615.4036594079041
615.6890973017738
614.2253150205728
612.5704822146553
611.4572445817696
611.7117571460407
611.3195865048837
611.1854095892957
610.6312337822279
611.0366581630533
610.8841743977334
610.887127726942
610.8912207536905
610.9130582593585
610.6736699307519
610.6959204120915
610.6275220354344
610.6498605589825
610.43258221974
610.4317979613047
610.4318091748567
610.4316978590916
610.431496404427
610.431496404428
610.4314964044231
610.4314964044186
610.4314964044202
610.4314964044099
610.4314964044104
