659.7830186771935
644.7619373864293
644.9591565003168
643.560410298111
642.3490771638527
642.6244685313605
641.1708563972934
640.3442521979799
639.5880096589941
638.8562544963894
636.8321274492063
638.0115808475796
639.0391276367839
636.6596905393184
636.4956934780213
636.4395549549952
635.0375821397706
637.9906096589368
634.0683554406357
633.9362555631504
632.5905008229595
631.9911066225009
634.1882120959644
632.1363679470828
630.2352208288712
628.8805983309582
627.4580988935477
623.93092637868
623.4143330185648
620.7934079364384
618.673067376173
615.8506090276501
615.2675535668018
611.8815644174063
611.8063533084063
611.8297864395719
611.6488751189163
611.6331762598865
611.0344562787527
610.8339428123797
610.7881125857357
610.7827027172832
610.7745689132233
610.7718966652723
610.7718151165388
610.7718148825677
610.7718148825057
610.7718148824885
610.7718148824921
610.771814882487
610.7718148824871
610.7718148824866
610.7718148824879
610.7718148824864
610.7718148824924
610.7718148824872
610.7718148824886
610.7718148824855
610.7718148824866
610.7718148824862
610.7718148824857
