659.4092456936717
643.2080093271618
644.4723253602768
643.7857016116752
644.2374818880593
642.0943933325436
642.709679183514
641.7741556504247
641.6339377861032
640.5781003215423
640.4148749770065
638.8651689421885
639.4237512320367
638.5263766628018
637.1262450296327
637.5367899342641
636.4334360858959
636.2152515241448
636.9461873738788
637.252333100456
636.5034602722903
635.9895244599412
637.6955515783795
636.0316974806922
633.0151522258509
626.383381287329
623.0534622150325
618.3589111754502
616.7117659826097
615.4107729413621
612.4845857438248
611.8760720715466
611.7404611464776
611.2319072973917
611.2081883604554
611.210192056942
611.1969073287269
611.1942767244484
611.1935785581467
611.1927046463758
611.1911846663436
611.1930784083521
611.1927910846833
611.1942723545678
611.18365183016
611.1793137051922
611.1790860235163
611.1788590832956
611.1786757514021
611.17867550463
611.178675494981
611.1786754949729
611.1786754949698
611.1786754949694
611.1786754949719
611.17867549497
611.1786754949684
611.1786754949683
611.1786754949693
611.1786754949678
611.1786754949683
