659.8677816248794
644.3265606045032
645.9442174698105
646.2391878975692
643.0234462360197
642.445787065243
641.2860022153299
640.7799050924543
643.6333209594582
639.3109976397166
638.7190074308537
638.4138498933693
636.5704352932503
635.6737016297753
634.7315235208225
633.9736779582533
632.7349059315474
630.6238888230613
630.5486272862684
627.9616802778148
627.9320572432209
626.17556754564
624.0384324541197
624.5259089628146
623.0882724689238
621.4455293801963
618.7237612085871
617.9545007703466
617.9415383178043
617.3730710730927
613.0033680365644
609.6503358397026
609.5983003320559
609.1680607194191
608.1702984210381
608.1588060252176
608.1578020852637
608.1575673895941
608.1575564689927
608.1575495062668
608.1575407347158
608.1575117701362
608.1575080917199
608.1575134237557
608.1575099629105
608.1575128170157
608.1574998288686
608.1574998288677
608.1574998288672
608.1574998288704
608.1574998288668
608.1574998288655
608.1574998288668
608.1574998288712
608.1574998288646
608.157499828868
608.1574998288652
608.1574998288644
608.1574998288646
608.1574998288645
608.1574998288645
