659.4791154503694
643.7111745082707
643.581847930001
645.4396307445593
645.0167973226925
643.1538680945428
639.5829841188018
637.6250528340847
638.2262701642416
635.0049736139865
632.456107263152
633.3676344647818
632.1305491873209
631.8174188752472
630.1302952373956
630.3424852815825
629.4848278588144
627.8293043085225
628.7080815357451
626.965939257858
624.9233652618686
626.4031711872351
625.1404267577701
624.9107091195488
625.0705226576572
620.2652735378773
617.2051349533442
613.3147656461704
610.95087968992
610.284618212069
610.5292692934505
608.4878184703782
607.8784577035183
607.5470656355586
607.4290685383446
607.6760679754052
607.3898490272878
607.2777870985137
607.303836914304
607.2921718498044
607.3421652190809
607.3411559547867
607.2799212622824
607.2438431247704
607.2713138812738
607.2707590092756
607.2429900281307
607.2760733579181
607.2288277805239
607.2673921343945
607.2116761734321
607.2799304444054
607.276358534182
607.2267226900248
608.0371182259435
607.2321642872466
606.9216680482899
606.9066010714887
606.8958144272841
606.949562258728
606.9737193904035
