659.2116348252489
646.5418973406119
643.5679517631979
643.1000757012368
642.2632231402818
642.0441360953898
641.8199097429315
640.1559124365715
638.8561263169241
638.3515385394018
635.5374910264009
635.6930525767259
634.0657721620215
635.163008840237
633.142984449368
635.0824710377261
630.6307218855832
632.5551012065796
630.0010925180032
631.3612235043204
628.2143288842486
626.2038159546652
626.5802940844239
625.3747905500502
621.7625697272031
619.3182232557531
616.3140590719916
613.604681064612
612.7386982582032
611.5361865231686
610.6229969637676
610.0899817621131
609.3308669004701
610.4437602867097
608.7080922772898
608.502101866424
608.1219643654752
607.6117865786046
607.4790427190853
607.5470503289783
607.5143060247394
607.468743312322
607.4591450269161
607.5526063326147
607.6924912703874
607.6746905612769
609.6362240677898
607.9873327736029
607.9603119840159
608.0401459309617
607.817539510809
607.6030887291353
607.5811405907975
607.3191112619548
607.2958877213955
607.169992626996
607.0695319630545
607.2103421832895
607.2671450931203
607.0248242047526
607.0538741424068
