659.6416312991759
645.5926093313241
642.9368459908333
644.4926793446764
641.5468987440814
641.3360183943944
638.1155805429726
638.6092201546851
640.7264805085819
638.7225800464882
636.175116576804
636.4829172795575
635.6390523403443
634.139918672282
633.6779458902326
631.7289781284101
633.8271035750261
630.0828025812127
632.1036772864742
629.890168246447
631.0329435353402
629.6092754989984
628.0589157121801
627.9579189899232
627.2595652181928
621.7406664088893
619.2945746733641
618.8151977337942
617.5091867419013
615.3955983402843
614.8132436423316
613.1645087674232
612.9854593921026
612.6170920798161
613.2036373098355
612.4973411330915
611.0782687546342
610.8360938975495
610.5371000649272
610.5543507237502
610.601937215117
610.6004547694869
610.4419502294833
610.4407796275353
610.4216166359167
609.606401186252
609.5888136774231
609.5875920357901
609.5875678887952
609.587567878558
609.5875678785512
609.5875678785518
609.5875678785455
609.5875678785418
609.5875678785407
609.5875678785388
609.5875678785387
609.5875678785407
609.5875678785367
609.587567878537
609.5875678785372
