661.0432547810325
646.9154388957493
646.0144831910076
645.146105446433
645.1974010797628
639.8198429405845
639.6566021261515
638.6849768095348
638.5730363014588
637.4201368160311
633.7139886385517
635.2011200980403
633.1900827401712
632.9326031187913
633.241600828726
632.2448183776979
631.0705349333
629.6450763795862
628.5820897897686
629.8530586625361
629.2324296077111
625.6321201789283
623.6425144577931
622.3228771105295
618.8363989305901
616.2934348034136
614.3191957837064
613.0227467198622
610.5441994216947
610.6798830664164
610.4471414997403
610.2368147760418
609.72735950417
609.6146922648073
606.5022755002708
604.0780789389107
604.0109324079227
603.9145706598271
603.8827270749928
603.967805172062
603.7204240995922
603.7056670677487
603.7064674883994
603.6931535779937
603.6928280961051
603.69279568968
603.6927956610622
603.6927956610424
603.6927956610351
603.6927956610333
603.6927956610323
603.6927956610327
603.6927956610335
603.6927956610307
603.6927956610303
603.6927956610303
603.6927956610291
603.6927956610294
603.6927956610282
603.6927956610283
603.6927956610289
