658.6378781672213
645.08293258514
641.9978653085648
640.743634834339
641.9713951699875
641.6163428578234
642.9546929717478
639.2011433970171
639.222681966422
637.9704091849333
636.4646107185288
635.6206601455967
636.12897875348
633.8477883062136
634.1615439191432
634.4389406935419
633.3854923143714
630.3747971836202
630.8011768583743
631.276590037327
630.853243088759
628.8307049233822
628.2217750998103
624.362235489482
619.9657996513913
620.6397676498565
617.6316263460872
615.6932238178231
612.5432856577551
612.3597879162219
611.1525524026973
611.0988806465166
611.4204610471727
610.5128927825821
610.1891423320455
610.5712133653143
610.5718219212165
610.2565969549953
610.1146190243238
609.324240449124
609.1598741594618
609.119433477699
609.8723832074855
609.391193871668
609.396785099575
609.5582188246706
609.4734307899962
609.3486970352593
609.0265116219044
609.014090780203
609.0455617333895
609.0271444212315
609.0938296920633
608.9195184983676
608.9359299447144
608.9227503276463
608.8699121618141
608.869804064396
608.8724846408661
608.8726947148823
608.8730693551788
