658.8496527532619
643.9664788053873
642.1540193574208
643.7519848129813
641.6639779590375
638.8298654334432
640.0523866440983
639.8538760536337
638.04147835248
638.9184566225659
637.4054949259705
636.001706386514
636.0723948338725
633.7854456586008
633.6563078844985
633.4373225708207
633.226597016365
634.1286605553561
631.739364432714
631.1659347838041
629.9067707659634
630.9070017922825
629.183133738876
627.8167259948659
627.6630289062572
627.5343973281787
625.4952518057999
621.6044707072047
617.3620758709696
612.8144094882576
611.0569353541574
609.9786726870802
609.6601781820561
609.2250731340484
609.0161745454606
608.9674042497677
608.9582970384987
608.9332047576586
608.9319923534691
608.9309305265481
608.9311820801952
608.9432130729244
608.9226298462263
608.922272402251
608.9222228724441
608.9222228268895
608.9222228268626
608.922222826852
608.9222228268505
608.9222228268499
608.9222228268501
608.9222228268483
608.9222228268487
608.9222228268484
608.9222228268486
608.922222826848
608.922222826848
608.9222228268476
608.9222228268486
608.9222228268484
608.9222228268482
