659.9588441524545
645.7054425249219
643.7697610411248
643.3396377207829
642.9209244676922
641.7312317718116
641.9299493183056
635.8665181894397
636.2602141581829
632.9646146794378
635.0250734296848
630.3345431574351
632.3377815437436
630.2554373257169
628.6215540355004
627.1638124009962
625.8903893339524
626.2554875807512
621.8304356384474
620.9478665968694
620.9426204399723
621.7294871202182
618.5705728292196
616.7644204015205
617.1931900552347
616.313336139676
612.8638241293477
612.5969242231741
611.0118053149117
608.6173117946355
607.4639464891234
606.7637755618424
606.5810573089216
606.3402582633221
606.228370331495
606.0552137546979
605.809240861112
605.7898420056446
605.7745310500701
605.7741724313858
605.7653707678672
605.7615003527661
605.7921727162836
605.7650824014859
605.768572804401
605.7634816030612
605.7693516688323
605.770709020087
605.823727807355
605.7498235782189
605.7394560130517
605.739298708657
605.7392788446975
605.7392788434668
605.73927884347
605.739278843459
605.7392788434604
605.739278843463
605.7392788434576
605.7392788434593
605.7392788434588
