658.3282394038736
643.6944501042223
642.2492128111993
641.7092613163226
641.2429146736366
639.4692182036282
638.6733582250756
639.7607076846842
640.7932142058389
637.7855377837843
635.7969914775035
636.3691463819139
634.9830814663534
635.0369034149028
633.2780721515053
633.2023262487211
632.4297428001628
630.715649231421
632.1470164085722
631.7429689949456
629.2654969492684
627.6969287962232
628.8346871579239
628.8183063604931
625.3608719382207
625.3069567174824
623.763941510608
622.0974771414196
617.5787636991242
614.2200739317818
613.9563511525309
614.0958515599779
613.0428659057949
612.9658507162593
612.7308389692969
613.0686670081466
612.4231011160716
612.5190813164243
612.7184259052017
612.373437544173
612.6259410780276
612.5466264701188
612.5113348109583
612.5389575323842
612.2352202264876
612.3980554555802
612.2701680304936
612.1042987696167
614.2081728907895
613.2479746289885
612.4449028838656
612.6114771997942
612.4241322760244
611.5757287312921
611.5237311979593
611.3285338858115
611.3121665439282
611.0696655839298
611.4369381523825
611.2672856491483
611.0761374241789
