652.5259666747886
634.1293428218406
631.7896477063967
630.5210862765215
630.3203101105078
627.4706978888498
625.9941966243719
625.3519017962944
624.7071130718045
621.6961834860842
620.1338400382064
619.6914873938297
619.6898844386407
619.6897568776761
619.6897568716528
619.6897568716528
619.6897568716528
619.6897568716528
619.6897568716528
619.6897568716528
619.6897568716528
619.6897568716528
619.4559116030317
617.4707632075977
614.569274642069
611.2734393120833
611.273323478851
609.8452432306207
609.2763204286114
609.0078939749801
608.9579208096479
608.7800880992205
608.4628145181387
608.0558343400779
607.5188327273796
607.4263050537074
607.3845148368454
607.3811189209181
607.374795001708
607.3731956852464
607.3731586104541
607.3731483693507
607.3731482921435
607.3731482862672
607.373148286186
607.373148286186
607.2018622413369
607.025772187058
607.0246925221218
607.0246924965638
607.0137079287866
606.9999875331648
606.9995113752852
606.8942936956528
606.893741881165
606.8937308423215
606.8937307968091
606.8937307787675
606.893730766298
606.8937307343908
606.8932939407761
