648.6120557598086
631.9720260771193
630.249959786062
630.1834321133906
630.1834321133906
628.1323283067666
627.6681826079154
622.1459766799543
619.9611824812872
617.6947082281399
617.3653853988915
617.2989650672564
617.2988016817561
617.2987884274893
617.298788427481
617.2987884274808
617.2987884274808
617.2987884274808
615.835896090122
615.2673934049267
615.2673934018942
615.2673934018942
615.2673934018942
615.2673934018942
610.9916468051083
609.5768192521946
609.5767892218381
608.2096186429054
607.4254603578389
606.4902083926576
606.0507126868996
605.9475901872258
605.9044749998513
605.7917070873909
605.43672197992
605.4056015645615
605.3630675081782
605.2939032493725
605.2917225597226
605.2880472947442
605.2872695720818
605.2872297715381
605.2841949311761
605.2840977804195
605.2840944351178
605.2840944300458
605.2840944300393
605.284094430039
605.284094430039
605.2840944300389
605.2840944300389
605.2840944300389
605.2840944300389
605.2840944300386
605.2840944300386
605.2840944300382
605.2840944300382
605.2840944300382
605.2840944300382
605.2840944300381
605.2840944300381
