656.0560837620961
633.8853948976913
631.238150771933
631.238150771933
630.1077992549226
630.0848811258527
625.1242936746048
624.0274891007036
624.0274891007036
624.0274891007036
623.2739312629982
623.1441884142575
623.144142953669
623.1441427784697
623.1441427784697
623.1441427784697
623.1441427784697
623.1441427784697
623.1441427784697
623.1441427784697
623.1441427784697
623.1093738062985
622.3369935210849
622.3369935210849
620.6148013962334
620.610312072897
618.7890145774281
616.3497738231788
615.8266706945561
614.3141691439512
612.5738143238675
611.803434411343
611.6660892079348
611.5089592495133
611.4777308523369
611.4660649418456
611.4619828011877
611.4612818217536
610.9262158452591
610.8086193227632
610.7807063378838
610.7756326656286
610.7744155019861
610.7718732022156
610.7718150310877
610.7718148825069
610.7718148824894
610.7718148824816
610.7718148824816
610.7718148824799
610.7718148824799
610.7718148824799
610.7718148824799
610.7718148824799
610.7718148824799
610.7718148824799
610.7718148824799
610.7718148824799
610.7718148824797
610.7718148824797
610.771814882479
