647.9946415356546
634.6353255247864
634.3586492501837
626.5545964927862
626.3070046874822
626.3070046874822
623.0317144848881
621.2398818722271
621.2398818722271
621.2398818722271
620.8856353579807
620.3438657081299
620.2281394294097
620.2281394293686
620.2281394293686
620.2281394293686
620.2281394293686
620.2281394293686
620.2281394293686
619.1442077348413
619.117034485547
619.1170195553279
615.831563740041
615.8218301189413
613.0299281811461
611.5147119745932
611.2639180683063
610.3690644102062
609.5695146957665
609.0371785061869
608.9165238557962
608.9047817963855
608.758966556142
608.7233042317507
608.6965458621557
608.6900444930683
608.6885983360231
608.6883560571071
608.6882859519915
608.6882855497759
608.6882689438881
608.6882666219484
608.6882666215412
608.6882666215411
608.6882666215379
608.6882666215363
608.6882666215363
607.966912771662
607.8888144830024
607.7330599054403
607.7219168245057
607.7199914877821
607.7199845400572
607.7199805067593
607.7199805067113
607.7199805067107
607.7199805067079
607.7199805067079
607.719980506707
607.7199805067062
607.7199805067061
