649.8067369056132
633.3779105154832
631.3938686388341
629.1214968935469
627.061830193387
627.061830193387
627.061830193387
627.061830193387
625.7397520738895
623.5136388917883
620.7680591321541
620.6151297768564
619.8507878155866
619.8412288292961
619.839236155914
619.8392361559128
619.8392361559128
619.8392361559128
619.8392361559128
619.8392361559128
619.8392361559128
619.8392361559128
618.2643395205994
616.969717336804
615.8919062763647
615.8919025338089
614.9614683101092
614.3622099687085
613.9810207216186
613.9158652662697
613.6551048247455
613.4146800084917
613.3406964330516
613.3190634254745
613.3175066712523
613.3171762920534
613.2722258572245
613.2637441626794
613.2607827686279
613.2605856166916
612.7109213365627
612.7037165685649
612.7034881989068
612.7034803132113
612.7034786275578
612.703478627357
612.7034786273495
612.7034786273484
612.7034786273484
612.7034786273484
612.7034786273463
612.703478627346
612.703478627346
612.703478627346
612.703478627346
612.703478627346
612.703478627346
612.703478627346
612.703478627346
612.703478627346
612.703478627346
