649.8665766689894
634.5209083519129
633.3179736384377
631.685187792306
629.316382219796
629.316382219796
625.8666935192535
623.6561470104384
621.8644871139073
620.5866222049887
620.4589319855501
620.4169542081904
620.3966794440666
620.3966408168792
620.3966408168792
620.3966408168792
620.3966408168792
620.3966408168792
620.3966408168792
620.3966408168792
618.5034226200274
618.2634529898247
617.2249425379364
617.2246948899077
617.2246948899077
615.4286601365565
614.7248420210283
614.5699045012697
613.8031929693942
613.518469912413
613.1111315311983
612.9032015426404
612.599169338341
612.3771039389723
612.2765882949733
611.3684820747013
611.3260547257736
610.966186891555
610.9150614135739
610.6001199988859
610.4548158023188
610.4523071343649
610.4519255481681
610.4518714843706
610.4518685861342
610.4518678539407
610.4518678538874
610.4518678538874
610.4518678538874
610.4518678538857
610.4321730540457
610.4314989179946
610.4314964119463
610.4314964046289
610.43149640442
610.4314964044199
610.4314964044183
610.4314964044135
610.4314964044119
610.4314964044065
610.4314964044065
