656.3806781792634
632.6954506804384
630.2546185775998
629.3562933814786
626.3505334880111
626.3505334880111
624.6540533624348
622.1265341617907
620.0149806589059
618.1675444654419
617.3617312595986
617.3153356193533
617.3070316840211
617.3070315560419
617.3070315560385
617.3070315560385
617.3070315560385
617.3070315560385
617.3070315560385
617.3070315560385
617.3070315560385
616.1974250492283
616.1547969094701
615.8487706221808
614.5559837886923
613.6600183075703
612.7822025076557
612.4015351087579
610.1104995451568
608.6575599359646
607.867584960635
607.6805543943553
606.9157892785809
606.7880141530295
606.7572547106213
606.7481340412671
606.7461031033636
606.7456468760349
606.7455745686536
606.7455678289981
606.7064441245157
606.679319363539
606.6788114118284
606.678786863694
606.6787867475279
606.6787832011979
606.6787829729539
606.6787829729401
606.6787829729368
606.6787829729361
606.6787829729361
606.6787829729361
606.6787829729361
606.6787829729358
606.6787829729358
606.6787829729358
606.6787829729358
606.6787829729358
606.6787829729358
606.6787829729358
606.6787829729358
