653.2261573709884
633.8571284652259
633.2593704597124
632.0958323067216
630.4850588308959
630.4850588308959
627.9665497060616
627.9665497060616
627.9665497060616
624.7194998036013
623.3382103278416
623.1786248281003
623.1516266334328
623.141290937461
623.1412599552184
623.1412599549416
623.1412599549416
623.1412599549416
623.1412599549416
623.1412599549416
623.1412599549416
623.1412599549416
623.1412599549416
623.1412599549416
620.7157892472186
619.3443000830171
614.7870124673454
614.1522877139032
613.534954431648
613.1416533398514
612.9531117770132
612.7290081630496
612.6803418007504
612.6572433963057
612.6546094401325
612.6542228180947
612.6482340404617
612.6448321549833
612.6445529008488
612.6420772332741
612.6391102692403
612.6391102692403
612.6237401958895
612.623603300954
612.5856609867627
612.5774826706479
612.5761196753492
612.5760201462754
612.5760200498703
612.5760200498238
612.5760200497919
612.5760200497913
612.5760200497888
612.5760200497873
612.5760200497872
612.5760200497872
612.5760200497872
612.5760200497872
612.5760200497868
612.5760200497867
612.5760200497867
