651.7775260207773
633.7714575026461
630.4308625608842
630.4308625608842
630.4308625608842
629.1929861755509
629.1622541571405
629.1622541571405
627.9961207492985
626.9989843142455
626.0988063729379
625.7763680876094
625.5438620812868
625.5281508197694
625.5281499831851
625.5281499831851
625.5281499831851
625.5281499831851
625.5281499831851
625.5281499831851
625.5281499831851
625.5281499831851
623.8039160640179
623.6721848308537
621.9121550444804
617.8819804324279
614.9502627464574
614.1015834107911
613.6775348141264
613.0053436797779
612.7725007754843
612.6593840212812
612.5621536727649
612.4107014576829
612.3885748581517
612.3863045145797
612.3843513070449
612.3834666052475
612.37937487742
612.34325576614
610.3726299267965
610.1684202341403
610.1392447733518
610.1389393918328
610.138917997075
610.1389179636683
610.1389179636633
610.1389179636633
610.1389179636633
610.1389179636633
610.1389179636633
610.1389179636633
610.1389179636631
610.1389179636607
610.1389179636593
610.1389179636587
610.1389179636581
610.1389179636581
610.1389179636581
610.1389179636581
610.1389179636581
