197.48944708100925
151.55140448852774
121.1721523904812
111.06182222108364
113.85845457827996
122.65616633492526
126.81708523401787
113.7901093591471
111.46394204744897
111.2236012125517
111.39310842375868
107.46997938012075
105.72464866553103
93.0308801226073
89.80675722038734
96.62932979586427
93.07697780681727
91.8033762969817
94.64147172386441
87.33445574976861
94.34078860041772
86.72925997641025
99.71192802818166
97.89950424957584
92.03612861833496
86.47587698078468
86.18740226497388
91.02940324427809
94.61989878996687
99.65453790881324
91.81104599554587
90.18925554921617
93.03979676064391
99.96717701900394
83.15769777850494
87.6582813248655
95.29735311851066
95.71165240545191
86.84651726063512
86.36911732568639
90.2236711495998
92.8040946621221
95.48656455430613
86.29232216657573
95.88512523866036
96.16860390991589
93.75423006796368
89.04615583366449
93.33652085054042
91.95006735667766
89.54807498150306
87.39205790395594
86.76573195034197
89.94675746688783
95.53287346214314
81.18278800681296
90.6316717571385
90.80452308445014
90.35033366296058
84.7706337098908
92.41167447858061
89.51606418862808
86.549851438235
84.48612326130315
91.85961840771752
87.80420881726131
81.52882857004104
86.51217896314905
94.25879819189392
93.66563580747774
85.19084240501293
84.10893036749836
89.95354151454096
90.87620033697257
83.1176396238896
88.34840935322511
87.39000366514789
85.47083479789117
83.17460707649653
93.05772640935135
85.09346164052054
91.10212589363222
96.76620061664785
89.85307729408872
87.11864849011442
83.98952120946603
91.66262337263618
91.14007390919451
85.86780880930284
91.32263954244125
86.95041236974585
88.55320250420546
95.75287463241419
93.5302455354425
87.22304537053162
77.10710078120799
81.4055254305576
80.04592784986271
76.9964085208297
77.29098299980674
74.24737930043561
75.25514933474032
69.42746328952518
72.28092033709882
69.54069442032069
70.70516307004146
67.70938403500591
71.77949567604915
69.53157503259834
73.0021551897817
64.5606127342818
76.19841857878586
69.04680428051817
66.09917666269152
68.44822796484796
73.57536610896108
70.68730228080364
67.78429952096927
67.36592591584399
72.42846277691405
70.81200824624348
69.56855094232066
73.6444062216331
71.8062533083997
73.01483832134913
69.22222661033024
69.84868767904553
73.08699851103302
78.36588662082895
72.49819288736347
71.46283099861313
73.2402120152625
73.43871883982594
68.53427846717102
64.02627140840788
63.708120799469626
72.62712029610282
79.33371199444981
72.53179453143
63.67304984649623
66.45574960488007
73.23574261818939
73.44294199798159
64.24476282480198
66.56611225845305
70.7954405927982
63.376460410210235
64.82478368963021
65.9735717844503
68.31406864396853
66.40705471294591
68.10696637053601
74.023930515821
67.17833939429457
61.904216082534404
62.97217670853745
73.14533231798167
73.8718642888175
68.00491568796902
62.52067001127131
69.53023329450389
71.15281425217155
68.2379653151782
67.85156203020709
73.60546139598175
62.70071123040368
64.84907779085317
68.7878242224071
71.61397880014181
65.58746919694909
67.78979211738996
63.46038299367313
71.24028397566097
63.50545541702317
63.5441457336617
72.45322684526975
63.65091449513563
62.87135249993568
66.09629377024555
67.52303303995438
58.220819976614436
63.396721405925355
70.7979038038177
66.38333502532227
65.52411127151336
61.72866448953189
68.39905282903791
69.78544224064426
65.44595350102898
73.46874620219337
69.75376335820944
69.25037616918127
71.18958209257882
75.75628352585024
71.01524771887884
67.63751345526298
67.15920543014715
70.11829972755932
64.43824237044232
69.45065310978336
65.43261353412184
72.89580725803202
67.79980676994154
73.42528738922032
63.1853951069759
71.6064429244177
71.53942395363887
69.50458902920849
71.55103346594629
66.33043172370704
65.10618612500554
73.84283424119174
72.4969247381314
71.16882565218812
69.67222802239334
70.4620499152501
65.26792225821563
68.69590075053249
71.60466153955734
69.23247437807143
67.15551301297384
71.97910467983233
67.01238829201318
65.99130439926773
76.75957013681557
76.27535311729655
81.15877689256871
72.02060725656929
70.93831732869056
74.55717118767647
72.11743302575529
80.33956568812853
76.89235586202948
73.94574320695001
76.7281703296846
75.96120209867657
70.69184235679577
78.30082568731237
82.2334162099267
77.0706005322908
74.45917404980769
83.87110551038884
83.1940545163147
84.33436688531357
82.97107962329075
76.38905580256824
83.13581513114265
75.43108862472289
76.06050777947759
74.26405618416233
73.99907183071642
75.75443589927413
75.87151594888721
83.39299559880914
84.90341321660559
80.77341918133702
81.76406039847177
82.89309571698985
79.30558140971803
81.19818974672893
79.85340082520227
73.79238536974916
77.9657126696525
79.07191088354708
71.141175773188
77.56857871260313
82.3404950386878
81.62420699580456
73.3575465813193
75.65885591629208
74.31326586233963
77.31858242940562
77.47913863816723
73.52821913997332
73.07732897456982
81.65916053102657
75.77779500283039
76.70594251491104
76.2308630085264
79.96114104277488
82.60439535422744
78.89853690089281
72.73185388776582
75.87023725824486
69.67074458653329
78.28432042056487
84.31244135319535
77.66895171205522
74.20547593497
81.49207492125288
82.23861920810579
77.02240611842137
75.16802476945404
81.61396049831843
80.7139115115995
79.06754654910029
76.32032072586235
77.87337963624398
78.52623942341815
76.87280274214496
82.5628373986253
82.17907225811653
81.92302869938963
79.35412221300734
78.72511972989108
77.08965702091594
76.5997425851122
79.54489486094533
84.4900254973568
78.17449695723977
81.03649342718577
75.65658244604042
75.21917302298743
72.9991803846466
81.39972876822537
77.64024061520377
70.85517738332737
79.23119926808607
78.26908255588852
81.4661811739865
81.26533152594088
79.22629351907837
73.65036253761477
70.42887963142411
80.2250935620196
83.37268056388898
72.31024821517599
78.73729789379236
78.72025984341082
77.55015098100372
74.96881065741057
74.77452220818742
73.75087264437474
78.28533076624885
71.23613285961493
76.77744511307563
78.52443013533575
81.1944373209321
77.68172666473895
75.22402291681946
83.87738272463606
81.4983601761463
76.53037532462305
79.20143802120992
77.17228890839141
75.57115308960708
75.4165147146322
74.51304696718906
77.06932952171059
81.93717955562117
69.1333981727964
69.61486659060084
70.63914869108545
78.89345208805787
70.55622293025874
73.79685896208282
82.72346602725403
77.02146094618891
70.16399077692454
76.46985612501184
75.57288511020491
73.57119968368123
72.28089958552243
76.43309644944262
77.89111804469043
77.46378472477602
75.30287469713132
82.36291846172345
75.97466584540274
78.82076162333512
74.27171191649371
75.67357353023911
77.9035049206591
82.25423973712628
78.71650561850258
76.77099538795326
82.34921846693392
77.37894100430428
77.12425205435153
78.66630405816755
81.08372987698836
74.69079349617269
76.25913232157718
83.58660860856497
79.57643071494087
82.04113612395415
80.25921061656133
76.37328018242529
71.36436449900658
84.37624594366451
79.04895542059538
78.29146526670954
78.91947045969205
78.81669272035504
75.84608846719962
79.58522818418687
79.69821662660028
78.96956952613165
77.93908336540665
77.3783367561792
81.35042145887365
84.69473489260652
77.57108125145818
77.72921645213039
82.64030961341963
77.002547671286
78.86313051036915
77.18624486113353
84.14047819039656
76.61209920229773
78.05014587815407
80.04408793453332
77.06806307899429
74.56016679794499
78.1689347338741
73.42332463874435
76.5711014316901
74.536296062855
75.78945393966536
73.24417728065865
71.96512655997849
76.25176526356013
70.89964683981638
79.06125869016203
81.45702534615717
75.8865288081459
78.48263002353814
82.09425239056029
82.86088879951049
79.30966712817902
71.51912026586925
75.34258636107114
79.03247223684211
82.42380569312044
81.17928582495409
71.80075195454798
79.8317944100384
83.33283268829166
76.11020730785629
70.44528764078241
79.24748574513146
82.46211645074743
76.68290683236566
72.98662708629655
78.61974163895665
78.152879326819
80.18546720984291
78.36261209987327
80.10963759432441
84.50032586221609
80.06628109238011
80.29608593836093
75.25601213440804
77.7891090714093
71.63538237936378
74.7187518766636
80.95652003233369
75.22979809293473
71.17267415340775
73.88102720200052
72.16813579816657
77.66493096855345
77.29093735681222
72.50685063925063
73.47502994608055
74.0319828691667
78.78267328518909
81.0631324901651
78.09944007880812
70.71684661165678
74.41685779310872
79.11499674592689
80.46551529210385
77.08565466790346
81.013309993678
76.73352916659455
73.92209801437421
79.31667194382213
81.14030472613369
74.05900566338693
77.08803301868902
77.87327165591175
77.93588697377675
72.4316923498196
78.11612843442823
80.80939982333751
75.00718240553363
73.26809257660237
85.17250882035086
81.01954733390207
81.85969924381469
79.88024095785882
82.32377382103016
79.40773167816664
76.04095224418346
78.32037812021264
83.46024482424389
86.59410096625292
75.99763618169561
72.16727623733021
76.70635731063926
78.10775889082146
74.9244173087207
77.11893230776091
80.55315404007744
83.31184173496955
76.45104351395001
78.15257363657749
74.32644817534998
79.53683493197148
77.57954861168973
66.25155410498783
72.98857594647525
83.94030517464937
76.29777060906864
68.73750322138821
75.12841525761576
85.80240174572886
71.06983758765112
69.2245365383859
72.61570089588363
72.845315250544
82.50380280515465
75.45890052782164
76.51832613337051
80.83657631781873
85.36797312564235
76.82901174156508
73.70788570057346
81.42467269432247
76.39408996467486
78.79323770662737
78.1707308298113
71.70091813333032
71.08733618650625
70.56899855898062
73.04345781334713
75.81848558306355
76.08531848110393
77.53033130020044
75.3559268824651
84.54706445131961
76.52181667782615
67.14604859995973
71.82705074791971
71.99482416540658
77.17535738484496
73.24824037384687
78.80106651794524
77.5775014234835
81.75182866238029
79.17303399185724
78.30661610242186
80.09413973593993
76.40267252315333
68.86031946465948
83.97940166347223
83.9157452466241
71.94565850936323
72.81407916357419
73.24377632027974
77.88649790957693
79.65676509149905
68.20021105299455
70.77726845093213
79.6887430334067
82.46296601817649
80.2234772399711
69.25756012730194
72.48335264505434
74.86507014121212
74.07829300208448
68.67754027809634
70.85086760121845
73.07123055637051
73.51407833638841
74.36800111831607
76.6892845742745
69.2855275286508
70.50739913677533
68.72682864446602
78.74974223731279
69.14238030889169
76.70913252500303
73.72232277713918
76.93266351811633
77.56921710622274
74.57058889078135
74.35936115730333
76.19136620470599
75.93628582588707
77.51804661729334
73.7487051140623
82.33169657277814
76.50679227115205
69.33966158651741
75.62498178081042
79.02861174704464
78.7823472114335
71.30989288300388
69.74639039992564
75.5053425543111
75.25267710722841
70.92562712587745
71.67536250304323
74.62744571926793
77.24367483892811
75.31763229897597
81.10741488951199
76.90225219368622
71.18959231702597
77.54107558576803
79.53024684499565
74.74206364504485
74.32187934614169
74.95602504033346
73.21752286343327
69.66250510280491
71.98504798653045
71.18463063528016
68.8448390599125
74.60319290913007
72.19201238074919
73.81462881426076
75.31777330749168
73.07244867087157
71.61504563139773
72.43619827117318
78.08728587877442
68.87540085675452
70.23688677753067
67.26239958425802
73.61453419250206
67.59699603111048
72.82329064976561
69.46352391679412
68.69423739555435
66.75463893659725
69.30438869594968
65.55957412827112
65.3542338760825
72.05085514959957
69.61771643500946
69.22028771995556
67.46953620272798
65.9473178468186
67.32293671338248
69.87848931930783
61.12842093242973
64.56729083408658
66.26614910073947
64.73631721804908
63.539050668249494
68.53063513196315
73.07898134661934
65.73408853818704
64.41586784317785
66.79299721526864
67.54800350960339
65.47726600354684
68.67760964467234
72.53192098474413
70.88142808982246
71.32234135117189
68.69132165688545
64.37370739517141
72.67857143039517
70.22451162643632
77.08321909191606
71.36497599801824
71.95084986324477
73.97485916136664
69.38457663481883
66.29367709883206
71.22934103443947
72.68788238532123
68.57732525769018
69.16070269063741
64.08308899005937
68.01217173334648
73.93382688725067
62.041998070397355
64.81552786078115
61.94583387335908
69.39900814378349
65.75611095244594
65.55109060980993
70.83851962305391
67.76292569571156
65.56746157568494
68.33107179500915
66.55255092183302
68.93204780551896
68.60078036053491
63.57750094723897
66.74307900006846
73.75203527351796
65.76235397905415
67.81319147391827
70.50752550487643
68.16017041006923
69.97355284160047
63.60290679668251
63.68201990423689
66.96764926389965
67.47385702024334
65.23427898000176
63.89949461829096
71.43139337315075
68.77384353032299
68.71059456852643
70.43822300616614
67.71612810906278
65.8542497536124
68.18041165257193
68.11631118546599
65.042020116416
66.46828001623669
69.95751733955092
71.7681139652058
68.44131190227374
64.18471408500524
69.4748205723019
67.13207036400661
62.524143740136005
66.71712476672712
69.55988927609287
73.17860474112929
68.69239768905
66.92627555411578
67.74979310044745
70.72337724568055
67.06006551046409
71.57565142363237
71.67805504840187
68.15058603026888
69.79727133535891
67.11621605674571
67.15682458373755
67.40553625367762
69.65149755786658
64.67988911080363
73.01884000582393
66.74453200108522
67.70275809370938
68.60987657134054
67.81948857735878
69.0344452552818
69.01177891105881
66.87582411440208
69.23831325590858
65.57965007873288
68.35699245537653
69.689453925785
71.19400736468434
71.69446927670998
68.04550222791306
71.16078732900458
63.5518016375761
68.7306942841981
69.2012697392231
69.47537422008988
72.84334055345887
72.47180390798343
65.98543175652917
72.71581421817949
74.01723361498982
70.41221146766792
64.9912987720755
71.28317858635728
70.03639281409453
70.36611878290603
67.98305247631507
65.18321214938744
66.25337463094861
69.91410838347825
68.01184828937694
67.5417122829926
67.35916510409302
67.09220953472395
66.11377992955032
64.58402205890282
67.52405243245238
69.28313018380662
68.11508298837983
67.23452212261712
68.85389438417164
68.07164069192748
67.41444438353352
67.03758940795612
67.77260332943472
67.31935511086688
69.13003476640311
68.79699394246148
68.67735813183732
69.6829715247124
73.33628155751543
63.346589990611285
69.67739363217153
66.60500860812363
66.42100275613831
69.57641749474021
64.81437576663389
67.82950043875407
65.82886350923263
69.34136465807705
64.96929920696348
68.26219334213182
67.33958098855561
65.61548951633105
69.47341282916976
69.66892376168762
71.82604639265668
67.7662257138327
71.36459351093409
74.82127007336196
70.02910579142522
67.3745236001847
68.04799568369047
70.78406890494159
68.6978045880396
70.4765715530755
71.72420060781957
68.84752930788285
72.0849521536774
71.48543619289974
65.45514929496129
66.46890299294446
71.73430779815631
64.82193753756317
68.27616004369568
67.95463751239558
69.38479262928394
72.67649317687938
68.30156430937987
63.55027701491441
60.63634267488163
68.70720000257403
66.24810734812549
69.79725942188418
67.91988131437815
70.38923964156322
72.32590202013606
70.03466513572593
68.08589695863498
66.65170488695938
65.7356786444891
69.38518614953757
68.69189679188656
66.46464042856692
63.159449794761294
65.91067066037935
65.66611233124313
63.82661384879042
66.88509819661594
62.25768711199507
71.25062637657173
67.4956173533954
70.1826275677303
70.0745169685829
68.2690026887953
66.5995366647305
67.31172008697952
67.14127538172656
67.4551294106261
62.061668531338185
63.8775357377341
67.85956908361199
70.26905046354325
67.87434352699098
63.36948075435759
68.36767091419102
69.40544390140874
67.36042440335083
70.29943420627042
71.58319892410151
70.12652540973605
69.26471389668626
71.37352931369566
72.1965346215927
68.69370610252513
67.92282387696224
68.24796317719004
69.72833291834894
71.2399528640972
68.17280202624353
68.52664911702054
66.70370738110371
68.37911356727903
69.97654085278157
68.64856800045587
73.0898928237445
67.23515726798972
63.463757885200394
67.45811917612122
68.24470646240427
66.70866120062644
65.20497161845029
63.33246323917083
68.44650272876653
66.21675793882522
68.00309964411441
65.49039508117568
67.72883670199997
72.46357155187462
68.3259157233064
68.86092191186651
64.51986038256227
68.27354946969923
68.33907331464003
66.40864065449881
66.0112898217697
68.35044693405551
69.10020154267039
64.62807153339868
64.72073687856812
65.36562781112916
67.04315128613312
63.49587551585626
66.70551639573704
69.77669552628481
65.38359891953631
67.08699019198222
69.73474446319045
71.418665284704
68.16673846575128
64.22258396730959
71.90319185263573
72.3233384161885
69.9583550629294
65.98149588386507
70.18729628862165
67.27909347744938
64.36637114408899
69.39281680161402
69.94832521333191
68.74435052331732
70.27655249830059
67.90248624049714
67.81239173465565
70.91589801411004
65.21115515392192
68.43574022494631
64.63843142990763
65.93320880151141
67.9845130312705
65.56369032594552
66.6339074486517
65.6615627360971
62.972775564653126
66.038794429442
63.695752792668394
65.29189085763682
66.56944769499476
68.4759038879346
65.62175593432187
65.43125129981063
65.78926831450626
66.74510027330513
69.64992628662827
64.84591124831275
61.759053561959256
67.322181501873
71.32021097196774
65.38943191536043
62.8147918779202
67.96830236870763
67.68437692253973
65.26932375742601
63.62710883428868
73.65527735818509
76.373543058458
77.93880720984754
68.20123871625484
71.3955894383444
77.67504765109884
75.98500913041659
73.93220085585205
69.28087370190433
69.71097649205728
69.13579589560834
69.8389046583977
69.85255976791916
71.90017077176543
69.82869813857037
67.87910121504717
68.19619026336225
69.2138655546722
65.86223539558308
65.88337320955921
64.10230313521555
68.42010996606743
73.2176505885933
71.25726738777153
68.51125235387835
71.4935066020727
68.41716204779948
69.38542385016612
70.16783305293545
68.74401534856686
72.79927061020103
66.9666906620725
69.27998569928263
72.08307178429173
73.10506470762137
72.59135194842509
65.87833353072303
66.14117770484272
76.34125058472529
64.77209689884886
61.092917241746
68.43828923203252
70.76180801882079
64.80274174210676
67.85719288416503
72.78824080137085
74.47133139043324
71.01560889081209
68.61088400757339
63.36171394938119
64.87021172422476
66.51483856709945
68.18994247141526
66.36980228972241
64.96503567110899
67.07680107901417
71.32017541752215
73.97599224525148
72.01173055836101
62.84047118345777
64.48604997335912
69.79572745771527
64.63620345316252
60.27043041277628
62.11766960173642
67.51467885901084
61.18404814560612
59.59384749305949
64.6968956847962
69.63325706868221
66.33557360079631
65.18018284043058
67.48942483358593
67.86499491014467
64.28741180124635
58.571578463808585
68.67325736376317
66.1983901532923
64.93813867562882
64.05576691964971
67.86242544379158
65.69353038368206
66.39550671717245
61.77622291442543
66.18414004495281
67.67224641795151
62.864954030131976
64.2413636506242
66.77545289732916
66.27448328102074
65.14183318188064
63.210580123968604
64.69446814071007
65.11321236893896
65.42225662710112
64.63907374065371
62.60151147669146
67.52489236465497
67.21759246284925
65.3217138246357
65.38111624319416
64.9876456924006
64.64014386592312
66.70883101157618
64.43181295839919
63.18443892106075
63.82390465887471
66.73677454901423
63.39992046158955
59.60214208987454
59.92106142972014
66.74457158040896
64.61359092628737
63.08182326374157
62.85161652969653
62.81817824961991
67.3729773672346
64.4248313228883
60.07873765393657
63.688071023098416
65.26166013413648
64.03052922888213
68.57121387923853
63.228525491913224
65.95057522560438
69.97512672434786
65.06264583420482
65.14228238617568
60.711107416442644
61.21860812643509
66.56408804212752
60.61709491109475
64.50691667299954
67.45565091913689
63.374866106346616
63.42008324992799
62.149470455327226
62.343111316549646
62.332160267019354
67.20590908145549
58.5965495113121
64.58525169815695
67.9622839684144
68.59269052210318
59.24468372685478
66.35973388921222
65.15497011347479
64.01994653767902
70.38794687434434
65.0299791638665
63.31541709618779
62.21481602948961
62.54968691676426
67.61862744213342
60.23770442694015
62.65347927345725
64.92126480271611
61.7248900705724
61.578911246215085
66.96687330698016
66.0016481776908
63.36019227261258
63.25487155465947
67.75223353915045
62.19465887477119
58.880720084900695
70.96438782555478
63.716105258845694
63.75465655884259
64.06692807498973
70.56220537443949
65.87389787998622
65.43863057640948
70.6680335378524
66.97512533900506
64.79155711677146
61.764770146115026
64.54396028739136
68.63536155348916
68.67042488813668
69.23126549363491
66.59305394234161
68.07889757235972
76.19904903580627
68.71889026833418
63.33532216405083
68.02584899967427
68.54444510468815
66.63447575788359
64.11554180577636
60.43500158853774
60.159976346782315
60.59382659752515
65.1007074823909
64.24678695763514
59.44830554895203
62.211268686219064
62.88921983967093
65.96920687596243
64.47661727187459
61.33160705005232
64.05893675990656
71.20089159917593
69.2932462242782
62.62790954847257
68.21998500861062
66.08075630140657
64.43585241847039
65.27140940661937
67.74019464969584
68.99541261331875
68.5612197924515
67.9008614968926
64.89754416230687
70.62839804329717
72.56470703144946
74.60828931843531
67.68987692497608
66.68759191055311
63.92937185601571
66.68027667176294
66.95157398719293
70.1659948035433
65.86022028044306
69.04667665376935
68.29041374235354
69.43214103309802
72.20784015821809
70.96782196642134
69.87677450564011
67.26302920227747
72.49467799914473
68.42282873341316
66.41575764796791
67.82371443569082
67.2434397522646
67.8413659603255
70.09797337045941
72.36350808696808
67.74916223008557
69.51316496241947
70.15287990029434
68.71894294422188
66.77142964996476
69.94374210273622
71.55158708576873
68.30038501654306
72.31535479000063
74.69220209461747
75.52961599029253
74.25224784310082
72.70671618395603
70.2797321543653
70.55466251110157
73.43270354365947
65.29400499723614
68.26993051048721
69.35055537408371
67.23480030401201
67.52839224371323
68.22624581079046
66.7673518800697
62.453139279956815
70.77349628826605
68.9274267642723
62.006653598807915
64.04716249930414
66.12408086683001
67.73256869802093
67.08660381736051
66.48111147015113
65.23573443971652
68.9255789325873
67.40184825358388
63.708596086382585
64.76962250563918
64.44996582986663
64.66366198550126
67.63300513014048
63.44403932077264
65.66751694864041
64.06930818039689
65.70398652917265
64.052105780547
70.9142504490047
72.93665602914483
70.94442576785978
65.4580886465734
69.00679566859469
69.1921153398339
67.94565155948456
67.77759853474463
76.10399264533538
71.96933967802377
71.40917741750914
67.11404467240662
68.86143924207573
74.10080148808643
71.64216291905251
67.1353141525683
70.76736911776052
70.56344031516322
71.23522288104304
67.85048865749006
65.6695914680275
67.65749966802981
68.7849367373814
66.43609259031508
71.8691606939505
66.34039463424331
67.95849403986854
66.3514207309084
68.80538683691168
67.04168940713201
70.98062848492825
67.14493250250554
63.492331494768315
67.36641478853937
72.97895623182322
71.73302429689919
69.73201028474625
70.09799402421937
66.22088618341739
69.15532577428236
72.36031378528968
69.06808238564045
65.64747533363263
66.17281288574723
67.78779533296118
71.39529897744308
71.32448615901554
68.7067069515127
64.48057282362929
63.47079752852038
69.10805170699268
68.32050612637282
67.98979686806139
68.3858300641357
67.25773595037214
63.417834771784385
68.31707595862997
67.32377984633108
63.692469179235104
64.9757229636844
63.48084131512613
63.14126480504332
68.01075537010753
67.16717209955408
65.43078239690135
67.82495677808107
66.54223201470924
65.65743326641896
67.11571801937684
68.89416659207247
64.38738566673882
66.04391354562824
69.05427560484382
72.10837978581186
69.6413101244846
71.13191777121997
70.05744630698693
67.90740661390387
67.88960841358171
71.06948283712315
72.07896290277785
64.56831545529737
66.16927754542031
67.89026653362328
70.75524387935047
70.01688747044635
66.83196328190384
69.57140309367486
66.77902348844775
64.47845082436483
67.89919765365777
67.10685521716324
65.53395634686069
63.382232961490864
66.53510004141678
68.00671423504858
64.40089237307934
61.77267829167398
64.40241554874706
64.32096120260815
65.94895921080678
62.57890891140548
66.23198578152875
67.3213754346952
68.55207311052996
64.38921009381541
69.70551289114738
61.786943071683034
63.441977979093636
63.35584904069519
64.70216474521611
62.58517331801763
68.74900964662062
67.51631523841769
62.29087255873048
62.3314186987088
67.97519924711776
66.512559465884
61.8818735651932
62.46863032922322
59.426934466530874
70.2101610723146
71.96209028648788
66.5478543083264
66.40340799678427
76.88135843124876
78.76783911669494
71.40646805958767
67.47189162280134
75.29868185807557
74.42409982058417
72.8942474704133
72.18872500137873
72.05642345987752
72.98576574739765
71.32115794785601
71.62682065697054
71.9086086023268
71.23888211361508
71.11677446241251
71.87241653440663
70.55348100354449
76.28569497377026
79.49330520708116
78.34431297565384
73.95483184169882
70.10554098967731
72.46044377294706
77.34842966834623
68.28449874705825
67.76534555707484
71.82197478396847
68.51154361500598
69.53047076059279
72.64566468485313
74.21389311494255
70.34137735961404
66.60559491419168
70.18289316846216
66.23445720187854
69.3513831165036
68.26148668080667
75.32514417087611
68.09970405821095
66.94147492697768
67.90393976430381
69.37483797287868
68.95746191093995
71.93922131703931
67.95923442437365
67.36941517862938
67.75950818412001
72.06356916060116
72.67448426786898
67.05175131028625
67.84202150476455
69.05139246243638
68.51662038318567
72.80184454434664
72.52229583313847
73.01246934537303
74.47629079344071
76.03404634963596
68.65247399408727
69.14660994101816
71.79920791008581
69.36508238639631
67.4778522720073
69.75312579044125
69.21925033037854
71.35367766007802
65.71337087998681
71.04113382755409
70.3682473183688
66.5051584793623
67.38205448334453
70.84021844073015
68.83819812868887
70.83832017857677
71.07459658608968
67.06038741493974
65.72237391022549
69.98857052259426
64.77159654584204
66.59187939627071
72.11073712109462
67.40059023388591
66.1232369874242
68.98623480365721
68.99205266895639
69.27775264069352
69.73082438448085
74.6663805933219
70.01523383108146
67.63544848088209
66.06701308719137
65.62023167556258
67.97857914960859
72.1999591800271
70.83600209700734
68.70897738601539
68.60951053365099
70.9191526916163
72.34636146632614
71.42951569376919
68.0110603797534
66.65066920123209
68.94637289493734
68.60831520363811
69.26050921535621
66.34047808567051
63.30420341432486
65.0516642847724
68.01943447520378
65.82004182025251
65.27274725513564
63.977891197241
62.77224490692681
65.43519621524234
68.43311667316924
73.00616196657894
74.13179515267457
73.14982138145126
74.18905755580377
72.78140657517963
71.67238455105773
70.4649065858176
70.31545079077053
75.29896915540866
73.56837998745472
72.78888875819815
69.94046485926611
71.19909903495036
73.97979892209327
70.87138792536278
68.25042347826435
69.9879458252065
71.93290262559589
71.48607998429966
67.71668828132903
70.94870464102418
69.96383576250348
69.27545703831319
68.51529943227565
69.51889096553452
70.14810966154094
69.52551071890893
69.36940338163602
71.75423542419944
70.32079686278726
68.37169363889716
65.98374101412071
71.22152654816335
69.10622071349604
71.84296496987608
75.24757332221228
71.10160310274216
66.95081729403282
69.49496221853778
71.50960311602117
67.32393325911742
64.34397808362043
68.9900831333715
63.871755055509794
66.12249681161381
65.1772637631348
66.51911331840071
61.950417961399815
65.15879344198231
65.367185807636
66.86193879590287
63.289360041784406
63.355619506737355
66.53438544578769
65.36126239450383
66.79969895361567
67.33377508146096
65.88195734227156
67.82539782243968
68.76604674215528
70.49145388873647
71.14050156776949
69.58365042224729
67.87363332984155
64.53835929146986
66.24058998253544
67.60494854531348
65.62184506821863
65.10381081884275
67.74998865008519
65.71620146541174
62.00709754611752
65.9753400059343
66.61973078227908
65.1550050302507
66.52986824395889
66.3715149154841
72.7429379163633
73.17740891003142
68.93713022970927
71.83163902679132
69.86816088895122
72.03099076786724
65.8239271840225
68.97690072747206
67.41085525395697
68.26767258076546
67.80288585001473
69.40608290004761
65.38419994731275
69.19688901871568
67.82037836299905
67.50943469695177
65.9803182171489
63.27238966808369
65.02262786452393
64.38334343948496
67.93778947677558
68.41982377739947
66.77848611506106
66.02953800971976
67.50715332023705
65.67659910358071
67.93519938616782
68.17824032558833
61.42064138785647
66.16790134603998
67.42434384055203
68.30771005843542
65.08159121743226
61.46850834131403
62.74676643011774
64.0104864437011
68.34666644094277
64.70606097888759
63.290867961273165
64.48912114455098
66.35602018332196
66.95673501755604
67.5095422049063
64.43351747567412
63.87323581672353
69.72224708268614
68.1550845935702
68.98707100977937
67.16568656464551
65.44668870199648
69.10003655198517
64.68560471104809
68.36255868866654
64.73753024999054
65.21968096961967
64.33769793137411
65.50540792819044
69.20396443594026
66.46890806999222
66.02682768632815
63.89368089101794
64.96049234308776
63.583750583785424
63.72668437749757
65.1112188027758
67.73504938908356
63.91263168208399
65.92426021131948
65.6829782045696
66.56055817343933
65.74905913272327
65.29210945263623
64.85605417560231
63.360460949423825
67.41301122140555
69.81751073940376
68.3444518593495
65.85765749891102
67.57768756004663
69.80343499453075
68.00048455886515
69.80101829652834
70.46345738381052
67.38756649391851
66.68339659022381
70.02771285672571
68.96908511773144
69.16541466634422
67.64756522846805
70.78314320515254
69.20005840100194
66.90529599145744
66.54196482816265
65.89648451766239
67.50103963777106
67.15618260280647
64.9593038606733
63.20795680872146
64.12027700002567
63.41954343789797
66.66324360022712
66.285659040154
67.94913778410914
71.42934134889738
67.68949485166439
67.77241419073964
68.05991538196429
68.67211113348424
73.02814109653713
70.02804361521896
71.50977982106045
68.59128289498713
67.26192200440646
65.2533163591197
68.05553750616713
69.62766987624667
66.11570755227986
63.82947491543236
66.06751909815766
66.25765888751657
65.0652537810582
67.45974446739702
63.23260384006392
63.686929787525514
61.81862045512795
66.50506120519516
62.31508093847593
64.27287307640431
64.1290375997618
63.0199431707051
64.39933342580709
65.67586218126404
62.08335614396852
66.73837580863892
63.551905809717795
59.78498328397463
65.79338135828914
66.03069767234929
62.53442173848802
63.93151585195588
67.72560199575416
64.22179330452651
63.34324089913804
66.02740792609433
67.12677093573002
67.28954766918903
68.25983183993189
64.23115082869522
66.3505910454585
69.10963781228249
67.25501767177792
66.67809962874358
68.94036421708732
69.94819129855512
69.35025430652098
66.91098342079714
67.72288414640069
68.73253089422043
66.68487140486656
67.54272706257207
66.55100417442468
62.5896914960819
60.766840042547635
65.56935842743958
62.23734220481393
65.03327828673997
62.648049423548755
63.52223028508026
65.96870536816328
61.3412089424055
62.127627755863415
63.26577692087334
63.08857070240704
60.89321112982765
62.470063770455646
64.51473508542642
63.21304355593497
64.41198469236016
62.874752499820715
63.02631133795092
61.21484464930002
62.64069686808828
67.09610907608665
61.153697796954305
64.49453782525056
63.96059381433997
64.70431956536197
66.81951902004985
63.01968670581144
64.18239244455106
67.14708466394887
67.36679642636051
66.35775049761972
65.54493672545264
65.75659480032873
63.11797499979148
63.63026525225109
63.05289486504477
65.16311413186459
65.10745665629814
64.56620421276344
65.3869775354615
67.84612214571888
66.47958060851899
60.26819709709026
64.71093703513753
67.16872048158719
61.30452675574537
59.64746917605628
63.9318503179319
63.614889861817375
63.818268324268644
63.841691925328945
61.60454792251833
61.41399583650286
64.55783543680342
63.39494306374938
60.48577924044165
63.766216410546434
66.56971532647752
64.59228387929127
61.282134642218224
64.25610738975381
65.15269845568821
66.36278257369557
65.2366263033412
62.88488561273253
60.92046126940864
65.18496667885164
64.37470343948307
62.096618655902795
59.80870058639886
70.05059567782972
64.77635441729718
62.35959092243197
61.705455251059874
63.70312400295572
62.17490460460369
62.12967265301901
62.20084024931861
62.076335308751055
64.4234697627036
62.68533857524075
65.72597523892533
64.12905689704625
61.445889052239345
60.29444914933265
64.17546441683722
69.325332366397
67.59882505208769
64.5015930601754
63.087846574989506
66.89049979392243
64.09433092390417
66.35259613976186
65.01239284722317
62.40281853243411
64.2398314678656
61.820547309951486
62.24888442279806
60.657346248376264
60.38057093623954
63.60991319874994
62.212371013286116
61.11494920686322
60.539437005788656
66.63191932445449
65.5298493766721
65.85542496176944
62.886915839557645
63.47828737804746
65.18154860009952
66.17546503757342
66.20348623886255
60.640990364191765
63.85919163071557
64.73983259973903
62.30098588037261
62.25275125950481
62.87912993331407
64.72220651859381
62.46934058679764
60.93825920171857
66.25484210579687
61.52453851557063
61.649759125350414
61.92307986994192
62.19184058985043
62.759954281408326
63.500162720302285
63.12408484858088
65.4034600723242
63.28255800631723
63.6922405434929
61.79916674798524
61.20967681783708
67.02596233934658
62.86726339223278
60.40940957364672
65.59595488856942
65.75851160010164
62.684962272601915
62.03828781504759
60.71586377913454
60.62211979684968
61.66930509305539
63.117654950957665
62.429440466032105
61.705877686585154
62.578679567580295
61.46099814792715
61.86787812197486
63.78966929366743
61.55863214931864
61.89512180934499
61.220917894544364
61.203666136218864
63.572561481645025
60.88720850876076
61.48185470668828
60.521254885169554
64.41247327857535
62.37165200625331
63.45583800997289
64.5788142176852
62.77947535791021
62.644988524397014
63.66883161118969
64.08874536917514
61.89440153266682
62.76986767541504
64.02742781375659
63.31643647011233
62.03478997096179
65.87388231734674
61.98721035250992
60.91471793494027
62.41974919369348
65.162454382494
60.07969122020166
59.52946823416434
61.31200995643416
63.59732891887473
61.06370913986543
58.09053588302784
63.408218576253006
61.94085669609296
61.94751144319344
60.50834419575952
61.12740713579345
62.82623698475865
63.9412468155007
63.79616974486598
65.1488320081426
62.68303084829684
63.88889773570051
64.25216710205673
61.94029862191887
59.86534603511572
63.20883554126487
64.37862533248386
59.40534136171025
59.57565341269433
59.876294129553386
59.899828665540134
61.4255096549322
62.79785551021629
64.00267205963803
65.06103187013846
61.108315108413315
60.59504520746441
64.73445040531016
62.341834916815536
59.805927253489756
59.155604360959316
63.47745434995675
64.07251970023745
63.74789018656711
62.935163209002475
62.658508056283324
60.90053889434068
57.8654687433981
63.84228447912879
62.38995322209495
60.69761832559834
60.12634703705533
63.0700992559183
61.19766492916011
60.39310644089901
62.425009823781984
64.10700475082524
62.62724543701415
59.3668908902773
60.13097468878499
63.84993457809864
62.24264475344102
59.89142077985167
61.93554697467913
63.93070082413531
59.14495195586797
61.76181173160453
60.73530154520663
60.322676119471616
58.608552352011465
62.77425865117994
63.69797431886232
61.053711360734184
58.929413743142675
61.4837790478297
62.35055021080448
59.01617039078474
63.713623799015025
65.43139202920219
62.19294256058195
63.51729709937448
60.94686549506252
61.267237473014355
62.40669627028057
59.98064676083562
63.0224706888161
62.96666049247258
61.13096402438543
62.25929563527889
63.27677595297227
62.74033504666055
62.99944098057326
62.356282756466626
65.95134822287935
61.87748924833193
61.88672103591693
63.74919890423878
59.94300748187386
60.182586061389436
63.61758015029474
63.439092020889696
58.61299582174738
61.348642320739174
61.36490938351562
63.24656214360582
62.26841526119586
60.78610700018378
61.31438822454247
62.15489242403666
60.30452301209038
60.500640524825165
60.18446291529245
60.341598304332685
61.18990668654201
61.407193502589095
58.22298409955633
60.22414913491534
63.2838964950656
60.106462046794064
60.0177242262994
59.82509294606802
63.65053399550965
62.9801611051124
61.03937906746822
60.27232418999816
63.164677902532574
62.689189073900835
60.14197570920776
61.51919476307641
63.58294713078064
62.587408980064204
61.0229229385479
60.524892018086845
63.060774466294376
61.79032993290997
61.223526777376065
60.80332285909624
63.12704953688223
66.81887118835901
60.84271020041353
60.11477529985022
63.7817055568533
63.59207954395655
59.49958275501565
58.58636917461192
64.31094936327236
58.96797068051106
57.96210432235563
63.11142874564782
62.60363452139025
63.61118677090101
60.06244001687841
61.67623387004669
65.94053063770076
65.31387227505141
62.64446526393149
64.32042424057452
63.13605483976219
62.48817424049194
63.19058913402051
61.864020352571515
61.262233962840476
61.56607282892047
64.44185631508424
61.0167957438432
61.68130906924344
63.45123293599237
61.6567960724079
58.120620895788214
63.79818326713969
67.01030595626926
63.442988905940894
60.551240190738206
64.2769096139574
64.9750613110968
64.70177874370451
61.93504389379787
61.16690837041055
61.07001491938569
60.92335013020702
59.865068637885905
59.17140562836943
60.674878828987694
58.219553475079096
60.7651829226582
62.22132934346868
58.829832728762156
59.7352025844084
62.337685392301736
60.80148279027358
60.991372017314276
59.641707552510816
67.50353253968322
63.55714894929561
61.05676352783374
61.5419766137156
64.40035315118911
65.4469591812413
62.349377905883415
63.50882011438615
59.85565680316354
63.58424605004082
62.54791189950021
62.85779518330846
62.424791383866285
65.08000548300923
60.533124650489235
63.87851356011065
65.44350275522214
64.48044715224935
63.78995315311775
60.849305894411515
61.00809462599603
62.483298459171564
62.22755003895263
59.970431177551234
63.80421881784956
60.43506091368034
64.5363535296593
62.72661026291332
61.04974347800949
64.9949474604804
63.87812671706742
63.5064659580264
61.33726432277513
61.46501945196832
64.06655678232681
61.049003142314334
62.08274345448373
63.71879340501571
62.11866216050043
58.414961739408426
59.4896171004019
60.93168913616275
59.90907342144332
61.08589051207151
60.5903287988372
58.64089906495639
59.645009116229055
61.10111523013202
62.51464500058319
59.78979647592567
58.84686890363144
62.105250742938644
64.08354010689013
61.55124689340832
60.40543606588938
64.32278548949755
64.6062563629764
61.08722147227379
61.18208542561506
62.32727945397747
59.49062790457322
57.52454874299293
58.01333446235413
63.2909712349048
60.913290316706764
59.682292003395
62.0922879929913
63.328217729988225
63.024760636080664
60.98200063124153
60.78414102288345
64.18116327188707
64.25749429518612
60.11524399210746
59.604829460606155
59.62851960415466
63.083771707074504
60.144835640618304
63.780047519387224
62.457860219655416
64.83551100176444
63.0156532625399
61.77823788678246
60.049595037942574
63.70948881897898
64.55822880203738
60.55813759839208
61.32053193146806
60.480194423010836
61.84807925276884
60.30119547180372
59.52241276642424
60.44112584834955
60.58564811425631
60.69033883493701
60.52125696660934
59.232410831682685
60.51045406049392
58.343212886062844
59.08062307688553
61.0397458211955
61.50083390183805
63.97731475383007
58.37439631070995
61.1524445426871
64.55411077051559
61.84545012707194
62.37222121559632
63.316733911812626
59.394881436465546
61.530539502386084
60.84027322343793
59.513550864461166
61.04946819429146
60.907368262073284
60.480326047331324
59.62363603990379
60.7174160095851
58.42215820963388
59.402100532575275
60.8377213362411
63.59492233441961
60.2455818086447
58.68759490060364
59.03057444377879
63.109148654005786
60.39798108726649
59.20559819059196
60.364073568670975
63.389966270687744
59.5782977983112
58.59967066120829
63.94076928517367
63.40659580472107
58.60905393327519
60.89597359587782
60.94420643513727
60.48501877845226
59.80118190533893
60.261289484544
63.51969209671497
64.90146252565863
61.5596428265296
61.171138071190974
60.98768090774413
64.00299361457948
62.594225830333315
61.27897428870529
62.364614246977865
61.1095468618009
60.741930581587646
63.74369248564386
60.81004620166062
61.26507788487239
64.20322821741081
59.49198537081704
61.19563215317863
62.58603178584026
64.26260016661485
62.137185590479895
62.7481403841228
60.16263510525614
61.85164769172292
62.21520568823351
61.73002733178125
59.909110446657124
63.534514429266984
63.677256516522704
61.735229837168546
60.28059328294818
61.84045736866469
62.56560398679544
59.54412737142615
63.31345158447917
64.11974338666602
61.64774364913264
59.44434059062296
62.175070927214726
65.7720264300066
63.30187716473396
59.87570072952772
63.649937295327035
62.60956594721554
63.294012006980076
63.78321056509152
63.71137758456147
61.982635767630974
62.25694028152146
60.14223444742472
62.01627011277842
62.199833406699305
60.64587835568438
60.337425288402244
61.52300116851009
61.773415492145084
60.36565439468361
61.68874685774482
59.261096912060985
58.62051921882299
61.62440010703468
61.27052081299169
62.40333207233647
59.40184743090631
59.92862404461828
63.938442203639624
61.18472904241997
61.4759887557551
65.28766384720844
64.20817533597277
65.13106779133538
62.18278346274552
64.6099478831442
61.99053336283526
66.09914943750968
62.71228897394124
62.37258490912694
59.077924897606096
63.41081998128338
62.95055494216873
61.41303449702724
60.056079936774324
61.3405089243972
64.43781663957196
65.37083307551092
61.472899001671706
61.60751499588303
63.619528769277494
61.398256208972164
60.98256862624814
62.743756320993924
62.89201347329448
64.02494440558588
62.6673929641091
63.42721324631238
59.850722715374
61.23953387707683
62.84652109086324
63.31611631801534
60.98827402062226
63.73816729381966
59.888135170106864
59.7656778204588
63.769068458112386
60.680784848368106
61.582302929623985
61.34074902569519
62.319130632524946
62.70234189965251
63.90886266543943
61.993468446099314
63.22632878158214
63.48583881282968
65.08551804137218
65.18019746114933
58.5923729336568
60.86581983015707
63.78805416312295
61.249655140634694
61.69420129656954
63.59702093062129
60.59686917632038
61.951221619562766
60.22171265132206
62.81233001498407
60.484957085588796
59.96395411247736
59.71745402795031
60.65868619134763
59.620615195102054
58.12676915916623
59.77489675690009
57.818878008119675
58.217688717085856
58.792349185190304
60.5870405102343
60.62925573887839
58.471825150310366
62.46529894806126
60.57925351482913
59.93810995057801
62.39516152449935
60.27946966352494
61.2083417042183
61.12127785681313
59.716240561401804
61.11567893266055
60.83614572040955
59.1617209882046
57.235897966795704
59.3371452253392
59.48005987804602
59.384149440039764
63.260221325113854
62.25800041956897
63.0507590296347
61.47515242018847
63.56420758522063
59.39288742459695
60.83060660247637
60.93868872838939
61.05916127585098
59.38386989400407
60.68037116492791
63.10391349730022
64.08185534436507
64.30277609419278
62.34019538535322
63.566111067170986
60.93796389880228
61.68195656411283
62.36271920876701
61.49492761554002
62.13480386198764
60.0244434194856
62.26423551340682
59.525301224749946
58.709925840548784
59.57642712826447
59.34426048994549
60.26100047861099
58.915737617408375
57.76264634094633
62.93563798026453
58.133050002293395
59.13689699402301
62.197776273169254
58.82183460466151
59.704665952985806
60.49197634083086
59.13346164471126
57.85632374519122
57.548750619189114
59.21991418659735
58.31389673039816
60.966015247493054
62.61515044039077
58.386835537897944
59.8887583488422
63.186153121552486
57.755004336830446
59.14729359181128
59.08152290252461
59.62149138971956
58.03470850010957
62.07799578575823
60.87536657354835
59.00112120160485
60.44447011714678
60.61670206945307
61.176759179759735
61.23060838615825
61.9459135233522
61.083361909443596
61.60139488319471
58.803534667708654
60.77047159182248
59.21171342866998
58.2934998005645
62.453012195877726
60.84828887062811
59.54417388662555
60.87487179844131
60.551673830365836
60.32346046791108
61.9753432690567
58.20315079017548
56.44953963243037
59.83234359767204
61.275918851013756
57.74302710023277
57.915480397029995
61.968319711534676
60.356224440995646
58.595905281804974
60.605806366587466
60.123249540486995
58.64063675537413
57.109967450622825
56.01555083645504
59.161183419509726
57.576969495531294
57.5663284936572
60.98796750779989
60.164759967054344
58.585894892794315
59.607987431541616
61.193131238733784
56.975596773594404
58.389082417428384
61.063442030557106
60.08491811591756
58.79820172622213
61.257820817572174
60.877879512207784
60.38351346587341
58.90573811027502
60.29626574420423
60.59793323830141
59.87928301425598
60.939244062227736
64.04424526653243
66.39474610436474
60.96843917763157
58.28716157590946
61.124689201217905
61.23130363608011
61.67555521026709
60.35620117184566
58.37441084784064
59.7075767188101
60.04418943770354
60.12882622597026
59.55418206145447
60.89016288074636
59.238823823220265
61.007126051045006
58.1940092049574
61.069679004499015
59.329986168832484
59.19927832507775
60.723333656607736
62.79690072571435
59.880596163978
58.00330699509706
60.34694179668003
62.07759439151007
59.47034647635908
58.16586007071441
62.66952289880121
60.14884243062901
60.975125671271705
61.32448964943274
61.312267071930975
61.37611374379597
61.03815295989131
61.219282552521925
58.968059352296706
59.6869097813539
62.27606989704119
61.175520458699026
60.98075847849304
61.979717689427225
59.197794991639704
58.01138326896566
62.29238496020466
63.20237681310827
61.13310609770327
60.98138241688639
58.22673635703216
58.598678554911636
61.64187896038136
58.31188806359557
58.16715333837363
59.45087892114074
59.59590967643766
60.9661861187466
59.03887583772097
58.88206552912332
60.86948495486451
60.6802134617471
61.408026262251184
60.387014297876185
61.073941598187155
58.5765036208119
60.30409837519418
58.428572300786925
58.40533713771719
60.703226726591076
58.77685489594917
58.398828180007676
61.46421226169661
62.33242637315615
57.24493826037913
60.831253664522784
60.90806918917085
59.31239010576033
58.072736880996814
57.983038452831785
60.799846657112646
58.17408275436895
58.97937390580441
60.50699791852723
60.17445953603743
58.613765725707054
56.75403569030796
63.90813117443769
63.86490027627647
62.20824491542083
63.463579248280475
62.03812403668102
61.9774502357795
59.464563798131046
61.038147424683295
62.64465670750309
60.59887588675056
60.28012848745977
61.77235129749884
58.56845965085131
59.15849548313995
58.956926934535076
58.52706197886926
61.54024930499323
62.18913996815654
62.164929098871106
57.07461617416922
58.29316573434105
60.34666057958224
60.11226883628213
61.97560039568491
63.06344674910075
60.138258492121956
59.76486888782174
62.13588341576727
59.70871295528965
59.11456520588061
61.02642742988455
61.36555224749726
61.55570013157825
59.806488544199894
59.38923690399495
59.414927562115444
57.983094877321754
61.80427977933894
60.59733779285274
58.202298439529294
61.52175587891465
64.47699716493472
62.98546705744178
62.50036049776167
60.94523376549744
64.1051818901013
62.682878196464074
60.79051281247664
59.27575853695126
59.236950471281304
60.74879624351849
57.02423771301921
57.33015245153487
60.58925178101082
59.15935428210936
57.174862678818705
59.53476514528487
58.03591910806499
59.967552729145766
57.69950029993948
59.16620289092449
59.100459707953036
59.36719713015668
56.841780732979174
59.80714483262906
59.91227960821294
59.37695814970475
62.54566009385675
60.008005108728995
58.66605305454569
60.77588033823398
58.94169579745423
58.91769070979595
62.35312404700826
60.68106477504073
58.80778344129492
61.11007068839219
60.94815336628302
60.336162304220515
61.945524770166294
59.60278056924974
58.60275560274486
61.19179474757989
59.99629978413955
59.69154472102439
58.588321252586965
60.00835263740092
60.93454648726074
61.83511073449395
59.82593299151526
58.700013415972165
60.677553052385136
60.26181401523318
59.4655466020267
59.72432103687313
59.425166493973784
60.01762151930509
58.41634451715014
57.36000651489057
62.19331667822167
57.885871901804315
60.05010314388318
58.164104152713975
59.00713792308963
59.066899282925604
58.89823143782922
59.63850103990125
59.509242419836426
59.62570337698408
61.716429126654276
58.96609361276926
60.192628862576164
62.0989149307527
59.893724139996245
58.5151553950737
60.320383039781845
61.66269975643443
58.39585045044558
58.724483609942965
60.998552143447085
62.24597154162899
60.155915814869076
58.59288553364817
59.607763557272904
59.820132747135965
60.46541118188753
59.41626299972117
60.87389458625055
62.112047411499915
59.160498578844134
58.83449670629941
58.70067057441566
59.55060675101549
58.931157092977216
59.0252464382765
59.38521501392201
60.18738321340139
59.842691740109984
63.928851124663
60.43436102816944
58.47619317981529
62.26835559870159
60.10770842990184
59.90431714064825
60.48495290162387
61.77943494672616
64.5435926584468
62.361527053837456
59.85181663140685
59.856922760366245
58.12952119425072
60.03124542561873
61.8492398807228
59.42313788643747
58.440198412802054
60.376523662681585
59.28626251020511
59.0927360616674
57.23918325129165
61.26781889617749
59.933955977295625
56.90929045501522
58.68230616702025
59.773570021704614
59.10899424703104
59.24742218358337
58.527265923301435
60.006485321969365
59.02491526194976
59.51547181597409
59.50787189637289
60.32210409304991
56.17936333772232
60.96948138208963
61.484388661244886
60.260655646828425
58.83171892993532
59.187989898117955
60.83921644117209
58.94001646384932
57.353563878206614
59.8140676980308
61.441140395018586
59.78029965272298
57.49614367185895
61.10081536171381
57.09874998794723
60.54697103135846
58.487055151323055
58.498289608166786
59.20844617402772
56.953149027024395
57.5344948611395
59.14187748950671
58.09819295569267
57.44931911600903
59.79465210942957
61.189923178287245
58.25248575866492
58.554438932569134
60.22611160171823
59.49072478628286
63.06449155774197
63.73205051147599
62.56182992031434
60.50365707405841
61.33890179600604
57.825218599843275
59.73868154032448
60.03479238930651
61.10963391530959
58.71990622348432
59.13522049873396
56.819729712476146
59.529458612644845
63.599149767929504
59.30217634085579
58.12618016063129
58.31166840703998
59.17940789670209
58.049239470786326
62.03543692955567
58.65101579753826
58.68815153481631
58.86796618031189
62.693520727584406
59.87514761696042
58.63336550617159
60.029418100813125
60.14166574303174
60.1270914237682
60.230135304304596
60.28473630767681
60.21328987580809
61.97179094722835
61.95056678796998
60.52722276819708
61.609263793778
58.08832158703879
58.70358815197551
60.02839030723879
59.118413695264444
60.14903081660901
57.30973709209154
58.23451575248302
60.60438802430619
57.40077951136322
59.770885564581434
61.54152909310563
58.16428199134438
58.633180090231306
59.420487636111865
58.59822699844133
58.88604206075961
59.8466418075804
61.29158308795595
60.64552242609656
57.61669828356011
58.93971947540668
62.01947504459336
59.337207185258556
59.31991995989674
61.16569038339044
60.462993673372786
62.37964388861908
60.89902971354335
57.94177750459905
60.083397377816446
60.07358902067765
59.05020568704953
62.06683318199453
59.144671693190695
59.06305752739261
58.51129912164768
60.67241775746603
60.48924958338985
59.61378967815817
60.46933228456932
59.94242434568605
60.01743922334061
58.427040573010835
59.55731635377128
59.960306474688814
61.37126139674245
58.10287117253369
58.95625390830327
56.49841600810514
60.22003475529358
59.0742614277012
56.8731731169659
58.80575838625382
58.9877823103722
56.97766553959182
58.65305304927537
60.61662212095605
60.144459899480765
58.229206092209076
59.07880127549641
63.04099444534065
57.988242067664814
57.14563859665513
60.351509184837695
57.90827817611129
58.895288154308574
59.38343482968395
58.69297868254047
61.23893573996975
61.66431768742203
56.07860144514254
59.30319628949113
61.71910507251273
57.72919068176713
60.74408378443989
58.085897516858495
58.39035219778554
58.323618433778826
63.97059237793283
61.06605727131049
59.17218550185196
59.036744123296906
62.13676762426357
59.578600977744635
57.52027309284618
61.553651608986875
58.39144986303063
60.22567879448686
60.412821203341345
59.240504984429656
59.732936862459646
58.93875952359843
59.263654248258696
63.29582339771565
59.33411494183991
56.689742971881536
60.49634812476225
58.58718361489032
57.29743575491987
59.42638188737524
60.15027718492438
58.67000685965799
59.99410264399974
60.159027492092555
58.05796606081231
58.29176028573973
60.82365771689579
58.442713816439245
56.97497738669501
57.13940077877915
57.14138274497698
57.33592450120839
58.782262676499485
59.50926858339198
60.10401193021571
58.180996371740896
58.3792194555117
58.71822169491936
59.5080079318953
59.373835011545204
57.60125450944126
60.64579379324121
59.59385360366201
58.66135107581378
59.19185616695891
64.16593992786011
60.569673327084075
58.652350770267546
60.0027104352706
62.56644698151762
61.6316760532683
64.11339693192713
61.65313104104091
62.26046722971227
60.964624688072064
59.69144587396129
60.732092897494184
60.01755351077727
59.912823785419015
59.94706011638348
60.293659108916344
61.67516095563606
59.28809611494044
58.76017263094851
61.91536928389846
58.74883324236366
61.92180710101522
62.44575527986992
61.352546959480954
62.192017585645516
61.86862639033487
62.58742581476267
62.74443896076695
60.286397295143054
60.99023023625316
59.636728594240424
59.36891838430802
59.05305621801219
57.73845705281442
59.39291130815101
58.98614430602651
57.08536545538957
59.49876013936342
58.581770387030666
57.85673398225628
59.981899102562075
58.12239950167146
59.8058420755792
59.85301081331117
60.860107423401274
58.261622299024786
58.86326263327454
60.9582332960235
58.897640672760105
57.30785945730558
60.229995391435125
59.099403013307416
56.595297437408504
60.33772711042704
58.1622217000765
59.57475522154986
60.50686061446939
59.5130861470015
58.29096471152477
58.93518789712585
59.76109087970047
59.8067760213332
60.813566716083606
59.102917418259814
59.44154260131173
59.85167931718505
60.15221462931102
59.22208277256897
61.25985772191487
62.13584767342114
59.594002206911874
61.763189467396835
57.70608636178493
57.75503653328802
58.95767372316066
59.84937282658653
60.09690935631711
58.283454177130295
59.79602950643537
59.91321002027669
59.346284153807794
60.815299445511194
63.53522615228325
60.00636123821707
58.46040944046238
60.23928772704507
61.98494677534007
57.26882797334958
59.92556584758095
56.93936331815172
59.857425154452706
59.43360586243217
58.31162873600349
58.52481627457023
62.87130718649635
58.09541504428242
58.29697201213494
60.84699356742229
60.91507131872464
58.59389128781655
58.75980403149737
58.28423317368503
59.099991566688814
58.215985450511845
58.334734561968126
59.61329638126296
61.47807494209179
58.74449245826261
56.41124980099951
58.28205433286346
59.54041647710615
57.26966988166303
57.88690897841006
59.04029647704484
58.78781201710223
58.07927603959183
59.45776221448033
59.10704180067207
57.26915567979036
60.73666563202155
60.78129939594614
58.6027445325221
56.389318874906394
57.161307240847535
59.71788424132038
59.62845906712762
59.49409969792298
56.359363193968505
59.66848100572222
59.46222553175614
57.208004817613826
59.057124812600094
61.28354120293784
57.92332001934372
58.16551144451871
58.55429436009383
57.65633255227521
60.11653132866126
60.96974981680296
57.88448797270628
56.960092647658655
59.11876530838074
57.96185996087782
58.03650478924152
59.799865022023226
59.34459878057353
56.330515952486195
60.992986801046555
58.61867067436626
58.855789922714465
58.65476602016961
59.793997629405965
58.75522681071456
57.59266632511728
60.25519873747
57.934068260939895
57.506975570175015
56.843971402286805
58.92381165827632
59.832019759957774
59.00728801118063
56.74914337706975
60.32414430663678
58.67040237929529
59.98861511345915
59.28752692810408
58.92058888478852
57.24580734257106
59.991188614124205
61.08111705457175
57.43654099344272
58.840325836501634
59.13259386237624
56.6207760340033
59.87621271269561
59.05541394265996
58.16995425835989
58.23850303526931
58.18876292749299
60.06388863795148
57.29205371123412
58.324005732102506
62.28143755251894
59.775308062302685
60.46798008386263
61.16234525288537
60.640362546021954
59.27998725078456
59.26169069945584
56.69348832776345
60.282811344857066
59.706033979203276
60.32981679057775
60.30420875479231
61.08842166579883
58.00072603997567
60.51863384387466
59.51329278769744
58.755450036158294
60.25871326509102
63.744601209651535
60.26951996953059
60.20819267349967
61.31968374774613
58.900225296578476
60.0883021815641
59.85415782954955
61.818393074042845
60.62548944306698
60.14956920726993
63.11718302335653
63.81271787543317
58.4676716585509
59.503569620603145
59.22697574612912
58.49224961596971
60.65247290815407
59.686767085779884
57.42697198612015
57.86360302146239
59.39873019363924
61.315352054301265
57.76455153119182
58.22693862106146
57.49551866034859
59.90001114737051
57.79967798572699
58.34701440408035
59.42876743329318
57.588525257384575
56.68204850630555
58.980109053366704
62.02239529165039
59.567335111766766
58.21764937265448
57.29098207484545
59.16747441107791
59.58574765979297
57.5132692753745
59.19449886093424
59.938320048140305
58.18996461446764
57.14566422611502
63.666156385318246
63.54759284698617
56.54590657307952
58.97302895148064
63.19278262761633
61.37010850208496
61.31102671457491
59.20745470354372
61.79664973735215
63.095407345169264
60.027258263853476
59.766415358383114
60.304080568006135
56.38972528917555
59.42649435263349
58.59820344714022
58.90171363345892
58.068494603779094
58.866610831244564
57.13663459866847
60.30154184917091
57.58991798934553
58.716174129894824
58.503251335284546
58.884204802429196
57.661311310657894
60.72031195402977
61.01562729608144
59.51390647531185
57.60278249830426
59.31094885887154
60.98038951332557
58.51096214752383
61.98755185406997
59.322282296321085
58.17650211301611
59.9056551629491
59.168505620016006
56.76453262611803
56.58586963855097
59.13698047650145
57.95987414829831
58.17341194130083
58.55969167977737
58.55767568885091
59.1142500461788
57.815300605954
60.942463815580425
57.31886546146723
56.41818393591914
57.18914381927345
57.656008214135724
58.153128013336136
57.05357060582115
58.00886244011706
55.85529231768485
59.09791641364402
58.82663242953441
58.505747327368226
57.43050039352198
57.17330204137072
58.82626890848391
58.11265212077003
58.627923110555294
58.8505027326263
60.95720663544957
59.23161314243496
61.816651462752134
61.62594551734037
58.20091463067161
59.8446671046473
58.15427881656893
60.68095567367934
60.262890035659275
58.803478721236026
58.44302679689159
60.86157209013646
59.79626751922551
60.30125234370414
58.20811530821633
58.76022645461908
57.41736896448358
57.99457722198251
59.2753251551116
59.859458734071595
58.32861514842842
56.820916327834055
58.40469340466478
61.19806370492535
55.883490304415716
57.78597289801447
58.0157332762827
57.745969106579174
56.997371382709865
57.57686751265828
58.489866930333136
58.651160556885735
54.74382505132753
58.82092202320866
59.233359769441655
57.283733137867785
58.25679026111573
59.81594515637946
59.18600181144935
58.09624493794236
58.94069067327142
58.77968039297407
60.851417903063314
63.894206579849104
61.510243214687414
60.74700328685358
59.33954295154801
59.43471711336626
58.77929536698431
58.91263302998184
60.324876171556824
58.18722482807796
60.216213321928834
60.653156042550705
59.177257836650476
58.947356251877466
59.321320091374716
57.841539483068374
60.17717464601537
60.75606674473991
57.77249825264153
57.40918350303708
56.75207739590584
59.803439052358925
61.0696586468268
59.52753456589358
60.280442809076675
59.621494239694485
59.59353244723903
58.6819579755485
57.36194378149661
57.12357249648412
59.32243825826272
58.697292715740694
57.43847790290558
59.49219789376606
61.73056834960866
60.36040707390361
58.900913906834155
59.48335401286726
60.915013183198774
60.49388953872333
58.52236470372339
61.68916711637677
57.315294339870654
57.923557120775804
60.58426732208518
59.54457291714662
58.508346520208086
56.202395344909455
58.895690411994
60.13830852475057
58.045648406638364
57.43100107049362
57.85672080792671
59.14614038669668
57.58758144487635
56.13271824204492
59.11318682025347
58.57286378682031
58.231062755404274
59.20607193057402
60.162592311002406
56.63621655386095
58.0360184016279
57.54981360803627
58.090298508147846
57.01386027919118
58.21758389074694
59.76962025511298
55.69616383626129
57.737235550988636
62.442837334583345
57.993977123017515
58.67791935316425
61.4543062592004
61.974112297627464
60.60733983158054
58.936061391880386
61.06143737648839
60.99433491187721
61.40327626994963
62.422967603468166
60.333215702416574
58.772529930980724
60.102526870591184
62.54259052306682
58.003149655700824
59.121514034114554
60.26081234639771
61.06616489611916
59.89298795950672
58.48803472459595
61.250668129578386
61.692666635652074
59.12051955734849
59.641937686272776
60.03782572318134
61.57989660417427
58.877897022899745
60.233990669640754
59.41579699177068
58.782303990566454
59.04173362581404
59.8439160967846
58.312264730447886
57.913974740333146
60.89513001191263
61.261070985974875
58.25960497975244
60.462135310133384
59.42426500700363
57.84995881758455
57.32289075748847
59.573370039611
58.30452999653429
59.60596237757087
58.69850347171851
60.037758672775766
59.732464020732884
59.444192988319536
60.40577830562812
60.93335034404029
58.205984445894956
57.31601927288737
57.84323907829142
60.13181002018157
62.38860246614573
59.734335531738864
61.389761133471694
59.79089079980331
59.363197911900855
59.549490616149576
58.99858609160423
59.8129944249113
57.76902140895432
57.61169527145879
58.3668591028671
59.32449315663503
58.246702332846446
57.740359822160684
58.53556747152263
58.85817674343585
61.40504743056746
58.88615067708286
59.22079575758318
57.10138796144233
58.75660477439378
60.02843349396104
58.53813501645878
58.32131367149258
60.89911188509332
59.827817963518974
56.53831772809764
61.20884939405254
61.21747379352151
60.65761296302798
61.41663242198085
58.46561110126146
57.93276065937938
60.2277368673523
60.318848296921985
58.760910744208104
59.08252466663848
57.19150550489885
58.77049776872959
61.8799099481655
61.25967776543941
58.79863626252638
58.42332427789996
61.14992983415486
61.19214615268052
57.42387413249918
57.0544774138213
58.698883692096416
59.60763888717218
56.833821196673526
59.69159513461286
58.90433812268014
55.465817988946675
59.710081452530815
58.64947910471963
61.395898275187264
57.64367169631993
57.37007834868683
58.670098502443054
57.562112503070715
58.671215680224556
56.61238111827847
57.67922295326911
59.033440536493124
59.36120923781044
58.554246222667864
58.57659921305595
58.916201946371054
57.90364042488675
59.41444605879646
60.88376971549762
62.04145365135605
57.48664878946887
60.49246121622244
60.32245861251753
61.005783322674276
61.005118604785494
60.56127504500639
57.621616875398246
59.32389891042063
56.94525274430784
57.06273318620447
61.083613952351115
57.5587231273529
56.26788907404564
60.7667068924659
60.79371394207742
58.09139932545404
61.64506329252342
62.36892227042096
59.39182117721725
59.2641223391556
58.52968797910199
59.323702141359334
59.30822125360979
59.05114509851468
58.705485682968856
57.92197489094273
55.865791754660385
58.10352889149379
61.70712787030068
57.331122241999395
58.774553670820026
58.72144125484952
56.61707815200118
57.18177607120011
59.99303715676913
58.65503676207437
57.05897847332174
56.72680285182928
57.55161244342184
59.503040169652174
60.21794274958143
59.41254248185907
61.133343428451774
61.66337934207845
56.51005977412656
60.14866163611623
58.954869521617674
58.28080773658628
55.47038962918958
59.98994210612675
60.475151637020424
59.48646668830945
59.160686007141834
58.926848211265245
58.54308263001798
58.13047759498032
58.4523788525664
60.304648971884696
61.208957031259914
58.916712247771045
60.14014212878498
58.73262578584996
59.932430537130266
60.87280383282817
60.16138114708587
58.977430084363476
60.94192970945064
59.23909890798087
58.388982412605245
57.92945797032735
58.684752043143334
56.92561075429183
59.71197983839042
59.14266400661569
57.049936777325456
60.10227985806371
58.543509386278565
56.11128121900081
59.922169956440804
59.36316426514992
56.64572777506682
58.64200937761538
58.835442230003224
59.45374399427549
58.9081079724574
58.294124777670824
56.087327843126594
56.650061216458546
57.97117214830467
57.43253529282531
58.32349828209437
56.29339809339713
61.012810135685
58.3977552252029
54.5497279430526
57.26760062469157
59.584406364566966
59.120737717734755
59.33770449860982
57.32953999501449
59.35967248203051
60.89056390398392
58.04915339213889
60.04966166026729
60.9953866934391
62.886806614076704
59.884660562734354
62.294999370710975
60.67582728380112
58.873439020283314
58.205810952425544
61.574835461928885
59.08832300754335
59.7285769917311
58.64209049691712
59.908594128346515
59.29276279685795
61.58532911508398
62.87426585634875
60.60769269550463
61.97777454774532
60.497201746535104
60.99465072433417
60.493443359234995
61.64548674993839
61.964093825299805
61.12372277019604
58.643330466148
58.86436906141882
59.17707567285136
60.793166920034956
60.481914728374925
59.82556723656121
61.109908821571096
58.56672691074371
57.10013881906447
59.28234164379039
58.23429271556071
58.205010034507325
56.892638697015265
59.4729190927675
58.88474456697487
59.46395266343029
59.91103016825714
59.83310938904455
57.51692715604042
58.54500815832711
59.79377839002427
61.04362659967298
60.899884009646186
61.673051621711835
62.58451187696732
59.527844344775914
58.63426996110913
59.68685688405129
62.65673282485611
59.81713036117663
58.59778059586422
59.77828652490224
61.05929363606153
63.12997476846135
60.05081257436345
60.187298480693606
58.331358293505545
61.656354388241674
61.42795041294468
58.785202072250314
62.252262131960464
60.94790740236898
57.88286844563063
60.304763782388925
58.66136702982256
58.62979444510839
60.188524198029526
60.23115976903693
58.952665579677905
57.16781576164414
57.04631570214318
59.41430077876241
61.34733126982738
59.980329152795484
57.36630228021684
59.03312614983036
60.660129085511635
56.88611968874997
59.23378033293726
60.53431542148831
58.54783294797855
58.23442475929716
61.61407016776015
60.902753635650804
60.512857688067854
59.33280557186981
59.54127529475341
56.69270825932407
60.672870075909394
58.596443524521625
60.347260315646466
57.562208168027176
56.823171457317606
60.42908598932694
59.5551063525668
59.02228238186276
56.8257696082842
60.79724436997096
57.76056190962729
58.81351939866194
59.32899062664148
58.74370580405979
60.261994586344734
61.75221243103966
60.00803372413433
60.67090250385084
59.0355169008321
59.654275527167954
59.25918937991101
58.12368556791711
58.52146212868596
57.658038773660266
59.20661866408929
57.56274417837669
57.920292499124756
60.58038715056007
59.642425682847076
60.34580156111693
57.14276992548642
58.62060201565864
58.61595778458358
58.83180518342955
58.13386591434964
58.199313404659115
58.99818283702016
57.776498957636015
59.57324882853294
59.471473460699656
58.76627312699098
58.72328127912448
59.987828832979076
60.29990145964152
59.25577854245212
58.28190783570666
58.93556651652811
63.081466005497624
61.352047552078204
56.308090947071285
59.330863264132574
59.928127438013064
56.607623352877255
57.6237516176523
59.75209376526189
59.15200346715268
58.70408526067697
56.708566093594854
58.24060281853165
59.90102577313305
58.46617592251632
58.09674685821177
59.4814505697766
58.681118379686865
59.67170949575566
59.94209256248378
60.58607241919916
58.07815445888812
58.35525045860615
59.113517388434936
60.50874832516829
58.51748264981899
58.252230574158986
61.31680693564313
57.34491099444956
58.88238065101204
58.79626078562378
61.3382836663513
57.87122048286593
58.07560534144759
59.1258283832438
58.86937433900029
58.451683354493895
58.90320764252761
59.88546365811291
58.250921924784905
59.37567244809672
59.0107357565032
60.88498034345364
57.93236681101523
58.06499385501093
59.21610758699482
59.10721849425049
56.13685567284047
59.386951624187006
58.51023781456766
57.78635649192018
60.818482314406936
58.160082617248875
58.840442065552914
58.67066828234752
56.84198059406081
59.64414348993079
58.81607940333577
58.3850043906887
57.31402088466846
58.48290495038875
58.54727402112689
59.80121056069263
57.68185044703607
59.86814267870827
59.81771436179577
58.44370620628067
58.21893658438086
59.01581137410361
59.99053542157366
57.98639784112678
57.93937310175547
58.892983676045496
60.823390406891164
58.119182321826045
60.78314878978691
59.071998347286836
59.19879513436575
59.86705741926417
60.99726741439157
58.82727181850545
58.98932795951164
58.53910409326328
57.879601129304845
61.25748767755627
60.02046558534474
60.01060882701302
60.83704357041348
58.71904151446587
58.61313271995297
60.265357925686764
57.763667006760464
59.525719900862576
60.043399331869104
57.86318196971008
58.55112030745626
61.56587731593478
58.16411449115734
59.691759551572495
58.375858038650605
58.881801713928986
60.22654105632595
58.599225024703955
59.01372837222554
59.67706697862106
60.05616984508037
58.26669882256238
58.215911141366156
59.53752634679687
58.73471261239616
60.26324369215958
58.480364697774796
59.9318667925047
57.984082661751664
57.648031845828825
55.60394012323517
60.44024767791046
60.07199128532189
57.60747238390897
57.312129801378795
60.207392404103615
56.89018850285707
57.386035427715676
58.64283149889492
59.28042802705999
58.473645856816844
60.929041211141936
61.7289113463978
59.62648862449135
55.60556571311184
60.10947110812378
59.07729861705417
59.600615460316185
57.3960230304144
59.57418599082523
58.138630199616706
58.751660698478936
58.29375492471696
58.71942347029062
58.03510495371527
57.18087599527399
57.4010783119426
58.954861208743495
58.83669461828708
58.00124220896083
58.29407007932321
59.25471749779096
57.68676212809795
57.41216821291038
58.9597942992503
58.22031939183571
58.63423728016037
59.52778482111615
57.99090095945582
58.107921381344475
59.89759949831684
59.03159555027887
57.746715200725646
58.23622157582047
59.48871777966835
58.595171440172095
59.61903472392336
59.934515882494125
58.58898540182769
56.99366969352859
61.348458793048096
59.21087885252566
58.53804074652486
57.45607365762213
59.156776952549734
59.87300804433529
59.511036250161126
57.62107550540118
58.22879346606527
59.58881433200862
59.497861065436574
59.16635516195167
59.280649222121994
59.21275771098766
58.77996682737673
59.21871998081528
59.27978267809131
60.64444938067371
57.45098110706707
58.77186817142115
58.21793739571736
58.190393424507384
58.34957537914284
58.075091504321335
58.42677694291874
58.056784564558896
57.8918587040291
58.05765762378915
58.06061630085489
56.314648183681875
58.36753645708755
56.945166535361494
58.036680110509685
58.08507152285103
56.55492639025063
57.809308864435586
57.74938172727434
58.131025726905555
58.41638647793941
59.20276442012212
61.37991869188214
59.66835612111354
59.02956599161419
58.345700212132414
58.86249746688752
57.55059982269743
57.67145670179105
57.542431603646925
59.20395327631077
59.59717543044948
58.30279286901587
57.34263544375248
59.56868249804724
57.67934252164406
58.14093990196751
58.74022836237571
59.44111287432584
59.70169154370864
60.81550478890547
59.58364776181637
60.577984972228194
61.16557367758107
57.78902309564264
57.39198944869716
60.48263878572583
60.794496544102095
60.34304634799433
59.083088339808526
60.14371280733124
58.01179248218652
59.50472225103152
59.69341191450095
59.79384518011726
60.36904269604864
59.936886639269595
60.11982456312242
61.65711725657386
59.62528481343195
58.979086399319165
58.85349924743773
59.91904918457246
59.598799225585545
57.66097452310142
58.19985556520462
59.755616483610225
57.721403531330346
57.86084081480345
57.517869774914004
60.55570186119125
56.81184215270512
59.9257093601564
59.30193355086467
58.29579254209739
59.21811516029911
56.81071929668815
56.599325282972586
58.82066471326623
59.061048441690836
59.531084644600426
58.19665911466652
60.37546161140124
58.341559790684535
59.09820698039088
58.058720303896244
59.1725738755039
58.14018306281131
59.65010909820316
57.43361074096805
59.79705101654413
58.194098531023954
57.851612881163916
60.743470894601984
58.679407758427935
59.13007280753345
59.30383863997261
57.012226201550305
56.45968944365817
59.2922757676009
57.3297721772858
57.23587815120996
59.47400335001192
58.13960737371501
59.35953023175336
57.060657873697764
58.556451452688144
57.210385242841895
57.85382538198031
58.19603879833926
60.88241096499276
60.815399238151976
58.11166949868597
58.63316110966586
58.07396779692253
58.06509989446913
59.98544036785907
56.97217475857189
57.41013870172241
59.32214512983115
58.652903387288596
57.21999757295552
58.292106738538294
58.97673611246751
58.61770036131729
58.38958821765572
59.85162085968041
58.26495935262632
58.10731136190621
58.76038498707567
60.145040730680485
56.58159934673049
59.189871546031625
58.639949730615825
59.324522097461056
57.997600199942596
62.09685272764841
58.70163398221566
59.136244102737585
59.49480650497083
59.78544051810875
60.419233050558745
58.639129802802024
58.33693699067428
60.683112973314756
61.3329263661813
61.751078882988786
58.70601766868705
58.10334198677643
57.177125727279254
59.48085164346458
58.247543244633306
57.76863390348231
60.181530410118555
59.81864568892119
59.79128940106801
59.18464896969323
60.72995402961566
59.34398306767016
59.095155800163845
58.1331862648856
57.764489853262745
60.35609313373682
56.61388914398705
59.308864271300926
56.41112283291624
57.051788352829846
58.99918683160371
56.86304325663435
59.34372386147621
59.20375093052345
60.45803592046299
58.98281795293869
60.98905237073678
59.358651231703114
57.71641447412262
58.86157108727232
58.83126321366949
59.56060294319276
57.80442859758748
59.212541840653614
59.271492566649734
59.26881897885951
60.308267138301545
58.00735426248521
57.70887943297898
58.465152720262296
59.12597588107285
58.492154964493174
57.88361607851321
58.512118450173915
58.68643563213279
58.22633041639019
57.161797051382585
57.3155976058456
58.880458156186144
58.45168276240829
57.32318423407843
60.00251716714314
58.52129549675748
60.751645418396066
57.704425028624144
57.934268161196485
58.888073074349165
58.64860913226823
58.788655575386564
57.450969501899664
57.019125422702444
60.28564427184769
59.65128861560963
59.61345815616691
58.77270838974327
60.8996040599184
60.13478673881224
61.71158859198986
59.81916672573025
59.28809460672716
60.54451930330414
60.327517525661186
59.42496472309738
60.63972427288522
60.149427297627525
61.396436059215375
60.47036456536756
58.35483883915725
58.30782222434599
59.730942049673324
58.685051142566664
59.076039151240295
60.45045357642662
60.708377543951485
58.549183728029305
58.72768205382943
59.56459695998348
59.46747593279889
58.78857772060632
59.68752655079285
59.237334055788196
60.24892554563999
58.27185718777072
59.289463163932666
57.52574464119194
61.15247269517245
58.0128325308089
57.20674503839284
57.94830682175416
60.40098307784172
59.15881696192498
58.107469561278755
58.998537201330095
58.30884358395036
58.687322777518915
57.662433683492985
58.56036697543826
60.07761147699291
57.61296365869606
57.4109029781961
58.2967207556981
57.72788887892713
57.612750183233786
57.60831464161319
56.5402969148947
57.5760597260513
57.62466381797529
58.70050465330876
56.501315080447576
58.79094636271839
58.13310759144819
59.418623397092
59.408288881052215
57.86128021337857
58.34636200044538
57.87804602951996
59.681584204225864
57.90067143657472
58.031838256564185
59.36534983636604
58.16444546067613
59.61203948726496
59.346424636124354
58.779516367791764
60.9710080195095
59.9113341836472
59.74461202491673
58.47769702540225
59.780442575761064
59.931826244909296
58.00031355085776
60.21253019621063
60.514085926871395
57.52773413944809
59.20281267304407
61.02516135029604
61.60242827593809
58.87604627286233
59.08840395689274
58.39831372248438
58.27113956842784
60.26524898561116
61.26987459125544
58.8092819815126
60.55037607208325
58.36240114014585
58.5562717217067
59.97682719744622
57.09437701717539
61.166104544945114
58.71122688424242
59.99270219683206
58.61429851557847
63.70018457177221
62.985149765848256
60.31515424369445
59.008553490503125
59.32682084761454
58.00078339927811
58.94674954288389
62.23307671174999
59.424705427182296
58.066748833495474
60.44672103465918
59.44096262315004
60.68228990259555
57.94316665516885
58.09091553125655
58.907605042359265
57.77473561633752
58.321161577979254
57.27729808332604
58.47490436966255
57.49919359593367
63.1106571068878
60.993545976633435
58.43371679773341
58.570949055201766
60.01919243022647
60.558878293810864
58.360500430699865
57.18866317073118
60.63508093068283
59.202709114106604
57.001273594755496
57.621309020920016
59.10655993535513
59.004803360208555
59.32804503823616
58.33961750306289
58.6723868491361
57.38402370230652
61.79510509361633
59.04759837657045
59.69681961412816
61.57514263413108
59.37995455719346
58.624666364334416
58.83839112959286
59.65303895931454
58.42862275141113
59.56072943282974
60.64361976181953
58.20972000043692
58.375884132766984
60.930880562759846
60.09642580775653
59.92311901458373
59.36365733231417
58.12324019552248
57.1916309173616
57.6890991482734
57.83067534880024
58.88485066365099
58.99290095180657
58.00382801832519
58.32891205143458
57.59716074100097
60.44597502122597
58.8646326863608
58.86642924243622
60.35307474226025
59.408104827990236
58.37599036017253
57.67199970057167
60.84931507621237
60.305758575209786
57.331262115045575
58.63238431257637
57.58771843383511
57.754646631256385
58.79940545253705
57.67777162022616
58.17960870240855
59.38988331913918
60.73641732023568
57.40843125197184
59.40966712995029
58.590279407050986
57.90291709253418
59.563551682173895
60.838592095391995
60.170653565058295
56.93883074167989
58.28912606536317
59.28483554336298
59.16794562934339
59.16355246718137
59.173506111247754
59.45931724979642
62.36588821712829
61.44638331196051
58.75037176306215
59.14008973254002
58.49440916545158
57.06969279843033
57.87162982410909
58.661341971871934
57.44490220722939
57.80492369065294
58.51353600595013
58.48145429304666
55.4390199698199
58.70214311080488
60.690653182468196
59.23263108395556
57.215132176967224
59.785032075078625
57.429077815199086
56.65090027910186
59.090702401415236
58.29478192774374
59.24007744714074
60.23764845271086
58.233176878992225
59.17927240853409
60.748530559884266
57.60768706310066
57.57223337854527
59.869391627080915
57.91344082544495
59.732782910990935
59.234361920526766
59.56308397850334
57.819511944891474
59.69071546772153
59.47731093698936
58.383232762723374
56.85714050763976
58.84927088321447
57.85666173906253
59.73815325065676
58.49847636063112
57.10273364842834
59.56127773149309
58.4470090447704
57.648892741197436
59.849286995080234
59.12744626173615
59.051684467798204
59.41706159607153
60.122189802094134
60.099488308358524
59.176014915288405
57.5573116779428
61.55904278752263
60.681445216062436
58.32771132231135
57.91169740051892
59.359928999332716
59.240666554165564
58.369542866732644
58.161294140779034
59.49688102043411
58.2329455273854
57.91895300582512
58.96436555206062
57.594914520032034
58.909682331014174
58.07563918303063
56.6732939372767
57.76442992026048
59.60488884920758
59.238295137829326
59.647329940137546
60.67471189499587
59.021086602939775
60.945292427087836
61.4062299679721
57.9099020106209
61.16073949910513
58.551733693199495
58.00986188023057
55.15434245872144
57.65536516332119
58.801864295381485
58.82454858284048
60.5712817748714
57.78971588760137
58.433627799653465
59.63179569075321
57.509701971526844
58.55552696271534
60.45270440563474
59.577692270313015
60.048081309619974
59.71862275829763
58.679293343530915
57.875962338695274
57.950203110914984
56.88298396551931
59.50215830688814
59.878706539843044
60.114709473471834
61.94598710661219
60.884382298980526
57.493461462015794
59.561411111392715
58.9217676256202
58.44785761636114
57.776530468022266
57.310332642861106
58.236303688930676
57.37420389689811
58.34358449711367
58.718811778236265
58.86348821138552
59.50206657228302
58.50150358947747
56.92681448536935
59.390557149629764
58.109639375564385
58.017304989893276
59.95374594816963
58.355111238448345
60.33533989224023
59.748783935262274
59.70052484273087
60.453953407848005
59.13817373408344
60.78361386159761
58.83085245404034
58.944576737342366
58.59471432778982
58.42886891393375
57.364089011529465
58.123802373830486
59.56343363424168
58.64870750558518
59.620157114368695
57.08650576077589
58.761185545508795
59.45960426860481
60.027842335958084
59.93582140420858
59.29177577181012
58.322265026574115
59.71651900875928
58.92288930075392
59.23978810704342
60.01208037967976
60.154643462637544
59.84325925102514
57.65006500655796
58.794487042226166
57.29427370073456
59.534203226123374
58.475807261300886
57.840008202184706
59.15593885998626
59.72349285484509
58.8213125308081
56.92631841962741
58.464065611807335
58.987308919363926
58.345073033476744
59.79232227206251
57.03298094062611
59.99425005781693
58.96009197867125
59.98140150867249
58.27377939835413
58.86907594979743
61.107968909416
56.85499966414809
58.26878565216794
61.03541987968934
59.05942312287967
59.90359560770666
59.58856342711355
59.84437895164962
58.57918488609235
57.93517019916296
59.2660306069175
60.31707514992693
59.3860140584946
60.47214290307927
61.164967699586924
61.10753046721393
58.63529369269333
59.53324586843255
58.0611962297358
59.470301040798184
60.66783476427226
59.7957645165482
57.838243659122746
60.193983489922275
59.03095346357271
59.637607681423944
59.81978920250758
58.562342556360306
57.654409170214855
57.150703022415584
59.15164567561496
60.31515481170864
57.0996671061077
58.32549911998763
58.80821536113061
57.6695585776412
60.04558916581627
58.2510772046604
59.23047465946447
57.508035759423905
58.35261788921824
57.60938445610453
61.26376964430606
57.82759324553353
57.1670597388367
59.4285958813244
56.835826029687794
57.459856244755684
59.77136910364939
59.09723909145629
58.60365135722927
58.71688478609791
61.22174880733899
58.53967739730685
57.17031183303763
59.21620301115061
58.40325591402
61.098389821813996
58.91473990002636
59.071149683499385
58.68814530131185
60.02322998386291
59.78201787561479
59.19644345876029
59.758017907242504
58.68615611204031
59.44351820481651
58.487114974315155
60.00861686997357
58.76307293649057
58.05092234383378
59.56521511324452
58.92140061697662
59.983192549780014
59.23425267630329
60.55293223168396
59.43281419559176
59.94192475702535
62.239264728220995
61.67982740080563
62.83174967782916
62.41876860754518
63.42927847000543
60.833742499404636
61.92449001405635
59.1020467745733
58.54065510513808
62.87112300671726
59.048222768711895
58.59502696784904
58.471071270254946
60.796047541392234
59.017506631827125
58.23303869689027
59.288676816342495
57.83307018389768
58.56460669726189
58.064680192264376
58.258651063203615
56.87874273584706
59.55929686512898
58.65437874104724
57.35646296834602
59.21807228156629
59.41088554053615
59.41554316209876
58.62025403000087
57.426648920190964
57.749772784428636
60.01544747019296
59.48865712566767
60.1651437526339
59.358272124411435
59.3764928975795
59.5975897514771
58.615986368894454
58.57451402264096
58.363970305547994
60.797762078345606
59.30038273970231
59.496746668901224
60.38074972746037
60.227801620837255
60.81203501686209
59.15917191242811
58.6084372655615
59.76988521249663
60.3921821092121
60.14103060850704
58.62200061657846
61.20442161366038
59.2238521558712
59.55887886662267
58.66956341637433
60.17989549470982
58.474057790961666
58.296457614362936
61.12042138795965
58.790031136855795
63.49137029183329
59.42508922391734
60.1536836487503
58.36918026021944
60.68761358413089
60.81605034886201
59.59695264675679
60.639945773584714
58.837075043040656
57.68221353909658
58.14987268759387
57.47378828503659
60.11389838874207
59.400332592367214
59.89598039030798
58.38002189626443
59.94875158567185
59.33178358757945
58.821092854820044
60.26259569578135
58.741651986811924
61.62349823166308
59.233411241454945
59.6313089402103
60.521288900858536
59.89624118550294
59.3104969913629
59.567663424020864
59.50449353706277
58.673948852881985
57.726700433248965
59.103779641406135
59.21870492477633
58.24373367353938
59.8842007356282
58.29057824818452
57.98122416856848
58.562449373528764
58.684823270074176
56.693642243635814
58.75458091508641
60.5260454122446
58.18231373254643
57.710018858812965
59.75808476970187
59.11007346782553
58.01092079984472
59.369211111334714
58.41269097126997
58.96356638847678
59.46184579553447
57.85535832111824
59.12291813581028
60.4484612236598
60.77720845315238
59.305776386202155
58.85959312709198
59.476366212109525
58.74102623433735
58.0198611139662
58.59187630004154
58.35501101397063
59.87687112236333
57.72596739353184
62.417813789741224
58.92989028757833
60.22846707145737
58.34990417288612
57.03082978514974
58.866189877668695
56.97911854372571
59.72342416106316
61.01294600288118
58.79396071536021
57.7306540061054
58.23175362906679
58.72735422099613
59.13778506669542
59.84635530971662
58.697735362970725
58.87730182649034
58.01433325523005
59.16366629770281
58.66656471851298
59.98909222797407
58.20730668864737
60.048096935513705
58.58923147379417
58.32928612245174
60.114778240882934
60.242373152143756
62.5447234964383
61.23386529728538
60.386249445104376
62.094138732736845
58.894092414765026
61.87356784924708
60.442582845966236
60.56088467752821
58.9587383571587
58.12634343392558
58.202494803441574
59.36118379739535
59.542350937553564
59.164638700332
61.377491717956055
60.334555182837846
60.33612456953611
59.93099823452871
59.22176265969447
59.638064796817325
59.95692712413003
59.84703532726995
60.335768103895305
57.35051306612184
59.130629732105405
59.84557057725935
57.977099133251414
61.69647587597032
59.33265237691407
61.58177534657005
58.69488433630275
59.68900447492044
58.13260848828182
60.520601294850934
58.23618905799485
57.33934563948736
60.48412298213716
58.694804856262614
60.316055654955655
58.8549051046267
57.94744628730259
60.856756231411474
59.164152082481486
59.908204909632694
58.44427512529544
58.62207309852682
62.20469878497682
61.36929036465264
60.8143480095128
62.78218003750057
60.73334615712299
62.54544345456605
61.44904838330593
61.4166636941989
64.59524970127694
61.70200420048503
60.49886268411672
62.40675520907191
60.39275175855633
59.1338035788864
58.97953944376613
58.06905139640111
57.530953866974016
58.61157711290539
58.71480788275872
56.749149564295365
57.060379925952795
59.57212535371961
59.854744035895465
59.56208393198027
57.90039423400801
60.114061830992235
57.35368904030618
58.98244427757342
59.609525748918
58.79752505057124
57.524432261554665
58.04283665170649
57.99495606685971
57.71105295512227
57.89099328430779
58.83199908813131
60.381305320263046
61.46854685982009
60.92769594128365
60.33826832176204
60.63283305475563
60.70343443514617
57.81125809223142
58.73471597095542
58.227962344547976
59.00404298070248
60.45172826935059
59.26978663528017
62.61423001837164
61.29098905900186
59.18012109893807
61.2813742477276
61.868438005538316
60.06235599526376
59.02462821317024
59.036610551869764
58.09351376339169
58.38090084533467
59.442555730564536
60.200373698782926
58.927793508811504
58.681539632741675
58.23437546067872
57.919902114222694
57.25867592601928
58.472787152922685
58.33786988021593
62.80863437771327
57.559206451617484
59.16447236125265
59.35015055370881
57.84080394493864
59.873220920723355
60.46395812639541
57.69245439599263
59.233111279677225
60.06680333782797
61.52210388732147
57.95383838941771
59.70584369926278
59.18800218835479
58.42290701796452
60.59621447450494
59.43196425677304
59.63323708825566
60.68695505467533
59.8957249901159
60.413407606532076
59.15793490716696
58.40106840623818
58.94732930338142
59.23919722450859
58.50555550468452
61.46485400642791
59.26045429193491
59.838162653725966
59.606574703789136
58.01556006088514
58.71809645183336
58.496424397724915
56.20779525384079
59.58887022771576
59.305980271912105
58.52754994661777
57.728093932407056
57.31036410048969
60.4810144391605
58.207239594535075
58.33547190857209
57.88506626000928
57.93900820676019
59.313011951520586
59.2384695551607
58.800983503987155
59.4345263864541
60.99836926870457
60.56875194116478
57.068972465133854
59.19253824460342
58.49004558952609
59.85066177780849
57.99474128834922
60.37741990888173
59.32085017566142
60.71659679278342
60.10268530278872
58.246969179198956
59.58753820163214
59.240237905804285
58.31627809189256
58.28434599671333
62.47601899074376
60.75022646565598
60.46414357131327
60.70179045335472
61.087250835509536
59.186278405266755
59.391556819217314
58.60167386834132
57.831190878444005
57.63853597658535
58.592080634215435
58.91037481127703
57.882240391105135
60.853456840311104
59.430389176787976
59.249076051749626
58.51527416657672
57.75825088284819
58.720425144829626
60.324207266768134
58.20328789882702
60.092176087797164
59.29417368901724
59.80911261984693
59.68700603140444
59.573580209143266
60.02035223532056
59.45525680630672
60.1793090560398
60.2779962982094
59.32419665720435
57.96033078413842
58.59453324456668
60.05131197059966
57.93423570204637
58.707648793896595
57.72971530046112
59.93239287647734
58.393092162870545
58.5529655489876
59.99198702459943
60.8445140850445
60.34438807992765
62.283011826259646
60.602727436370586
59.7721901543297
59.23734355714864
60.563537537150665
58.547274578243176
60.83508943485036
60.47530523555779
61.699797772271175
59.660765539561126
59.29621604327011
61.08122632978643
59.865456486897585
60.29869301108754
58.6928171053269
56.94394955908351
58.05770549741936
58.29093152345711
58.392466327247156
59.05535327569811
58.5210737643302
58.852494445722805
58.734601382638765
57.75190946565534
59.367932097705506
58.627455637731494
57.256821615963
59.65211204595663
54.170973359653686
64.64948611954547
65.35189217519098
70.00587641772431
66.00169915022605
61.076110786850286
71.73183465184412
66.85487947967991
70.19195310258424
69.66820236065
64.1366529917425
62.4063040650672
63.19789296267842
71.94428494377185
68.17358486657866
66.43519386294759
58.792630623573395
61.58849215180265
63.377919652149416
60.04881017813988
53.4937543692143
51.392376840334364
53.29048499959491
68.26002637498434
63.93459938277549
61.73342640076091
