161.38507554527615
148.10371758094666
157.4702178424364
160.6385472909144
160.3110797175193
132.98420831121462
122.69247825781366
120.3929005141757
132.36161655316948
117.49904881128784
108.10676430221525
109.05002176692585
101.4892616101437
94.39493915721167
94.62001202980998
86.44035281167766
85.59378253759394
95.63705559045621
86.66642480738595
80.92165227060674
98.17358903934179
88.76484274493005
92.15390357679527
83.47141340862308
87.51540126929989
85.53431445163312
87.0185161608712
77.55119361799765
78.37774665774606
73.556891737699
76.71626831779436
73.70101862918911
82.67414647769928
78.25235291922469
72.63812384117927
70.8402703309378
67.00175562060798
76.82871891923695
80.6384769235137
70.46520297686044
73.33437824113904
80.33519585905424
68.05871017711331
71.62852081660307
79.30737244097183
81.26334968481892
76.2361694928183
72.48682308067322
71.8743650306522
74.61400058591732
78.3220339683997
72.59143207223069
74.710945988493
68.68811300206323
74.995113918153
69.5929599659466
71.75690168580745
74.95150821361598
78.41919474044523
68.42652265969524
66.80483833638782
72.36929498217745
76.16662857437024
75.70152897365767
72.76608612576109
75.74472453275587
77.30871645892468
72.97852996779197
69.01341442473479
72.77044236200977
71.74251747045267
75.14871976970537
74.88308391540608
76.06320695289001
73.88739866800267
71.28672796224878
75.09616794157385
70.08240288924178
77.90258833594439
71.54082150131204
70.12099103125551
64.03719639798005
64.14307728748828
75.30167149043432
76.45487972687856
73.5954302669042
74.65918112508898
71.61995333565832
69.73578329713705
73.26759506426113
65.31608062115829
69.69848659718028
66.59832788787612
78.94962124488028
77.48891279303864
71.2886073246911
65.77905536341812
68.73880631529101
75.5824560726439
74.97029635271105
72.13994957524497
70.23280670536863
64.08517551914119
71.35583322855989
71.95297841317961
69.22600730883265
67.69743007087179
67.16679344194264
80.29422248722591
73.0084298582614
70.79820354203763
70.21347792322807
74.67624702276342
77.30626308561158
79.47628795774772
77.58055156636736
79.40860883235081
80.31926263955081
84.12478022466892
79.68820818936406
75.84545684821704
83.70323686823696
79.16800556769172
79.1129573579846
73.26986502459596
76.29822444102993
82.00881996596628
79.87429478539266
70.65101845912405
73.93598376337701
78.2203296760298
75.33082991223627
71.28116583147434
72.17776866086213
78.0604308604483
77.53542252259604
77.11836559008547
77.60953693959884
82.50673930629448
75.4293229468004
78.16956274138963
80.46560070849034
77.05617911489858
76.9774607932636
83.2437537118452
73.53667433205959
72.81742559660091
72.09924194434242
74.67560870755169
77.12737990446958
69.35158120425066
64.49398494864997
67.35557617288455
72.18006809503684
70.22515977122379
76.87391847682608
71.18149887640075
73.81586437035983
75.90856303654274
74.54699739826273
83.73782122770585
69.28663121821673
70.2023398642011
77.4993156894265
76.23363076454784
73.46136721654018
72.97405166216492
80.68029027362346
80.05630766092509
80.73870511371406
77.1956304740868
76.29677300587242
76.99327240438049
74.43671877523465
74.47622244811062
75.86500559769988
77.29422424901558
76.89600009407847
74.9108766739588
76.96928676105617
72.80764492777091
72.04178993449567
72.22363384120933
73.57504059908712
79.95655621271291
75.9049413087112
70.90128405535137
69.3278407366216
71.93163735361856
76.44318748532268
69.2503067164719
67.70969708674765
76.7436691386951
79.88023016806898
71.0583667301533
69.43131151938533
76.84704909128182
77.18842441688233
65.62172238498651
74.86100897621535
68.35790171207091
70.21360991024652
69.8523803790907
71.55695861476616
67.55944934304829
71.66832100297121
69.62651333804202
75.44492919423226
69.97491123929204
72.17422355917297
72.82621087115055
76.81218364217237
74.63586137890566
73.32514565964284
81.48727382457425
73.98821293443937
77.18753502201642
73.15199685177998
76.87708008514542
75.56675271155342
74.6095497822519
74.82711445559138
77.72710234580163
75.52867294352228
75.60780458301062
77.99930531912548
87.65779905488688
77.28730335670606
77.90271371136801
76.73610848844339
73.00895034126943
72.22691233539916
81.27520107699506
77.93980715563646
79.82322204117588
70.92239662472885
76.51654690490378
77.15587217566312
72.12216614577514
70.14169644177487
80.46800759534482
84.02449070779664
74.07025621060097
80.49147295958933
83.26902663265051
75.78558243882469
77.65501385160145
72.82491640592906
77.97393838220208
78.81422710137205
81.62633294783751
69.80243109950906
75.03575692208919
74.67578212091485
81.01442345127192
72.54197417559337
70.46203159511681
65.00546170420249
79.35893938386923
74.47145657470165
74.8375151327456
74.7661090952096
80.24589674912957
68.94703498769017
74.78115096049875
72.80692914039322
75.02259732649071
72.41777318664717
71.07343319317911
78.43452368442344
77.7712191756198
78.01821654709018
78.77981716769527
77.5429394980514
72.93118091183187
79.40453699971273
77.83915126520695
75.45892038752284
69.11343392318805
78.08113996538106
74.39018767599978
73.73209716211554
72.19858360234294
76.64111514406989
81.11548151591424
75.47908353538
73.19723501586255
71.40417789393345
76.92995649374713
77.99090351817853
77.29016348472449
69.77227920771597
71.0352797975861
72.89929348533009
69.56948222713312
72.37504958774096
72.83571340247194
80.85639663200772
76.20843686006468
77.7688172750319
79.08523710939464
74.23128830432138
77.43001306584601
76.1515282538582
76.51728074151116
79.21110888456829
70.72013836845257
68.88847614531224
74.24768895551446
83.39396540793767
75.61210545294844
76.23199576150492
72.03571115559465
71.7950961886101
71.60299737247318
79.86487053012496
70.41256566965612
69.9111660908291
66.43399394062938
73.266522774054
71.60367304839521
74.13405334442024
71.80124099051308
75.62874919902791
74.27815735297641
73.29021131411355
71.26779694165005
75.42223047157218
77.25483766015418
72.31025021896889
71.90061893027078
79.18301580725489
79.63953883179956
73.16369243279243
73.3652625821744
78.07908651572738
73.59739791987624
73.1350588036246
67.13651804400773
73.34577834272561
77.23617681830305
72.33483422034784
73.61088205389369
73.96849154366518
77.28119913866573
75.31175271571446
73.14929122891253
73.90620716148766
76.22823256931142
69.36566593525573
74.74669818124916
82.62179180209097
77.98101829691932
70.66251129825258
72.93648379367258
68.64335811568581
72.18169679767404
69.81455814417319
70.08167192448616
70.08883139610936
77.6154281924905
77.65634218763267
72.3772000846321
72.26939259374372
71.91491766636905
75.7098866145194
72.36255599860576
74.5881362003977
77.8622331294765
81.76085762641787
72.30332231555336
71.13821016812544
72.31606335072696
80.08325016032421
77.56355136790201
72.08139063817282
70.36680189332438
73.05630766882808
73.39691174513608
78.40597316739543
72.71781925865422
76.47325157379495
78.20588245323674
75.5843453580881
68.94531889903024
69.36289111048951
71.7751233187778
77.17075528455118
73.91410107507079
69.56675116716056
69.75029163824763
77.04520814252633
76.90698344872993
71.5844531654143
72.41362598689999
73.80209557075702
71.09332092768322
70.15322529142227
69.82606623827918
75.3217457896366
73.06361336334633
74.32112210391078
72.34190785540189
77.89567828547023
75.2873057755021
74.28665920485544
75.92478048552745
74.15268606463265
76.30842032192157
70.69266294411527
74.48674450581355
75.22119085507924
66.30612987011281
65.93307548371236
73.60310780421933
68.50136783217008
67.88252730338587
66.22237766570721
67.79992482837986
71.55456409733124
66.02428549545422
69.17897363445107
69.66884249993201
70.34782746092792
69.43357267253018
66.86637295193046
71.37301989639685
67.00155994071217
70.88066707721741
69.61141707780011
69.05179487305566
73.74367928006815
74.83045833822703
79.8624525980036
78.61275656677992
80.13532014425077
77.79546388479413
74.96845104846248
74.61529224563388
76.71288160833912
78.07298535182109
77.21521968592353
73.31031973976495
74.19899395802882
78.16108272677167
74.93613447929707
78.18796821398142
69.92526660493087
70.42395247780182
69.64384137412344
71.960008053004
77.49921023892195
80.54395905468158
74.48990583697436
72.87732423563384
76.16439726664068
76.3816946357943
77.38570643205982
76.57478530822821
69.3909505004005
74.1257082733475
75.87933862292147
73.4407480454494
75.960733485998
68.81353173542807
75.91170246141697
75.05544608416399
72.47571164222529
66.48721872252123
71.62674091086494
77.14910314795688
74.51159515162367
73.8970920549408
74.50946562651839
75.58585411306825
76.80609328085191
78.05788641839136
77.66931492315581
78.85170753653179
74.37150209288016
70.08566258495192
74.99393096481941
75.67150152553832
75.54637548998028
74.29684877994333
67.25221251830483
68.31692622520633
76.75392304240353
71.62477831557366
64.65202695808581
75.0468272062539
76.93461917589734
71.16211108059247
69.19496508454006
74.8189310024352
76.17476521188252
80.12648336537694
74.62277491753534
75.90790067858866
74.2820419832526
75.85048674583717
76.09391217490018
76.7019953564901
73.0222528487469
74.16219393670838
78.27491433400259
77.63307730782628
77.53512053155559
78.57804853515674
80.71814474004131
81.81936759169683
82.94899084053985
75.19587892550348
76.10415845028507
73.7476132897174
75.98908663596758
70.83888981755018
73.21809187962288
76.5558443799875
77.01381004526546
70.13942548673751
72.62489401403207
72.67698279706698
77.72663750252528
76.11665800922601
76.44102430780097
75.78212476072835
75.52660413315499
80.18245748922728
74.23695959110778
76.50377258474488
77.81821858824685
68.59628419034016
73.23281203178823
78.35507285175925
76.84263815682525
77.42098185288181
79.88188061500534
80.34210790784172
87.6811061768337
80.08064400106018
78.0707763176211
79.70500572066538
82.94161926632555
79.55104792695214
74.124039319103
72.05206063730289
74.94540871588855
72.78623956639194
73.90447496830863
71.50094147069898
68.28669234138714
71.45990528776596
76.2753801120558
74.56531730167515
67.73574746045534
69.44925206621656
69.9712263786398
73.47384306362628
75.08615793121288
74.37922970394231
74.00520942999582
73.30387584086566
73.53294464825872
71.70576754185106
69.82339563882235
73.35910287179391
76.76879455570038
75.43615530871648
72.76461756711161
76.52217026160878
76.31121180189307
70.83361690848918
71.74695412171286
73.86989070246253
76.53588734363541
73.42361517874033
70.90866362518534
68.710527497231
69.05325084314711
74.90558810855165
74.08987601596617
69.47837318640246
71.32494484312947
74.54459314338943
77.72653178276452
78.0978435573101
72.27961338872369
74.78936022036287
77.62373205115213
76.55500024764996
70.84783876119712
73.26565505929433
76.62151064391271
79.09362045744773
70.83085340649302
74.38511234024536
74.5895138127073
76.25329559146898
74.1109833295396
77.02307558372365
76.27080584867315
74.970749887484
81.5768831498626
79.12599844755549
74.66171560635885
75.19522780961306
76.36564575111987
80.37406610004552
74.13600509447046
73.30435181335928
72.97179860772526
74.13753478753853
74.01553995452576
78.3353161633157
68.34068977547292
70.40541168624735
71.82713229375433
78.60004679715865
76.75196302590253
76.1710778794017
72.03812385958202
73.00661245992204
73.31082008352705
73.18519845078671
71.38079455266103
79.70302391724883
74.21205274558031
76.68336311545943
79.3272629864039
77.53853876413308
78.5056736026396
75.94906572502975
75.48138044811242
71.36328380490488
72.41498527159649
76.91201749669762
72.40746824658723
67.33830975191653
70.47507285246266
69.35638930316335
73.44272076728812
72.2639555550615
73.2763577090214
73.26506307470798
68.19621021265866
68.92321581616679
70.17249189348664
73.20989864689602
83.42580649462293
75.5178400154008
74.38164120942479
77.51369123144762
77.80058167941144
76.19445587723543
73.55489681255176
69.10256056903668
73.64549894298696
71.30939499562243
73.79184447554874
74.54771857780112
73.92131295347025
69.25972989690014
72.83052354260727
78.03895281899356
78.57908214607798
75.59923679923465
77.28638091751735
77.53162979325512
80.12454841251437
76.97524427716559
75.29998074737536
79.27787177471139
74.2968827718609
66.38431482804697
71.41480327715608
72.2479713559887
79.74930971694114
78.31108425069117
76.19208472293194
78.21023489948942
82.34453410852326
81.82634160914508
72.06913370696157
78.84880343936288
78.73174522879735
72.94117469801965
73.72805677675356
80.63361920511079
82.30532310717022
80.73253742052425
77.55663724795346
81.20957556077818
78.61554337630622
71.8008599722069
76.1944666456835
78.35356121826426
74.16526976711866
73.06011839395492
80.03600695162692
72.43975622634568
72.0050240691355
79.47010278373432
77.96426841798387
75.87001362222335
76.079653408857
75.13744605773965
71.96240087425588
78.80364443645927
77.73198350278338
80.35856783360758
79.77156259900983
74.69923184937744
81.14992597624604
79.7594285423083
75.85727958130242
78.09944246872651
80.22856572439464
73.62555049479617
75.5108114103717
75.63166243126471
74.61551805118943
69.3593406522422
70.18020853590869
83.00596996467735
76.93972522488707
71.71777156602016
74.75764895476905
78.2387811872349
68.50998980589546
68.67409798272396
67.52566797069122
79.31111211039224
76.68513440729855
73.49057373560487
69.81985286964041
69.61274432386108
70.24747875020287
69.98813358547388
73.69202916138285
72.51281635887922
75.75576303701405
71.13449215175987
74.9840392832624
72.72287623196988
73.2425364283771
75.68448943350066
73.22908629975328
69.9147264479327
75.67612077981161
78.17246257846165
79.17084379090441
75.4055068330415
72.96705323784309
75.9980745463156
72.639329512011
76.59677632747805
60.21813229427275
71.70281013810478
82.7394110611521
80.43195066440904
77.89406910290947
78.7120680917184
76.43449216287775
77.11492013389348
75.25217883290458
70.55135831190799
77.91965277450133
72.49898749418246
77.88516474597874
77.11783189250215
77.02738661675727
74.29940244714273
76.52247717852539
79.18112686630644
77.87111322698051
74.96800651680594
77.17684128593653
78.1968506471399
69.05826001057785
67.46722444190887
73.32335602131465
78.80449689183253
76.06094104544727
69.78877716201741
78.1682372977753
79.41271588430571
74.75465319648791
79.78314644678821
75.7072424169265
76.95320526391194
79.04747257544172
74.40070996591442
75.30555820986346
71.2801443434634
73.72990054840832
74.56248406568204
70.63577427341639
61.39565671191901
73.46183595417028
78.08556739990885
72.24015451706815
71.49544334082012
81.39809114803262
78.63366887316835
71.8937799459466
75.22792809022444
84.83854201487648
89.50390658552428
84.78967793574898
80.96541216526086
77.68893580110772
75.8639240664867
74.19080575758684
73.30128746752048
77.74079018695677
77.92410853163868
77.16851489624321
75.92814428139204
74.65671816894974
78.82366811110911
79.56538710935571
75.07522733610908
74.44154828917806
77.01390422575327
68.66799785923781
75.10077992376013
81.54992128368741
78.19529222789984
70.06502319750648
76.19976408021424
81.00036955901746
76.2076917356
72.52076143827294
77.18227932742026
74.49999090077542
76.56488886881014
74.78575272558999
75.20765356431423
78.386062156002
77.2929470031374
72.05375500524126
72.71836383322977
74.88900233537615
76.86938601739239
74.40058028345737
77.75234848159792
74.15620392088059
74.12106539853937
76.1409801055344
78.77534459272586
74.49376766807019
73.87773983143359
75.18434341218074
77.20048900123744
72.95598459765277
72.02187244190158
79.03304742137608
75.6729224814376
71.86129741872901
73.10381913490404
77.9275621144328
70.99835796340558
70.190750543608
70.32468560059932
72.4554873917522
73.26974464960567
69.75371479300908
75.08960439107187
78.55480522479806
79.36055716658186
76.35127348940412
74.15774278326145
75.4120053864335
74.03290492809332
76.89000622628221
77.51215091719865
78.28179260317869
77.94987961391809
76.08857149635014
79.33678399564616
78.71280206573448
81.50082134174251
75.89155853250635
77.41880839974388
76.10401963181317
81.5662784416016
78.81105058825744
72.81469262234279
78.21620470122662
81.28523776570344
77.50120828917798
77.08276361840586
74.24715884564797
78.43895514249517
84.41653235127662
81.27308551714783
81.4488788095867
79.93965657446381
78.4086142550911
79.91585138333814
77.02801132779362
78.44709866293898
75.77493100790008
80.46827835972469
75.96638873270845
79.75741317045305
75.4873965574295
73.52026118039383
76.86000117198122
70.93098510459915
77.09634751713871
77.99384085690052
74.97946207068969
71.35333678753604
80.0472867134377
77.97178148462892
73.95179059476612
75.52427438203
78.61403925080042
74.64208439362679
74.50169017486587
71.47779543723968
74.97901459720008
74.63528333003194
76.48165490960294
77.7630071162178
74.75471080199874
73.88322942769281
77.29546258581436
79.12632774007385
75.40359751690221
75.59037839609883
76.07064694691351
77.84017536315288
73.86734248277708
77.27662204737872
77.68162097934703
75.15431538376482
74.9664377051009
80.63216203544332
80.08500398045422
77.49153956727633
74.2226692137504
78.21926488887937
78.92163795828338
72.94931576153553
72.13157025203537
80.86698198109032
77.80107820721544
75.95046402823198
71.23755234248588
72.09052837922965
71.20450404100542
77.45407399238474
73.69274318579093
71.00124508173334
75.34858510138976
70.94556873001063
72.8980304397151
70.88236133815961
74.04325424445675
76.24876659079578
72.66405731561828
71.74573422525326
73.74158410425991
74.43979787866958
74.95857804275411
75.59429197527115
71.0206772598986
78.6528042265357
76.59759606821981
74.51689162378263
75.40399363160117
75.28348767024433
73.80627284974327
74.72812936182537
77.75541913622689
73.97774621531613
79.48604085383568
74.81511156612949
74.35412590893486
74.99065036543423
73.3796809815285
79.25313226777882
76.00418046797203
75.65530564591485
75.78658933663253
72.79579757988243
73.27853353343126
78.18334865904939
75.44200519007819
69.76017339734268
76.24974753969948
76.36318462633507
75.32162359222667
66.90767321359618
71.9158021799784
77.1013024226993
73.80956246136778
71.20304708170455
75.11199531329535
76.9529509179761
76.61198279878434
68.85334171731833
74.34324167986439
73.70854755128255
73.66506936126177
71.20522871469245
79.37685379765279
78.76829761503075
75.44330311391487
75.01341395372778
75.97279528065363
78.64163993570988
74.98476754932356
72.62064879415604
77.22013534271755
74.86673816583604
75.84682943486965
72.99163980864951
71.62496746901843
72.92348299160444
71.40480973352726
74.53967080319393
73.41640433263404
75.475673472744
74.23177569464313
73.21832839439537
75.28651336318684
78.40211303571887
73.17208593383708
72.03399135769881
76.3631954469368
75.73238830162221
77.78954373582894
74.79720578691648
79.01166696492483
79.01204126300529
77.38521545670561
74.77967537975591
74.82078606691452
78.99288822079079
78.4726421973241
76.02795465183753
74.68457857670353
73.39594600695979
72.91264015469832
72.84966390414284
72.68637719226761
74.41322478994257
78.52040348396426
76.92267406213803
76.85228014600088
75.20709160649378
80.45149703141375
81.35011590680897
82.59126870710134
81.89978230018633
82.81387446405618
78.45558445915535
80.79972616596308
74.66094584512471
77.88127769565695
78.45390711867924
81.5572865749336
83.24156225717506
78.33094161830881
80.56377369554508
77.75004981995374
79.32952110761924
77.01302324283107
78.95927490685608
80.3965447645866
76.57677907886676
76.63628804542235
77.11701871758501
79.9858305036565
80.03701659380859
78.29564306845909
77.57243381644282
77.32725824341605
79.07606581100606
78.61099666046482
79.71096203859584
80.42016953097182
85.3072269122853
81.18748369084189
75.19583000765232
82.53787787507845
86.4960599502578
80.18816250322686
76.85439194423708
78.54097221082476
82.55797475826222
79.25748691258512
74.5068095777166
73.99908968909801
77.94362868960609
73.10359021259356
74.27265491840252
76.19435838160675
72.9642164893946
73.49032417859026
74.47435235864718
72.45138557771246
73.90234463242936
73.89405802729802
74.04988503573162
75.13387947461707
75.51920245942912
73.7990925804524
78.99328281442658
79.1707032120706
74.04783742251037
71.0212478934436
75.8201402335283
76.50990821617975
79.92002731705794
73.46575741476923
76.46172747822239
78.29463289200707
83.17084362954576
81.94039282493468
78.17765933934693
79.74540613517664
79.43286547018634
77.62569267491178
83.65299879509075
78.42600202741035
79.99714158491638
77.48790561218601
83.54114681247967
82.10929507351597
82.5937040027821
78.71532214159406
80.40191998734562
82.91298653932327
82.16518743539808
78.756943539224
78.59753110331121
75.51725061890411
76.83538576248762
78.06095490152326
76.95165005494782
72.7172735122342
73.83589542817313
69.88171038329804
75.61147600706354
70.75597194502416
69.91813417344129
68.34026763153935
72.98127778173657
70.20213998040838
69.21313360974389
76.86623778407812
79.50242475557961
78.74978401829726
82.01452355175198
78.11487727546171
84.71012284010787
79.93085283617945
73.32171421152199
78.1966817466099
74.2599385443957
75.8354047377083
81.26471019846916
75.56610527651706
72.25788659910211
76.3847371813315
75.1234970575023
70.53527875933719
73.87918070941967
76.75914685512436
74.52554973129217
75.48613538284732
76.25038199538807
70.1701926428509
78.13772347418613
77.1189579177144
77.72172874010404
74.9280478537673
75.99321972022545
78.11124484827609
77.79860317366246
74.37475112805318
71.87635264895697
69.24817594620137
72.06427276064082
72.17669054178123
68.46703563722
69.03563516724859
71.64982196268471
73.2324065817792
76.28148171853519
78.43511617220457
74.8444671837662
74.97670278255639
75.7947962042357
75.55558036063175
74.39499277249965
69.22349670482967
70.62842445257647
76.11783360900856
75.47767825502693
74.28899663509983
73.0725049091654
75.14750555557764
77.87219223902002
74.42068010161118
72.46496815820518
72.87208991933967
74.39379414298891
72.6028298017165
70.55115788887225
70.6633476673145
73.75466570434705
75.1037768064104
78.71923512480585
75.7994588125145
76.78488279474999
72.53565616988351
73.01827108611404
78.87860937511076
73.01653598793713
74.47092086063334
75.95081999623258
78.07149191024219
72.01580396629575
72.91234850141518
77.77711384949686
74.24269530460806
72.55068019082434
75.24858748110087
73.79884496941953
73.89130613552597
74.69449908258281
72.47016461583964
79.17030773354851
70.24621240986093
72.59231240768003
73.65345971447479
76.55837307130571
75.94308768445413
66.53983544095104
67.72199156993933
76.02467503780684
71.1647495199408
69.28847465709325
73.87604924510946
75.1659102367335
70.50425099323331
69.1319774007973
69.96483603074832
74.58151952528931
72.54317525623843
72.13070814452625
72.8279918956196
73.57944812021054
70.02814467092408
70.47884169875151
72.78111844207025
70.16194762202802
71.87482168148915
65.39850810944782
64.19153404787878
68.23685645462194
74.07416528390208
71.76929653765484
69.84519662432335
73.85898838296906
72.17206019936798
70.34312091528864
66.79231278143969
70.2503014950577
72.22155687493732
65.69367563145613
65.3833327647156
67.70824499452625
73.44142045655298
72.93208068672915
71.0959058618497
69.67581883753982
72.93785278251242
72.97403901710881
71.390908759068
70.6033976064927
71.85187554906253
75.3990128140796
71.62476950686367
72.19359831497442
73.8892022460641
73.38886381726887
79.79344306840945
78.6599140141063
69.01880894691037
70.10607718003241
75.89604716101393
74.41336810627632
68.60977375090987
71.62807550018739
75.70706734890291
71.7294342570593
70.73871325106182
73.9296490054773
72.89522444088588
70.71819258104853
70.16576918956501
71.94921751954026
72.88095831282332
70.77016939818245
67.62613205811971
70.99409616053285
74.31965639074534
68.48039021407727
71.66072652059025
71.95579771393567
68.9391854127864
69.90200191382075
69.40948599889003
68.29763757684455
70.29396546860704
71.15676903302064
67.44398913553236
66.70884788973106
66.19157953103921
67.3203024424775
70.39775891901775
68.4304155187145
67.9856271889447
64.68506307962487
73.6200633755337
71.52650495299451
68.64186415110834
70.47498234397683
67.45539518113804
69.30630159162394
70.93715511218682
71.82951336510028
68.18238055417832
67.64157525853587
72.76206503421939
69.69913071808132
67.76465979090264
68.65549899037272
69.24343205306646
68.00642098202582
70.48627028715636
68.42570196236997
63.59239761257
69.54600883799932
66.82783048400051
65.12755224305978
65.00150446873282
71.5215689509904
70.86062112475366
67.36587371466175
67.3579956325397
65.81607578165301
66.63316079417785
67.64213770187578
67.71197119394934
67.4815709733358
71.21064154214265
72.85389811837837
73.27668554986472
72.08363683158849
68.8012154823508
69.18163055893457
69.47579579086016
69.81342748816702
68.22353816642836
71.39429021688842
75.1866650676371
80.29432568915254
81.97930665027266
79.62882057073237
79.63074230204457
82.08742540617011
81.18070320252627
77.89961908992728
78.34039786740718
79.39671956521164
76.1813025065947
76.01377611660318
76.72214559388227
73.44857162762874
75.37722702442548
77.03346974729375
77.221075613577
73.22919421571619
70.76635291477209
76.40451556193675
75.26497414058394
76.6445806530165
74.5135134238699
77.69502771268154
81.38896453711286
78.59031354418842
74.6339900926593
75.08960557222383
72.41413663389665
71.24663980349222
72.21339824345316
77.30035196295088
74.47222120150333
72.9550627974185
74.25690112162245
69.3682124645974
71.0893718655422
70.46174969573848
67.46882919184188
67.03309264398031
70.55390723305555
67.93763965693161
69.60153374954864
70.58927302710374
68.1057586356069
68.53283187524846
71.63112730332556
73.4540310826133
68.84687810909749
66.62103038820268
68.8970525553762
64.64863984525941
67.19126181655207
66.50688464781301
66.95464942894624
69.55847781863353
65.44975085190785
70.8128204046452
70.69827404709834
67.98003865433635
70.18922498927465
67.91612715192258
64.21349364828323
68.7801178784166
67.85907032809648
67.75065824473613
68.42461151752849
66.80820049364308
68.08788928651421
68.06953707757512
67.342511681696
68.68904067207781
67.57893424265446
64.94090623260401
65.33691393190006
68.58644523947056
67.70361060987585
68.68334278309037
73.39053805470562
71.66524395858801
71.76724235400407
70.8986813311055
74.76784945703261
72.96289189403777
69.5858764587094
68.45514036898072
67.92111058606469
67.65623500889461
66.02435233280143
66.1157060160726
66.56779568178386
65.40446327011267
67.14101391988373
64.27435351699202
69.29345644824404
66.96618211337278
65.48998821869036
66.9578652144578
72.48904912812247
72.50516107831434
66.9469028952611
67.68791041183451
70.21316817947479
73.61383883033639
71.09485180223584
71.67141897600219
72.66431252365486
74.60460366311669
73.10446960999387
69.26374493859457
70.17475074155887
72.08206484343482
66.40888631050014
69.91920207669514
68.25114863231684
71.04047313502545
67.19862223686198
60.38079268588756
66.73186121110399
67.70745554135655
64.9990409479874
62.58357540926559
66.18061849488632
68.76531681786041
66.4618094239332
61.1538132005135
64.74710016871502
64.58185841529605
66.47886265735119
63.19994381726631
63.27379706621757
64.99336352932094
62.32191951158601
63.75881462931504
63.03890589636233
67.65647875445781
67.09644259080186
65.9874292817999
64.63253594192945
65.2606556844745
69.64275193637853
65.2841233221802
67.00689062896144
61.87084588031834
68.30730646383223
67.95468694702836
64.64839501138093
66.55958573237324
68.11145946592323
62.64305547463485
60.31527351372022
69.08983630860992
69.57351229685827
62.377988789907846
66.6368362579241
65.35434266731417
71.4514654477867
66.84963919811456
64.74581302756202
64.00658854824485
63.052339575271816
67.31704309964671
64.77552026106405
60.59575083635849
65.2323746106802
66.010845970292
63.21429332301117
63.131875292316074
61.93145445047892
67.69451713899139
65.01843776835247
65.23762661788395
63.42584963336523
62.747044351517815
63.23547631490324
65.04896214672036
67.0033962835659
65.92652287193435
65.81217041234233
69.03288001142268
64.71313998484248
60.15972093075587
64.24908761963859
66.23717229282758
64.4135881419045
61.502887544879904
64.49117706854115
64.60936000275947
67.5122599449598
64.28508945677791
62.614725396088915
63.25440442125506
63.70029840769701
61.886636369086446
61.62623965191282
62.25727617780589
63.28031481508128
59.78848851657058
61.95510533300594
61.10392860181294
62.429993201739464
64.64346624129442
62.759294911461836
64.37647164219082
65.78694578911582
64.38360137213608
63.214126005821875
64.15273307561894
62.50529083728991
57.65805346224378
60.554649886561286
63.517100005027714
58.88856771712365
60.61567387835129
59.275090181601044
63.79476846694761
62.21545068852146
62.49477196802208
65.3229016924369
65.19412091873305
63.67230058502908
62.063514396891236
67.06600077685995
65.98017852886538
66.61623797940292
64.92190055606886
63.51728226620112
62.996482390952764
63.79427368005428
62.9976202827039
66.36248574457989
64.07083974349115
62.205584930674284
62.832623362068205
64.54271585426683
64.25695166339858
62.17900556362736
61.216823701168344
64.11946512933363
63.22518917684234
62.11301221473902
61.423137652944604
63.948843340524164
61.28306615092475
61.697478526670764
67.54683347589089
66.84234183116573
62.10982740844657
64.11222577870195
64.40531986978361
63.03610641525291
61.65444161134101
62.50471595513877
64.33935987516034
62.76221327251367
63.55870311014994
60.11672142310505
61.45825434694912
62.8806311385011
62.96273487630215
61.79332445516837
62.31616534273631
61.95152644052138
61.74762611975738
63.128755918442174
64.80930360216718
64.69603562556766
61.012643622245086
61.32417382760098
67.74033742712437
67.07882515503194
61.995735797207054
63.459122190934075
63.26443251305066
62.08796775094483
62.72851865027669
63.91320560448396
65.26974730923355
63.69767698602616
62.54462521093861
62.21882805711119
64.92211446385865
67.13340226570261
60.830024099642884
61.20220517288381
64.50079671856534
64.21690349664595
59.94952125434091
59.914665839048936
66.85522556574956
62.47539864857832
59.18813302092843
61.480727328303274
64.7314392039316
64.33965246577316
59.85579974579907
60.02351339570383
62.090145499761405
64.03329041905437
60.502682510463465
58.517508894025084
63.389015739831265
62.77690413367758
63.37583549006023
59.088034901799695
66.25332325708075
61.883396913830026
60.11755940339412
64.31458424255659
59.3407765303996
59.5123031667401
61.57152931470358
62.39559660100482
61.60348695761573
63.18197243192681
61.531409595808874
62.752995018532026
62.83147686204598
62.250044149573505
60.73416021853009
60.57960036103008
63.182769046661996
63.49159037537054
64.21101632536532
62.01522659554446
59.77577932347549
59.12704963848259
63.3624969389662
62.93654348237237
59.348432859532835
62.67002253141423
63.707324090853646
62.55969424092882
59.769183919648384
58.77525477986538
59.32828346949486
58.82942815792494
61.10590353760362
62.21558063799745
63.37311676643835
61.690630233600466
56.693627665605526
63.35347877834003
60.42109655546467
61.0277594486144
63.60598816590798
62.50415115095352
64.14054679607443
64.18477230824243
67.65781905194899
67.56110236734452
66.62384942075448
63.41176059813126
65.07669225162024
64.37670126188185
64.9367520876644
62.72111957789643
60.64262246492364
63.89890038402376
64.54358598888341
59.778358319175695
58.615528517174226
62.17254887133727
61.91253005448973
62.35016174987624
58.13437162568791
58.874379602536735
62.71384258564776
62.07791933280068
60.1488280147805
59.81951305134417
64.20245311915056
60.36472028635706
60.98337524116447
60.67088284637257
64.95395682582324
62.56370403539115
61.97619466297722
63.29946449554245
59.47266475500299
61.240651917812464
61.4273430059289
60.723599806788094
61.27053163286016
61.59937256845258
59.18461709911425
60.19938254704611
62.760569277036936
61.96268515963265
62.06203701708649
65.3907590564426
64.39238929377797
62.41695849816586
60.867801304959194
63.49536415669009
62.80943018788084
62.9776639371394
62.025399356857925
60.26179289238384
61.43753276300878
61.24199265778053
57.24193776592897
57.96367978594646
60.621222406391986
59.790708384728894
59.8101748688713
62.267086468975236
61.2051132598404
61.28749996376194
59.406349550513184
59.09481210304988
63.63233956446097
62.33190452715724
58.48111094688782
61.76179963781344
60.574829975683954
59.170795010305916
61.35498731457016
57.87025110550942
59.10187609576783
58.403565381123116
61.52258808522325
58.484881884987864
59.30142126331186
59.23430537812844
61.999941339424666
64.94991792787022
62.998058831432
64.74639117671875
62.28492873840973
63.21995906987247
62.93231714971665
61.47263438249858
61.05412777792275
62.40455079529791
65.6175792261098
60.746898016560316
60.564019783093464
60.812372346155314
62.859252175213896
61.55422390804177
60.2651987924347
60.92901284813232
61.665289526544186
58.763380325345935
59.35667449187959
58.98092646175506
58.52472855909997
61.419056405263106
61.89974014858372
60.42059488223615
58.342337998414166
58.141563442185145
60.40967271632897
58.71523665153277
59.99781669862001
58.297683321348124
57.22792899827914
56.90686544896296
57.53228639403054
60.79009002107562
60.12633668767566
57.69844931601648
58.191424154328296
58.49107694719854
59.495732000753996
62.674300709127245
59.325817271377254
59.356375122188965
60.59687127402763
63.13276499749782
63.25410539784509
60.355482648083836
60.62292912034443
64.02390520782022
65.28105244938305
66.34430702504676
68.02852967510321
63.40252335490305
63.77966256037778
64.98335830645368
62.92157142647793
61.11170397280486
62.20418839932121
62.86389107286833
59.86799140147965
61.574500724725254
61.77643048526215
64.1708492227989
64.90414800666007
64.16660176881196
62.891412446330584
64.61407555862796
62.44912527606795
60.77475716099031
60.20211014138351
60.569573696408845
60.89126917810914
60.96667538681713
59.25976764762153
60.71063721515289
64.17822410576542
59.42511488839122
59.386056181559596
60.451322653310726
61.1449568782193
61.671090796568336
60.40461830240628
61.473361412092544
65.31739755717452
63.10481164563034
60.97712848960525
62.21362105734237
61.792011422237046
63.84070199931805
60.62894247188027
61.90028795882257
65.94763349737597
59.298485735653266
56.68946947010705
64.48445273588628
62.33192496709029
58.51840848027815
59.199263874745974
60.92563386798824
60.55503247495521
60.680681528014354
63.980354798383
64.38952377658222
66.41599055564576
63.83383242728997
59.83276296336951
61.40448175423612
59.323689885711865
62.36918006012989
59.24731782028828
61.89823175836474
64.82576552092307
63.502876946291835
63.98715676564654
66.31479767396489
64.8380592194102
65.4082992226242
63.25410071804664
65.33106680295427
62.83992272012867
65.43222929075229
61.69386254254633
66.17116196086579
64.59615529113653
63.479529282104174
64.30671231380065
64.02897561145619
62.887756623064455
62.17477160303069
63.59583347939999
64.45902564746939
63.026260566562414
61.65824814085084
61.892695072687545
63.23977276697139
64.62628922860517
62.856027440907084
62.77994732190783
64.12508497349855
67.4235355229309
65.86338865835818
67.62062787816635
63.69673104271176
63.99591549467093
60.77682678667082
61.642142827664486
64.19309938676915
65.55297020321412
64.73820950525433
61.61639492577075
64.6000826202754
64.35744136617708
62.461514154073065
62.095902426425845
62.60762283925047
63.824139674622266
63.408308862056565
60.78713414769909
59.741893570279736
59.78218241808168
63.16235987695014
60.71062283390083
61.84182088251926
64.39699233820564
64.56625945945773
61.54020721221185
61.66296687493562
64.02656731730276
62.1343543484423
60.622435610350585
60.627949305668324
62.584567117555245
63.4437399862387
61.635234474658255
62.29152806516737
64.82130953466924
60.18849625848605
61.529893497229125
62.929355648591915
60.794871590928125
61.7978685406795
61.35155944038269
62.72941478282638
62.058021816654986
62.625471681596224
62.56757377401764
62.013487004553646
62.56643870389809
63.28113274812027
65.66000396764066
61.686984436656765
61.27369596716969
62.21241457744789
64.85778470100382
64.00561910670235
66.49100193353654
63.33029867461503
63.18456744068631
63.381659289453324
61.06971642868396
60.998859378340455
63.99377865470522
64.52226751262484
64.71615282496984
62.45606192563641
62.82327902078146
63.69864006953046
61.59633850159199
64.55784137225821
65.86236579644456
63.11139305470045
63.237538113470926
63.222447825934175
63.35898095191928
62.79985862477206
65.27552438835937
64.17350767774622
61.959548120075205
62.8730614793004
60.98629949567505
65.28098392227774
64.42092854393105
65.1532500884497
66.77926591513052
66.31512897681833
67.47758078602408
64.49796353572596
62.6731297215797
63.92346066615466
68.3214576271144
64.11986163002456
60.64220867916966
65.21354350438445
63.27664957576144
60.184328247953346
65.00641016764733
64.08618879813059
64.94294308290557
62.9887298480872
64.81080547667081
62.56689247280214
66.24793863260726
71.49032414063028
66.73046345617541
69.55141182639292
69.73257055265361
70.10654049088186
70.75301743572457
67.91504643058083
71.24825715514825
71.06583465186552
70.5904420225243
68.37759545932803
68.41092595130137
66.3829241827228
67.01049008259301
68.83746129700914
68.75300816573936
66.62049109074339
69.9591522562735
69.38701826979494
64.22142043269528
65.23579088237253
65.05945245575015
68.46230504195626
67.16143651060638
64.62469693709228
65.84609545665214
64.90360406950191
66.28428679695816
63.8566324813163
66.29156488500324
63.91516372328264
61.11849964808156
66.75875033615563
64.26856923159103
62.7225535830234
62.42768438904045
64.7317490960657
62.204271556160165
64.80564348539538
66.48781249724561
64.28472591157025
60.08104473876605
63.42416051533226
67.92564532263643
68.16466309869519
63.95838323564949
64.58275777715625
62.175125977779864
60.533271306659884
59.77939182527202
63.46348665996132
61.229917120604476
64.57662099471374
63.89805278213116
60.90896078418863
61.60443690731931
59.62104639579095
61.7449696204449
61.89222442166422
63.99743014518311
62.854599527297985
63.20308522211625
61.40969217905023
62.5701675535053
61.174099058140136
60.717150515272245
63.790332830982564
64.69716499059571
62.101140295019576
62.37578388626658
60.39597333847389
65.01311063838978
65.28149525882935
62.16307643320383
61.22186867603107
62.678236881739004
62.308502902735626
63.108913593384514
63.70154242216443
62.46652181296733
61.15859851065077
62.86944252778467
66.78530224906737
64.31211243848853
61.81894021468162
61.521476512086146
64.08626154466914
61.56602131933105
63.2685970189437
66.20390828780315
66.83905306076319
64.72554761518897
65.71727464902385
66.44664800146127
63.908939492658426
62.63453608522935
60.00077848603234
60.31453943283399
62.920719948796105
62.42596537706305
63.555712422866456
61.1401096840663
61.66679043631885
64.07800629152892
63.24154877967966
62.14677754461426
64.69781683491212
65.00309328861066
62.19040416789579
63.794648034858604
65.68882905986992
63.05742173620598
64.64254211699668
62.33811573275095
62.02047690069941
62.0303469643612
63.65530385554932
63.73587575906797
63.01779711697398
61.39331693793311
61.38080883466717
58.96503363524214
61.884603527604334
60.49579425069533
64.07194130233543
61.08988640514346
60.89604340652931
60.14108853766889
66.26919290699041
65.37701121201749
65.76164346587402
61.35330475861687
63.81537567192432
60.60966062015791
59.94129084766713
59.3502594473915
62.007719492724384
59.65895417512313
60.62030237893234
63.44341497592683
58.83050049095823
60.96757943565279
59.41335510889137
63.176663568998976
61.998898030626464
65.92561722757269
62.61276267654268
59.19659062474837
59.56045255835521
61.221460651074175
62.41857972856653
58.4216162753513
57.81691769643579
63.97451277615395
65.85217313591221
66.12038456337184
61.90258674867282
61.74274780149813
63.701465993636766
64.58174167042745
63.452947791925865
64.29958593862816
66.89983901730247
62.20302336157356
65.65260385186554
67.55147095748386
62.9237722527719
56.842401492297434
63.50508350317925
66.33711714496903
63.090168898155916
62.95592927431183
64.37019598789827
64.57705585224481
64.35864921860653
65.7375333917639
62.07352211686588
62.63430421359977
61.792370437678365
62.05397676082377
61.858597204190694
61.925527081313106
63.31285236332889
59.71091724698132
61.20538269727818
61.292328393444286
61.6578990331685
58.05031018061427
57.28524065628713
60.834380629626864
60.371017963014744
57.88265592025966
59.84264260519721
61.00098990631348
62.83750959543282
60.479567202559856
61.20750462763515
61.06937011989901
62.08864203250675
60.90996229016556
59.33627020286391
57.581510305630154
58.960861420695004
61.58965700165569
60.26970097154621
59.97178141849979
63.141315347422896
62.884345389941
61.38689155155265
64.9942044174792
63.29576023325196
60.39321654454856
59.35254989311203
62.7360295636271
64.36870166074738
63.497087453930455
63.852462214549895
61.75861289945642
60.10878241584669
61.16384067878071
65.58159570397935
61.19222656056121
60.72412951111444
61.98507379132295
60.76292327096251
59.04260517615663
58.34052102897502
61.03905858103481
63.040256625673045
58.76793373161305
63.56766371825941
63.5762703518021
59.920501851314135
61.62806195675384
64.08505744616548
64.06661339745328
59.88640597968846
62.403234492906634
60.7641069623498
61.526421138312315
58.00200777618917
61.77803205948722
62.65382828152933
62.99140434495086
61.19881372570788
63.7840806440525
65.50513919504564
60.72874889704219
61.713860551826585
64.59407703323573
61.34485263476846
61.132032033859744
60.78968660231331
59.259258957550344
60.770156563480356
60.45952327345873
62.70868303655121
59.55242447562558
60.145150687572475
59.98043156342208
59.926089565451505
60.63041106330707
59.88256563868037
61.49939673246899
58.67579389072118
62.77531045201515
62.27667082077301
61.41813178961251
60.17216983003112
60.85631457973407
62.32108465552038
60.20072197051462
61.64215368378277
60.44489047270921
63.62612980061404
65.30716954113322
60.22580978764916
60.641050859400146
59.033694817370744
59.39821854949791
63.71926699310146
62.28323939075149
61.162909311010516
60.35699415840209
60.259990020954916
62.046693977468045
62.12917340032946
60.690224454439075
61.20076929540993
61.92292672591653
59.67396491260644
61.84528291021544
63.156780306471276
63.71672100655924
60.56163148247805
60.828092560459794
64.49576522763326
62.31338077970045
63.71127625150357
63.63224767006162
62.65432227123973
63.60274899786866
63.40380199687447
61.504588606736434
62.913979863044204
65.16843576331841
64.47262590728361
62.7332827893173
66.43077852541508
62.95674948764089
61.37278156728964
62.67216175708527
65.58716521777657
60.123777964111525
66.95182067562072
65.83349041721392
62.44444766649929
61.46002373466612
65.38074060679561
62.797859098633815
62.141464807698554
64.09463542954353
63.59350671926541
62.79407304666839
64.18645353221189
65.29381966624982
65.84662421061351
63.525931299841034
63.153488464800795
61.11140853308458
63.18370850057055
61.718512584007875
62.83893168950948
63.650854984670985
61.17239362341925
59.7560604799909
62.30153792270906
60.46641482619055
59.89348070046397
61.008076260568934
60.90117040651825
61.77575399068974
58.42684287535819
60.27349707839393
60.34475037734946
59.3632707696605
61.007412090650504
62.40070693992562
64.02616268549045
62.27139300946295
61.04010458491402
61.02856542838819
64.55460524041175
61.880282882849016
57.69501429109464
59.27755889328995
61.53042281879643
60.49844881645338
59.59295890322613
58.78646059040207
61.55793106952515
62.48432449528267
60.284683706535176
61.0295761774612
52.57759700816037
72.286461188402
68.9514974832189
62.938121197536056
57.9826776575188
65.96081971513274
65.29272004642388
67.89376420728945
66.06785491589986
64.22323991112587
60.96489985146266
62.66761691137768
66.97984500901386
66.21351957705738
57.95149674295937
61.73172277818837
63.471095250723394
61.433242854512336
60.29797583864141
63.78265314176753
62.85233319633271
60.78065616251759
63.334812503770166
64.5289898736216
61.972459488650294
63.549719731521684
63.237039429131435
63.904187431282374
61.11296282996003
63.85930509500694
64.52799230978462
64.36840822400654
64.64353190366315
63.58785871443663
63.34502880433342
62.53597296700289
57.61029342898403
62.820721040627056
62.65116627145655
62.00139013514581
60.44368742757806
63.527182019157756
65.86233267349311
61.38314081269453
59.7345824204277
62.62909839896926
59.41782558373006
57.979380522050924
58.75712826380155
59.84819316560199
59.845168046520904
59.932194238297996
63.988292717799375
64.17529127231761
62.22300802751159
62.50804356465476
60.40050932151427
61.53752571152822
62.22679251575939
61.498560846948585
61.08294629707837
64.30011261415443
60.81065930382436
57.54302732066264
60.64739699246368
60.17945633484231
59.3535545958498
57.823840673874486
61.98521403431339
60.33922424894763
58.9538173357137
60.652232881687866
59.057253484453305
59.90632373298594
57.36543832157255
60.09902945076084
59.66309443051228
56.92813992835874
60.503791878459715
59.402978555988355
59.89657732157306
60.187480641927834
59.34091659379793
59.00826475977205
60.229549110767884
60.28097560857672
58.97887367059738
62.31676409132311
61.61852933919707
59.87557539162582
61.325351059419674
60.954166667086064
63.00643338817668
62.874350463723786
62.66571363887274
62.095780538180044
59.262328505485236
62.125022682856795
62.15219138640698
60.80243062008538
60.831632511230055
59.866297096606395
59.13013718674649
58.74415126070271
58.77825304664838
60.6198579404483
59.38189266630509
59.3792940206204
60.18242849807788
59.56400527157068
58.89768849631128
56.769282606846794
62.071613127853674
61.07153127440387
56.50213284872948
59.11031946942363
61.00558969008287
60.63765529209649
59.444297982184835
59.217375382362455
61.50638506543497
60.486659759571864
57.03009579423535
60.856342552525646
58.36766006534088
60.070979448076905
58.78952141911247
60.066563963252754
61.24507013177907
59.38039886240351
58.85579486402752
58.239039072101875
60.996545578147234
62.161987485490464
61.97645922624026
64.72609147648141
64.97618392794571
63.15934178810037
61.64124831872772
65.01707644553042
65.24958694348327
65.65172400505702
63.28316254418669
65.27356527500618
61.90691078352376
62.759783493273936
63.25547649490403
60.75150685325647
63.691620883590595
64.19845487624605
64.73583080623955
61.52133383890168
59.597332702656175
62.987966640629544
64.59727081244475
66.33099809485253
64.78480178703435
62.15640123279807
64.27546718789955
67.98541616069059
66.22597226525566
60.74692889446246
64.20470240234441
65.86424652489484
63.85790175500165
61.78038997856197
64.13886669378869
61.25176362869615
61.395964180667576
63.1648768268614
61.083568174160206
60.494729803670104
63.28894608454106
62.386099858531125
62.70913478073086
63.17587891931329
65.01643916615429
60.54909830883838
64.5695175987207
61.567566847581645
61.810498962554355
60.503592973948365
61.63542546255852
63.267046208553985
61.56948119520861
61.53703940018206
61.83168060019765
59.652090837465096
62.30095375227249
63.787275230138775
64.04924187231569
61.87347360188037
61.921127091520304
61.713487036530665
64.75949544422463
64.0004181328051
62.952510618364975
62.51493861687339
61.713952027350494
61.90981564633428
61.21956505038523
64.16931239839805
61.3461358094832
61.598444591332836
61.20566459848118
63.886123655895354
62.790514877429914
60.701817469934994
62.169726304500564
60.75239636177609
60.44939345872608
64.03823255675256
62.78589784903263
60.00216955197139
61.60683802690974
62.33827719476354
66.52377190577411
62.92289982551556
63.75988033994648
64.31223384534755
64.90887175565153
64.04626189934623
63.52143706087321
61.50352194786281
63.152741579965706
64.40336022560318
65.37105683737735
65.06578534927297
62.56743501272523
65.83666589098625
60.15481523748512
62.12953342859467
64.12709905024461
60.98829326101323
62.197817569064824
64.0605776008022
61.58231858991232
61.893958114334325
63.61737707977033
64.56366476611686
64.49289300562599
62.030677324982825
63.754406388265615
63.781548980800636
60.914726826719146
61.47858500838995
61.41501427509683
60.85893407100618
63.49848999556758
62.31257169117327
62.09735996434857
61.98678217159507
63.481504874013474
63.75770424638505
62.41458308212125
63.20818842206263
59.75699398777254
61.66527186080286
63.07255083208303
63.56659181538035
60.08926503529721
62.420485448374095
63.00192316333991
62.218154351117356
59.90613025760372
62.35273575620404
61.87469320361171
60.95521741449548
63.11889787042391
62.365353330208656
63.68276856673243
62.70153648915233
64.42452801997769
66.49167908259032
65.10912171629643
61.17822624511016
63.16152300453672
64.93224852834778
62.0535266297029
61.98112037206726
64.40258599014966
63.15981104367471
62.018700234454265
62.75109000378331
62.98031996070867
61.02570987452698
62.46383985454042
64.01653794043673
62.65501412629155
61.109962930228214
64.9097594340891
64.37867101572984
65.10113541232553
63.335901197887104
63.30673766485743
64.97354662556377
61.65569359998025
65.03157136234044
63.96246118643834
63.30183602318415
61.374146034445545
63.67575696201601
68.36164708383883
63.21941179758921
65.82399980232437
63.428202159605846
64.73199477131713
64.14605253843307
64.36553235594755
62.428617940845434
62.2571129556887
64.5689499200347
65.42640505051922
62.636716136618105
64.65469129170604
64.50647841878525
66.85934388279509
64.22631332342964
62.853561590557526
65.85554980911625
64.55314475908062
63.67728155485835
65.2799342103568
65.07899358931459
60.379917370620845
63.53588943321993
63.2592504788563
64.64107232538862
61.91249232811109
66.37192267895131
65.7204487666944
65.40848119303904
61.68630061210295
65.00589450756887
66.05607035263112
61.50798789557178
64.69724906536473
67.2950845786942
63.88417445802727
65.25597339992348
66.09530729639711
65.94370571571947
68.68328500936394
61.49275272733404
61.98016164482078
65.08060348481332
64.27341737129721
64.37848766851545
63.61419067610754
60.26287761149605
62.950390056755666
64.20686964940296
64.3886478626102
63.81734483721266
60.55682629244238
64.68704127856911
62.78804150976634
61.6674356168404
61.44483884767575
64.58665024584275
63.268739789349574
52.8972609189188
63.447091761783305
71.79131375740509
69.07078237064891
65.90177080462593
67.18205442517642
69.67135956005598
67.25997110408315
60.61050947110243
67.54171922839743
74.54797686575421
69.80430283588163
67.87441643392732
73.49934589865478
71.71052130434053
70.58911557324645
70.45709454367896
69.27007026461628
73.74478846594494
69.10612019816243
68.44734507035973
68.05464156781491
69.57733052718224
68.30363661156704
66.30710576264786
58.97479931929959
66.82562516693079
71.89333066094092
70.42034371651414
67.66760321360886
69.05057010267741
72.51089048465802
58.687364118043035
68.28067943086802
76.64907266913693
72.35049597130742
67.68638277307214
69.28031539776616
68.3461793815371
66.87625016922283
63.25086621011382
66.80208696307588
67.70129790930372
63.598993118660765
56.702562487922336
70.16972328671436
69.99945117193515
67.5593621448314
66.99547670683287
65.47458421524426
69.05187392639705
66.71401253156668
64.79395961443413
64.38825658466467
67.94271224247402
67.14075188902822
63.013888120106806
62.6035236038069
65.92546130117695
63.17879460222232
64.14755791511703
65.13871136580313
67.72443997363834
63.660064977407146
61.234421831348634
62.11373086208216
63.58264602081063
62.14713640393549
63.58842755633643
61.117675011078624
63.780165634081044
63.56263068775954
65.02753441781509
65.56063133088541
63.29420035790574
63.620331065453094
61.39947116230893
65.08744203798173
62.03799468155464
61.53872207084493
64.02071827328169
64.71871070460661
51.99137113784699
69.01885871800329
75.77509431557684
62.165137287798814
61.73978301234274
70.48697089336741
67.6293858086971
62.854225472638134
67.53063542996811
68.80689580493349
66.83668625490435
64.63289791766623
62.93268620504867
62.96338100269727
62.96349022658111
62.919066364424474
63.619961594923815
61.1410697569893
63.13894593084579
64.59199385067403
63.94720226764759
63.3998735974514
62.77104721459686
61.20715423884405
62.522382137567654
59.82783855738064
60.64116773075923
64.06755786604141
61.3565346527301
60.77032379161592
63.14892403894276
62.969374615307494
61.27976902481619
63.389921349640645
63.55962666965808
60.714536203687246
61.2629567259795
64.44266637622277
61.67142199919288
59.98348595422517
59.63049426956659
62.46518465023057
61.13425269127278
61.97153684374641
62.52103717020473
64.09516306736946
61.32059502834876
60.29676432582752
63.27763817516824
66.68662959403282
65.16591131501063
64.16552790884549
62.50100016775066
63.33767031328807
61.613556080507664
61.997862376854556
63.0800215763023
62.096113001876745
60.99847236223397
60.12519042836063
64.53302450868021
62.68730758983498
60.352129000649256
62.4022570932753
63.61037391759797
62.418318177595644
62.01293713647279
61.66515326500388
62.62266242178199
61.41036201435252
60.85995033097882
59.59404550131494
61.35975116119423
60.958950377154885
59.89825970613849
61.98918602391477
60.27271388883281
62.68372585035391
62.69576457176647
61.57461661114859
60.36139968333179
60.75371382155224
61.191329993848306
63.802121657778244
60.57023519400456
59.0037060925315
60.92120964820901
61.03430509173411
59.608939478113186
61.75584334359169
62.592220255995855
64.26856474450422
58.25700658411519
67.63521564350248
68.95924923913793
67.50306275942283
69.87381837666604
70.3605642030478
64.99919759258727
64.06427589081254
65.75137599812454
65.50938271804708
66.1606896168212
61.936189663359535
63.32243885131388
61.964017092105536
63.35226304398784
63.39052911774938
60.645755565688006
61.011110418994534
60.15973406844903
59.49744529804924
61.246885957655174
53.23245835620325
66.38549135053334
67.78376414103154
62.57375881369639
65.58331651814629
63.72477218409076
65.35021410754145
63.0520821921668
62.99786277110262
64.53601330874119
66.77769395318914
64.09733816108672
63.003329059941876
63.59367842210191
61.762750757935684
62.72147700284325
63.97618200281872
62.09821911118168
63.261692409228615
59.34144043020476
61.99079689850883
62.95676237810501
62.17845064907526
61.44664239642001
61.9041519649018
61.41287024606716
62.361466108111124
60.94893531235739
63.00113044758791
59.509318740321106
51.279631813756296
66.00561491950724
72.41593909419765
63.1603983331771
62.73506968250074
61.498527281148654
67.2073854784145
65.31748068791302
66.70197107395751
65.72363725953967
66.85356193065522
64.83766096122623
66.11270833679653
60.901599978039265
54.486806280957374
65.61855420117391
72.28398824754272
63.25046902380613
65.35192559745762
68.54447713970974
65.88768097275438
63.41065246386479
65.37260059587665
64.10680522282833
63.83766826033107
53.41685404413569
66.30000829293965
72.65925262915003
65.10269753995846
61.10668907101905
66.24090943412857
65.93517687739471
63.357745144914105
62.33416748125825
64.39152007762324
63.626512334676484
64.78600257481692
61.94476115116435
61.44975639449256
60.40621949520817
61.300604976875455
61.78453390471743
62.780897054727966
62.6721173644693
61.68774084554841
62.00167177068945
62.337944305583044
63.35085097028094
64.1037826438628
64.19340405428207
56.62709775214208
64.60001986519067
71.42876390195833
65.91465874633752
63.135532195029135
63.56492109227935
62.34526730725677
64.75834950408384
63.970437350761785
64.97140805683748
62.67885322414333
61.63392350947659
64.48373802114547
64.12977495714165
64.2217649272291
61.47963842441965
64.00607133731255
63.36795334672105
60.00038739157305
63.034556057894505
63.36394050225155
60.806737432120634
62.54439599008652
64.16223304801551
60.85005904527768
61.27925411703674
63.94369369007674
60.273519680856786
61.50277726579665
62.842950917990194
63.64054948279886
62.11688275267439
59.7387835936938
59.74819656382979
61.672002063043756
62.5849534197487
62.80186664909752
58.05305306828031
59.07529664345218
60.17329221256988
61.4377567310664
60.11015615499743
59.876420803675934
61.28169906054284
54.17803785170356
65.1953693440211
73.58020663662002
63.66062232575919
64.5555272037908
67.90629034822432
64.9565596795548
61.83153802982863
65.30024909762494
68.40345052823433
60.13891257361525
62.97919959461439
65.08316704391181
64.50598995320561
64.951475743585
63.641036251893865
61.9727093996009
61.690651798030295
64.81595118680964
63.89620696041078
60.48928517639165
60.74735498348833
62.533930218198435
62.673033668930366
57.76508669825659
62.15229424689242
60.289647432064484
60.424618376200144
61.05247509580956
62.26066431731246
62.766205710245515
60.94630742176253
59.03280617782713
61.644733407468614
62.56237111541013
59.08901728491492
63.64575025884214
63.661149652312254
59.80531041440421
61.719617078867365
64.2192492309868
62.63144460471998
57.63616461505839
60.09830422643996
59.12980691433189
62.925810525806284
62.60903215421906
61.254117301049966
62.498037744087014
60.65801897784082
60.509106789878395
59.84357014102114
60.13728832967363
62.57879542404976
60.756091181886674
63.53675961798603
61.32969688028266
61.23099993748549
58.472137731505455
62.07368527534879
58.15230080623909
61.69075041221167
60.05333718290672
63.79309856265482
60.31221729942753
62.978831903545114
60.12480759343471
62.347426185462545
60.40900535019078
59.26927746765656
59.312150492351336
59.100353791818286
59.9713384925868
61.549393318752266
60.815856640767464
62.49089889544797
58.720544745695946
61.10934869229057
58.3932123875017
60.995731901800376
62.82317801324662
62.41913372167586
62.77010001737921
61.270374479762005
61.470297634221446
60.43842206832587
61.342615582894915
61.73789502549866
63.421219231957586
60.928833797801275
62.83304156955139
62.64022462771291
62.225115223028226
61.74080308101718
60.430527299454454
63.77286882599293
60.56916885573746
59.822031047189604
62.394472847033036
61.87389451109187
61.00766314577988
60.244217515139695
61.418107797186785
60.12706815917565
59.404587421243484
61.60006130452348
64.61050392273671
60.80267685871946
59.25957593702901
60.18819925759002
60.312970129460794
59.12600149153177
60.90365746029232
60.0837355614988
59.32042660446621
60.351172887219775
60.883286069851664
62.09129618833556
60.742740431322716
60.85566395129565
59.95000915815071
60.4294759538535
57.4843683278475
59.30162013742496
61.31790991240593
59.11960044190485
60.7984805132347
61.013309345876976
58.845056554646526
60.459664236691005
60.12839307644859
59.7928400850773
58.12124026183022
62.002449267967314
60.21955760529481
58.841926849510244
58.77378442809323
61.21191923394908
61.47287836961563
59.011639548254664
59.72965771622771
62.62185837293216
62.49317131494137
61.168994536851926
58.993497871192034
60.40589508958081
60.957194311902846
58.82675752165966
61.27585610971644
64.87200361420543
62.030085221537284
58.4869075857598
60.45550619894072
61.261534316144754
60.40409050917563
62.425072416694896
58.8494691964199
63.036654684579474
59.74211213499467
61.34002850705418
62.358006420803015
60.36094230218001
59.87711166613317
59.796836797387954
59.548076978626526
61.384787440607354
60.705917413411136
59.50197910284214
60.71085135355062
60.55658003496004
60.469839793568156
59.47691537914348
58.3713781896762
57.50795370815618
59.40049818111838
59.66244205086502
57.89492637258001
59.98861355754585
59.608546122670376
59.66495213852584
58.38902103535849
59.15112326309276
60.68985738139976
58.84071667124428
57.82144324998749
60.060367912179736
58.00643508915216
58.26438853556241
59.21283808864207
60.134919382617035
60.46124482856671
61.282178838515726
60.27369806074451
60.35538786744779
60.30600845436193
61.750114306668685
59.982878624326474
57.91567201842638
56.74203370798988
59.88277182249357
59.20399416931979
58.305327860320716
60.39565560010928
59.055924074963514
60.10684822337557
60.2804837963915
59.916870120497414
60.24308972338038
58.35012482439337
58.70613850386671
59.57719368769504
60.82128681731423
60.043530718879374
59.39649000875583
59.19279899009135
60.03288590141474
58.02650646870081
61.44956172823056
59.528199310022494
60.761082392118205
60.550110824853
59.36803481099472
60.610185727547744
59.436538643996535
61.44388022725454
63.03290115318414
59.69826961534805
58.60098817270449
61.96179568723869
61.71538027971883
58.72962896554947
59.80176684958513
56.57424495296592
60.327538475461225
57.945041686218275
57.163929386770235
59.47100258062568
59.48784541319269
60.77455767323896
60.76992199287413
59.28353341354079
60.37670117094346
58.173462292326256
59.81949097084569
59.55993725130053
57.70412446953269
58.49478117861068
59.966298568373674
58.67631118018275
60.81181888503861
60.0452281123411
61.186562679833976
58.61124361810641
61.11914218685793
61.344960818988575
57.925924487267146
59.85242808447558
61.53042064525077
58.62248462198877
58.866010130265
59.61504137012189
58.56834253749108
58.86750174446593
57.961334009032235
58.791260321259614
58.00874742109084
57.39721496305365
60.41785616995256
57.45423001850461
60.18757935827753
59.34117459245883
60.49986650589484
62.38498046548504
60.59358912011427
62.286030164361435
58.68567263577887
59.10169661257026
58.18802131752096
57.06337691764913
57.70165157283529
61.429034201940176
58.80830679152451
59.52419215795379
59.65363129191278
60.935185974315374
61.317217797478094
59.077755498007285
58.92921321432015
58.20758462256816
61.2614409930828
60.97563993651726
60.29229666549604
57.137409847628675
57.60772079572196
60.23657353429271
58.970435841824276
59.864273272311124
59.19335972633487
58.53278131961208
60.51081350656161
60.35633580005184
58.44334140218566
58.239905438639035
59.78684801193932
58.07141691494948
59.54298784034786
60.18617564397306
58.110656932717056
58.91811679195968
59.65852276176274
60.42841947438755
57.91293251494673
59.34536157545053
60.97118785695764
57.456235648969226
58.88996772834554
59.81366803506907
58.516489071264644
58.37277013669727
60.08259229728779
58.06959532080367
61.39037321694802
60.37698597594259
57.999158998082784
60.7133897704486
58.446854768788015
58.75847091600271
58.55232993953072
59.02476143140686
60.28071895577903
59.2058699622082
57.0017293394191
60.48105115687875
60.865986147115194
62.392973857309315
60.60788287696858
57.09824123905981
60.0338710731026
58.90061930494694
61.08748338125325
61.77831051082103
62.59870603712507
59.128136720711964
58.265573616369494
59.66965029652219
57.63739055216658
58.73463737206041
60.959389961752755
57.70102256070984
60.80473190442373
58.69904688637036
58.9260168313439
59.13180385032271
58.77870400878449
59.96674155797686
59.30245065642283
58.51212848518695
59.28589027967252
58.810243987082394
58.05181786154983
56.23846334270136
59.095962025998304
58.25643445398501
58.99332326171294
61.01493745228979
57.46157093777643
60.09871217762419
57.11467548325091
61.71709052236907
60.28559749701313
61.17891625999968
59.51462152217362
60.36336194854695
59.981238939712036
60.02095135635936
58.890574029187206
59.39172168904163
59.95122087639693
58.81816847389073
59.23542195420132
59.65365916123032
58.38569195582193
58.48625104954642
60.8279665804238
58.811819494042666
57.98177749118815
60.36070795721612
60.46578477287623
58.78103632238863
62.37285388759361
59.7539959762767
58.97077508803568
60.79824604615207
57.85551364029029
59.286141543728014
60.80154544676579
59.632218497171415
58.818733769477674
60.1271863710433
60.227952978326975
57.71691007531723
58.99848800768591
59.108388035378205
61.11324206268464
57.75664403672081
57.415707612078585
60.00850969420837
60.06923744212467
58.64522084112416
61.456842876143
59.422536391059296
61.54294338902515
58.74510911211739
59.04074312344373
59.62363678405599
58.32490355605235
58.97966867319477
59.27044300274471
58.5584022210978
59.23229078833738
51.61328898056588
63.4958381714204
68.0357869298163
62.21060985407586
60.27940406981193
67.16266317994045
64.50068589775584
63.10357317692328
65.65391031975716
65.97435877536445
59.129457280277144
59.54362573773703
62.38201731029078
60.056321738340905
57.29859071424995
61.46329753910829
62.89848171235013
63.881126161392196
60.89824196878008
60.8588002838218
59.56654512788931
59.1127480035582
62.33122299167184
60.74252293036437
58.94324280044989
52.491019347814614
65.35902760659872
69.58241297581353
62.636922615995516
62.709368078007984
65.5672312623883
61.56075558291053
62.951089341746
64.03367052093583
62.574543239258475
63.383018328776544
58.433825159037184
62.817673212693265
61.02708271265694
61.193426304604934
62.58666543369713
62.11053674261344
59.42185838228277
58.35543781820787
62.01741778953151
60.06302972837823
58.385894596524174
61.13651001539125
56.33938429505576
62.11269497163685
59.28487567728219
62.09413933618125
60.494315522300255
57.29610403662017
58.37218254771646
60.13058148938941
59.550970361828114
56.999373494491884
57.679549172859446
58.72852547713144
57.855122595230725
59.47150266033854
57.760825034940915
57.03075022736746
58.94629742515157
59.80342870951801
59.95548494222777
49.46241100813245
65.10903143290909
70.41541497452879
61.7698844302563
63.47280444319345
66.6265050248556
61.43592723265194
60.67349661824388
61.279198603819104
62.29483155497219
64.49417343533584
60.51464173559961
59.18115394523707
62.936877647223774
59.1712061715713
56.19807540487354
58.510518352978515
61.06069942443632
61.00831404091744
57.38945156017268
58.4752865603984
60.70574914312403
58.10423902636363
59.60035896635531
60.72126396377089
58.236566265836444
58.13002440315666
59.886021421397146
62.019556358861976
55.08932616195452
62.81578519958349
65.92224814510296
65.0800125279165
61.789708561959195
61.03999225656406
62.638733256968756
63.27940395675409
60.55501401664173
59.061494737043894
59.206418802815676
60.38445584997728
59.81381923786225
60.63963947347732
60.259231237888415
58.81351781053134
58.56024210571139
61.219661174902264
61.69592639795437
58.1475284959026
57.78396054292048
58.78938622225448
62.55776373369012
59.58397014141653
58.421661795219286
58.957429204547
60.562973020746725
59.719717338484585
61.46636079352631
59.368944985947635
58.96990497966344
59.70606729395163
58.60871306398877
58.95072690492148
60.1513660686619
58.880723982090494
57.497795159375165
58.47612762724833
60.34237305578692
58.22566898679248
55.803504457162454
59.14888622909928
60.165020467763405
59.9308194280496
58.24638507481361
58.87106586953125
57.86963248079159
57.77027610542537
58.826499212171875
59.51611454531278
59.08323305254207
60.48016084888648
57.91689454518516
58.3718688383366
48.21669471142298
66.51640762638917
70.7680562191323
66.3658106512576
67.97224311852133
67.91320081777052
64.71256359587102
67.22443734072877
65.50780615657563
62.81634660187135
62.26257879507704
63.40212301490382
65.56411226984095
59.463211735091846
59.81591536503761
53.34387227066467
65.59334046175924
68.47771846140519
60.02896598952186
61.929188170366125
64.51260829410816
61.34351669957599
61.10400400923865
61.32862913677256
59.690953024381976
59.26380754845204
60.702910716714676
59.46223547852418
58.94629368351378
59.14713462114641
60.85536515753691
58.2452078262188
59.46830490395565
58.27377426327237
57.857566814245764
60.88995393772457
51.2629991822801
66.72581732717126
69.75761888575384
67.47382588689601
62.24371284402731
62.8055048138614
62.626198610334015
64.8647306136788
65.20353280653072
62.35706841869205
60.19500616395785
60.80278615504647
63.25663379103065
59.56242786731096
61.67143829148081
60.17825102896839
60.14359366327131
60.95406928885261
60.418087811480184
57.07164847480135
58.4329034028682
59.885369320365605
58.53908032438199
58.34439111701
58.85908037904886
58.927930093853
59.580587495021064
58.18821991911527
59.40973046357929
59.220965329912254
59.438162876049084
55.49976954776258
58.57100022782126
61.54753184612877
56.71439978758936
57.864621949150724
59.23567730324339
58.091642097436164
58.41290166432292
59.961783755511206
58.324256738487456
57.82267984207252
57.82379687544235
57.94729349330173
56.61884594603601
57.164461751104355
56.517863867377194
57.925069851433584
60.72758118929436
59.41356445569554
57.4286682093667
58.83004736139308
57.28684518251996
57.2937287255495
59.817179062152405
58.004122757643806
59.25320689292525
57.806661430646
58.17100483500877
57.68204204980323
58.12408270831771
57.359270318748
57.91303823596836
58.6728622989432
58.710352045984756
58.07529040232134
57.93727256620442
58.85021007053843
58.73816128648628
59.91026560485296
60.08017103383605
58.45584264861347
57.59867990128265
57.90706653074325
58.49014111661301
58.51183472520781
57.12747213422807
59.23212414807267
57.5661129197072
59.25654443260303
61.42487994584744
59.1858430121684
62.13983785226978
60.59861364040813
59.91683637104916
59.376026315844236
59.06171305218382
60.280701954704675
57.24758610477149
59.24450815572385
56.71804162330311
57.77367194825365
57.375455740980314
57.00446830416704
58.69859006141953
57.509507842124165
59.532620608830854
58.035874872074835
56.996810774869935
58.71804108275764
58.53805864782346
59.019293876833814
57.54834887234481
56.497970934099264
59.05726049199527
58.35242941552904
58.37624278553068
59.03415917469323
58.36061345490597
60.65255854759464
52.00398981572348
65.89027191598427
65.48800883769223
64.02596466200794
60.37011711108483
64.58642395352744
54.93026336556163
65.1807190964628
70.19823540969486
62.50387459927514
60.89637502437239
62.5763770907959
60.99348223322795
61.521462212592525
62.309960287028446
59.491707862305
61.27055628528234
61.291596387748626
57.87980121744008
58.19156119067398
59.92050150281298
59.22122468847692
57.63425022650452
58.7062311919378
59.73239716436648
58.237453255386555
58.73769585761923
59.588983039003345
59.20489561738308
58.426842426920366
58.701325954687356
59.121505294114215
57.25043163866066
59.33971612541504
59.11140982357239
57.51981968335054
58.642525525957225
61.57177806190677
60.11991377788704
58.13975517491076
60.02485038725952
59.51867009261554
57.99091881605997
56.265255594260736
58.79110642284842
59.224234694464485
57.97002969616324
57.688046217351705
59.02264294770544
58.0863214220555
59.76088711588568
59.59924452677982
59.984769780806126
58.539514183725615
59.5883847128892
58.257901906877684
58.29190501167788
57.429874248262706
56.41252248549029
58.67293776150038
58.542653520891946
56.380844351481215
58.576653971570714
58.798101862729034
59.4580629917353
61.16560774908205
58.478615042978184
60.341867073094654
58.72741353478192
59.25336723114311
58.844688115994394
58.876336597292905
60.74379470943148
58.710571507822394
59.623173154533646
61.44245532165291
60.79441607145285
61.319839194823444
62.33053254337572
61.96866719463816
62.58316377090572
59.05839856858935
58.91408208131991
60.539116674306904
59.94844107576763
59.21320529211878
61.04489311499437
60.03095289587191
58.29799005563729
60.98227196482889
58.87604820445322
60.02290455054912
58.99258071587243
58.384340266398866
61.18888826819213
58.14312862002095
58.03124117664531
58.290661179903054
60.69952427759153
57.640713945305635
59.833481045111164
60.11405520754942
62.14156602045384
62.174136724642615
60.69136628252081
63.03183014003122
62.98716008447891
59.983876851021535
59.07936045907105
58.7485399055477
61.16005411077673
53.72889623054905
65.6312697458655
68.74506615736145
65.06605685562677
66.56453132484371
64.81056180328879
65.4243412124783
63.92263694987927
60.761813914368375
60.7827825618876
61.123366425699196
61.09718799172093
61.82415825972125
59.584810774750665
58.44865036627584
53.55069421285449
63.92080580726329
67.9728023005731
61.50323953514242
64.30499184592396
65.17592629735795
63.51976202687024
64.04828540262751
63.08173603073916
63.09237893015428
63.09472672868382
62.6717017352473
61.008522369699776
60.836172400391426
62.55403106443553
60.08713167712869
59.926749309597746
63.46217916209726
60.52121298213208
59.91966007233203
58.412261899710714
57.97553072216142
59.748497973604096
60.07205697825046
60.21243185735605
60.35167159426171
58.61934900465382
57.900687998802425
57.11705003571096
60.89662404461993
58.97652998904172
57.58289678409592
58.94533729366191
59.64124249664831
57.32022881504358
59.50411970675564
59.05492059168771
57.53425946703058
57.187390577432836
57.852285820363974
59.224231214269174
57.10611614335191
57.58910899356111
57.35608260455809
58.97169605062823
59.22600622435176
57.84778762504206
58.70358726981885
58.244355643212884
57.79399688165508
51.650809637800776
61.743572349170826
71.67077193330373
64.9825847279094
63.47928779627474
67.59114149572504
64.8813100413489
64.49206736925878
68.13621445930987
65.66322006361922
62.902971457271235
60.30215354559257
62.142559134542246
62.49039551056394
59.147993089023245
59.031372375480125
61.160195497935796
59.777236321367866
58.20207360468316
58.09763942056923
58.04295177201224
56.75672341356212
59.22763221977989
58.4429977426876
58.125694559412715
59.62191333680434
60.1759225847391
60.041847145095744
59.04706159453901
60.066967250423566
61.584150155412296
61.219812381577974
61.480977503270736
60.60988117266012
63.53185287365422
60.39279062081032
60.073472711238665
60.14454240534515
61.44917646098215
58.74297587151822
60.62717054074203
60.04873369201181
58.41204874572486
61.4230398387437
58.79272266945931
57.171654354548764
60.906788360315915
57.97086463774429
58.23479299617492
59.84735146221529
61.560532261961356
58.732250449895304
57.50347825791666
58.92848588082828
58.28702843265937
55.99067888244938
59.04446012733092
58.12513616302842
58.59938076965042
59.359411582553236
59.06083975445288
58.85193495318991
60.19072706462497
59.34446677076446
58.97612438597887
57.888470708755555
58.13622993955209
61.178644690421024
59.49797217930373
61.07087432978251
60.178550717955346
60.2030713536492
57.22725933169375
59.10493266998883
59.10528428890179
57.69245102716961
57.92034850566071
57.55098853148009
58.301711130247675
58.169350354486326
60.00053137602851
58.6916671722295
57.76047032819676
61.081377880420234
58.03174020239259
58.832160267864374
58.96737940015091
59.58496538362091
57.65607995897017
60.32247879372517
60.128023747341125
58.57049513038803
60.11440667285902
58.800348110783105
59.33141687848311
59.0306153294017
58.92714034888312
60.968680297930895
58.4038233340423
56.84626727230034
57.60566140017818
58.097570231065475
58.313154271059155
57.40391038465522
59.12508163372204
58.29708557201397
60.24415161733554
58.91850585628599
60.43934348650224
58.85835017624984
58.80162452182016
57.15213167209794
57.70543861478775
59.17646100753041
58.413320974856745
58.15348460924457
58.960482141313214
57.312832219851664
58.83058883776919
59.81718554664093
58.40058008360978
60.25357321596818
59.036867584546705
57.46549520444755
59.13163464040543
61.35702216211617
60.209110824697945
59.26772240936658
60.49288257533888
57.52877570807601
58.897521232146715
58.59200248729942
59.32508111552874
59.044070712620254
59.53952427577511
58.988242450440495
60.214602706482125
59.689462312902236
58.73811259079837
59.28588725306427
60.44676346754377
58.48529277439983
59.53236852537026
58.96156272429136
59.36715286350871
58.39930489778058
59.039265168353765
59.72972844184371
57.165401251553305
59.30515034268403
58.62805722611468
58.99271892450836
59.51721900031346
60.17409819981527
58.07166096522743
59.16087174178885
57.78298365105376
57.824192083780524
58.97210741246707
58.14246372410714
59.44570582672408
58.609670430302096
60.68043870378367
58.45190933106727
60.395782551625416
61.2674764973988
58.9297196883909
57.880400035001465
57.55137972414813
60.90889161672847
59.94993816928658
58.35142464326161
58.15553437595005
60.750697523805776
59.816191447043465
58.38672668188539
58.55228162547395
60.268008600042506
58.15376232856752
59.4713308098831
58.90339475873362
57.850331130987804
58.50061371881085
60.630470363735206
59.3373783571045
58.72368113221581
58.71575764343931
58.35090775443068
58.751586687159346
59.85270148217179
58.70109383658033
60.061765932683
60.8214361930698
59.06235542067094
59.86010965068067
58.212603377299004
58.628088035447256
58.10629280621344
58.68043410222019
60.44500855607117
58.55032972054962
57.23821626466341
58.171077101652266
58.63060776970551
58.30905383803035
58.93012974621837
59.076216699723346
58.319929366293934
58.29167121947634
58.71448534919013
58.790869136369295
59.14088260698575
56.7642406179416
57.70119199001878
57.87919313581567
58.916954841433565
58.02130497720149
60.92961080804364
58.60142774461266
59.55988712686192
57.68910970383071
59.770963860255364
58.682157808432514
57.856315373689725
59.96706595776713
59.19341409981357
57.89377528683384
59.51729127787854
58.84952358569308
59.00000141632223
58.88876334412996
59.49868605306617
58.96322751241512
58.88164192012502
60.69630550718558
58.33380184204817
58.715283904494065
60.882824791726414
59.48814660974696
60.81695372858916
60.463110366340736
59.304051148571254
57.944941863889525
60.623234028737585
59.92660634479434
59.59367837220887
57.8146110910929
60.25175946137197
58.42967047715372
56.83660981342657
60.427040054111295
57.707788831465805
59.45713020882737
59.2903836870065
57.994508045590266
58.51220020203924
59.38694650038044
58.809076667458996
58.71697752424575
59.164043628986526
58.85400713134027
57.36386320632072
57.16530175157231
57.96916497608343
59.072857521514905
58.39934924659151
59.72632619563296
59.94686506218035
60.72373490664868
59.63269338772291
59.13662245237293
59.71438975927156
59.82823475051817
59.64000645795113
59.24750442915272
58.91242840432193
58.97458758299175
59.43871700195775
59.72098260353452
59.9931548876049
57.59943792262094
58.4689738351187
59.16635311914085
57.900166006404454
59.19397901358736
56.88150783632134
59.51762113872135
59.31245475048303
58.85802795687449
59.44778552293869
58.43226168980989
57.470779412074606
57.96803899739832
59.222475887485814
57.62138379094468
59.14684787970913
58.39382568196438
57.83443696472695
59.61051713669637
58.722901281927214
58.77376135536615
59.39734699734916
59.72859839969831
61.11540976602827
58.797675599808244
59.27740032774187
58.736525600959816
58.24821982101344
58.61001746744761
57.9492685208544
58.08769503758729
59.47015063878968
59.850181486138354
58.63307945037215
59.130159310778865
59.56900373372979
59.25896692929911
60.379319709696084
61.152913524788765
56.85885013444261
59.04620061744794
60.207422615963196
59.797519281364956
59.61741129624728
61.022802524379514
58.12553847241361
57.01262999948387
58.57296867528564
58.82325664979022
57.21986435319868
58.70537096349577
57.85564486162734
57.53531516912547
57.030496510606824
57.87081666923671
57.49542217772503
57.870491927394234
58.49088606365249
59.005403213790466
58.44705475857768
57.76388246803277
58.43922233879371
57.34437817029109
59.04784911334225
59.68590292596446
57.824299133918
58.105968577534185
59.83349692377591
59.29361087544395
58.948170845199776
58.2006196189951
57.38740432664216
57.53779653102067
57.87473196192084
57.82246972071886
59.00335595241599
58.472817009914216
58.27160941744367
58.05579444654546
59.42390607911113
59.81460092721692
59.51411784821258
61.11494621670429
57.571355302079155
59.72862644672026
61.574256066716096
61.25765735884075
59.95052065919277
59.80840963345845
59.04057921068326
58.306346377753016
58.05321951507751
58.76012128806149
58.658979196898166
59.46560789784237
60.44349611490636
60.3303901969678
61.84378807985494
60.03153401456315
60.09101025288397
61.871868708002566
59.93873007222791
58.61392780456954
57.577727488603394
57.44479213119521
58.12274082546768
58.06054678610111
58.530516422881625
57.678328796799796
59.18815057155998
58.4315037865749
57.2843058920608
58.357551624425824
57.58019730538574
59.563550903843094
59.210055764252175
58.95389885713839
59.26637900499827
58.78279863295178
59.89401987145278
57.41677907444208
58.57435759343974
57.432635865353134
57.800001932320775
59.47963498628071
51.73840558164537
65.37280264328147
68.07943410271753
65.1757779690619
63.807700554000675
64.61852129088169
63.65781961316692
61.015453993771644
62.63346052779794
61.80752862117564
61.47909698207705
62.87121395653685
60.92291344102936
61.51230382647019
60.11257208819695
59.72308434398914
57.94668249748238
59.73907581447351
60.10207038920596
60.43303032758434
57.593627477984136
59.0196178310838
60.124276341320645
59.84131528146785
56.90586776990039
57.686103683444145
60.12250768514612
57.74403563674318
60.12837140570133
59.16000816599232
58.76216338703173
60.59809604937666
59.04134822228347
61.053020084104844
61.24156007048594
59.54403930959145
59.86558733125626
58.24959178695874
58.412014427406866
59.48401402041467
58.028927205775965
58.75837039570392
58.00072279552688
57.60157446869071
59.72157952128078
59.322157910127515
58.52065160793584
58.725486349919244
60.06665153913708
58.82060422590341
59.16325052987686
58.708567998723055
61.6736602997013
58.15840592810882
57.25297403927927
59.0130666736684
58.02134184651937
57.96595622338042
60.366523911505475
59.76391381819915
57.29100840703472
57.818895849387246
57.93797014933582
58.15565566954614
57.840390579046435
58.67322470862651
56.705889821812214
58.549882097094944
57.858421004504926
57.189936800330926
58.02915472389463
58.480862603544395
57.13840151189083
59.16158963452433
58.577302258861074
58.49937267633092
59.069908859334134
59.29633488218412
58.41892505884974
58.42249545323658
58.39670405915963
59.29385919246763
59.56901949565008
59.12116206636936
58.60496152420163
59.20924707097915
57.52683303066099
58.30524509042607
57.82200679208265
57.428444636846145
58.01873971692949
58.222046331615076
58.69814982337188
61.524275765956844
58.16149585673964
57.51656709427736
59.00169623258496
58.390307242134966
58.74521611330984
58.274871342638555
58.30191396115768
57.80112733472613
60.529539061294166
58.045447000268325
58.04319334311478
59.47169259466214
59.4121530417441
59.053029570665785
59.60648650862702
58.508556792561976
60.88697876619602
58.13641871291675
58.959105749433164
58.1884582093941
59.37790490666079
59.38708954125321
57.01806770021058
58.508031228170786
58.684709631378375
59.21658933610979
60.33143771845811
60.2384759607573
60.88128313005336
60.39612139588321
60.367645146332094
59.70619151541165
60.56502830662921
60.654190130661135
59.41488239734959
60.153618795424336
58.39177085842247
57.01685435951306
56.95100398870343
57.50519815752279
57.84156212538139
58.47151536249132
58.80437182068551
59.335485388111344
59.49278189767668
59.8530523919018
58.88140705676587
56.66895688205603
60.55846287844542
62.51386925656312
59.247533395739175
60.30979831125978
59.570486116105705
58.79464951880794
59.28225724538915
59.30146954009497
60.04597276869292
59.51521881414564
58.342014560664126
58.551015144250925
59.7273000284368
59.15206800483156
58.64647468034958
58.86220179775946
57.66525933754451
57.35137978241501
59.97333814977574
60.06391237647826
59.152509925167294
59.07609366380488
57.604069646752556
57.42957621769525
57.35656575075976
57.75559572152197
57.59053053476884
59.05511075928257
57.27166683080206
58.99576049973293
58.44629541321917
57.45698555955785
58.17823936471181
59.221024059841945
58.28573463332793
57.6271563724266
58.374607786907994
59.00471606074636
57.42712146767915
57.95363636767957
57.78199034218329
57.03890994014513
57.0036941590195
56.236591185637536
57.35651230064437
58.31418047292102
57.34113971337749
57.16550353301178
59.99550322699665
57.30777335316396
57.12050791770902
58.08379921812008
58.27408806410321
57.44286528849636
59.57873741477386
59.539551150263634
60.791967902568
61.33593833668472
56.61348193960811
58.12036149909188
57.758826511692924
57.934965180789824
56.956911934022955
57.440911697955606
58.52637891880606
56.64192482147527
59.39269116977934
58.269393652123654
58.96063319699053
60.180700198416346
59.88319697351701
60.75390905339598
59.15134378281973
59.37193779107166
61.331190777848185
60.556131783412475
57.29275911435405
58.075184390444704
57.451951368097
57.31433662350203
56.643895608112274
57.11757044879914
56.49567862269062
57.80891996349079
58.418347996565245
56.40478818161571
58.703362591915166
57.832376555499486
57.036143303689016
57.012675629952604
59.07427042697229
57.319759341195706
58.289919592955954
57.690130405652866
57.19668511176832
59.40274222313621
57.94253232268644
57.22998942342543
57.20669503669442
57.165951904545366
60.41307267143169
59.48199760280029
59.11527038597227
59.62523017731298
59.81882115120232
59.443670569227486
60.57534079629081
60.58969956521632
58.723091520018954
58.81294419527581
59.486304208411056
59.57553791103743
60.0374414691268
58.16102131131699
57.168677662125575
58.234382527271684
57.54108573144172
58.218078695171144
56.670379715798056
57.809366665992336
58.68905446481005
57.41080689209794
58.121435454150415
57.38409619366602
58.17851220577621
57.913386412052766
57.538299834683556
57.63221252021464
57.549801203956555
58.11510159355991
58.36271449368587
61.10206185296396
58.53168778687113
59.34657051920876
58.662488957760196
58.64998340401503
58.49575717249558
58.97394499248005
58.11501751340133
58.643492595917834
58.014409572394314
57.81748663097755
57.24302836978881
56.871714805010924
57.97032002595632
57.75104636182505
59.57879344709416
56.931295938388885
57.32629284234917
57.588818347722736
57.19403508966427
58.19117715045935
58.58856360862868
56.99235814044585
57.419498758099124
57.24739038064215
57.30986884405566
58.598263465306424
58.83109262300566
57.74996689433516
57.94718064466777
57.9492509618934
59.806654909723655
57.33679585981101
57.26488520822713
59.24654795354789
58.649283412802745
58.011227590446886
58.878210509747795
59.47480128161384
57.90520760039507
58.41516431214755
57.711527316637806
46.711111895798496
67.97306399939646
68.67193356658694
58.19141832614306
63.34262681750202
61.92993818901642
65.61020404268459
59.87853412869812
52.24852167811128
65.6395788198184
64.51059298540994
65.1661454521202
61.716828987728746
63.010423480307125
59.52636365909198
60.34632123585096
60.96546328544176
58.85561734556928
59.79350590841314
58.34433875078732
59.036621450134156
59.48488297834954
58.09194469090191
58.57610656202666
58.520528812536085
58.02869176783423
60.25712440512993
57.818399532889856
57.865228184716926
58.10174958439731
57.71318200354235
58.90755201372116
59.595676823700344
58.83925064083012
58.092418751208335
57.37965213692425
57.756134082974604
57.30652292548506
57.1246641636229
57.09836775748412
57.82981215209114
56.758982732290235
56.90544138568366
59.124304087238535
57.91574377754536
58.366566173930785
59.744048766007744
49.83425347431648
63.906789062714196
65.87900121200597
59.12788390075815
64.55174387418462
64.65524691542346
62.31046269971701
61.12534860288563
62.27439124459606
61.51503176776816
59.75705911216444
61.01432255730197
59.49708235944228
60.75563919061031
58.39615785327127
60.77304502695107
59.02792757081333
58.49527221042538
58.288981296464264
59.097475643569524
58.41156814860487
58.98763162695771
57.9942416667295
59.59154643980261
58.01536342648293
58.13118208510228
59.96744350776089
57.91193643223376
59.878251333686514
57.27214311475204
58.36835099353949
57.58614671844645
59.19072328678897
58.38227318979207
58.76195017010521
59.2655303544073
57.27678134268762
57.959630340443766
56.657956917407134
59.56794738023881
57.375356915497434
58.21341538350515
57.5164783476054
56.90770989986533
58.71430246419945
57.66891902054548
57.46619240015544
59.02340339355793
59.43781205369708
57.78775899303271
60.27648799974863
58.91538413027794
56.828937010322754
58.13489941182107
58.80499705100761
58.90969260003538
58.41813629405996
58.029164389899634
57.99658237133499
57.877673736756414
58.58363741455992
56.767125571033986
57.92441889952615
58.448531264046835
57.03504281370746
57.35100644449505
57.532742911346915
58.616691656494034
58.37402641430293
57.10340307608418
57.0512629994678
57.67409380444139
57.2312870714412
57.080870731068906
57.911531796843704
58.80523293565967
57.772465777784475
57.018177134222405
57.58991550442489
57.29027745156538
58.59565189201749
59.96214311313906
51.50434544979833
64.23682417182023
65.40019867709275
60.84464513184604
63.04893976025074
62.24025060905989
58.59206234022986
59.75494748837731
60.58953730348222
59.43681397473994
61.93239071097664
59.43428176040749
60.04779501195706
59.59691338085401
60.72940481503327
58.51587201542607
59.526624060750635
59.24800841768702
59.28886836257768
58.70423326610116
59.78487795123283
58.40844503658582
60.170980713583184
58.367326317425125
59.91621167132478
58.56560540535178
59.636140258167046
60.686763401161215
58.287705907035786
57.63889271045442
57.80997247150865
56.77797478363507
58.242386249307074
56.64502188233662
58.156092805212936
60.76534329933796
56.93539460357968
58.88879947450535
57.231435317382896
57.59683528654132
57.74031057246102
57.32341423049261
57.74626854848329
57.566450730274354
58.241754424432976
58.4361552287568
58.23249152201716
57.64704952892897
58.666440339407124
57.081591978263106
57.46877025374482
57.90143634970911
58.6289347102327
58.28452076900736
56.88093463903566
57.60772316160718
58.45248632445564
57.409259098789065
59.344841163356776
57.74679553985177
58.302413580987086
57.832772321427235
58.22715987362084
57.27813535663072
56.98231331600418
57.86408710837746
57.73440819327834
57.68873928272042
57.837107839594516
57.73804824844305
57.68191021999351
57.775768375464565
58.47598791021126
58.690816639711066
59.216943347356555
58.35056456965936
57.60625104467086
59.07979104989529
57.21685176292877
58.439804768310566
57.94726644520818
58.7929574804768
57.54587917735638
57.43398152332318
58.36826098731607
58.20459633657285
58.31409641084408
57.583702528698886
58.44648479636092
58.11955490466787
57.715926880913464
56.71032372246242
56.459915456553624
58.38715748290691
57.05551912603807
58.37986714168294
57.98687116601709
56.89023578864713
57.59933500500952
57.67091344790922
58.094934254032
57.145142915461314
57.252837343455184
57.20360189640323
57.80376744659885
56.87757964756747
57.831288820161575
59.269305773909906
58.57397492968381
58.996977982483
60.358162235345006
58.42609310508752
57.22599356096229
58.0203431518132
57.19635480217965
57.91881816199002
56.67187295099162
57.40309712436107
56.83402636875795
58.611182763011996
57.61992353448162
57.761040282701195
58.672963720376536
57.84998861418681
56.39786765667841
57.69263705293751
56.66217715781575
57.491022258907925
57.97541011929412
56.963775222532306
57.96776362836438
58.19269478143415
58.344108963658094
58.48864453958546
57.297299027849284
58.191906650756664
58.090925540672146
57.233748019107416
58.721999689715894
58.63917398900363
57.703844882675355
58.09177303869206
56.708316413308964
57.33994728008179
57.851338658351125
58.165805941338256
56.89475189708157
59.216376547302424
57.7083335192539
56.79445763092489
57.901983183624786
57.518680176920405
57.47518786679521
58.152555345266244
59.08377211909847
57.1192925512524
57.345147157604245
57.61831320536648
58.96273227661153
58.278032773923144
58.23563511442222
58.78364934040964
57.562338429521134
57.72569593428444
57.516919303502334
56.67044838984206
56.337780371018106
57.52769424848172
57.21973248560458
56.55416115941531
57.469991285339766
57.134186948887915
59.38792718588193
58.617930746702385
