191.5542719228949
194.13511150939757
182.27974566159048
170.13381497130416
141.53547618633198
136.33756545547558
132.61984787251137
122.88669071534623
133.5994547567892
123.83120115896851
125.06888811007855
126.29848994393149
127.0743261696172
121.64826611026554
121.02295689246311
129.45489465795313
129.8430620343775
113.17870382283516
112.63898742642698
118.99471193799894
118.62845750679764
112.19051525159406
112.07157328818654
109.79983322626717
109.17612873470316
108.6387161327239
110.38883804911777
106.87792199441097
106.83445384415913
117.45767912749936
108.89637006918929
103.62649113964649
106.73285599454655
112.03378836328575
107.75914334132085
106.05654192460516
108.75392802260103
110.52597391127037
105.97886146159689
98.74680485151704
101.01629312275553
107.29538923113542
97.88661059332604
97.71887164358206
91.75107229852827
100.73422764287021
88.86060821644129
86.56090013687819
88.51839508273152
91.58482393892915
92.03132438056753
78.92839728330274
82.31109113693039
91.1915082551597
83.8651202874749
83.04028684414578
88.05334251303633
88.72842210172958
78.11161615284053
80.82428007515804
83.12487430894907
79.81688647386258
78.99181068682697
82.97378548745053
80.49928531135693
77.75330713673925
84.55329292116319
84.5074124807286
81.95358181720367
80.76001319755503
76.83639856432131
80.37441062583778
85.19665730788111
71.04282835213364
70.21519181675903
83.39879531380288
74.33694090500094
80.47087744615678
84.06359712450148
81.86628113696274
81.54258067268512
75.06494457308135
78.86932426974299
72.90650993358429
80.14707987160692
77.55482483976377
74.56558390601406
73.18104564615345
76.1003480038573
73.50748222657279
77.35816294553862
82.60580572195762
81.33187043716687
68.31598888773718
76.12156837257851
76.56521720564861
77.21910479117896
70.31995959233257
76.5160993830912
70.02327051223287
75.24537027972583
76.81311993945623
72.23105032625699
73.69482173514015
73.79634530029803
77.94454954233466
76.08690064901776
71.26483794661728
73.87854456057121
72.89302483776781
70.66687819558659
75.95389079746222
82.27841915692406
75.88856492274802
73.9106504743078
78.38192917802316
80.26802424268263
78.54627391407448
77.16297864608774
79.62487247844825
75.08031314190052
78.35967565696683
76.4045065455851
79.51596416857396
72.34195005116214
74.37867903336321
73.7522969860208
71.82821954582013
73.25446146376913
74.34248521941363
76.53524978364003
73.88026341411422
78.43983135214086
74.71463015216358
81.15389496192176
74.79489491496626
76.18921898434907
78.94434469008455
77.31307722224297
73.04207145400208
73.07712477394392
81.6937573611594
78.73794323281308
71.28604230364485
76.56879921653221
73.7528053898667
79.5508875681136
77.17412844966756
69.78077281260657
75.53523945871788
73.2043478492807
75.54043778597723
76.47158990740564
72.25392636529641
74.83881654260642
70.20530983039308
75.03379800119637
75.31739170271975
72.56387282351247
76.01643973213177
68.12652366858072
73.03007280196171
73.543874060279
72.11088227700535
75.16713106454084
66.62268944650606
69.30909876896956
76.79587330258153
73.3558778758902
70.32585562034578
74.68927409012117
70.51840827789448
74.22630987247906
72.88766553154557
75.30415119215368
75.20097155974376
74.78083613192685
74.18684334192343
71.79998785831793
74.49027372967466
72.12302691464764
71.34017826901214
71.23507875361534
71.93495547514308
74.75972838603698
66.84187021977691
68.79904403923679
69.28306995988818
72.32095457232548
69.38645345277547
57.090967634229244
67.8274900132726
84.51048573999306
76.62901534972625
71.5165296111892
70.14189518043923
76.16873164411902
75.41354349143433
73.72750748315751
78.21792996994816
74.48818522095885
81.15209076812008
70.91717992950323
77.11948285849601
74.35288631715301
75.40558478366661
76.112453785883
68.00675892898505
80.31083175601698
75.80392111433989
71.61333476876811
75.39198655049832
79.42822879535757
76.52235833568781
72.42038635644076
76.33935586119443
71.27693223554994
75.80499759079143
70.91929931335127
76.17333271398833
72.41104828076229
77.386472948813
73.15763510780997
68.38889728439112
71.50866690248642
75.37202072181772
76.12643053226171
71.60106754593694
73.51367193520834
77.17610976699109
73.66241125634524
73.77047533178558
75.6655243858026
81.96045610172845
72.96493321779646
74.72858262889393
72.48512535774327
71.46918147665994
77.7669591171886
73.40127493890131
76.29459697636501
67.14730251602181
77.01779448558301
72.35602399435083
72.23526826830886
68.19567455409056
68.42822525133931
69.64528511756997
67.2796694508259
70.36436027152176
72.30838722626409
72.50526233611372
76.17328344357706
77.54862446797543
74.34414446005485
72.60376699350951
78.22142889011566
77.01019546059993
70.55357709593551
75.26660609276159
81.56217392723242
76.64399517589825
75.3185407407501
69.11994135667261
75.16673486036221
77.61635321757007
73.10986670600845
75.01151064952073
75.41326751949568
77.51562990317092
70.9072678636459
73.80125080269917
78.96188471319591
79.85532267570171
72.33946068833062
83.13333219636257
73.79570964785233
68.57076851365649
75.69621203036259
79.83700315548788
72.04778439933916
74.23497504018808
79.32571675623302
81.74497803897931
71.54776979199531
67.09405849713909
76.49685111585741
81.89414975811884
81.06822359406226
71.83831947682413
72.32893812861624
76.33721821254697
77.23175530670713
77.16878442062475
78.04971931754
73.6655741527938
77.86066549049885
74.60453563314542
77.82700147486679
79.00827436991325
76.37566981696929
77.0790780837724
78.04524512138774
76.34163178330469
77.07155839303816
70.063365514661
76.24893999686164
82.39898637493017
79.68072217988066
72.94599259000903
71.69863827584896
79.7875361331319
80.83382954808121
74.70026914874002
70.45595327519871
75.31825058821336
83.53680099028753
73.32328395800604
66.56517004197136
72.61300916559152
82.0710529754127
75.98660101883533
62.298178023097954
72.78520463468571
83.89888590358707
81.27689093102343
66.99861801038087
70.65040504343119
80.37003260207976
84.64984678226017
66.35750806012166
79.10119546315136
74.65580133704555
81.60413432618115
78.08670069868006
76.68534416097604
74.50966145711865
75.26940440470372
71.5821395854949
83.43612212723255
82.80782699138237
76.51177554795684
77.88341690956668
80.0369462340619
76.51541146352879
71.4073686075437
72.79331602503649
70.50566159907038
78.88734338516561
72.86248940738929
74.4355151343728
73.51652698842427
74.72346747818983
73.6573572429285
80.56472543822242
80.06821192572299
71.61497744661224
78.48903482373535
72.84503699447954
84.34728108814613
75.03015228391565
76.57876250664506
75.82963523687302
80.93822007120758
73.53789148309374
76.92532682773113
67.85561860697614
79.15931381881273
72.76362630324822
71.92336298755329
73.93138511308193
75.53627332812631
77.77512523569902
71.56838898489502
68.3420663820772
80.35941612113929
73.59129295540797
70.91595985775382
72.34440383235119
77.941414542519
81.83090074260416
71.80997134616997
70.47612899157178
72.20357378042334
79.8099890825404
70.64964096102327
73.98477729672906
66.96766897863921
69.96797742619276
70.8480260925203
71.25944881116908
70.95707618405311
70.55181278550046
69.54254555419521
69.85950162464569
73.5676267409042
70.32672832761577
71.80716293430895
73.25644696378664
72.53567172016503
72.49531303990565
71.42506056794574
76.74492028471947
79.06124785537786
74.39994248667173
73.81968799722951
74.41762924705782
81.6254024923415
76.25803406927236
74.0170074198788
72.5457557755448
72.3802639324442
77.19651705709717
75.37064337052053
73.60784564127749
73.85104848029047
76.35251941419578
74.80736955587872
72.35643308777173
73.88849345607626
76.08397873874334
73.08123202807285
76.7961498040712
76.59093803672336
78.86641261820685
72.49608143946183
70.42718972292734
72.51565543208596
75.23683635073112
72.91406493376103
64.47398851273856
72.98963720220263
73.56330817145076
79.45867255682519
70.23245505107066
73.63608372482877
75.99593440028511
72.38214676354295
68.86176221180635
73.62402298685302
71.24176214623445
68.18459963094907
69.56473812989147
73.84719265748704
73.14844884166651
72.80185661978953
72.26965984362158
69.89148893112504
75.79614795477795
69.80700199623338
69.81752172990235
71.63855424693784
75.87749386720382
76.17423735129074
71.50978960879334
65.81142415923857
75.3303527532094
81.98024137169926
68.78181582307224
64.0772640844485
72.66689695701368
70.02894258872367
72.58305869728245
70.73334613951502
68.2399781431193
71.92951788668537
74.91998668378919
70.96435249359803
71.46729341429996
68.13200930348478
73.60668080321143
69.49022456478416
69.34759235471618
69.13248262828124
75.05261488022258
76.79607745904441
72.603278175275
76.00661210759925
69.00001911288169
72.55098629531054
70.33040730554363
74.2301066303362
76.82688899560426
68.41997815056578
66.60599749050293
74.92823080838852
76.78502621305637
68.29239946205716
68.26290552943817
69.95322487703527
76.81264462605941
66.2302088581073
72.31111981595582
69.87333611628794
69.9643660325101
75.93915751672189
70.749248010281
69.5359210567954
66.4044810935153
74.11474169825112
76.41988219775074
68.03251267482209
68.90211154936617
75.35489193130748
73.90954432365741
66.31844694849975
70.7289786611129
67.04916340468553
75.44383068951342
68.25440651789808
64.0755660937965
71.9744639259729
75.38300137807114
70.4287801264635
64.80777272900455
73.99204550237883
71.83344881700066
74.54425508932925
72.79740165690932
65.32903655762124
68.83515828415045
71.5099497897277
67.92370696252152
71.97708970228528
63.937806901941315
67.98446513977639
68.37599464183215
71.31613253677182
66.475050901132
67.14902234721745
71.12822444202892
69.36374160546659
66.29356012077344
64.72913636203195
70.95254229043584
72.94858460538865
77.29808751217725
64.89581809734653
67.74372243369451
67.45633308664951
73.58630145009195
63.86621481320816
68.81819354996719
71.93414784459702
71.0816081774369
62.53496824435263
68.21101759349888
71.53026301068658
68.90025660728885
64.42313053471491
68.6806208102492
68.8990484051178
75.88523500863352
67.58515335729106
65.7193528702261
69.72769034772168
69.6297903883653
66.80362077368703
71.18475961212263
66.66670681169417
65.17354718705026
63.74745955987884
67.59910645968043
68.9815251085941
68.39901597802495
70.91298979989625
71.62367942484731
63.67635892547411
69.53609660530174
66.46142553765769
66.33459435601794
66.96275136035189
66.39838464059703
69.46543938119335
66.78558644304167
69.48893006234894
69.18493095117975
68.79842750815433
65.4717991535557
61.05557019787018
67.0750376716008
68.64671640349647
64.67871283188683
66.19820067674809
73.35258594781325
71.47722670552932
65.27563555164602
67.50070518975386
75.67249845049399
66.5002351199918
69.12640410036136
63.97657124844233
75.6966778469535
66.91732067330366
65.48824976849974
63.506538169350534
71.76061028971547
73.50708758106951
62.64526842098387
62.53707472721837
67.18927330802126
70.06842333883266
68.38490324290026
68.08507197289738
69.84465575634991
73.20114969873458
66.26093952748535
69.15719701797158
69.11224288095015
72.67585229184708
72.2192267099305
70.4598561582585
67.18430602046786
65.5010217214777
61.584140707060726
66.0522384634771
65.92003316237634
64.6978908767005
62.17278161568038
70.81100032226773
64.95438417521692
66.36957848839563
62.97202311984152
65.83977846871547
64.64349433723841
65.98193039308725
62.60246017773091
62.088345879536625
66.04325288736821
68.08112066753367
65.27603104999686
66.82591168978124
70.73345758560043
65.86353993507586
66.2724467197234
65.40495145705994
68.88695935591628
69.91191397495516
71.50243664476866
72.07596631470962
67.69297790133433
69.1355541525718
70.9943617875331
72.09607211797183
68.81147607447356
66.86787784572594
68.8880398506024
70.46672211905862
64.47395677947021
63.41882013493282
65.98638857769167
63.88663714382983
60.665068662933926
64.08655686837574
62.93361047091614
69.58779401874048
70.11349824827349
63.50936535207771
67.67275312583217
74.51049191088394
71.60179710035737
67.2167562626377
69.57361444322014
71.06287551887313
70.77482441285474
68.50294592415453
72.98226537797052
73.54154588959868
71.83081244420606
71.15165106125527
63.4943076720373
67.43544939600115
67.50587150174815
72.07903120785458
70.21458510659585
66.7291130062055
67.74607874350363
69.85219995260421
70.84072179616997
76.457686856144
71.64323367913096
66.4589026393355
70.66199309652366
70.09186473479626
68.55564987961716
68.65827061906572
70.17771037890246
71.05150995581849
69.44329405379357
65.10353348222337
63.339225581859026
72.02118472088034
72.62751013401058
63.1135456718539
66.14940140219097
70.26966885178354
68.7196622506273
64.1362164381481
69.70858174019806
77.76099768781661
70.82559150050953
64.03311171221138
70.83902985659596
72.77915241014877
71.0227459994392
69.65511199515477
65.8733107319366
66.5228779176873
66.15829029804463
67.58831867239219
64.95070491713857
64.44099024706031
63.20501977988599
66.75586789693867
71.76886559702193
64.92740995700288
63.697837429334385
58.29259878011949
62.07316884629946
72.5566091983549
70.71809250694236
62.72628229512256
70.61411554653495
66.7560715705298
70.73245541929829
72.15474017884597
70.1429099989474
76.89160879918569
72.84720269407828
69.03327250781831
64.73438712330096
66.9140742172146
66.7335082669407
67.57326621533382
69.63653267979801
65.23716312116899
65.0899798016523
71.95081369883033
70.88089434568455
69.25766894297189
64.6563284237279
70.24698045179842
65.52449387541823
71.05776280609118
69.46496323780192
65.76797628844011
64.77487537538087
65.77484628959753
63.16666469690683
63.37985140747606
65.01175226435073
65.82313663773832
67.13724167023518
72.23158047549798
67.97078202681216
66.18938318256988
69.19884939997604
66.04359763200505
67.33733927955603
66.1693423948504
71.72118288834574
70.48851718360046
73.61555843064949
64.00890020310185
68.14479535473458
67.46932826999038
62.990878491976666
66.09085153520117
70.96023452673651
63.87549127256571
65.23460480971748
63.9392156399918
70.5514655471895
67.04244292405012
61.927771491926684
66.28223493376576
67.93227515701989
65.09924621415477
66.64864614558175
72.3366711928526
73.29259332540606
69.9360504084881
70.69665663070515
67.64480427263287
67.91329059511975
67.14798443556569
73.1374141285475
67.02324442591436
69.81749314065569
71.09928636839273
71.35447522886788
68.2386406782417
69.13662354216677
74.58778805669346
72.94370814565558
69.8217484128954
74.1464676865737
77.2890473315966
68.41894369217853
60.99428749522272
69.07792896228301
70.25022455860426
67.62974155972883
66.83430070527896
67.21981062443976
65.78079489705942
64.89668719797842
63.82849786048669
65.66846956312168
68.71334562834947
64.64663899079738
64.71854922661392
65.95943995483229
65.65745989225849
68.32469204564082
67.50438205862098
66.29877847582627
64.76135848474925
64.80592287094582
63.70848599361181
66.13585054622777
69.54008601866927
68.56445572081522
62.896329029514305
60.44750091450491
66.43246748565178
68.16115144950795
68.08244615837641
67.17258974644557
66.33420101418183
67.43412986899743
69.5143829842298
65.59047620876221
70.32400710976316
69.62779018042019
68.06294323456184
67.45574022246939
69.96703814005856
67.78727716915462
65.92420714189927
64.46391866250056
68.02040900736979
62.82855408736333
66.6120043733338
69.03294884587476
59.90133646766335
59.027322844822905
62.48353377506797
66.51598002986746
65.8339295242643
66.853761693705
63.678305952211346
63.69117301145303
61.21802357055708
68.18705590448207
66.37815820843981
62.39227307923791
63.069835439505276
62.625644540301565
59.84442439604699
57.98497358099199
61.87727145469882
60.322975377471664
60.35991366859418
61.705192903692115
68.91842174915456
65.86285583893203
65.86306193751714
65.64529916194488
69.55344088334782
61.81103481599546
62.57121541975562
64.51891869303634
61.07235117629396
62.06525174764678
60.8012924789269
66.86247108462051
63.401392435445956
65.62126607250055
67.33482803391057
69.8116591789908
66.38733667006902
58.64262642371823
60.924070938419355
65.901342681918
65.53135049124643
66.31239515626851
68.61725463240124
59.265724484650164
62.06810075704765
63.644535660202166
58.41289802304
56.97139716421502
59.85416142546542
59.81316412599634
57.875320756882026
60.70471219643943
59.04024840589731
57.11605833072677
60.78054528137611
56.89014394033151
63.104191655069684
63.82395517568938
63.64772708092589
65.84848227303675
67.78933691192275
64.92287547726546
62.118950273252246
63.063425250959355
61.03703796552381
62.86118832397766
61.07047506390041
61.20297846957702
64.01397605334398
60.66277304257703
58.834888638409446
61.914328204777156
65.64979269110064
63.371995897711656
66.04105441133689
56.23573799877091
58.184338520649
59.035583652628404
65.24255489093527
65.421164350595
68.8724140545652
66.61462515307397
64.24186594804516
65.93787433065191
71.56771275823968
72.32231296390636
60.25921528574187
59.98699445736899
63.70672672509713
65.3273005466914
61.55130950628377
66.70229896710283
68.02923062106535
66.58463477733356
67.30478314914576
69.6959394940277
67.16925678075033
66.24893178856338
64.76904280037245
71.58791546245511
70.67725648460463
67.14289184063239
66.9967018270391
67.59362394564081
61.43035596405977
70.08408179145717
66.92857528239176
68.07884648821056
63.830449269677956
63.00178394054543
68.57580036252993
64.93386751826448
59.904256518537096
57.924942587535824
66.36633874395545
68.64548804783963
70.76915353431805
71.106968710819
65.4935414075422
66.09135362510732
61.161783131829544
60.67600387672156
67.18473435587639
64.72142401178141
58.449563512102095
58.275668723237814
63.733906632044125
65.46762628669488
58.80138853267574
60.389454853694005
64.07601882592441
62.86301112875906
60.79877865267833
65.48503671158623
59.91877205371022
62.91559576668691
63.14436787716245
65.81561291249523
70.62353678337341
71.76079932816036
74.64945168893013
68.01982392652313
70.87642235211032
68.47757810504599
69.606682554524
67.92761380983329
66.21879130989255
63.77186417845305
64.8258825612442
63.71912568055155
63.15935805424393
64.36051707472477
66.72803219956474
60.0957259028155
63.666525748631784
66.02525683253504
63.62433281348613
68.15804978160504
65.3707696398494
63.20125635799448
60.07836995809217
63.58321032462765
70.22805721124229
64.82057355233341
59.561455438374225
67.03279304932741
63.52987646593634
62.39002956462101
64.92185540438005
60.88086893600375
64.95238778690016
64.80432478989964
61.390681136678246
63.30519992089379
56.134270021095034
61.042537111246176
62.17600971963131
65.48724082174532
55.63385558697482
65.46746939243305
61.86199052161983
54.59238721630807
59.15876218362116
65.13435064095796
60.4797306628586
57.74351512557867
61.73877267877626
63.836755063270196
56.87404998527181
60.514952710845975
63.714281496135925
64.10762551858794
60.66389298643593
62.664894422878135
57.34982421316207
61.285272813267426
58.27788669799935
58.28023090953506
60.15257802866726
56.540951369744306
57.14747977225139
60.715865095230455
60.72360463415218
59.841692908968746
62.675400288966394
62.6254792439906
62.50933926453581
61.20561160077943
62.886186087742956
64.93702216298676
63.283577833651506
62.96623549915265
61.30074239781152
62.91530360915285
61.62561194336451
61.96675669481787
61.770651198608455
65.33500634068837
61.372287413458146
61.611755670574546
60.30346381960111
61.63124330042287
58.52530687772758
67.52670574668028
69.1757823934949
67.12840238725407
62.13742721184324
63.9652044110636
60.52054264230824
61.24728639725887
61.704233880571195
58.23095445319543
57.548478219689095
55.594954039113084
55.37751723576282
60.53041846313376
55.97700982808876
57.578616512418996
57.51325594242586
56.50173144144328
62.1942950826326
61.1061257826477
55.69182224620515
62.00163341284964
58.95395374456771
57.042792663721364
59.533241207835644
60.82773511369667
59.507542755030755
56.588630001548374
64.37700296840053
69.02901892356658
62.718735043628676
59.244445581715155
60.94439324788362
61.24386557761551
60.77305877876215
61.060616423418324
57.00734461306161
59.38768430444703
56.124582529971796
62.392437861373786
61.718945992516765
58.71145072618645
57.953768507165776
57.808598945689795
59.97868940123292
61.99287908639586
56.78927838016833
57.430436236706036
64.49187811527725
59.154169420882965
53.54725464015138
63.57933429946196
67.85177192813185
62.316390189995246
60.515768648436534
66.66982988104385
71.57192014495935
63.85215220688795
61.506118908995056
65.28278237396427
66.12561362096314
62.563229820809596
62.826684889837416
64.87108086905008
64.36540831066658
59.02682356311994
62.47451761026232
66.65471531451833
58.898553531815324
60.769292643264016
65.32433838954763
65.76473773139696
61.07364006141902
59.8897737848365
62.53356673059403
64.18426809574252
62.39259176731035
69.10938238332399
66.3531314560244
62.498233104982006
66.25855286034583
71.35101161396521
65.37083284526017
67.11655806603814
67.35443432191524
69.737564473491
61.500233293836594
60.71960120429023
65.62963551410212
68.56399277366118
63.56332726040475
59.761553350943466
65.02347213085086
62.1788761289838
60.343247093168145
67.3814373351758
62.92756568688692
62.260668036373374
60.690933373188834
63.90655068723459
65.04261253169682
64.3973688147081
60.001005461469575
61.50143117271318
62.594442315192154
59.870596199260405
63.01062846477025
63.19696020443527
61.08272224394561
59.06524838776958
59.59247064256682
63.04503781939242
63.94217270974481
61.23362285221287
62.624386351113706
64.47265621066434
64.08370309398033
62.859614932701746
61.248642727931355
60.95582482155691
56.08934137612503
61.85054066202264
63.261461179412
62.05532175912603
59.10771459958673
56.88949013991327
68.5190064474358
66.867380010495
65.69111713023071
67.54106353631761
68.2356537593875
67.57119380279529
63.210793765197394
64.25722846088114
63.32412624790481
66.79090278890114
66.02817652069542
62.91821279622465
66.01701408361978
65.96284814418746
68.34594096062177
68.89181643458024
68.32460900086504
70.34966530277616
71.46775306304707
71.8720576260922
69.997270931278
66.39798669474197
62.420704358341254
67.32866997606472
63.32098754905385
61.667272713914365
62.08110708113886
66.17822026597464
59.52572963209692
57.271262887070186
59.665798640778576
61.268653694438875
61.16412728638463
64.11020097286577
65.29314829958103
68.19753955565045
68.75948667845765
69.76842484857154
66.13184352784582
67.49603568438538
60.96132093801417
62.56479089618846
66.48940197695991
64.78812345654711
57.777079834718016
56.03255570957404
60.6995249252266
64.56229078893489
65.6868000845308
60.040533359596104
64.34495895661783
65.08485507997153
66.22560788591848
63.597559503984506
59.11796830890755
63.95604734754763
62.41780333113804
62.754265759283925
57.50721031824939
61.97379054455867
61.189979151691496
57.950363863367144
57.82061920571248
59.94505801545809
65.77163294267433
65.08859201169543
54.84442339878664
57.23532658410529
59.25836531540879
63.97979945052634
61.218334271384904
53.864618291403055
58.498847340622746
67.97945301754862
68.5030676609223
67.14456664950062
64.0494409985723
67.02437221080213
68.1489761179877
67.9908619335607
68.34032208145337
68.11358299418185
67.62435821881348
63.65341606105401
66.91861627603568
67.68013833699816
61.904033308043935
61.421326296525216
60.8184610704939
60.332903528121875
60.60725157514993
56.28687350817956
63.247208986372755
58.02369373336388
63.359780827626125
62.85124211189704
61.16872551514123
56.30367687126818
61.14019199529808
61.36668454850029
64.6297240817587
62.012607394639865
59.21709741268292
58.61969135883679
59.37230121874161
64.27488959519785
62.416009671423446
60.21735527906993
60.68636327680457
61.01131550402615
60.75300799677403
59.894228576389644
61.63061292683726
66.37413807816401
60.16359959639742
61.41024774163543
60.127373558785465
62.075339625377495
58.48950349831203
55.0756185777449
60.884009343745184
59.46681503234018
57.49207828399689
60.24563019831584
58.09086955749681
60.21179924383955
62.060107911275864
57.03712134735253
59.71013823949014
61.91567129241226
63.77029534188352
62.48296355708666
58.904403998252704
61.409291865216176
62.76380270325396
61.07105050335771
62.689073623241
64.81838260211356
66.43551337670661
62.844414783746316
60.22493762429904
60.25239871323656
59.90410611058616
60.18138502311584
59.61551987065664
60.966906017490345
58.75668025324272
61.973277552062065
62.09763928504019
60.530264644271845
57.97666144101208
59.566080186965564
59.178986371508564
59.64679520605405
60.05370971870677
61.38797215222413
62.33695405862262
58.90721069426083
63.72518181444759
63.42794204382933
61.21371250252208
61.523311668557234
65.63335430773999
56.644049960039474
60.90942567252121
63.899255031372874
60.00631736680635
61.11079234328808
61.105678025083364
60.94508859156076
59.56719474775052
59.74808338093018
60.09275571518376
60.96133097785575
56.40336908876997
56.15172634552233
61.0697554756799
59.5108187300275
59.300368341528575
54.04963735927516
60.44113233463446
61.32591727722567
57.17139956129222
53.6349590333146
58.69035202041098
62.280659688016875
63.1808523841639
60.57346540974086
56.10945755369503
56.83377402599428
56.45406357856543
59.03178262594441
57.19734234381136
59.24401364042728
59.28868334840236
59.818831705761205
60.78163792297775
64.60852410562798
57.16490984025901
58.04364500286618
57.49529754191453
63.108766080715924
58.73228885385443
61.26278251147291
65.54449093283463
61.414565198059535
60.68165295241086
60.28458989427461
60.85741467077449
62.316855944603276
61.947067569983155
58.78086215796477
58.351142045779326
63.693442653745514
62.938439018955116
60.485620494931645
59.65093501967808
64.91287816429929
65.28028282010635
64.81441831123475
62.27660728219398
63.507550820660455
61.32500748544371
66.18919244573317
65.67142890369864
66.68318605327462
63.512394618983905
65.11143939313207
60.33339811650815
60.16820273195399
61.140805497327655
57.57891481699357
59.710580873184206
61.44050024204131
66.0777728776793
60.00980935470077
59.73107032150219
63.48997686079082
64.00795961352516
60.23482164581486
60.3158838047879
61.55430219312051
60.33757195533392
58.33332261989122
62.21589505251006
60.62143759566406
61.131978756208774
60.35930863391341
60.0454009037454
59.26297868210395
64.20361113879949
58.13866047683272
53.8885527118562
58.15421016527935
57.31679680671093
55.69620912758389
62.1984908057895
61.428608431978006
57.714289857807906
54.00367222890427
59.190113890690576
64.27911644707275
57.179837774290164
60.712419662367395
60.936093222102464
57.263429502748565
60.1530770780153
60.25606590721576
65.72344726176827
60.28117249127333
61.89311403363981
61.336515125639465
64.65989571142663
62.62578600083296
60.34656662696976
60.77078684863429
61.64353940069912
59.721435800103855
60.044201930870265
63.29481031624173
65.7068704499753
60.828137173489786
61.246524290199865
66.72542933335403
66.62161294172677
66.4284721946887
67.56665900970492
68.75657371932745
64.3263825517414
71.8304031424761
70.27908281448921
68.32076090623943
64.35213507503275
68.1370769752524
63.497587749428604
69.31472564681613
62.05431144313006
64.98344068069223
65.77091002561232
65.16747825070058
66.56062905813869
67.4829328239949
64.53780635422271
67.69996438877179
64.55904380079006
67.54428817463928
68.51430690209105
69.45067944172018
65.56571443188957
67.9536534832851
68.3487104504016
65.89249476948017
69.91626661181746
63.68408438808765
64.327128210261
64.45432206242579
67.95760615846291
69.96978232318664
62.73993288319015
62.73367749406
67.30440299583209
63.32105282407325
62.78026974996493
62.88624535708686
63.66010774103259
66.93839456396914
69.79551243156976
65.04813846205738
72.20298655900615
70.40563857791493
70.10159341772138
69.59333905851398
69.66039235228804
71.9316920454297
68.85294573650285
66.65770028103678
66.19221874130253
61.06400307578656
61.662287949481616
61.55783013173461
60.40949256364723
61.75235454139156
62.28511012092154
60.52576096694225
57.51125411123436
57.335168099643596
57.39738715137642
59.34607289624868
62.65533136598907
58.131124766366085
53.796390710472245
59.349073543278145
58.65553427818306
58.714877938517766
62.088127790579364
58.284279596788764
56.90041087343857
58.01634489771461
63.12314295262071
57.245534345006035
55.54545181937406
56.560048183571816
58.21808668350688
56.3322779065768
54.99988227055977
58.43832658235708
56.9336536946862
57.98375199290704
58.0382341570011
59.48564832434551
61.25896350397471
57.50351926556642
59.10308517133335
57.28341239237801
61.53728805623652
61.72145569474496
61.064439091415935
60.71638335823003
64.85357191327641
62.88808729851546
56.22101530204349
58.81721473260372
58.315559220269385
57.26745182286856
63.0457880977535
61.429200962795534
58.495909530418324
54.98481507723971
57.95891406553765
58.385785807872054
59.634316536355385
57.93988085745082
58.79672222386946
64.30594625028739
61.23896156917912
60.96958579272461
59.24488790448888
60.677235134638046
59.75740905936691
57.596692529311966
58.91524997391646
58.829464674100066
61.80536287160589
64.14237020668772
61.42787362762248
61.409583492798866
59.749251539880625
63.49204952138176
67.15035852982948
62.62078386947604
60.77897780900921
62.84807486513027
59.061104008011824
58.286031189911704
58.42357567156675
57.40979480253018
61.50312103036258
60.15460734731883
62.863179680767225
63.26021913205122
57.75038865029195
58.815149882587995
61.69381401483403
64.77568802633907
61.6462438102398
58.743752029971695
59.233906068529315
59.29617716152632
59.38436229301429
58.80958322771735
61.30359561339284
63.4074662727231
54.14016119331784
61.69644927036379
59.4087562377209
61.46146389556494
64.64641646806871
65.20522050685437
59.747082247227226
59.033359177467474
63.67148275771129
59.48288061836755
58.96884528862699
58.49236067055637
60.8161634549796
60.44098320526984
61.76725527089577
58.298267196417804
60.66335443441643
58.55087111488656
61.46354766378039
61.540568793976696
58.400426112731296
57.07708830257191
58.83610418143687
62.46998357124585
57.585762492258894
57.19849678003226
61.65908318552986
60.13185664027058
56.075393018418566
58.9330379363674
58.19029713342527
59.67569529944214
56.1536205662638
59.721504553355345
55.36305290897114
56.55109835387342
58.38376169856111
62.92544866093807
60.71096357232045
54.401053904587904
58.78069176632886
55.17488922491917
58.70052526925319
55.831876992006215
55.99516182335673
61.11802349051132
57.81667028839164
55.0060614674705
59.51244744132288
61.04234827644339
55.95330548692349
55.741580895226704
57.81334012849905
56.402763610933015
53.335530223834674
54.31666049085435
56.41249628929103
57.778599360471304
55.74466618245749
59.048372566782746
58.11785499125701
55.83873482486518
52.773973927754724
54.946653695377684
55.19222220937691
57.50123404368603
57.262318926946584
56.64532368493309
57.75664166231707
61.32615739053724
59.52043535241228
57.77073160615455
62.02859651830867
58.809253281048115
58.1358005859436
60.13893268880822
61.488126069836284
57.010786895675395
56.83084965496959
55.93777363429868
60.98088470289608
55.11763840030771
57.776514635812234
61.33812101086132
58.71315184498631
56.59289604672507
60.38074174904611
59.63383174844144
61.96277400741574
58.35646205427244
58.773996119753235
59.77340255642766
60.61825046906651
50.15051485846341
51.74164042042588
55.97462683742547
53.81922242242905
56.45459872458261
58.441472684696784
50.92960818394629
52.230458884557926
54.26862509685059
55.33228691167652
56.492033837268394
52.39863502824492
52.63756778274929
54.74607820544165
53.25539429849181
51.427064687002186
50.98859874794263
52.68354438952328
58.05200455150676
55.090682882303696
58.03723227047411
57.404234749281365
57.38827336072809
62.196549957417986
62.190748504452
61.72518353166227
62.65667276021528
64.43337254122129
61.53784581011005
57.28077514766317
61.60919826016481
62.02588737784497
60.664935353914636
57.35977966281873
56.53424879850917
53.55825873219209
55.2938410554364
52.10469437653245
51.277200956569416
51.69550287942121
57.061997174728475
54.32691755294774
52.74490831133192
57.21258025486886
58.36043757626092
57.19195298622503
58.9665676962249
56.30188757728731
54.4326908560079
52.07347788417393
52.94774836381245
53.75542268796064
54.497284353201536
53.175940445944995
55.52529456683098
53.84602611538501
52.61986951288515
53.88497906501412
49.894161737816724
56.16341637264697
57.886678791799625
53.01805049281367
53.8108341965185
50.57068482231274
52.47376578060708
51.954159214099256
51.79469141385616
54.72268822452706
51.412846993212426
52.171508948537415
51.911955284229826
56.66359879225698
56.021242113254374
56.94797740613958
59.51572640486478
51.929342408848555
56.54033552954834
58.686826980171624
58.02267829114622
60.295847396136836
54.49056735721927
53.8783553355325
53.18022337568021
56.17118521700948
55.606341672449744
55.31650644820462
52.18015144824333
57.73578429943709
54.63444009140807
53.81567726545396
54.459413049684116
51.2191469934956
50.654963106629836
54.04191207078618
51.062315868714705
50.69168905435296
53.40379650723718
49.075594569945295
52.56254397890854
54.60324097404234
52.68965794348237
50.07377961800457
55.57692596391635
56.15926976396763
56.157624419702735
57.25805118740279
52.97783790000903
51.15688293834547
56.402973810793554
54.62454759450799
51.31831595974497
52.258689333561016
51.60897082264706
52.135301727570585
53.72169013211358
56.07691046790933
59.576446444704196
56.273338080807335
53.02605858681269
54.11692185729174
58.48031569361712
57.79344834664862
52.195926111766404
56.778101223868276
54.0130501049556
50.37406333096965
58.219544023587034
53.88588733120007
55.039103363347934
55.353144847329204
56.756130183188255
54.43712136955062
54.368462761138005
54.087439908794984
53.39056666498195
53.02487928454143
50.573577986811664
55.808340486346566
54.61389036455865
51.525418457843024
56.051825436284545
58.197596106502495
52.16691713584091
52.27918091301124
54.90748971837795
55.47865233037178
55.42120412087758
58.31489267261914
51.838146584449206
52.53332009532372
54.09623592254069
55.90868829489877
53.897875516960795
51.68531891930198
51.66963445430211
58.850415940930496
56.34512449967093
55.40064059823277
56.224380441459964
57.220756612788975
61.304843835888626
57.31586612143012
55.69796140264694
56.041093505279306
56.30694601528526
57.489663403586526
51.11751398265701
52.41987569483048
54.61527487063695
50.374581565556895
54.94460618312269
56.4893366151715
53.656621380626454
53.016434867611366
52.930632206684066
54.41777386441765
54.2555157650187
55.465985829366275
55.91747669346476
54.50204399054546
50.86517120466282
56.03514211942756
57.215712836979954
55.49921610941422
54.9832542554276
55.082047080019294
50.76305267085016
51.362235109213564
57.573457761359386
55.32777777874178
57.20101466349337
56.31730123294059
55.7228954764439
56.81717582306178
55.45199213645486
56.48510137379015
52.58735021410367
52.30418466087778
52.89956226332095
50.50227483915046
50.0336111971786
51.41447887859399
51.68620904711688
48.30225916302467
52.94757646028458
52.67631083840086
49.02599164654372
51.23841362718965
51.06354379162303
51.07981540167875
51.90888072227489
52.10757181689096
52.4272573288445
50.77697800752272
51.90901093762123
51.51966357350555
53.55344077955063
54.34525018743436
52.155981312623865
56.270791722804496
57.58702121125589
54.287898669951645
54.75289193077755
53.82047249328273
52.6197811190056
50.161653300200236
54.16486814065218
54.82550357540688
53.06339575212887
49.08517927257646
52.683540621286554
53.3108118456597
50.630828143210756
51.869724392547504
54.744265151283564
51.12027445588281
52.48254853490324
54.14875987562721
53.46977543261517
53.745314869029805
53.81008466510661
50.21974011196587
49.8574266532815
50.876766642924665
51.91922760417531
52.07081774653499
52.193487607354044
51.70299840717984
52.7714494175645
52.32671676684109
56.14163518058109
57.54902679893686
53.279120895469916
52.69383678574848
53.63447789469978
52.26451815888734
52.136594069787336
53.049497481573255
54.91703239312953
51.90335302963567
55.41681441887766
55.586574818125726
54.98513308549745
51.210967935578246
50.899505259585084
54.82619416709733
53.4519416317114
52.363077914643654
54.98878399053621
52.757694358800606
50.51000107486516
52.502883816911826
54.275389480031784
52.464828164568914
50.67379595303014
53.16475482561427
52.235953052271945
51.78540207434775
49.85124942790995
52.56880074381668
50.125527970480555
50.79417887319788
49.56549439917104
49.36920994409951
49.98239156951715
48.40596515414056
50.567463484474864
48.73870495204064
51.02507796734516
49.405451590793426
52.47504693251065
50.60668683645486
52.0123078774418
53.8104957585326
53.295903989779326
52.0695301713466
49.35239381942888
50.56969111169981
53.6001585194383
50.77803720441189
54.04869483914887
57.11763033982373
54.81125454113137
55.18981032122308
56.048308682707045
54.229486759065864
51.77171004928223
51.925532209730484
50.04409705949764
49.873564785253436
48.827740712096166
47.8019837395954
48.256447251540955
49.24955477044319
52.215615273850204
51.76116396278738
49.90082031994712
52.89696213412962
51.975715483560016
52.108179316438225
54.69035282220555
54.08416989855157
50.71661206420924
51.21637850589634
51.05609330492493
52.65792698804677
52.52107227310284
53.80780864865255
56.469123234168904
53.19118428254892
54.43342305800969
50.45692444152532
50.79820349489897
49.82809574630105
50.61976074475833
54.14435197281613
48.90750395346751
46.44169890519274
48.201898924992854
49.796591582913024
49.02375381224033
51.00611320872442
50.361654937316274
50.12342184331818
49.771338813745736
46.08241981697618
49.253080791833874
50.99144707314603
49.423173781783696
46.35505003019132
50.319413992182646
50.97737202178201
51.879077056175774
51.76154177597031
49.904119804898855
51.242222255767956
51.00570655923172
50.71546434424151
47.09855797150844
50.51462158647427
47.84819315524724
51.064550696186004
50.29061461845318
49.734518670598
53.659023011871476
49.439810078999244
51.745407354400456
51.188628111139714
47.23612401309996
51.28347535616503
49.171148021971966
48.25627645889792
48.781442945668026
48.643089390899014
48.77724818968033
45.96845927038057
46.49035432893329
51.38829748197144
51.598382033769184
49.93773819623714
49.93609619770921
52.22544489100443
53.92037147111381
52.84791588534815
51.63225650002969
51.398377799163626
50.30389721527312
48.72376247673496
46.67670501128817
47.428759738406235
42.54463504831409
59.8023042684704
57.830267450452055
57.7425146155017
54.909759197685965
57.64721089270293
52.02265259413886
50.12261399003417
56.04067853188543
57.44272761051248
56.462924119112316
53.84868872537059
56.93410042703106
58.023784742985335
57.95887750837799
56.144641003816794
57.56413091332783
56.47643993665098
57.28044502209495
55.27798035103793
54.27440532037167
49.35382035992639
52.24858454435457
53.62912823746927
48.359510079250406
48.34739355348016
53.40734248064331
49.4985421783474
47.2836897018881
52.19992062659587
55.533158414977514
51.772092301890304
50.390891400584714
46.773529668350584
50.63399621151077
52.46202305875042
51.63759284172811
51.03681462009883
50.955704148409815
52.513376239481765
49.65346375759876
49.51944624328748
50.01122069987201
51.93157985239246
50.94886375907353
49.621008461046756
52.02750035909564
51.97020537258435
50.672698130564115
52.994635208171005
53.849935413382084
50.53186472333504
50.176378430346205
51.969255922237295
53.541136677346564
53.94653127685765
57.104081552109164
52.253767766274194
53.85433158653817
51.86844637839662
52.00455358164712
50.468802679185266
51.35315393744944
48.87211311453077
45.85788447861556
49.129835175507054
50.901510154696915
48.732846915850885
49.59464790362999
50.03629884820754
51.664147053368445
50.1435035002859
53.76228632726566
54.952318449676916
50.17574892912285
50.257593360325224
49.437483156903475
51.46421525670894
53.53635135796491
53.62375364537698
52.76518986178034
52.32843090241067
50.75842170590485
50.843607093981774
50.621106467722285
52.25197310534173
55.862525819176156
53.47013568122532
50.25322869796342
53.953533026506626
52.09063845110555
49.388979368164904
54.39120162413244
50.984566121664926
51.2167309063602
48.40317703173021
49.69844588982412
49.83432221059191
49.85452360027213
51.48070755907443
50.8292112648817
50.134965247695185
50.14928076610604
51.71788775623157
51.255409602566424
51.28253560503381
50.76762539623818
50.50323487858036
52.02927200318107
51.19698417829148
51.17741303560953
50.02514116105337
49.86337397532498
50.06132180334524
50.13813869834471
50.605651329521606
51.0142905635776
50.934738335136956
51.04171803838273
51.52067384396092
50.22656993684414
52.421916157676804
50.15915463207297
52.34842591570506
50.04329882418516
50.82977086389123
50.854703253888204
48.67625794555424
48.537002963793
49.49940232947516
52.020449086739774
49.473994714821316
46.87088811110883
47.93987150680816
50.21423062939413
48.35456826088837
47.02004250456177
49.26630060209403
51.09494466197559
51.39762070266117
49.72171868886222
50.237449972748436
47.804085713555615
52.43421853690987
55.02251045618337
51.52218019205504
49.23369430662611
49.617163282399126
50.782692879487
49.77308209785659
49.03230889152944
49.674405838958656
48.78859975191778
50.20306989062603
50.474824811251366
48.80629958455018
49.11986116396654
50.91207150702183
51.14294555885723
51.18434251086039
49.027444011274895
50.7673902648338
49.400374292767566
49.68566910368818
50.64176738665467
50.20479420947645
49.20867869779781
51.82976799486668
52.00191846768466
50.50754961727951
49.92735291942281
54.44760592988957
52.69331255833573
51.75477782672857
51.118808253205295
52.857102380992984
50.84872216016262
50.59467989928265
49.702124328902926
53.21523773993909
55.24798530769654
53.76272477330866
49.63072075452579
50.84819556334771
50.74468752230763
50.78750986632957
51.97929195853541
50.07540300246628
50.678353775869134
50.86056909547764
52.26487782880699
51.2633819112546
54.98858648355219
53.99119205780098
50.531409560051486
52.05543819275204
52.10123637764219
53.43469477248327
53.689262692479986
53.03345382884436
49.34697786653865
51.71459531737901
47.185267697657416
47.38481343533022
50.90281799284819
48.19303591999217
48.97196860688771
50.26299939745162
47.844255224000435
48.15440942294452
48.341372594407794
47.56418824634811
48.910498325905756
50.49308183818699
51.033581121809114
49.91217285586501
47.540765281580626
49.13321126934624
49.39552582207021
48.54507624215295
50.18213760455109
49.3364449906865
50.80865781328494
48.73363854253619
49.73675556417438
47.19953824004344
54.40594593931425
59.306680429262414
54.821234606398576
53.82853432820029
57.514003791271406
50.20927877165277
55.43463231476046
53.10039443531362
56.338856773472024
56.58616917656829
58.03548836478047
56.934775810163174
59.58545831930911
66.3527497297415
56.3951700284242
55.37408412075813
53.20260806536484
54.702304584201535
55.48360965701291
57.770954888048706
55.64762182743568
54.57511762278027
56.10656484379312
53.55269293145579
49.07665932262794
53.733293842236925
58.720687022243325
57.69799108098978
54.24567999683814
56.11148250174622
57.73450046797434
56.26770595054457
57.49398340008604
54.69091413145857
60.7834240665692
66.74338305025691
64.86532908882397
65.65823335159405
62.73671605122272
57.71056502533912
58.46385212146596
63.91847734949138
65.19675423356472
60.68100767007552
58.162613545570814
59.30171710964129
61.527038662024616
60.904800104031786
60.41653209126499
58.57942848461709
58.77639292846798
53.40043020651633
56.23726458043253
56.26007937004253
53.105971265044964
54.65068390985546
55.81936473026564
52.86423292276361
54.77869217254569
59.58776421560482
57.73894747726967
57.72817594199849
59.716224009513354
59.79016673670987
58.790383232248494
56.210011062414615
59.58452318768523
58.15815061696956
54.5849081219576
55.52475298038904
57.44591502046869
56.789267214052636
55.717300618090576
52.13617831807833
57.80431355628801
55.301574198758914
58.74552107602786
60.262451104778556
58.844853750770675
54.29301136680491
54.96985551143065
55.53134566846124
54.23759617813227
53.88422354469767
55.246859841783305
54.953783913782665
60.12998833122722
57.96268468672484
54.69376176343803
57.87907012276538
57.50298701102126
58.953224745943245
55.62264019251552
52.99138929666961
55.576620905755824
55.268710878893486
55.62402672534421
55.57080142754645
55.909807640966065
55.65224586669653
56.54809475875752
60.1410536604564
53.44412366926274
49.690390280820544
54.27633420344693
52.77731587118964
49.3975552781431
52.27104600447617
52.15354287779414
55.59437623016102
59.20141637096916
57.20287100718997
56.32279670001812
55.33274779831611
56.77009727887554
56.72446985070346
52.74021349658558
53.7060025735921
49.84147937178637
54.114722859162484
53.30146825354439
51.113941743524656
51.86770163036785
56.77871957224501
51.20941373770298
48.269606386778996
55.30175974371247
56.25430206422523
51.09155486700061
53.743180779439264
53.218553060620714
53.54625313184285
57.224374347968194
58.43299175061072
58.020517326695455
56.1007197515981
55.81536968990889
55.20136967482447
57.462433780240154
58.06104135305603
57.39840598890497
58.403027605484894
57.4182357470023
56.33486572644422
53.71209666643768
53.89364613058986
51.38609507377357
51.792211631060226
54.602758161707136
52.73375358274139
52.394362686777185
58.311119829897315
53.50639928542666
52.78282805527924
56.108943726468226
52.78322577210007
54.205217765121894
54.52604474898657
52.829184080259765
53.26410158359434
53.63616961555398
53.4213294105833
56.63287631556152
57.03145046937735
58.49034051512964
57.10191821773885
60.437989227476066
58.32603263860447
57.04714284713784
57.141028488005176
58.33380476728644
57.51316316126791
57.71349743221971
55.08839770027655
56.740772376029724
55.13532054537636
50.914285983578594
50.42712530491078
51.71678751347505
54.3641471432247
53.70284927223728
52.357483403717396
50.43257093617658
53.61360554765302
56.63545583458091
55.82932507332064
53.99028917201783
55.070582010174554
53.33906698205636
53.147222867915744
55.33443512691455
52.24354129577916
54.3135851408772
55.348370235368705
57.35574657878735
54.48657743651138
51.85888827220646
52.65027375200534
51.92798218523619
51.57082826758888
54.421692676977344
53.18908750808314
52.06819810833518
55.03308620031572
54.01647487614463
55.362225099608615
54.23715162652337
53.03222886310051
54.458516963744685
53.761161889886324
54.57809363197433
57.66605962970607
52.91952423649982
56.61406622585037
55.82530261126438
55.61365139162033
53.17213754736245
55.42338568149652
58.13942265770971
56.68158555277741
53.95170780289014
54.46930428615958
56.46959698967856
57.820419700481054
57.688914885238084
57.608162218005326
55.894441745221435
57.77678778845675
55.31792022940898
56.67762367021979
52.40554476504226
53.42042657454629
56.25560656034214
57.76124336964137
54.55630889184681
58.18676723439092
56.665401214749416
57.256209655407574
57.331715018015636
53.6552170214949
55.08462654657216
56.153951557409876
53.411386352570524
53.35936569307374
53.76171933567782
53.12046899701762
59.06061419239898
60.83665829697107
58.22032100715494
53.65382269251615
52.33254989384568
51.32538165996609
50.78030816680848
54.2622625642436
52.96821946504568
52.216910888326595
52.84674476431988
54.52804515214909
50.860795665047206
50.93654957428486
53.044622482004634
53.1815043200712
55.24766360709077
53.53392733403427
52.56915192553183
56.089535853842264
55.27555522578555
54.51088281731992
53.063935054320375
56.35717627698208
52.145417720058916
54.25594793224893
52.814485345718715
53.49938806109507
55.6643152788768
54.880002512834174
52.68301105650647
53.50622376884923
56.075306741937055
55.65312393433066
52.95348883505254
55.71709688149818
58.676390530472545
58.532654627155495
55.42704301832333
56.36147894481861
56.93958225548744
58.59768412529132
60.48968744456677
59.691464659302234
58.26360212584002
57.754308750793165
53.708846415982826
51.42964318997501
50.91752640005313
52.447400404627714
50.697834272539986
55.37370699957327
53.301322571212424
53.57923759669373
55.50756570803439
53.78198838840645
51.749042142859544
49.562530427049644
51.25612484898819
54.174729033866896
52.34935018834913
52.97932083590142
54.567214792201824
49.54591131920392
55.572746818203726
55.42863101361987
51.767611251204656
51.15731942334659
51.83977367185809
52.37209353250054
52.52128998370276
52.79756955359419
54.87775079473466
54.10301066480265
55.11460563592953
58.1736936546435
53.886222122948155
53.04293691289119
52.3395502809478
50.563510970870496
50.5778545399131
52.93826918281591
47.37179947600216
54.26570135639138
53.83293121380912
51.17516077446085
52.266450343315825
50.83305756616435
52.61377608206843
53.53637988605967
52.89466265188137
53.33067597304155
56.243399373808515
57.75028774053959
55.43256756710911
54.290090327807995
56.29752322207958
54.99881331948026
54.42070090589583
52.37658471612232
52.25657423893278
52.21996739713839
54.2488026481504
52.1163815395911
55.33089885265639
55.52148263519068
51.42939933073954
50.945426729366055
52.90883639233405
48.83871893659569
51.79702402174232
51.441121334045704
52.32528158946359
54.66645039646937
55.599786804784486
54.01913299056183
51.23105376012754
51.092635123989076
52.138123926514716
52.79396335285346
51.62203835268318
52.829065580973726
53.008114844498195
49.23448627339669
49.43215206944724
51.14243974086922
54.198178900034
54.56333114978925
48.43421654613479
53.150534824590174
54.64750969250339
54.7489322877495
51.89400200259024
55.091279237602194
53.111773272795546
53.16735408184457
55.88190226613006
58.089892000619386
53.192886996352485
54.52766849124526
57.71858190044682
57.39372463404065
53.5188552471935
55.034428289060294
54.302805531030174
52.713709502620006
54.77830762027995
58.278349857580366
55.58379033392951
53.49202936415267
56.83433897428306
58.10624326706615
59.1112914251645
57.438514077124566
61.32898259707692
61.02564438751529
62.37096383033233
61.611274766778436
59.53653015769711
58.69505114159314
59.782643481314445
58.97099856837067
56.00880794469377
52.611674664719956
51.9584323665302
52.31245491739661
52.87361187767789
55.64913558175824
57.91733902817181
52.818250424780324
54.55094974733921
55.02226200176393
53.81431127112894
55.81116037750372
55.291887146837695
52.629195865113196
50.18470732936154
50.45139818861244
52.601311864956614
53.9885372794208
55.08260671854187
53.733200093070344
56.6424265356502
52.608936882914
52.5747196195902
55.30272164901579
52.18776617195508
51.923700466275456
52.810291795334976
51.52595715570762
51.27795113391065
51.558000917859715
52.30636423556222
50.75387429725181
50.65958808897935
51.71658226599962
52.1373211229295
54.253878406391074
53.81262767508197
53.930408598611045
53.23834642764463
53.326790946964785
49.02505293871178
53.303612655493
54.825341967020414
51.76670835685467
54.469422938635546
52.89810975439355
54.65474212648738
56.12371829976678
53.932137885413205
54.5267782388416
54.98493039450905
57.026742933713884
55.68167595429814
55.27353009946013
54.86392076340655
56.35014297631802
60.194017990652625
53.84750856352392
52.39962422106377
55.39099972527961
52.569230734349894
55.23966484817736
54.0041017423626
55.32811586752717
54.07390895896602
54.680216144930256
56.954273852816534
57.09543475377146
57.7948504143599
56.655331446711756
57.28874477977466
56.904229862327796
57.82366607771302
54.85252997358029
53.077520403060554
53.949716772823884
54.79376798121928
56.93097383551311
58.56829036993217
54.87217866248761
55.8230412795674
56.2812438110003
55.13015085760991
55.35103209235949
56.169449712417126
56.54144776178677
57.15337357654094
52.816162529139326
53.99436801491548
56.649239148042405
50.80303908253909
51.0181064337281
52.97658556286854
54.08550989761923
50.89451829447251
51.312951368214705
53.76551503509873
55.369580075929825
53.51879652763304
50.26953829915721
51.51081470394652
52.083394806055004
55.32659816363759
51.874956024094
52.24967379230533
51.87038535571213
52.60433057576286
52.560868884391724
53.95495565714015
53.45736883881795
52.80990171605301
53.71468357567268
49.60719365396055
54.19315854361352
51.67775360810867
53.77235140263621
53.49716787844025
53.93052912617528
55.16993661491508
55.14203477225962
57.8330726281798
54.09277236864009
54.1354625986389
51.9934462349402
52.81715407161693
55.188018842185365
53.881730917828115
52.65420765112607
55.46750737282404
54.149841572433395
53.16888375502682
54.24450421681767
53.64536389985493
52.609369551635936
48.4447494109879
53.10224088619942
55.15042227072636
53.61074598369171
52.667724303809955
54.816726795689625
53.884219537395836
51.719851422517934
51.898667765032584
52.97276781186012
53.9697307774453
54.04874189576367
50.69485831000715
53.895793225052515
52.57774753206789
51.9489429478904
50.16875942684828
54.20057463631241
57.239687771047194
56.00027660787939
52.49187000592153
50.2836479274376
52.05861232471234
53.16779785688664
55.37233661092949
53.384885879195615
53.04136008908424
54.54745322496588
52.654092007716834
51.75338857022716
54.10504964066958
53.90954059206324
55.29533345858929
54.42373764578202
53.50112108273286
54.86976480557089
53.33273175976557
56.13848764860455
56.81415311538869
54.440353626531305
55.64592285778654
54.90460693520656
54.8846797443771
54.807026807234685
58.00734542786091
54.565322572504655
53.829978757868886
55.246744034909824
56.64989951212277
56.18568309304819
52.136268918155544
53.6503629984743
57.20116186785738
53.761495187792185
53.46723757836175
52.864480986480196
50.71831797210767
54.459031277313805
55.29410085403902
52.9024059828455
50.42562435302362
51.65283786618702
59.85582869724145
52.62095613479035
50.2053791624334
52.924018356333484
55.57181652174408
56.10252545416419
55.94470512722467
54.030213528872245
53.603227935590404
53.54825537686276
48.967325615423235
53.940665547244926
53.734730302122074
50.24387013826993
57.1371720686168
52.55347954757541
50.567629571547066
51.34068224746974
55.19487228502524
52.780616482831356
50.84884055335802
55.907030703948294
53.204982873160674
52.00537716684104
54.57133750363417
55.78344991877698
51.451722385081595
52.46659227989699
54.71292993722867
55.140910722406986
55.28456403884138
54.91800181936415
53.3572024475749
49.65011535298968
51.58224494148123
53.59727036388105
53.077843608388214
52.273537863624405
52.046886926702626
54.56460395575836
49.8787772276307
51.33487013294818
52.10094222334048
50.605672944996506
53.15840430905042
51.78827369372471
53.09096057867541
48.39521069491895
55.545268295006274
55.74199083755447
51.92476092009117
52.3334289428079
57.128185978765366
54.62761470862344
52.26644149619773
52.896747800922256
53.04689438081538
53.411775834199005
51.91141583950191
53.49737629232752
51.23504251431001
52.14713100010132
53.79569368881798
50.558048623414436
53.008308319554146
55.54163999903401
51.61983648894671
52.750353994787545
51.81491613118556
54.852417851494174
51.789045881159744
52.19115996809027
54.60080367633977
53.33397987546493
50.5309603267207
50.66326854963021
54.15551133182603
49.70709400254707
51.05383776797547
53.53201547539418
52.528735317480916
50.291285034853935
52.61979407035458
51.95378360427714
52.20328772308903
53.36924030227214
52.06281410229664
52.987981662291766
52.515249721782965
53.938807793840844
54.819096084814426
51.350582883582355
51.134223983110644
52.57974362212803
52.27421892040765
54.26809223465358
54.02019410547041
54.08094224337511
52.82669216974618
56.12914467094249
53.5538689320881
51.817671977268944
53.695328289336615
52.66536800774342
54.217109017408454
53.790195576830186
56.67526462402806
51.91574871736833
53.052896044759024
54.6063600866864
51.581076753861765
54.57685518955961
53.842641528310615
54.73531680281736
52.703585545390354
54.86145099697529
55.10720185097358
53.12316315294136
53.51672038711227
53.72888753369725
56.38701628187464
53.35992634314445
54.405055267968585
56.03768684350385
52.1773816345816
52.29216170835704
53.440521963328756
55.45609349290579
52.592126374580765
54.658742367301464
53.568685495907246
53.28062306812703
55.736906904006936
55.36310661263895
52.49471398562307
52.564727065433445
53.26693338474498
53.95408587971012
51.43997001569176
52.47329898141983
54.13205980506486
56.90286638027728
52.987271970944214
52.40775264474465
51.61765281966698
51.33514683622288
55.6556688533846
53.36657089431082
55.93030866009727
55.500166359165085
55.51522844811474
52.8513314790768
55.22163623628415
55.10033113576057
52.51650223657508
54.803693006740176
57.08814732701867
56.06156790457855
53.21331238513384
52.66264954441035
54.19474910837629
53.310194099571596
54.63387872861019
53.11889961254006
53.88556501394657
53.20470141779245
53.96198982627269
54.40842910741439
55.99526828246266
54.37382787487484
53.44984104032461
50.875738172786114
54.3628403955083
58.38149389042901
55.95210056953425
51.83704212364464
50.02722861187782
55.67548020060853
53.96725989082224
50.098112260817736
51.861668970930694
56.994217910988475
54.51614425762752
54.7929958825813
52.557560688831565
51.32366145784991
55.42937133735804
53.471357736577104
55.90728052308006
52.38965489400029
53.35838506959436
57.009404943115534
53.54229900970604
55.54483361637752
56.377410871593185
55.78419029864242
56.97474302859648
56.76792037129887
58.09681987063077
54.73078455362972
52.33897775524753
55.65184357745413
55.76488209740412
54.68610752841492
53.84455816764682
54.86656022460524
54.48475178277393
57.12304617868815
54.820143743969055
57.7105839165573
59.625903462567585
60.26130000661065
60.08973878843641
57.92997110514168
58.28329871675155
54.60241668353523
50.489729338162086
52.95056162521308
53.640410125747124
51.95125336287863
54.31301733247552
54.25498086535665
54.76498977690584
51.32731118446984
49.82447251256008
56.029588468139465
52.18332426195907
52.20888481384469
54.15393016899559
53.56278361693903
50.58666565063097
52.288192421055285
52.36523880061808
54.03300152611221
54.80549775467018
53.04732434596183
53.09182057571412
52.75918349436948
52.42027840506451
54.81877494120576
54.04696403830459
56.43840533420978
55.86069827224221
55.46163952255643
52.886021451763064
53.07753076529734
52.00602278823246
51.49125354459742
51.73181509009619
51.930298698887626
51.37940091830725
53.67560371643098
54.408057402407934
53.58633016897763
52.51084961696508
55.14544182062478
54.37004680384994
55.137901644312244
51.53393466644512
51.74236638220401
55.412439432400596
49.36271041761987
52.88507372546039
54.63451566388061
53.325907726600036
52.5171713407861
54.60367893027845
56.95402837703585
52.981974716939824
53.47042578271989
56.363521489703565
54.725216114404354
53.07689187872824
51.846771436137224
50.83834697819299
52.506946517600774
52.13532065168269
49.52776695613962
53.06730667206453
54.43899768845351
51.48901995091157
53.30707929416983
55.73645070620758
57.23205159903132
54.55511043067269
53.78893822784809
57.72293352040251
55.3590697914177
53.74999583737687
50.37153414259221
53.45382594319625
54.1518359191799
52.4144525251409
51.99546649312453
50.81075229329954
50.547308601529004
52.94770541670985
56.66182750094864
52.58110370360097
53.901251877534634
57.587810038807184
54.502269982971775
52.51945222052596
54.78760133621129
54.87415653601536
52.476547635251606
54.50172303542754
56.188952424628106
51.573503194982706
54.1591446704821
54.254480621104925
53.31356527300955
53.14077822877965
53.5805942672359
55.45476796756253
54.359078408080876
54.71977582095796
54.14504080032762
51.11552990944643
55.22666378951222
53.09894889992452
55.83256728086963
53.88570131084027
55.32469897326357
55.98450373478572
53.47635904495546
52.2973399597712
56.5171580513345
52.620440427544416
53.35146687831862
53.869578088419246
53.271822018914
51.72265510716543
53.25350053976999
55.87366410917562
54.300318060915934
54.10828036868348
55.012280556752955
55.35143493233598
56.63553762878593
56.43465412789617
54.385227597601286
53.849003344321474
54.780390560742966
52.6617371171054
54.937307862114224
51.24063166819111
52.84279142910531
52.85955266356226
51.60813511655257
51.089632599152694
54.063084943522824
52.505677861539134
52.640721684257294
51.57853804041875
54.56698880486971
52.08930365790222
56.61218465124564
56.01600474225772
53.96502286139288
57.76888343680435
55.77735609978328
52.18693430767805
54.984045059910585
52.43361367848524
52.507832870393905
53.64047694038682
51.698505040768794
49.73088322180391
52.30527689682946
53.66454095207826
53.13816249827641
51.03385990179575
53.40703623842855
50.5549555367703
52.195735366041966
51.60742144221895
53.97950623581849
51.718932405641354
51.805175646042606
52.9789957664758
57.07638204616529
53.42462074964473
52.43317658445205
52.6950756174081
52.56642232886419
53.32144924542916
56.10625477156569
56.87967860124949
55.958271783976826
54.78687940379841
53.07891853612191
55.25151728615548
51.73679278883697
52.67991544632221
52.505311028654525
52.95610101584396
56.48928999584805
51.348638758522554
52.84233910868956
51.275568182453746
54.47799070532807
55.93447928105431
55.85317538460334
54.15188103249388
53.707497342755396
54.55363497087393
54.40054752140436
54.02263194475908
52.77520968173728
51.19907526267158
51.57265039151276
55.38382621949559
49.972199436931476
52.642135944019536
53.29353118339213
54.08949169623816
54.63624789413856
52.46113314939489
53.11336036397068
54.25859377214345
54.995958769168155
49.55234276886289
54.30813183149128
56.24477101826338
54.554619113472775
51.97915694714418
50.687662183094446
52.36205773147025
55.04663024679907
54.76881293582703
57.87758932016277
59.674475835396244
56.58107461077383
52.58118123052505
51.822918847037556
53.603283209968495
53.24343682029494
56.1408947713827
55.585683612863086
59.53279533454579
56.409216924580726
53.219321926108826
55.40070499440512
53.197714559960296
55.11636960877304
56.69154782141202
54.37554434274044
53.18382152136223
51.72741704551219
52.04941214970208
54.48057472870574
51.735734396469645
50.39858472100549
50.346201646029805
51.322768670428175
51.99211328026
52.06171522060033
51.70637120312764
52.42065018275602
54.67808001000494
53.95791051504349
55.54249558016434
53.47412569131862
56.67190611995387
55.54512471328293
52.3616149017393
53.27493376665181
54.25878246848982
52.74029372804886
53.74288027389084
53.26872089375607
54.92536580698823
56.776836543141634
55.10451610979664
51.74039818600466
53.0372977831074
52.771931108031964
54.137299713260674
53.09790606057387
55.18533891323215
52.71973357341557
55.705784943086
55.09563313142195
55.76836697406413
59.88274139299554
62.507555765698164
54.03361369894076
54.82164384476944
54.212773311753935
52.99974843900081
52.173542209441045
54.50146436694487
50.92707404336348
52.39108859746282
52.26718872944162
54.01916369469514
52.55045391259142
52.1825356694256
52.33647567020093
52.49920902885233
53.69703064493658
56.84890704416466
53.36433102893809
54.337999658973644
53.408927158159514
56.72417668198939
50.781755998888265
56.28549788117335
52.36067898176738
48.59727375801529
54.16245547264676
53.22748885326948
53.3222706515748
54.47335330822729
52.8735915858734
54.72948547283798
54.905356975334136
53.46979868421113
53.244337167116484
55.67014090022218
52.87929778463033
51.5933506420682
53.740584412952536
56.68166724060181
54.481818732612766
55.22860852810655
52.36621133777793
54.856539393706406
54.27801444005567
52.97411067279661
53.99611614279655
53.32499995250639
51.20126429908798
55.307207733850575
54.7085197311214
52.47019602789288
51.37273050920645
49.73253816968934
54.22696741982407
52.7437573760154
52.95992499368158
53.84368063011334
56.01658236367433
53.999100490092275
52.86864555317102
58.761356996315214
54.33266023414016
54.45842415923303
52.005106313714805
54.533174512147035
53.145965793212675
51.682082690187265
52.71272453339916
50.999868628103584
52.36590630925045
51.01505320361232
53.69787049409375
52.80483107992832
52.54990958964717
55.10779123234357
52.19932850363246
53.81368507185207
49.867394930359694
52.917618394135914
57.359625505581654
57.43875605281834
55.655122862007794
56.874621693307816
57.216069712503376
55.940510292574324
56.2548505207667
56.172725657293185
53.55485814808864
52.46769599926655
56.438484740818794
55.29428966588463
55.04102329720737
52.53663557387914
54.53839274326694
54.0413440124231
54.279655612221596
56.1486786259643
54.377783774978006
51.61943769911515
52.94519160597572
53.590485832041885
52.21405584142933
53.08939536288674
56.08301033443626
52.15842828439999
50.85472373721191
54.86662561576889
56.92535404624428
52.88241250305348
52.91688949975294
56.39715121425581
54.1580298071214
50.80324289338795
51.95864190170281
53.78912692062259
52.54322726728164
54.199638205696026
53.96189294562991
52.24104939855908
51.18518829280502
51.817293781790916
52.22046205157571
50.94137093868798
52.21334860910663
50.81589658477876
50.16115516304016
50.40753317879164
53.47434806086536
53.681800176452356
53.919873541104536
54.293027795145335
51.1808884057609
54.34839013464213
52.66755225832668
51.47529073618158
51.7307325380018
48.5580313630123
53.141869509914066
53.3339043094256
54.66259042791462
53.36896443960415
51.65213875232072
51.391532443177205
55.08588208452434
54.70525014294909
55.236577739726954
54.7838090316189
52.46450812627674
53.53681796434017
52.597030652122314
54.0588024653087
51.28746067891782
55.830231603934074
56.06523675461127
54.69874702751482
52.95700909077043
56.4769140633496
52.5735554052941
50.26900311260533
51.24969028725869
52.936980367961915
49.81505753543444
51.24170128964386
53.336129182140624
52.37505277753824
53.795617450124716
51.70451088053141
50.22730833628225
53.04392818100222
52.95343877585641
51.5233773585368
52.74676920818437
50.64155821898683
49.97218679589309
51.133729572506525
51.798508096672464
52.240352059551626
51.287413738311244
51.241080261796995
53.9153999893736
54.78914026910301
51.818799921457796
52.98287656132882
53.51124330541359
48.61089102152382
49.13005128103019
54.30862473212487
54.03600304072736
53.77887831412356
52.47970009055191
52.85069595461447
55.11159838249061
55.88784911478502
55.43798269924398
55.440668910805655
54.32837750401852
54.874410705594755
54.86556370670733
52.86922554464663
51.031565710336736
53.420934159334884
52.980940842522216
50.611209237293586
52.198293157703176
54.69023473288663
52.10965594534946
52.58510829245273
53.22076819653969
53.75948690801513
54.16392644418735
55.71068255036511
54.58762729725071
53.72614506362285
49.95090723845271
49.26177137542615
51.74023325817335
52.87317748618472
52.415197275247756
48.8678517574414
53.04372791585496
54.950649476433334
51.1472618796305
51.88537013533254
53.644595026868366
53.15105227549555
53.59171417071926
54.24242523675661
52.22885416638999
54.13587898926368
54.69411449627105
52.50977550377499
55.13574349965087
53.36840401319141
53.10163620482184
49.34630400663098
54.101983320368966
56.59014275743652
55.06802198708013
53.081569048533204
54.39120830569018
55.10792695717795
51.65077772613365
56.12510746322844
51.8315067726881
53.286689479162284
56.207916233011765
51.785482771499154
50.75252922334007
53.813799460253016
52.53345687299823
53.38805424077331
53.31375031387793
53.52245190185544
56.22363144388119
51.51848089533926
52.400801252642495
51.615345177576984
50.442038342238654
53.50769918592201
49.02763385262857
56.05193076530239
50.3947600727477
51.3532991722577
52.74631308149092
52.06685377089607
50.35975593891035
53.107761386025615
53.181502752290235
56.05038650374488
54.88876995223487
54.312263787018416
53.67176780559773
53.58438628419533
53.277821447861044
52.85229088987493
53.68613369917961
55.12172721584786
56.83040513486501
55.2358213672746
53.92791824777887
50.63894077027872
54.744035252472024
53.28190115490483
51.25483086521364
53.35824059424385
55.63088503427431
54.31460124283385
56.277822844281054
53.956294515677136
55.08288969108957
53.06607213821351
53.40649113968086
51.720139457798
52.85669754144656
55.65622791144396
56.34714488018216
55.500725072144654
52.95352255417723
56.14534381458286
54.07875929178954
51.12237083396325
51.32863401633287
52.77155015461302
50.182096988866235
51.240759087754256
52.409885290121814
54.77441996350992
53.708363550298216
51.753961948762814
53.736315111393
53.70150049047844
53.51938566455679
50.90273107138084
51.723175649197245
53.37646852975
51.702432566609176
51.797717086856494
51.718106776168625
53.62767634173514
54.72298608966608
49.931383659639906
53.11242337708572
53.3627439680285
51.557700887135525
53.933953296805115
56.63127102364216
53.98370508890343
54.56699450013848
59.11609023962124
56.110953453031634
50.97008755747771
53.43051389690734
54.94924624444719
54.53530238410793
53.20203059260015
54.69092052111295
54.29205891422463
52.815000636467815
52.32023870445609
54.68570433705469
54.06359467678717
55.85003727908551
52.000028492867656
51.15045836966906
53.47902580317106
53.55816215860361
53.55797693798404
53.01492312996195
51.67471064853677
56.18617937649178
55.57143580876058
54.526092989145766
56.103233793673134
52.76688780998007
54.41537422134266
53.83304763646569
51.05251235051597
55.49666384224769
55.100874066471704
53.264647318722524
54.217074682621785
53.88091993320229
50.43049387039011
54.18528639820206
50.11203391249862
51.58162360052993
51.94626313534715
54.02366034303478
53.59240685992914
52.84303176837865
50.67901048346509
51.27767941463296
49.75671804276269
54.96412873299139
52.47513002556443
50.844521425450395
52.359498623195805
52.192264697980235
51.08999473182552
53.559513772994244
53.09420795655331
52.690398885444964
51.920083863335236
51.86245046057128
50.711836409345814
50.49552800095837
51.894153444298865
52.3154273997123
53.7112688977876
50.184048966368245
52.95165879316688
55.042715903906284
53.778430190318986
51.81538167976427
53.26897721230129
50.67455772066125
51.62842889793523
51.10641129908663
52.299159808529176
51.95999043699319
50.586197154508355
51.781571309990284
50.978154944541735
50.913434106049536
54.43478846172311
53.845772656903634
54.943194371477084
54.40483530704104
52.13683662129177
53.23739997873616
55.0960370422824
52.37112196506687
49.95471878159753
50.350493767033385
50.436134797811285
53.46019416688341
52.49218033580149
53.26615542429513
51.927446582153294
53.06791375119455
51.19899146112606
54.4579428729782
54.872178268611385
50.52007288098127
51.44263519110373
53.47639214942734
52.27016599599181
52.321807523083514
53.74729937963077
56.01731337951085
55.34505873630795
55.68918473811453
53.05354405017631
52.74256747343711
52.68593290696287
52.02214365815764
53.04444658420316
51.27354617963765
53.55712156775124
57.85595839455241
58.87008612762207
58.02635309006349
55.263426325569164
56.12389753727945
57.917788463020045
56.07526786854608
53.24433098475025
56.20482295156209
57.74838752464825
57.54279963957275
57.114544978821066
55.678912309139356
57.931180776013
54.899552372791895
55.767304929284485
56.495902782025205
55.23245124638382
55.07737365922659
56.565360905366326
54.0474673221881
55.53036131435097
57.38419341238694
56.75942276619552
54.07754983315486
55.029764632658356
58.664095652918235
55.59866198933973
56.622179278286346
57.433935734689406
57.20129024965276
56.07064205417708
52.143721930690354
51.09583062441039
52.82985322042116
54.090254289353176
52.662407908995185
54.358287781768176
54.8630747798156
51.8848471752228
53.18516305489451
54.722149705073846
53.74682777477015
50.44593391006369
52.114813099973254
54.491355000778
53.006820427903165
52.31783969015227
51.673325104605354
52.03499807494678
52.04250780359222
53.403706829876974
52.72450279936516
51.936363382623355
52.13739860232401
55.3614596335786
51.52958794925432
52.267621851880996
53.50401319009722
53.59903080359527
53.08504006409561
52.2214859421724
50.127656193255554
53.76534458214872
52.293504070783804
52.94502361980669
50.79378553172648
52.064662032024955
52.31380380515218
49.77842037680472
50.350154765713285
51.190485514208774
51.003065764254956
51.181521785105154
52.21437430389136
51.68613670481562
53.622728828459806
52.07991476665715
50.74763542748759
51.30245108598512
52.79724472227167
49.87283440245866
52.646601864362765
54.42761813655206
52.42314665985848
51.33702577647303
52.97565555474287
54.93669125976884
54.00911608087317
53.425956891589045
52.48549692970342
51.78605696694445
51.41186203867486
52.128682057085555
52.32682790792937
50.796934470164345
53.66165743003941
51.09446979399904
51.609692152331974
55.581950025475365
49.88075542731525
54.217839510033315
54.67669334844837
51.98166615613003
50.64234667523597
52.24180759339914
53.3524141492226
53.20366764604793
53.39614582327443
51.52452621648065
52.38141523787133
51.140610229030315
53.07890839526459
51.45766504058984
49.70830570191407
51.8579151263856
53.67986235765059
53.02264744443492
53.26521554061606
53.17651894369379
51.45991422958676
54.25346185150605
53.55362998708765
54.5193294799632
54.63518156548164
54.804307734062334
54.062722884953374
52.89100753937269
53.46053789115535
52.77016086362556
51.46241139868844
50.47429974810542
51.92147664070203
52.94206516310195
55.261933375229816
52.76374917325343
52.576701858620574
54.4145031859678
52.85670238757289
54.23813875096882
53.4310456854339
49.13763158362374
52.266198633037384
52.53242949123965
52.18840638874779
52.674030002579435
52.514111886405935
51.025158554526314
52.90981599388169
51.63033686022959
52.27800093346188
52.523262964175316
53.19670396388678
51.23432965723308
50.07797884446034
52.271037986434024
53.33207057744938
52.50960904776286
53.57936398904208
53.87778568149717
52.82716453550727
52.53398249745382
53.78571857830148
54.61018751298638
52.037506270605036
52.10707264419714
55.695495110147874
52.397742144779
55.30356528388943
50.56525756859832
52.39947663359619
52.76997686693172
54.63292984193637
52.85707970045849
51.81094275940319
52.205785038757575
51.28671440696925
50.2176046593213
52.915038256399676
54.19835900171874
51.18718190895848
51.98306278847898
52.245307994319845
53.634779328223324
52.1720474900307
51.017474528546465
51.942481099683455
52.659872758724916
51.328063356249174
50.3789601206856
54.49019836531611
52.19925375243325
53.450982416002844
53.54653728895717
54.508328563139756
53.44034130203678
52.682158915565815
51.18949497512625
51.58431715043611
54.6226116553246
53.32900830245659
51.292279439537545
55.4354490001916
54.8586546936278
55.94962383082017
51.10207647857393
51.81709803460466
55.19925609567452
54.574055062447954
51.58550771473708
50.30516509687968
54.82880545136434
54.11965300408687
53.543587898134284
51.66546944262563
51.52300691640349
51.748407965372635
50.74197746774797
54.00053986129228
50.6305936539731
50.4307870780059
51.17186555407134
50.980268766915344
51.63704814171561
51.262670009717965
49.12645214137677
52.16970479629475
52.14785930690141
52.88350864388731
50.62483310098793
50.818679718552545
50.82621437567108
50.92487966030509
51.789571995123914
50.080107418232494
50.52562980268424
50.57509114072513
51.93028224136093
50.774464571424815
52.17457588406305
51.58774507022365
52.05669469120181
52.9971924284948
52.52736095528602
52.73853220145235
52.2624024589122
51.47678344718779
53.882735915317845
54.20901341149019
49.811221768550304
51.13227661568654
53.20155090121338
52.09379932752634
50.67795901074705
51.23872461115794
51.756495843245936
54.02513091342393
51.993258517072036
51.19379835732214
53.596656443100784
52.01982996936937
52.42994396448382
53.79276398956356
54.51611759508842
52.51410016256178
49.60459703519149
50.554882315929405
51.47026180871625
51.64974515923241
51.98818897849235
52.59652441989128
49.08102859774641
51.89382168251813
51.55929097703287
49.22947642681953
53.302023434167126
51.575151214651726
50.22871289627632
54.82953730955607
52.96745305128727
53.03594661181621
52.914912011624175
55.67094630551465
52.258927840144494
51.28034752092124
53.372380815620915
53.6503028868147
51.9721013294576
55.34883303713085
52.830442223843875
51.927138767590606
55.31829012399949
52.658325971848505
53.65438196971295
50.030333348846234
54.32574758513121
52.813484959560625
51.263550514207964
51.8389306378359
50.8959120382367
50.66207633086298
51.260360416033365
52.725684221434655
52.940564462873844
50.66671416713472
51.83039167418357
52.39024689150552
51.93036979500701
51.545351204663966
52.27689066987474
55.03848863106194
50.22949362062322
51.27568762012877
53.55925995489816
53.53844410548085
55.18371984425184
55.2303246564859
55.47672528191765
55.0283906400474
53.46831402561404
55.28434126752518
53.906763497191626
54.519903000337266
52.96853884748682
54.91900219787665
51.39904597984687
53.02148939061426
52.34734658911348
54.674093585146736
54.32664708323753
54.91928498294854
52.80536905556142
51.81051763721956
51.96895264592191
52.15361763932454
50.58467528088963
51.08702017046089
54.837361313666676
52.878584935022054
51.48466218117219
52.469905739508405
53.473150163084156
51.63276886473106
52.57413681281252
50.64757779537918
51.23739072977391
51.446304009188154
51.10134175189709
52.402519071252534
50.81550504111214
49.43440620341748
51.66401003279169
50.97530092435923
50.67566087912357
52.603387061023255
49.64065483977954
52.514615777785195
49.26802225184079
51.517451691880126
51.44056216519944
50.84568212996113
52.28019116196571
50.20115316535881
53.533100130849704
49.61464768171699
51.09564484509301
55.12197856018451
53.98438116825897
53.54641133144148
54.38773874598679
55.00876196594828
55.109529637954914
54.81444497108528
53.96057081160823
55.373230653786976
52.83881379889695
53.54707105490743
52.92510176107393
51.318859803518755
51.7779865946222
54.06037348747138
50.322613707705806
52.51653023937291
49.340871686856765
52.936718306064506
50.47966157631656
51.97791802691043
50.21429283816111
52.05967940270417
51.4990817731762
52.08499082226146
51.71329031801051
52.14528913899314
51.96149825016662
51.97377762826847
52.29768781142816
54.32480557337896
53.69811937571896
50.695888092129564
52.2337718901978
52.38355429645506
53.384976469980955
52.05354036544096
54.044788346028184
53.659871782640714
51.20111714329389
51.36719783453435
53.01095188339211
50.684670285097816
53.51911608687292
51.01431137858792
51.663172090929926
51.76432276148775
57.8668091539897
54.13656187558701
50.41946395689858
52.21477768653331
50.680286903171584
51.07616066409953
52.739770605065544
49.17229175723596
50.48550187680512
51.27306106334785
50.70337156700722
51.824851223142694
51.591084388374995
48.74505972866022
51.15709756256261
52.46692624686222
52.339923785753136
51.69440202146703
53.78226042855599
52.958278815970786
51.798052492086555
51.07039180654894
51.18881361840664
49.77365677651304
50.44619088636162
54.410357204415284
52.420325340965476
52.09675288023622
53.94993927042561
51.18987860605755
49.75339674925646
53.46552252306053
48.409077107245686
53.00893705443505
52.395302932803176
52.66902693611959
49.44242803427199
50.32670106180356
51.876170217218615
52.243456244689604
51.90424040737372
49.46286372266617
51.584794792040505
52.71982100427957
51.33815886356181
52.98941022855311
53.53450256142999
52.70276653997385
52.613610323854545
52.663397401438225
52.25075489296898
53.61585030039691
54.411978156898385
51.65727373066752
52.95547206531389
54.530704960163746
52.37410728579224
49.91912457042486
52.2624945539614
51.53396304607148
50.889095760250804
51.32499321485444
50.77001006055363
53.18270525288515
52.72290646976746
52.194665842007616
52.99701616306271
51.68497194591522
53.19067780003872
51.722893362702216
51.35754162115425
51.34051134067276
51.95351335711818
50.84684780620102
53.635025819822786
53.86425676153399
51.41470963975547
51.15053218242183
51.85741605930738
51.16081997647517
52.579686450089866
52.61847638025258
51.89468320379618
53.24400413302712
52.54431460093298
49.9862680661619
51.677906099972816
51.54191123233272
50.74915976782367
52.692351217370394
51.949732842028126
51.08551403591307
53.06445693486126
55.3982279668009
54.05519072443569
52.35038950132139
52.98018658102397
53.36746413642894
53.64018188142233
51.984144750615215
50.75969315755312
51.720777445562454
55.11527355323604
50.19612856280291
53.03039998471113
54.84741928313135
57.665954157270974
55.821237878111276
50.9477365368492
50.93412513916636
52.6661120541882
51.07443727489126
52.684740380176926
51.87850939550472
52.04882899514265
51.51343326607637
50.9146834865846
51.95042839666776
51.46822951502368
53.86298949303068
52.80130210433825
54.87769607046439
51.23848577399983
50.88186881514606
54.20448286229234
52.83992201309045
51.05302996700721
51.92352114932091
51.212204065849036
51.39213326161361
51.32375636983333
51.608675341351
51.71087963790134
53.188487836156234
52.33130787167633
50.84775945735533
51.86284368249682
53.89012873017815
54.46657691536162
53.36567264902897
54.33926196155769
51.885174517051546
54.92136670626382
55.75425977164361
55.46703552952994
54.85595577783722
52.85121851162102
53.196906949799285
54.166567300490755
53.590773385103674
53.17717855888295
53.42728993330362
54.980814655922096
52.804812256130866
50.934807135671214
49.844757128593535
55.05787907995775
54.439527526696565
54.68923867968932
55.337003118584015
52.55939410573609
53.59987142809534
53.15159507126113
48.767757948751616
50.03238377766127
52.97815678212137
51.740753971186265
52.57437623540636
52.95964233885717
52.95987695459658
50.49418648425458
53.9113549809061
51.25921570487332
50.385267354347846
52.7067352247534
52.92923730758682
49.51203439148896
51.34453901775998
54.91502943857583
53.5604095371314
52.56871532286538
53.753785060639395
49.57897359457558
52.727776235453405
51.74732659837777
52.85582106002326
52.06359073527332
52.00150469125891
52.53828219597304
53.379119626207405
50.62393793762556
54.03105414107106
51.86637326708094
50.99891167865475
51.94821823628663
50.80703283395698
52.78527154999344
51.55580317277696
52.37570685702681
51.69274730684759
50.994188190118436
50.39148072148806
51.700090938225465
52.2390223132063
51.37585250788967
51.017795056245106
52.84478148290307
51.896131439684375
51.57500454013246
52.82432337291237
51.40002250979092
50.69868400345238
52.270776198661636
51.4459425799166
49.72180377956933
51.543944186708686
52.07882996884093
50.7421120530709
52.95314820962922
51.27729360901449
53.74121345229319
53.04284545287548
53.21435379545542
53.59476220414302
55.6340653071891
51.935224274698456
52.43606542831025
52.218695298263754
52.815984643321414
54.66537692862291
53.6646370444632
52.71366339477564
51.93217449806771
54.45503917160227
53.02397328575778
52.62974386297216
54.2945471530907
53.59628504930983
52.25084094127527
51.71468402416954
53.223392454216444
51.951096497107436
50.15857848392572
52.27882240187724
52.361245726288146
51.31063207410103
52.85202118955826
54.79183819704775
53.62700102695131
54.09920951062246
52.55710559032472
53.50441643084874
50.85233513197389
51.109018621156395
53.256005127821666
51.114908861234724
49.91658049683896
50.89635617653146
51.76640209979565
51.42399774342603
52.715778153918045
49.680342426848625
50.62671407446387
52.17513380546035
51.69195800413405
51.19156528907382
51.79101814107539
52.24011247430381
53.18685781031783
52.19299441422607
52.42393666758599
51.96475304882755
50.680547268092944
51.20787149197897
52.55046382211802
52.331139601438714
50.17197396252206
50.55643269459286
52.87860690842022
49.57469485645089
51.12688849248278
50.91178241525483
51.0763995933527
52.83191067505165
50.13818474257658
54.33466434382455
51.198740886662705
52.83736940106177
54.24615989339772
53.38176947420476
52.53514380470227
50.36037450471489
51.878085051118866
55.004211727892724
53.16639244888045
52.26643787086469
51.491610556852564
52.290446436755126
49.61429197913978
54.03199223426927
51.26089527648283
48.895341986617325
53.118667937681586
50.65497172366323
50.28107049964497
52.102463025400795
51.78780581912855
50.06860121926664
52.14171222751156
50.99155698809101
52.39127591726004
51.60069593615899
53.166872472879824
50.12577073003054
54.27511270859593
52.19598221736753
51.486205441684724
50.57208634537457
50.21377494554901
50.64213540067933
53.46340471415264
50.482082947808415
52.545621401370845
52.24687542656327
51.97162955620588
49.78900327610366
53.35748208023688
51.48939732293723
51.450926315311634
51.74173669610277
52.29552879056437
50.90371731852038
49.623193164220744
51.45440451988026
51.858397903757684
50.0020524521572
49.97910275779848
51.88980096841948
52.255510897259
50.72436956461535
51.1500213788856
52.04776575269983
53.00184884792614
53.27643326926138
53.5645498406781
53.45797796243751
52.1333029042628
52.71306928561421
49.897990119287215
49.75933515416627
51.88510706460567
48.619547497772565
51.38347542745369
50.648328444729394
48.095224463495924
49.87105036750892
52.114452962319916
49.472200897056865
50.38850659615563
51.884562516974064
51.06334803100468
50.77470100179095
50.81715251553615
49.79380704797095
54.504679912374634
52.31736988075467
52.080507139249185
56.147750290532606
52.06625903075548
51.738627376585136
53.246041723314
53.79854025940378
52.24370269740626
50.280436454723166
51.441861379959064
53.00319254443808
50.22435692648443
53.009727934198125
49.14444484976781
53.17306970975867
50.935353411929576
50.22860994444234
51.36450336246841
50.40208472533157
52.045290451366924
52.16643056528644
50.97696205427976
53.32370543581714
52.86117161548351
55.308710360936985
53.49259137383538
53.13614965366112
54.028365611129956
53.1764119217167
51.63605247274697
51.89171299978735
51.60544678338325
50.62969807042782
51.428848148726544
53.18198204124732
51.409682335595356
51.2117727650281
49.91207711019268
50.915633929291005
51.32767893644212
50.05667960503141
53.26988267644027
51.102734289147286
51.18235552518262
50.81027543320481
51.39225949519475
52.364994998168044
50.72419398887554
52.95000326874364
52.23408842132836
50.94748330090708
52.63456525360574
53.12861288334652
49.52362434555611
52.41430679555411
51.6287166318681
54.62351497902311
52.7011138244685
53.760538918437504
55.539856854673125
51.89894022968348
50.84252887291464
50.90542356269062
51.50627739826422
54.024772297985095
53.43538663826867
52.763232729539055
53.34889429435713
51.315535803368284
50.30899006262567
52.386615103289415
49.50474148540261
52.491942686241636
51.410701274501065
49.711612558192286
50.598042334921395
50.532177469906216
51.49221109800952
51.382789738615884
51.03547260342773
51.226929311941504
49.601144690573435
53.11667994824273
52.687299798114
51.68867120733566
52.062181456453544
54.26878107268041
53.409934121614555
50.05550007149405
51.2329682017825
52.57677352046352
51.80184666261766
51.786677972977394
50.15352777561109
52.10678811628409
49.419806404516784
52.262801736220375
49.87612498016097
50.767291311375445
52.92430020437918
50.95649398942985
51.74701982368973
52.27909138477773
50.93385211752443
50.69541336074059
52.27443700921955
51.90044910741399
49.881329966256054
49.575051174519245
50.93046201142826
50.027533336445465
48.861944822817
49.949522174109774
54.36855286349103
50.663078448273026
51.35753622245495
53.16567641054637
51.38908047207064
52.37773711262224
51.805749597213634
51.55341361162064
52.0605291911766
51.416328081737696
52.428609680673844
50.82112736799574
52.33042143626839
51.222097169077784
50.70166424175808
50.21725530387785
50.69794400676752
49.98906436480749
50.43684843385686
50.63741472356846
49.729552523506854
51.56985743172859
51.85216000173868
48.31120731417618
49.81399005785838
51.92323027800343
50.63663040226938
51.07508577033206
51.039294591387154
51.345694914698576
50.96085235500634
51.79965333831478
52.27204349307665
50.707989568124724
50.3236265875891
50.73367956831109
51.46594147657737
49.00363444215853
49.79411794104846
51.801346623949385
50.82593390352314
51.005573847823435
52.38704755393738
53.775023449363935
51.612793856924306
50.72719442645402
53.19725685210158
50.895746859206085
53.04372108317271
52.17726115818099
52.51751191970934
52.69499137643834
52.75091977262689
54.62664437308044
51.577393539200514
50.85310977704232
52.550055741291565
51.78491862542384
52.9037065901278
52.106862684633185
53.121059931708224
51.774290339392365
53.27549993764546
53.89728685025699
51.12760929420538
51.463139001919096
51.83706123087177
51.813073733739856
55.05540911993816
50.94031619177525
54.73725248261455
53.06449275557482
54.74326015616933
53.92256220552312
48.923654141103
52.1816827421906
52.482792973220846
50.277097514762715
51.47327797682763
51.954611405316385
51.990852973126565
50.455913007282
54.09375989849313
53.346345955540116
50.85332298958574
53.28918785855195
53.28140966827346
49.648794619481286
54.47937743789203
51.21118966816626
51.756922060590895
52.4481552506194
51.89821501907461
52.59834862433145
49.27028167280372
50.24399693804191
51.02400950475316
50.71254517778441
50.8927210768232
51.01547878095671
51.94207282462663
52.338404579494075
49.93971350162468
53.92064932576986
49.58921959270092
49.33378816864384
52.87147761740241
52.2005468713899
50.82104403415238
50.56746628281982
54.887623640369114
51.417071143660294
52.43204533951199
52.25292025619345
52.623557965551456
52.08117713829298
52.30502567389839
52.413408169916295
51.4688000479497
51.21493140441018
52.645243554138425
52.08768480893863
52.0500983579166
49.69230561000593
51.7315548588846
51.77959227115721
51.55757301917998
50.62978078756718
51.11867934995391
51.29572655673697
54.45599932785976
51.57857513297057
51.536274353380506
53.42363252492464
54.7676236421941
53.20879857403183
52.01906432908929
51.775104703616506
52.58754159659059
51.57874839874242
52.28626974537741
50.987954653221095
50.088253346162055
51.32573506321325
50.49109282803338
51.59069925130691
51.41790873932432
50.73338836760366
50.055556944450274
50.11031782625721
51.057112602561354
51.93493298291256
49.93625704893729
52.07737517265463
52.70722609467911
52.033960777694304
52.761226688191215
51.930718539024745
50.97061474337323
51.415768182914746
49.246526856408835
54.19853732401055
51.520083462520546
53.75999329234562
53.73430147692888
51.29995565560086
54.44583637104935
53.307612059350234
51.94877404304343
48.98959349785455
53.861844473687334
55.69315025264609
54.12207317780706
53.5686852990196
53.18962601221272
54.13649715829452
52.01325080428198
52.95249297585288
52.139084062040254
53.375193873599756
51.05500739459844
53.77392041726905
54.799752127313056
50.20135589405934
51.43155140245654
52.07941919157049
50.74298332500644
51.20207740992922
51.74946140002571
51.142458292982155
50.92092460683054
51.26741677887001
52.699765142444065
51.51873752050473
52.02567776125244
50.78204453403375
49.304369798703334
50.06168732377277
51.4357739024619
51.127364963266075
51.05093213438391
51.227918110354366
50.46259621693114
51.273503574715676
51.80726032049466
51.16911327897004
50.90120629493342
52.9222963134523
50.44238517900358
52.90547377071484
50.19944533933654
52.12323739489662
52.47882958078009
51.62730822548967
51.88962653812503
51.39492207724914
49.89689095562779
53.07404994712482
50.630522320001454
51.2801033406066
52.968854374933436
50.330452403506186
50.18612667424935
53.930346467307274
50.69588150238414
50.19521219021742
52.394393941248616
49.935565831282936
50.10722776219963
50.09797847961437
54.00269764785103
51.062436691461606
50.70807910394466
51.926088131876796
51.813164831350676
54.39145804187958
54.40738685987984
53.81117784987873
52.624106558224085
52.20317305991431
51.25937947638672
53.589817453603516
53.15212281293353
53.32851368686383
53.01534930221377
51.92208280600309
