198.38456409031366
161.0514670578661
149.46922065339524
138.92233788791384
139.02299141443447
110.74797115774928
116.24435581673762
110.18029385250969
102.11261803200362
88.37500733759254
93.56901813390152
95.766369443193
83.87073293249216
89.82603084827116
89.30944582902832
87.37819732892034
85.9664226155882
95.8822593286442
84.21315540836626
92.13389717003184
78.67665467836113
97.57209288176898
83.86637915992948
79.3207669802439
81.23169099184597
85.90691159725033
91.0691961297402
86.9323225075637
78.53309181154329
79.40812111893071
83.41989557981582
80.65865664598803
79.6583202258726
77.33912369470967
81.22018854507984
81.31961782051056
86.14025383637677
84.36030145705217
81.60490024412984
82.73510355739687
88.51290330256573
87.58976852433152
82.18690877657835
80.11296651412094
86.66563866268851
78.63435778387435
67.89351904630155
82.45372775980803
72.36607183566274
77.6493541961109
77.68457528959429
70.74451647076674
74.87532715623728
77.04592241423929
79.07771432583891
76.0412292869656
75.12113081438453
75.16463758906713
77.65081958165833
75.31850061881592
74.69699462878474
77.61049651607526
81.9112001560632
70.985765143348
72.51213892544291
79.77867889554052
77.74894510148508
75.14337764459334
81.25363923827895
72.19706240401084
78.78901654877217
85.99613591630354
75.47103707407948
74.38808707160767
82.9953488996693
87.62693291852689
86.51749492795614
80.34165465359861
75.46613629182055
80.21852121696132
88.2453724127468
80.43342598261874
81.75682001372263
81.4331984535978
87.11674064921331
81.45471779627563
80.92374088602332
81.01242026653304
87.91783395254436
86.07402198024815
83.48312426652821
86.00000918373948
84.42791172915902
85.22278753757588
82.70041520850023
84.74786463283169
90.24412154270286
87.66000565615684
82.78782606989951
84.0647003081994
80.13531631597559
82.0206829291069
86.71313984319796
89.32862780107772
89.98954896426226
86.67089950632578
83.08475682880773
83.90750651224472
83.79692774244445
78.64443462863274
82.32999487774349
86.9757097655379
82.13401093694966
82.42370384478276
77.90626386907748
83.17014870862619
86.79573772722568
84.58447014518926
74.30424520748159
83.11404258715478
82.15161570415276
79.93297464794072
78.07587441636389
88.09352960924105
79.4639846980892
74.4499043914342
85.06313972648216
84.7233373951864
84.41851295055781
79.6319173438781
84.01120621414405
79.76209462051762
83.23189187073264
81.82542954617311
87.12700113680533
77.44011176418184
82.11099203773414
83.4646589428166
85.1630234349503
80.51872615920398
82.61349687240694
81.40178243198282
80.88500660481871
76.07156686396047
84.46308548149207
82.517176511164
83.20802608041186
82.66001008469551
85.7161300124032
84.97910433383538
89.78134874885993
80.28962393432717
83.31471345876264
91.83615943578214
91.35465063373165
85.3959383144385
84.83261522624674
76.13837045474635
86.54194616525285
80.16402487197841
81.99074455150301
78.0660916456121
83.76754198343517
80.56047962302733
88.13744780316796
79.92551675085733
76.57965370495666
76.58646876744666
80.01339274914677
85.80922859131014
73.14144924194387
77.33141571484184
80.1645191129904
88.1459529452186
76.57112927782715
73.76113653708326
88.46145395684017
85.53790702378659
82.20086813198589
80.95675690735307
78.61215846883233
83.55750990627874
83.50052215675973
78.12797022070563
83.42098371514207
81.6552778342091
75.19612126805703
82.53805186925197
78.19880432317959
77.27721354658905
77.57445137190746
85.34811024118918
77.62863027882597
74.26083442345441
76.27426555813658
77.00480742903024
79.81967330089836
72.1588527650263
77.40524595088945
81.00433438863358
77.75193827163338
68.64759832437535
76.62398923837975
75.80209378611092
76.68416150109897
78.25943450720519
78.3239742332927
75.79282712103137
72.13143249455327
83.71572928553216
81.6271611018021
73.96894326205043
77.39670439668116
81.16607402655097
85.17715688159673
78.88519063513306
80.54313320377976
71.32853907180218
80.23644254071542
83.77971085023724
77.01209232776384
74.50346518603418
79.43265234654532
87.98082582486045
83.07635167663406
86.80184926950247
83.99092983808252
80.58091455274618
80.55870686895253
79.56854613009733
81.92498708447593
83.61123286561738
81.03400285825471
77.71369355405132
78.06329377654195
72.70853551171494
77.88788535922303
76.74847922212972
82.46935342504405
77.58356240490596
81.18997064074487
77.98219988150859
70.09249003206762
80.9777295212114
84.15994193465576
79.78403439760358
85.94839130917008
75.45123228778459
77.28566755363173
80.80335719176888
80.45892670728236
80.47133158261761
79.12298872677442
74.30437837460846
74.84784011990806
75.9117066600344
79.18309597914516
82.26780426704227
77.58451632084122
75.52007412800862
74.50734774447173
83.6246208333636
76.29032393195625
77.8173909639933
83.41155365523103
76.96370448607664
80.50688079088077
73.98862433255562
74.94533174784804
76.57687744555395
77.44297609045684
77.40616551053587
79.42199984105015
80.74283460800635
72.06583241997131
69.69533398228869
79.42815414231922
79.96102273187927
81.00823210791121
75.64370729083267
74.186288553548
80.92677581850306
81.2646711661444
73.20839451339127
72.39462531150329
74.20361794947354
79.7119093688071
77.18581636356765
72.21594460510758
76.08327476497067
75.76621014797466
71.12404408655242
76.37119478882946
75.19851164870661
80.64127284980856
79.19539565464498
73.09360419755578
76.38529640015001
77.13927109129229
80.29258164186923
74.08619513325726
76.34143104834169
71.27861010393393
73.69220830331417
78.79348623096625
77.51740572742358
73.60314826140568
75.82219960824422
78.32715671356213
73.50810628565961
69.5731839308354
70.67086752032108
74.18246884980306
70.10028561769249
76.31120058368514
69.34734700814809
77.3269513830689
67.3068994588358
75.64208333512644
84.3423508051714
75.05869129774811
71.32568648916225
75.53859729551947
72.97079986006167
72.83042291278558
78.85182608545512
75.33333399790466
78.33731456386695
78.07458743021215
75.86491051941572
76.09636897094003
79.375874001458
74.30161193527906
78.5059571725121
84.80283943239218
77.38535750653972
77.11115537099937
77.1819692191611
77.74218612810478
79.54147012586155
81.6895910289975
75.44618184979154
77.14642159871643
79.05536867647594
79.09284690693931
74.93390956784862
72.32020178275634
75.7606774775526
79.74248013125424
77.59354937258121
73.5100842900087
77.7016763572885
77.8679728224983
77.16966825425975
76.8672764733949
74.5882068376204
76.99306845157909
73.37638128262681
75.24502865025815
77.53293843396186
80.8120436352519
74.4823264624742
76.96994612858992
79.34936531751309
80.83856336281337
78.78082902383682
80.2665869414104
78.14172239687932
73.50871759119131
76.25376799854716
81.48566977826283
80.69045535745553
78.66428161754435
77.97068236871797
74.72821123771251
79.61466830338058
76.92445656856755
77.15461518748594
77.15439212571182
76.41235999891578
76.98529168597665
71.43422672115078
72.65882097756514
70.55540016948231
78.98071591771796
76.75957523929729
74.92053306947538
70.09949663401986
71.8925855219956
74.78829957352842
73.21670927896312
74.54951845599781
72.27974931033576
74.57410258092312
70.26477866086287
81.15334976941207
77.4341603503936
79.61224849009997
72.99739699524507
82.2484899566524
80.05920889027863
79.61301385785627
81.55615930097603
79.29735211763855
79.05253285522211
83.58122901001563
81.62236074436719
76.7072015201176
80.32872869618866
73.38625570544134
77.53538121840509
76.53665239412634
77.44874261625915
73.10470232061503
82.25985556872621
74.75037541985422
70.86984317267502
76.5034305888757
79.29664439940667
78.68249020626615
74.22311151372847
75.41686330546443
78.94176999454965
76.28268375403447
76.86654716336894
74.07415156960165
78.79358113823224
81.20013717066522
82.35593968408494
78.027065190976
69.90839565216511
73.10496718716456
79.1103511797708
75.56210562660345
77.28657863892919
75.1027624177845
77.40558827108441
79.36542425185958
71.97464894837219
73.80039862429571
74.59218121668133
81.7575377939802
76.85741024732756
70.4239788860047
76.35565603155908
77.46145218552756
79.71004325356579
72.906527706405
75.3360913145527
71.35929614811373
73.9600866111087
71.5233342332339
78.32712564553373
78.83838366308079
78.76488797799021
78.19694590268999
78.59472057000619
73.63655960773006
75.86566467566408
69.49318839859056
71.51498017350846
72.8430903810218
76.56178720424415
68.25898177147907
73.56172019293913
73.30028889854444
77.35786964558604
74.04524888177909
71.61673717875114
78.85829243581182
79.57604204635398
75.64022641459235
74.60364224461381
72.23042505230197
76.36361523342413
80.42203268358065
78.56440126097006
73.17018816681637
76.07201358094466
76.54657430436939
80.99393254901435
75.21785776487826
77.8737479763481
77.37402276179222
84.32238816409705
82.94391079382991
76.17994032817323
76.52314059863244
77.32145321469423
76.89193358179213
78.02910822092586
76.46394621945196
76.15671650344058
76.61354526896767
78.39842665356187
85.27476168859863
81.57912754066354
75.80995662247615
79.92623569115587
82.35273801400476
77.24948768329602
75.79210039540351
72.17179028346663
73.7379141945595
77.37357994677345
74.46132196412447
77.63359110400307
68.99258837239911
81.42894763560314
71.1250673611411
73.63259440624599
70.56953738192388
82.31905537020033
77.0768955480312
75.6344355003469
74.5596850734665
81.74235070788684
80.6134140837518
85.57654757529528
76.75400127276353
75.78931109714365
80.51439287410423
79.32041697837643
76.33292344765715
79.30815876059233
81.5027920847137
77.53163474108496
75.19993778793129
76.02792620941648
81.34864136439477
80.91336201191689
79.33455576721526
82.47423259898238
85.18465940417502
75.53424969096422
81.85208229146602
77.63540379848024
73.66483681646564
73.36337618342569
75.59220565788134
75.50694635415817
72.80732456530443
69.85040193980649
75.45615979011362
75.7105777657148
72.24773280598689
73.47051060963035
73.63164739328998
70.72296026502775
75.14849269689927
76.38981377401915
76.03676611633031
78.17823348380793
75.80186477436354
72.22255550519083
77.3197348276819
80.2444290833899
81.12083536328366
71.21640071872001
69.75092886636057
71.53969707664174
80.10402762596341
69.4798897072033
71.50561012153413
70.72022190643428
74.57676149758927
73.01109069057321
72.58631804041443
66.20179515447218
75.87922693632136
77.43820256614592
77.06916071656414
70.5103780352145
68.53988445925336
77.2735844117387
77.6382048659103
79.69129678147779
82.73855284495558
80.67209376465766
79.15779148427697
74.53403818672052
74.6794082709928
77.26107094369603
76.38987880859504
69.78974152880483
82.26966331345788
79.9573509664431
71.37202415872721
70.72489883111444
77.3233011202401
82.24224284064685
79.38227027411781
77.24330802013924
74.83589141489904
72.77654636925192
73.65387454441893
76.97377813995404
81.21362828592582
75.42237835842786
78.22850900640928
78.95102686631401
73.50396608005043
79.12004901887764
73.0273649255081
79.17462675362293
78.92938157433359
74.3609390114913
69.59405450743694
77.34750968796061
79.08265636749744
72.39730532179175
72.67504873188702
76.07102208227985
72.60685396346727
73.40386111478207
71.49727307141457
75.59059462072574
74.21255472525617
73.60090983951234
76.20182497409456
68.91813140577588
74.89484695508148
71.0552641132642
77.11068491700482
76.89452960447449
74.07584309879685
70.67309303695875
74.44367252505091
78.73313054398268
74.67203018716
69.15001948196506
73.49655509151945
75.19259989160848
74.54405620284518
78.99131101596929
75.73478193409878
74.38837744090465
71.41984868867581
77.77325629588906
78.61896216994094
70.66520560275603
79.55781224670974
74.74937089441615
78.74016298907189
68.20928554443765
73.33306555216663
71.6603279862608
73.69871490265054
75.18290661261207
71.32085632866257
74.17342536519097
74.07735846465323
76.43227269688418
73.17520483266951
77.13211981785858
79.27055454201614
71.65006737534699
65.63274075298953
79.4476354121278
82.14230744651319
78.46629805031431
76.06913312807123
78.6007103938321
77.70558522567484
70.75769382357858
68.89553633746965
72.83594258560916
70.40483706236691
71.59611241080073
75.59165760066004
76.31051966280128
79.69494539084545
72.84892798337437
75.66272183628396
82.1880515275502
67.16703502646317
68.88234903525398
80.4788699806186
76.70104167673959
78.00360114721495
81.96219211845272
80.88132309990084
73.39067820386117
76.42769085281402
78.54919925360113
81.96447966729363
74.45054922065383
71.85448182041526
74.5053149332461
69.40209872966608
73.09824587132573
72.13551435090609
73.3098600223398
72.02541809408804
78.09351580035522
77.88026975916782
74.70921021328355
74.91409962600179
79.54710284741643
76.73392341004993
67.31817953725546
75.87645044995539
81.91301119224367
75.27862691035952
76.27265197777065
76.40338212273136
76.7824268322734
75.7581376721476
71.80297453095021
73.72779376496972
82.20441284329216
71.52475088271869
73.07137342459751
72.11323975661884
80.65258835208813
73.4427860431998
71.11649288561422
70.79073916738332
78.77189253873355
71.73300736575597
69.28373688666956
71.82576203051038
77.4933729356782
71.39409209375937
74.38689873877688
75.66575040693003
77.07158110986846
76.48986239493836
73.82409174182175
75.32494024119846
78.9211723253878
75.61880176907323
78.32116289306695
76.94304472755131
77.76821734615724
82.9002958697734
76.87006375920465
84.34258715529177
82.38121963630805
79.89423652439456
80.26350534956953
78.9407281762613
83.231701875824
82.11858875720397
80.2008851903645
85.44106803723633
80.75033072205028
78.18501926839134
81.32680570397216
80.719423564822
77.5103467017178
85.12921903027727
75.91198614793703
77.94295679514525
77.88324430932313
81.5908293978569
77.65579812988075
81.01360259584
83.01074243904142
82.66830395257016
78.88553797754349
76.40691230732467
79.3157871153014
77.39403237404721
58.86455044044462
68.05652204142567
83.32924852129082
80.33658880789302
68.36507303998403
68.50081208352333
80.7361251172562
82.17671457293423
78.46201538001677
74.92933942455461
75.06191268115157
74.49045261739003
77.14214885008043
73.34377896645275
74.51316790002474
81.57526998886412
76.43824443554786
76.64423286964528
78.00660427211459
75.13584813266817
72.36598583057476
77.47577131098349
79.20834209205135
80.54127447218303
77.72027622239526
75.7574561379003
74.46851152251813
77.06064566896795
71.70320100744033
74.92949269875912
70.1914795624709
73.87931820161663
83.20291943577118
80.67519596287194
76.03374337409336
71.69137168020589
76.26691439208105
77.27208834788915
73.43869860876889
70.44772242021513
70.9476141776238
73.50088796712737
71.56783995032201
68.81157804039631
73.70376669330184
78.44807175127251
73.17033575981395
75.4716538569382
76.54383575521469
76.2728433746956
76.16271406376173
76.03841201922269
77.51763618006147
75.70691345901614
77.4450148716824
80.89119411811447
73.66414249756026
71.17665454618192
73.17801339203899
74.50886299836496
74.49859822716707
73.83923875715288
73.98666489101625
73.12609987086553
70.96515885180996
77.37018785846591
75.70393281173047
75.46352505767452
75.94827393358561
77.32620083711362
77.135822037614
73.55865506214795
79.68883383660436
75.43314853511615
72.53825329587326
75.47987075888473
75.21664441586428
72.88752789133682
63.26453296548212
73.09601815908785
79.92351397214966
80.19944198849721
74.09859604010543
76.64920216837284
72.51697584153784
68.0580623357555
77.1931900270172
81.36715361523052
71.91763086282585
67.38458095251215
68.71939183176033
78.30564748902798
78.18438315239655
73.79532145653386
72.22980317160918
73.91743354583485
72.71991865054878
74.80494032842296
76.28348106552313
81.59837236695458
75.46725839847275
72.11436398899
68.54525332403057
72.76682880918018
71.3788802742321
70.1980977737268
72.5464134417515
69.26961110528109
69.64373322183616
75.01697475930784
71.3987098402692
69.0615972019584
69.42192024882922
72.3121138962983
68.64868740437443
71.65915357440939
78.15210855279857
74.93866916882934
73.75885314776892
72.87279453683736
78.16243141861808
81.9530357630028
79.04658318222799
70.86724859513751
76.08676709795569
81.77217632658234
78.5742932733488
74.93413761485891
84.6796759708006
87.03194700581501
84.39259582351586
76.08030115705593
72.84743298994454
75.11724670179105
76.874680718757
74.8810526226715
77.55011387240232
79.8172539340086
74.23450381343811
74.4143584249528
76.35995452690312
78.13190567267715
77.76566023831963
81.82477095327991
78.20386764277995
78.28562761454046
78.6205544105366
70.1807908008258
75.2031497771382
82.17382496872452
80.38172182020006
71.33790174836265
66.46994749711311
68.59906981908422
74.83918229313754
74.2430149212052
68.80833025129526
67.36850600867815
72.40585446247378
73.7954062221971
69.73421049233295
73.68669325998799
66.9215238607888
66.52869380662754
72.61423471337875
76.30771092854765
72.00440887302706
71.77478516499151
76.63487877395714
81.81146801700257
78.2647870718907
71.8047605700594
83.2029201046966
76.5612042860714
75.24751150714063
76.56175091564722
74.929935853843
76.10665065854514
74.94228405748183
79.73574129500105
73.98681856824157
73.50504015177312
76.3533331897369
74.7316787344107
80.320967245365
72.5523476079685
74.49125160760067
76.734243399035
68.1508017273348
70.55919328762536
75.61051201813243
71.55479698355002
73.16900249066143
79.57765941299859
79.3609822619841
73.1070228696268
71.88332405889281
71.7899913163286
75.81167616605023
71.45275451918619
69.85592802984742
76.3469300015202
82.68411949091193
76.60562104604774
77.26502847625099
80.3808457230229
85.47730319865376
80.06443449411888
75.97998610939014
76.04474575856963
81.24030875115788
84.28664819403166
74.70983101949838
79.64719700420439
80.79628832313452
73.91496766786902
70.69620293433103
70.32353168631484
79.77738181854578
71.5558428163149
70.57394847067029
73.7887443247701
77.02184088167846
71.78747480114588
70.72445056336416
73.44398397499683
73.44526308458826
71.90701195380596
69.0570527648503
76.00916519371242
74.0079483764408
74.11126954619954
72.33719587090631
73.12892019978173
77.04729744834904
71.96292936481964
71.20795599686325
68.51155673475034
68.48360438275742
70.40286352098104
70.71410714351552
68.63347761997147
74.5398559878158
74.27822994664137
67.78116729455525
72.60133222187014
71.32246031172429
68.14812740955746
70.70069708881357
73.09566536339207
74.3639619707089
69.41945632825369
72.22745323324514
74.50379146411939
77.84726902848875
80.55764713041586
73.6360287106989
75.89864086429994
74.59479187737216
75.23766916836786
72.60126503005638
65.87610540230924
70.22752019644588
72.73432238024101
73.12100107796351
71.58209244431887
71.1058662157848
67.48428447327677
76.96390164079843
75.94758053393598
74.34435496676242
74.87400936927736
70.93815802623193
70.4733034392427
66.81280676106273
68.64408750859273
70.57200444465408
68.12860121845517
67.37714775449105
67.31914994437352
71.3851893419038
75.11094539703227
67.66320873260396
70.0377070450487
76.59173719036522
75.31301417930706
68.18619055191586
73.14095142802722
73.2048023996359
69.71614769688321
70.83722463984027
75.01621366455466
70.33962633194399
70.25779113567552
70.37903309012763
75.1461240956588
66.3243639278184
70.7122103462386
81.8641291622404
82.48278412766598
76.12454257522519
78.60486009672063
75.29624649746137
76.67803117190934
77.21532974865269
76.14796449646686
74.10133796577207
75.24088420360792
83.80268791563418
77.31603638401539
79.16217299871006
76.2206723466768
72.77208815895483
74.0383702135051
72.6329191897076
73.56752080458674
73.94265738638131
77.75810050457504
81.52667011648748
76.32584514553912
77.90604838542451
73.13262465254091
74.7179540523022
69.99214995006182
75.63011923996906
76.44377077073928
78.27645378378271
72.23409589681069
78.09901971525082
74.44890999315454
73.89778505384108
73.02448129110815
76.91852620152505
72.3373051091358
73.41955299339347
71.06238951028641
74.06559414886921
70.96653010452424
66.61346351281937
73.6516105325772
76.96012742461053
75.71749820121799
79.19271449719807
80.01704497607679
77.8155459795696
74.33149990251599
75.148711525271
79.59501629935589
78.26177458651011
79.35079943116958
79.99428100902152
79.46717886988094
78.44290969079043
73.17324333323491
68.99780471067899
74.26861303328002
75.32713216933001
75.8293442347161
75.29689006828909
71.54933315251623
72.02045095893983
71.06021157254503
71.25662034252854
76.15807093543485
77.05134016760941
76.38246151980871
76.25997159662138
77.5570113617249
76.36902282497351
75.72458584065265
70.10085533239268
72.06548189448293
73.01416743656037
68.95838800468731
71.7689322276866
78.1926652483803
74.5293344547032
69.50881409654362
71.5239670367252
69.99903580856052
75.60449697024683
77.98711930435104
79.91613055050512
76.84232685990455
76.09138577412082
71.09764833712883
72.15913305360516
76.7272241032431
73.00401610409564
70.4285301177793
74.78897976003846
76.70715344813733
71.86033422054066
71.32486549578049
73.5092769160624
73.06310252225605
75.41507018395265
72.44460189734109
69.97200819836424
74.29222406169829
72.38326762874864
71.79699795392382
72.20948302321689
72.02120173301358
71.79816597630497
73.05549775696196
71.63698230855633
72.753640852089
71.26959170670021
68.54212648725608
66.75425336986928
69.80870723272984
68.03440509190676
66.58228285502128
71.28000313917006
74.07001469034164
73.25288482160275
70.25940632474158
69.4211249839156
74.41084052676797
72.7600141394262
68.01665410316265
65.2406304597256
75.60815122196087
71.21070906066126
70.56551666367854
71.58991062349759
75.28227744945352
67.62951040044432
66.55739761025725
65.97670540033727
68.47085534358193
69.68692455428695
68.96631519389888
68.65856914042213
70.8531820200992
70.10541158290413
73.17250045817453
71.0857183098501
66.35128745333246
68.3733057187412
71.76782981251853
73.79922012519152
68.57347246509329
64.20847367583605
70.15217785181459
68.84934776397903
68.67312474004763
66.27542148050298
68.40671820446214
63.824793724246646
62.88128326151154
66.34884767843256
64.01958695170501
64.71097409451261
65.5371329205372
65.74162790466248
66.60895316015107
60.40108476787557
66.60237723259063
68.07873763663254
68.92588096647651
63.07217132199741
65.40644486363065
66.98446256674153
66.97348237493979
67.50839849994347
67.61590628584946
64.57281425624771
65.59139847454479
66.92838514361631
65.63069786849508
69.39404870405018
71.74630538812433
72.95725786704551
70.94321641107179
70.84790122123366
68.58588855095226
65.5843931248651
70.27796543902772
70.38254149447346
65.25145271867103
61.36874812350616
66.2504331784634
71.38575492743774
68.94712754482451
70.80445972040246
72.23965962662939
69.15375574796253
66.10062453602423
70.79513655697065
76.73539421808779
71.95789662176632
73.18632900063207
75.86884663274738
74.54322360906214
73.40808399115173
68.52338923748219
73.90875327528087
72.43706684517544
74.0380064784338
72.20610238821625
72.58999616421735
68.56251694078368
75.0596864384344
73.37659163681371
76.0656089590121
75.61000863483935
71.39314683310572
72.01874296860743
76.6257186354693
72.80996317272506
71.76801341456665
73.57027234339121
71.64108976633179
70.91250921495057
66.81580368508341
71.61667967017296
73.88390823715032
67.57460946397846
65.36200277813961
68.98721228148423
69.55350131752722
66.74979961511978
61.05790316863404
67.0063853784222
68.62037758754303
67.25696226670557
63.52070476502891
72.39493005125047
70.98694882699738
67.6183031365177
71.70516076714325
67.82091012977557
69.73430368705169
69.86943304780414
68.8351957722705
72.06652665875333
67.23391790551128
70.32956983529589
67.48938121267966
72.16210055355916
72.07458074859434
69.48241088529713
71.20713194429922
70.91665867469679
68.86973171757262
69.69126040438707
69.29060155209048
70.09207564626587
66.85391390680081
71.00300857827307
65.73040309701086
66.28474646159867
68.9695351382733
72.26054487684281
73.61659983533056
68.5049277436617
69.01318861078829
74.80763633706107
76.04663531921754
74.32028289173063
72.45937857013729
74.54949372489922
73.25249200333167
76.44604116550757
76.85111424532552
74.44627700855548
73.49279031849355
76.98339384392175
73.210315990292
75.23499698992985
71.96544163072
73.29765132748842
77.1484342395056
77.24595615329439
77.22462360969634
77.97745552679733
77.72110082957663
74.47766296707624
74.43034398316865
75.92518847721968
74.86510708869457
75.1608451997817
75.33052208842402
75.1981808811674
77.08880994986988
76.03535483904783
73.295228840223
68.67767784948009
75.42451356086347
69.9607986291972
72.99116273016207
72.2901581686133
74.93355850602646
69.92696262379992
71.20005133931468
75.78206519165992
74.36256096938143
66.6753759073612
70.265468779092
72.03542855644648
71.62932754814658
65.3642823642711
65.67497094530727
71.8965594798296
72.95500314637906
74.08925210013358
69.59061735045545
74.9644954126122
70.78208862183571
68.64200268737235
68.04170623079077
74.22574711375977
77.89692559501549
69.7041686994518
67.14052322126444
71.02229610766106
71.78110592850398
67.11825357706759
76.24814007541771
82.76880000168403
76.09556189302619
71.87072471651351
79.37078505191076
83.15817632599502
78.69896665819613
75.8214791903491
72.80950185851347
74.19537894641643
77.03913551456972
72.58917293526294
73.00937395585487
76.8232978453107
79.409965109687
68.56531718783654
65.4259844372875
70.31982337834143
71.90741390702252
73.87761691720121
71.94528722937244
72.52407345527673
77.70464545815234
79.68749007336427
77.0198774208762
81.22192328906199
77.20588790188755
72.67059838312616
75.32920291837775
79.574900860224
76.934188016367
66.40680485793933
74.73485726418126
77.48289513640633
72.53513099753553
70.53089345125461
72.48795645109024
71.12204508365762
74.36659984687235
72.11200092407518
77.43905654803285
74.26225586586762
71.43644957448947
67.3469347704849
73.90124614521672
71.4288398047241
69.73044525737859
69.16566817012801
67.14499202883248
70.75993586604733
69.38962924510302
70.04124285516846
69.00322194712837
71.43938846557839
68.00550679890756
67.5656449224054
68.05778986619025
70.00574639529351
71.56628240742698
67.05730344512885
67.7180741414284
70.85515943949262
67.37287439207375
67.26866820854855
69.92140101269962
69.23052641226293
70.76414681429178
71.86116866183998
67.81127885762724
70.48514049272183
67.17926752539987
66.34472568448771
65.77498689909811
72.66995878717394
67.64602367743392
65.40792627929382
65.65017637840828
68.39285763515508
68.45366518772062
68.55880549135156
69.6444920769823
68.43990427249864
69.71499922965324
64.73400040760362
68.24930266862364
69.32009989637544
70.43407009037973
64.21081994045473
68.95640074642161
69.28295384463603
67.13044941480307
69.036584130672
66.98296017774693
70.0346964404889
66.09871616762419
66.4560607346728
68.26456424960647
71.02557062248479
68.49457523847788
65.05755088686288
68.51813230807399
68.62490315964982
65.99844612320852
67.3337352720303
66.38450438740539
67.74134163576502
69.47302173981366
60.48434239446774
68.1767335626613
71.5312704218921
68.88602240800633
62.63712542393964
67.31138000571735
72.36849394747925
72.12252116446305
69.86032000195117
69.30340921626507
76.22902484340123
76.25395873434722
76.66983373241669
75.40499302832347
73.57853918055727
68.5726693781373
69.3410811536041
71.66401437385925
72.969582571113
65.87799870376222
70.89152700890773
80.4948165761276
74.6139984929786
72.31276375659287
70.40854442263188
75.23691026574203
74.30431269135882
73.97389039743491
74.42850537857865
73.99430302870076
70.25743866725051
65.26978049888429
71.17774578309732
72.58599393378017
72.90229097882604
70.67390977986112
69.4145538414582
69.38263981313965
67.81501256275325
71.94572076876945
69.47732399234486
68.13584261801134
68.49961661439598
72.33499186525846
69.07469781759593
64.01542560451689
66.4817800719444
69.66287109145797
71.54716720469179
67.3043809843463
71.09724654249754
74.84565668463101
76.15705359829032
70.41490045471099
74.1216780273252
74.19773253364026
74.09189703350823
70.92101864031402
71.45049103008762
70.92174280679681
69.17036881692687
67.2820016726541
69.2224460994656
69.38079611251696
67.84366559002433
63.900525112928
64.36345469656139
71.19138556154064
72.7716423057407
71.05542307138725
72.78098208917542
70.36988141712496
69.02397550154696
70.5949518869147
66.76774261887756
67.58323395254989
68.70335696807172
71.08908981008308
68.27026258287471
66.81097358852527
70.64313887314411
74.17332988144761
69.3329812823782
66.3960196356807
73.13343701845628
75.8511202987444
70.8862059968164
61.51198960566685
68.50342854758564
65.8938543757885
67.40423313460443
71.70446663812196
69.75272156283629
66.74614941449731
68.77935445264518
72.14980091916183
70.74292626028846
68.411010421072
67.08081912612984
71.74856003483973
67.74908542935596
66.53208711504035
68.83659217925222
66.5650402771917
67.68559921503409
69.06080704969295
69.76534323507492
71.71986194219024
70.34821481725575
72.93185549396877
72.93148958317317
71.37940796131477
63.8766923875718
70.42283360900953
72.9325932325829
68.00914997407695
64.23146407487214
63.03499831265581
69.71945499141242
71.09988310375567
68.85873408052055
66.7921096479618
68.45073617577224
66.15310396110631
65.75599036292118
70.49537215704017
71.06388698433979
69.87849426091861
65.94481752491713
63.97050138593524
70.20768834130236
68.41079164665763
66.80580476578513
73.7209186798632
71.3900792655002
65.00165586178166
65.94486472947261
66.43604950047597
58.90751102269989
72.52090387042549
71.57461358612683
64.45454618216958
63.262974343823515
68.4983052385807
73.07821426775239
71.76865048036665
71.8332599102596
69.34239185517572
72.22746873616502
74.82779938147146
76.9336982045306
74.04810853243623
68.82919998923892
73.02126573435554
70.37277903263643
71.01645282989107
73.82324386357415
71.93711238615869
68.75836369558829
68.91244070366518
67.95156133442279
69.88590517846784
71.72081610770651
71.55333230557125
72.38197383607246
75.57203065199371
80.98347621777918
75.14755351936428
74.81890791826194
75.0686165099582
70.91532254434257
72.61419536572767
73.90357446503407
70.76117707388289
72.52355980685435
72.90728549096805
70.17310911636791
67.78787089272387
68.33372264115596
69.10921828281933
71.67413294569951
73.09531705018291
73.58699671921319
67.81688507582153
72.09791894754281
71.86212016462424
72.12228735232358
68.59238501112182
69.50982233035685
73.07380981967108
69.63278160609623
64.54583345536214
68.66110440397804
71.52622547206889
70.31925512085895
75.87231809785396
78.1064147724979
79.71981856358322
75.2962290800302
72.03820268625745
74.76936238659431
74.43843530858545
75.85727589184307
72.64178715317034
75.854556814685
76.06551953291535
72.15013294954286
74.19871727926392
75.60346798368683
77.481405406021
78.73880664476269
77.4826754241459
75.56879027898694
70.68789861856094
69.88739178012426
74.517317197744
75.83186176919212
70.39621171650047
71.91941356334884
69.8640515278098
69.65976258471864
76.33709078180243
73.64474440278595
74.05385130750729
71.62636497077767
76.98737253958606
76.57154716542213
76.67762070579094
75.6399831778226
73.7483729044638
71.20813477028105
71.61539434717726
72.34306677694876
70.96633766633832
70.57160562590433
73.0056208416536
75.28330743585933
71.02218897119282
72.9045879651343
68.27066292085775
67.57691728000185
69.59765167885847
70.53901880655117
67.54157398920368
68.78842959074267
70.33728302316815
69.18818908604901
73.09460067427379
73.5042678782401
69.27885295786928
72.12393050007442
72.22404999839942
66.45597595817276
67.04668139719305
70.69759038053209
69.23536282088442
71.01099532241453
76.46493874534423
76.3381748130411
77.28052500138189
75.3711902764694
77.8322674183756
75.22999576234768
76.8828809645745
77.45827258534
73.33599956079459
74.32042877517273
68.8215970145471
67.55098677336967
61.80752103615272
56.275376465789414
56.96597690434019
62.35369857099892
63.66538356032295
65.98591041628592
64.42852688220252
67.60122766181652
67.06348344595905
69.18804930954651
66.89159925457939
67.33702995636402
65.70576650336687
66.98298847205486
71.1118225455715
71.24175898117353
67.89964529612875
66.71147434869863
65.16841750859359
67.31058826486
69.89217151957043
67.7567081305847
69.87111502688096
67.18933144176266
69.55132342597058
65.06544601053528
67.5014055824718
61.3398151681319
61.13065766299392
62.342913489974165
58.15732709858987
62.459808449446435
68.28049632966805
71.98854726969725
67.24280810632413
69.12013022982129
66.73863539469222
71.56002885685979
73.47431194928151
75.04222069019798
69.55925382736314
67.03245587868034
73.8341729316012
69.20498314906264
67.08373188149818
68.13033105261059
72.26342488599792
68.56784879134045
66.53961609113607
58.74302324784598
64.94523023528113
68.3503917536671
68.7043870614767
64.6578791598702
73.19916807287336
78.393917999079
73.81927712550693
73.6586565758662
69.43253386024493
67.07209099004875
69.02061540300514
66.70303439483232
65.2902744557423
65.07236744763865
64.14800834108279
56.476352786053525
68.20798663810464
78.96603312169638
72.33689942300822
73.3167418148023
75.44452455894454
77.38699877785409
74.0880259333883
75.67882257872336
76.02094042059451
79.44940658058617
76.89387050066198
78.13712387712434
80.36522962519606
80.30997058284052
80.38225705718733
78.99862046644965
78.3480554934665
74.4642270160501
71.76389856348331
69.81392063464706
67.59329942873644
71.56554207787178
70.26313233881439
67.39078940258018
73.35816397991152
70.43657334569124
72.17169515046766
68.47074053171319
69.26793671332194
70.77971845914526
77.40714157096926
76.9767074004998
74.38484480576638
78.8947723381088
81.52377420744153
76.49124054006538
76.91372863751788
74.79887484587823
74.349607506623
69.64284500065023
70.10865250296546
71.59279633149123
64.07420353609844
75.61343363071214
75.170123108274
74.41629896830564
71.86738250995683
80.95275785213012
81.1973070116133
78.59529294061093
75.17865319048866
74.55984903061504
75.54500538918047
69.4221497364766
69.43381697105424
73.52353098650123
75.17975722632272
79.63126777033135
72.03883464812687
69.37645385064975
75.36344736316062
72.39252072238007
74.07213763582355
73.69755877526413
73.65512166240522
70.54584142132703
66.56198645594812
73.38811478217013
73.13130944111386
71.07468988951206
72.43969789308603
70.21966693313037
70.47657841836555
80.80497648411416
75.92696856004642
73.81162083112928
81.05205351076206
76.05034616955125
70.08137924444203
67.72755648546101
67.61774222770222
73.6015775903321
70.50278192780863
71.11146029734347
72.40054224038033
70.10420117687886
66.79697418232271
65.0865802459934
61.6082639780219
64.27142885828627
59.259288548910355
58.83102951635929
63.72208379456708
65.95633509638165
70.7535477760272
69.34744525992286
64.41825997989035
68.31861649676114
76.88552090139802
74.43847931253431
74.63995189700483
78.83759230983308
79.92573378973884
74.63798538897639
76.45089179606596
78.17901264960952
75.78418908248473
75.15203208581734
81.49527435109441
80.34490382767689
76.34524090974644
75.26341109325713
77.06570796335758
71.54955660372964
75.47984484388036
71.75294711327234
73.59572549736185
74.12551218664964
75.68112955167526
68.71421867258715
61.687212779121964
70.4785060583679
71.61002744889062
68.83529498287754
67.4368594380502
70.58957675752853
69.9705557538109
71.21201191584242
72.18406782226025
67.7010831964144
66.17297934709431
69.8939303608883
69.13118906964824
71.41064602471045
68.11205036020996
69.01606917700072
74.44092189163004
73.64794552973879
70.51570521772678
71.05004861597585
71.75367458718038
68.42530143113864
71.40909056183656
74.14450982038419
72.93791277185186
74.96326770485587
73.94103199394822
74.53954095318582
73.23658578949258
73.43528286327566
78.4795832726936
73.42100390192847
71.60304363743153
78.59098020551599
80.7474087625592
73.6146082904463
72.45423748733111
73.86685229526267
72.62024945959688
69.10287763513504
72.93232206125197
78.50893316092467
75.9831940055748
67.56743962422752
65.51200149501584
65.08796157660194
65.39585181840762
67.6701756399918
66.12053804871876
67.77770443367714
67.50774262791352
61.33585515231734
64.58088925750229
61.37971060746382
62.84922844091943
67.41944244664398
68.35565251538515
65.79735274979473
64.02489041790628
63.437262878245946
63.736759962203344
61.898972464282025
62.341810873551175
60.60815454424396
61.61136395657286
57.798606276423904
59.53224093506493
60.13323549420118
63.88176102601879
59.95085750076094
64.09228749521704
56.600994176179185
60.85901295981347
58.37291110422019
60.18021974508188
58.390470344759564
58.13955661303583
57.371322116306246
60.3383970488102
61.310323851502375
57.36556139234412
62.192311559256126
64.47620550392539
65.78283150759111
60.159967565941095
62.608980627274015
64.90385115487446
71.39962237539106
66.69320420811066
61.265191441568874
69.86595389766107
73.33099298225538
65.62183150344902
71.29336657776241
68.09697724054047
65.24879371388703
63.86659724791642
65.9077683735146
67.12156929863887
68.54667120543388
69.52458666437784
67.32127075315583
65.55108445492095
65.65959481444564
67.46065312856908
66.11399239525872
69.40547806596793
70.15496425618421
66.46583127037042
66.63749808551384
66.29984667668738
65.66730780928698
63.824044076719275
70.21190857966279
66.14499605454445
61.97601348763129
63.4937309932053
65.26751051220053
62.69334116621988
64.54515701751374
66.90670502400344
64.19498361643193
64.05522736423192
61.90521572320632
64.10801276102376
64.7182884099649
63.584314480260865
65.62360897867204
64.22409270756825
66.25659901960613
66.2482334782147
62.7203247017927
60.78473484988911
63.51732457922822
63.052377843689484
61.581529549248195
64.34079103302366
62.51250765474359
64.2101377958029
62.09775827644771
61.926909587876395
59.50462461614496
68.04178240965165
66.46458727547474
68.39846438576251
65.66394693916497
66.2995550446572
65.73492184672767
64.31966635613648
67.29946756409687
64.50626196021827
65.86799339655407
64.77782326065186
64.48417096097302
67.17342594176866
66.78647080083323
65.48412257592243
68.8974568238931
69.42583378063037
66.11987503912022
65.52506343866213
62.39671356411502
69.47353605160419
72.29533964784513
71.03324010374192
67.95771777686386
70.96382438197372
70.15958043369133
69.31559409736205
71.38955824373801
68.7255827480321
69.15230609599021
68.3026406781504
69.99355707053759
69.96791749957511
72.86267830683306
67.82397049683077
67.77957551407579
71.88903942656849
71.32698187674438
67.258054306685
66.41028915166258
66.74306178831375
63.494513704396816
65.42037183477534
67.20193641993568
65.82234002982113
63.91990875086748
68.40474368741741
67.51005901816538
63.88086184002941
63.95111059898889
65.62243110673955
62.90070765095821
63.051204185400564
61.8764479594148
59.81611948486599
66.07482759977842
61.742864874652234
63.45854901053676
75.00543852053808
72.70484148025422
66.41809557849045
71.83007361859312
71.11845615738793
64.06927733649982
65.58701619301041
68.25125261118015
62.499198050699825
61.68584636749487
66.73697163379194
71.75677878103289
66.6476221154232
66.77348169607217
70.27914841475554
68.47177394601127
69.85911945586228
69.03057243034344
67.92188621131254
61.64867953628624
64.00953654089379
77.30166685095705
74.81997064127984
68.9334107314216
66.89000971312457
72.4981170584268
69.6099639681127
75.07574593981552
78.26154564936105
71.91284355487575
72.05196098762016
69.67248509420381
62.93683002056261
68.79912107515051
70.97514037936966
73.55463914693138
72.52658986599971
76.17155788711811
76.05489985916347
72.86626087482607
75.22504544978742
73.44172418332198
74.3357202636905
72.0341959694128
73.1982933245692
71.44117166930579
70.06031353444354
69.7340685288395
65.76290118626176
69.08204668310353
68.86202735514242
68.66897557456431
66.81621775778349
63.20293608239621
66.00001731819106
64.98243311422307
59.6450882458633
60.36723276548901
63.65998694644426
62.220872382925165
60.077997888133126
56.19836625426981
60.54742078878949
57.6158334729686
61.884110668901286
67.79856299502013
64.3816187416941
64.22189036198418
72.40082630013966
71.03459878523856
62.32200513357336
65.77262995959973
69.87637683365345
66.2339115735802
61.13521039326468
63.6841521061536
64.46853094221159
63.21954089490775
61.313568567120775
65.4389347122677
61.649227690876636
57.13714729897469
61.228876694032245
59.158784061301596
59.19332349037258
59.6098192223537
58.2776062564674
57.489492543415466
58.085502568906804
60.55272799696213
62.236010686181686
60.02830714835598
60.69760239867417
62.63297610967444
59.17468619821944
60.428208176914104
62.61014991861751
62.69113175226884
60.3087928302756
57.9544751984584
62.78195352085659
63.2949916860513
62.478928387614616
56.80753033606422
63.22134677498584
63.81344479401154
60.6985386277653
61.638160940051854
65.63693952115823
68.091620017586
65.641252706147
65.63877872197034
66.31424284623462
63.935766798977866
64.31589844233945
62.22770990028033
62.75375327923053
63.819637798002795
59.32117740218441
62.37073839463367
65.69220579436158
62.232921368264606
59.78860324751312
62.476223414242924
60.15731820681235
59.377058822921114
60.00558688050144
63.331939000776494
62.293109679871435
59.805024032876474
59.86788213147187
60.77722692301714
58.12591193992293
57.61784951460713
50.82223664335671
62.938860145117005
67.19286784661479
63.680564970433295
60.602454486922994
66.55959590934128
62.853959017517866
63.69229251898794
65.56372371344952
64.61822288589583
65.96600235884661
62.89732496942822
69.27924535485644
69.53768302043974
69.64459833489788
71.17397707451099
62.781117724885604
61.71166799544777
63.178427130559484
56.73617730808118
62.70628815766699
67.05060862201057
63.398511115095616
56.17232675610378
64.9554484612706
68.80019131575311
63.81832531033066
58.25778167289787
65.54186306266084
69.41522739071563
67.58257562355149
64.39779574140708
70.44583431914603
67.22728529769252
63.6031278618603
69.00303427323603
57.881907195293046
59.70969814289171
52.85261165183487
60.333664391114304
56.17108160692796
61.1891364163134
72.1043941227006
68.75468287641121
65.63890044921686
64.68481423105203
67.48371362587203
64.1939039856633
64.33870719512998
64.00081286792035
62.76810053548261
67.72256955879202
64.10133571669164
59.35245445939458
54.627443761630964
57.48278251850345
56.716849114200414
60.72230621552877
61.68824759333163
59.656444876777805
56.192486039185894
52.89736048877755
56.13735618511437
64.12962116439955
54.054702075706736
53.43936594284322
62.66178205958856
62.2245511419111
61.8484440281987
62.810457825304454
60.638298493334524
57.83922887128851
61.6941759027529
62.51081075390741
66.51497879439626
64.03162539895575
57.17936168413034
61.462905344442134
65.55872366426078
59.554423332666445
59.28339128053242
58.11444856315449
59.41090166168232
56.347212627053274
71.08617705970032
67.98030127338106
63.753031205416825
63.755953453846914
58.883325815970494
57.531107250717284
63.22916485543563
61.25352222198274
59.81169837165795
58.48749545095867
57.6146123843418
65.98415610852513
59.430779698032566
63.37377115423412
67.76506675320157
64.30304430771187
61.762679171857854
56.79728254211344
63.00330312549282
60.507795600671216
61.35513501799578
59.55075075659149
65.57597319906948
63.736583255614605
61.60814258009116
63.5936891156964
59.80023241891436
64.1606100979584
62.39925228180582
60.60334885165031
63.20806910088393
60.87780843134189
65.10231842751043
66.83068414412278
63.50761635455072
60.96204382797591
56.21149887652933
60.0158108546362
67.65570613305833
69.44876760483947
72.75796591609178
68.6214817677425
66.51352205497484
58.43814237727065
60.86008329425992
60.042830490065555
61.312585845473
58.88417470229046
62.887767763046234
66.7588539639459
66.22228057792334
62.31197755148901
71.73160966031614
73.88077385471877
71.28891371456903
65.71796826401541
66.1929296655103
69.07478111359728
66.34540191899197
64.97365620931873
63.911053088713054
62.90711687384825
62.35624029405693
67.28911850027109
61.63351520240785
66.90889125452588
72.31971491024979
69.20465975474403
62.20179696048728
62.926791846903996
66.0593340456413
66.31536428311307
67.02795920303222
65.73438382232499
62.17039465800106
55.71649339217401
57.61607191747848
61.42142425885092
65.42959965333996
62.19596555047614
63.824248338336474
65.34880411691266
63.91354585771298
65.95320048170612
63.633953990152
70.0809975702513
69.16155707637526
64.3564420372279
66.95151151968689
67.55722943895857
68.49880002195425
65.40574556385552
65.28844903881559
58.00656805781291
63.02476468853742
72.39188478583743
68.73732439486557
69.12136611292375
70.32563534772207
66.58171190898885
64.97508363984845
71.19527266415668
65.85871186448011
66.41320848077164
69.26591726726383
71.50492842781973
68.28343091281592
62.617359188874396
65.19104142331435
63.94002197270677
64.56002611159846
67.65196056185802
66.43032506025946
61.54276721551687
56.82201434077193
57.31614127232066
56.42062935027378
58.49628917009974
56.90769014751143
66.94441507561835
62.41508242859005
63.1796840778715
62.997460586623255
56.511820255106485
64.45987505692709
62.92663240679583
63.901699670460154
59.604175000748285
59.160783110992
65.0843168483702
63.00243387993115
56.56660998992107
54.391917521753484
62.405218595674995
59.441156258568775
58.431556947099224
62.2391405417803
60.76592202374878
65.03313991988513
58.80707386531218
56.602454051190136
57.93377929020441
54.154742646816885
52.90223400944451
53.83923002289917
56.737253032784764
59.37983055773023
59.623946588596354
54.292131464062464
51.29710712083589
51.70897357765223
57.69456376762397
69.37010928078463
70.57893660036144
68.43379819493084
59.83717054747138
66.46285850732787
66.26136189394633
65.23891308506879
61.47427182793002
63.32353692257019
62.12994117381684
65.22132174025631
65.67955577186687
62.77961322473084
65.29443562297037
66.2385935418936
59.23446905150031
60.3150210024093
62.136448418514625
59.173420563732115
63.38123115623321
64.74334301162733
61.37957695022153
67.84878425007551
69.2210022990217
69.26883002574966
61.28962252750862
64.19457406347266
61.213474452215635
61.72343405956924
63.575564048368676
61.14155141879518
59.97928147079181
63.141008481015525
60.64905858434626
60.886131741044856
61.04853675181144
61.08632033484578
59.621847905280845
62.71196184891933
66.35945485170588
57.0595501927454
63.847924322825165
63.914533529558476
68.92475655400659
65.33727589094691
66.18024708477114
64.06280598649451
64.26963416669253
62.78374775228942
67.30974055458442
69.195580042353
65.06025735312943
64.29004636622658
63.87892735606247
57.50891068881172
58.42746122670021
59.86415496536293
62.340293596739706
63.77837065638345
65.72938993884499
66.81710579669134
65.10334121222657
65.41706300728475
63.17599837191805
67.02196371622895
65.18970481724226
65.30110364653642
66.62685149942703
64.60650610527539
61.764937444267325
56.647201401540684
62.945355961514615
67.95478263521998
66.62817721912977
61.77171178902254
63.1213208367791
62.556123823276614
56.24102797243469
62.35565718231423
63.65730201383963
66.33681786311242
64.22474705347
64.54979761165966
67.4367620958962
63.57575122393128
62.768472744165116
64.1574650034423
60.057364015354054
62.62484734803845
65.17625899247352
61.35150043714398
66.85069275088031
68.23476947426838
63.3901034130047
61.39239354870485
64.47178362152334
67.26810575683115
61.416043880608086
65.79759091194197
66.56415190676215
60.53752372827097
60.31671526157963
64.73846657706522
58.80566852998804
55.344194988209075
64.643300006156
62.7888046287456
54.65541719093533
59.47506052501105
63.42104875240999
58.13287983937508
58.06916963452948
60.29111205755952
62.084589128009156
60.52350052315792
57.49242120528112
66.19453425342186
62.56151471652276
56.64353860378491
58.42339416207602
64.23193090223047
65.44148755990174
66.97055027927522
72.44579512296258
73.2496093629929
71.10323696057982
73.22170502373905
70.06259817992087
67.30908785162072
66.62192139747114
67.68640487987486
66.7656900963901
63.2323991857106
66.45962742050183
66.17459032385992
72.19449316772629
64.6692807922898
60.3673823957967
69.41271520625058
73.96417570975508
65.2387752818468
65.00303294881456
68.38306717057415
65.40666147982851
64.31787693790032
67.70691284602512
62.75835721540407
62.256906924603896
66.69102628220755
62.186647480950086
62.22967678673751
67.29676061098671
61.366630362555405
60.9528092897862
64.50478654264067
59.18785956040533
54.708952797039814
61.31809800682225
62.01362438764495
59.77816573072105
55.08550805635235
56.5454699191926
53.70775525927423
57.33938635281012
62.558704753948206
62.821330752060724
62.17935878151907
62.8017852744578
69.53065605721523
67.99341295938464
66.47435157490189
67.7553928467244
60.95701806193341
61.60115891334366
59.54927277401726
56.014432985206405
53.66351983071212
53.83041168153593
53.619240310631206
58.37087850643071
57.2616004470392
57.75603217474856
50.82938257483929
53.48271890138357
51.251526084523455
59.92646425986632
59.060364160133695
63.906404877295465
58.007827060490335
60.553280480414266
68.505782489161
65.37039577018642
63.096951217743666
63.01478639701223
58.87088853667598
52.02633463669581
63.209705183449096
57.48551695918285
53.05981090004239
60.171504138027245
60.62221419713435
59.71700268020961
58.14062124802049
56.807910243991465
59.28878536220953
50.86103562319294
50.88715399650667
61.67659726325658
64.69809085720209
58.26670378299131
58.27345857420201
64.2355625468961
64.50911384006395
60.94557370636151
58.7966438459044
67.20056376291103
60.18816981388363
58.63238022126672
58.27655003786048
59.6816421481181
62.55247050400992
58.0406760068132
59.15477709570849
58.84333461867988
72.95351376201559
68.62570880472366
63.17079696355244
62.38314134510435
71.828681068976
68.55355089584359
60.94149329732012
61.54211699357123
67.52195289876497
62.18315009495649
65.05649887543312
69.42237844191493
63.53974699140781
61.51701785983466
62.14097298853123
57.74588799376983
66.67219161195429
69.94312403882664
68.14686761766697
65.5890269592298
67.81108757433755
71.177488624151
63.85372443954534
57.02452540408775
64.19583218500352
62.00365368457844
66.26728249704013
66.16975054330375
60.9940834436188
61.908090775043746
61.009326712625196
64.39081528872525
63.395539169968814
59.814825728620235
62.3135446017647
59.063441227395124
57.85831027933558
54.51538591502915
51.94739557719955
54.33280040600098
59.36738858665083
61.860105062774494
62.80109181926641
61.19123747390436
58.62470487940917
59.788986374309495
61.78989715285976
56.82384776086916
55.11930368757463
57.23945326197451
59.287953152321826
59.53656905662823
63.372003345444654
60.209129457644664
58.185578152854035
55.651015556874775
54.9052497592078
49.257554431329126
48.957121482045515
64.6000356790568
61.25022073055257
61.913064163351606
62.876947460982734
60.9434026175184
64.53051148407266
62.54633476708217
61.3826502563776
58.102319416390586
62.87618830773278
59.42081779640952
60.912716468755754
53.34522027507619
53.642810956586125
56.974455052712955
61.955862094618986
59.45257247723059
64.0916164989157
59.02410898535304
66.01413751026907
67.26721575750368
65.81984755972822
67.91058234351391
61.49665026051867
58.290219421485034
65.67764228195303
63.85474989542188
67.28368601414567
70.66481497004713
65.6843912611446
57.453192875215215
62.51272252836586
63.79023648389844
64.69618761140619
65.98025618804786
65.84801547244201
62.850591341114686
64.80585673893206
64.57420541933884
61.561085046594705
56.43985041584
59.98857465718376
69.13418628360795
65.8134467780569
58.57875342469259
64.44357450950788
64.89991262272277
59.20380326707576
54.2017866770993
55.806417901979124
56.01920850781591
63.59719884623042
61.38633992581423
63.156676316767204
59.41248754429623
56.26779834149174
56.1346353895617
56.77572015949394
57.92031107659312
61.80249223804074
57.60907875851161
63.20271629051136
62.977782957650454
61.20229089985907
59.90803936889458
58.878386491549065
52.47244206976186
48.95602958117024
53.090720994268274
48.65883094209159
53.63792436691887
51.94783798346083
52.803031003883355
56.821858709546156
60.953958314311805
58.01829247474741
68.78153524989717
63.95219774374777
62.73403005572599
58.71166757986164
58.18151733045892
55.78001328648344
56.040817004277
57.59675536711733
50.93990231653886
51.88537237892585
66.67163010401576
60.616086046966174
57.49525499732616
58.78954705178492
57.91738927503231
56.67541960984158
61.10498494016394
60.41785540661323
58.194143191979386
57.50390997138093
55.29968291233476
50.96653142586822
53.907591850185014
57.63189676466539
56.79600401340982
56.51302443587658
56.55866061640004
58.43195539901113
53.84410214519728
56.08461592275479
53.56946560321694
58.538301888351526
54.6305996576259
58.29959866328456
57.51416645733714
55.14322641580961
56.93615772057916
61.211715363931674
68.8695441136556
63.86152402851947
68.17992964564209
63.69320616317846
60.22334847668471
62.430599173153766
62.05768275325298
65.99220485449085
60.080351408996734
56.359498325951236
58.473405087597136
56.908939641491024
61.09060846097297
65.07660467810354
61.750017333810085
61.93773782480372
58.968142940737295
65.15521213672224
65.09531139824509
64.72052433879868
69.6033493788008
66.6458573166636
68.40393185374565
66.83745688774438
65.26247449567168
62.547380366237604
62.08276047176916
69.25750974801086
69.95034404700546
62.606076034444406
62.93075303138932
63.13528245302603
62.34787635364965
59.53007101303312
61.92355787447622
56.54149689587615
52.65018095565103
57.858552157273124
57.644971962353445
56.59907995252465
54.90316115243399
57.45533496827784
51.77675037485646
52.14783056195318
47.796826600722724
47.340384877461126
63.21608644077741
54.09606355841957
50.343907923068365
51.17701169787936
48.20249383115933
46.30600174897382
46.002856474991965
50.13856340936918
47.776293381946516
50.54759675481065
50.73821367655137
50.818882985256195
55.05950660865758
56.09068315677368
55.797378214823894
58.042873712970106
56.92908841694898
54.55012111999635
53.86961716474801
51.40364830046334
52.95490917364096
52.97063583883079
54.83079885058418
50.169790017595645
57.664020878522635
54.90317614826612
54.25588910561528
55.80686415587634
57.82922894003182
56.4953570778223
55.84749859162073
54.16770654687659
52.025124772500824
50.287666616628854
51.91209948907704
47.025183621873545
50.18097202156501
48.99961078258347
49.79492119683673
51.81931373850337
53.01837622737526
50.188340237046376
53.50388266558318
52.562132753540425
50.938626310680895
47.18120587293748
44.53394095907128
52.1390119339901
49.62734482616165
48.222701533530746
47.36562324871962
50.006420735585735
48.39505274510471
46.43108455706644
46.56255016435785
52.908550474217954
45.925895202914774
44.9326610503628
45.07050311996822
54.472039829610694
47.55136113902121
48.36800742132513
47.59886349181267
43.00258507008928
41.42111444254651
42.38910629855925
41.0057261389949
41.330254187034726
49.24628563399906
46.00411674124527
48.65935807782342
43.93546587059782
44.6845928428773
46.26688991616893
49.19654188356565
48.53380559038204
44.55047606041213
46.96056739132096
47.80439400512702
44.59748811298709
47.287402952929114
46.60758969172591
45.66297398334889
48.072949902813924
48.05402904029781
44.29062854360322
45.41685211542658
44.24373563773101
42.04599508577584
40.74566666041644
45.54717291236455
46.833794319310506
36.78848041404022
38.93437760074377
45.67949811374032
52.2464623900941
54.79221929333663
54.54200723208172
53.26060825739242
53.39539215392284
55.57674646135229
55.37375041522591
50.83668225073045
51.61430586711256
52.300695735049594
52.7542811882001
52.346797736036834
51.07385673996532
49.57387633557385
52.402312166389656
55.53815981072135
54.47262830373162
54.859744366265275
54.54171018027828
48.56536305951626
42.38455833698839
45.74093626877112
43.736823010855794
46.60440544878997
44.53109209067068
42.049646179671896
38.45229090970272
37.758331694758965
37.6695029887719
36.85662324944046
40.67057228734389
45.719650401619894
44.20267242141651
40.846471497954425
39.14585039290054
40.06536263744724
44.513335571780715
40.30722751733557
37.53542825074198
39.57364793833326
37.365384862049666
39.650885077573044
38.165394371622526
39.33877509770739
38.96942637544119
39.92012975160342
40.33907550806185
41.61535765511952
41.186520117751606
40.096739312960295
40.13676516913789
36.247607303272495
37.851104061288105
41.249648484297374
38.74414121464853
36.914615382619374
36.40766288914285
33.512404233910566
32.229420044593596
38.85942902539035
44.96284397989904
44.91144130341019
49.22285504388124
48.80231895839465
49.29592534199465
47.422605282354205
39.96032018992279
39.58038394130006
38.133689768315364
34.41744625738327
37.81301629118552
42.64720777156468
41.80316700937363
42.30624427223498
41.299160998847896
44.5344660070088
45.70685947099535
44.64140482101632
46.613059759047644
43.953474211607755
48.0216413581489
49.98574027563238
50.550699614555015
44.47096050946036
44.13902706191793
39.94819704009723
37.26162412872
45.03324843087443
46.40999607844504
38.69825000497715
38.41470739431982
41.48480714617528
42.08785157324186
39.8108236386859
45.751478155417736
43.74058978607537
43.87735977421617
45.02333993503689
42.800550244021125
41.68398802222346
35.27544832133094
36.40201770509804
38.27525690167422
42.554847454927895
40.560818136219766
41.06022048593904
40.27039626116644
36.49195878211462
35.27133048335661
37.74652000309046
40.01594761643913
38.34479196071371
39.38804384420581
43.01289076189252
45.46715844530475
43.04247080692719
41.80183886362939
41.35740888285276
42.184574664598046
37.406081265020795
34.755747963882804
34.279547007643764
38.28134979510142
38.66304833886474
38.268965082096486
33.252191887819464
30.76767720874162
39.28905204227932
40.93629856176534
41.018689901271706
41.59322630151302
40.16858384240662
38.76428581012755
43.26923189303656
41.27989691758003
38.32456967668695
40.208387276130935
41.656005512978574
45.74194427733286
47.11728898704974
47.38452742634454
44.02089109596647
45.03678781898864
43.12106236992788
38.25268061942302
36.09457860658753
36.14758485537202
34.588690744053274
36.372402153405446
36.987163310419135
33.30837774370955
37.84090914672884
44.93860721597819
39.08739097938976
37.894137971944005
35.22007961701752
34.19993278713977
37.696327974942484
37.73375438941118
40.19767537121568
39.57815835358687
41.02770201259219
35.81926615303005
39.65157609847259
43.313276515920535
36.27243091742019
33.8677468790484
34.06060297581501
31.332046096791125
33.209912469797224
37.84665149669881
40.73888519192817
39.76766861931176
39.74634467525024
37.43858688503918
37.39311217611742
33.90756310098708
23.998701951980856
29.670754504753273
36.51886901293639
30.770371379998892
31.949096818218486
32.29498974502634
33.475479916243174
32.93862494896232
31.683792313903997
30.943879880964722
34.152691836324955
33.809093270061325
35.83880339192846
36.322584173556045
34.8255898336077
32.14181230047439
32.33418306542221
27.237001624558484
29.96579051128795
32.14239347945531
34.4465434741068
30.323317706500458
30.029303102717186
30.63098297732441
30.02136606622011
31.020354954954495
28.389250294870944
31.14781144557716
24.262390580049765
24.489403582329196
26.594430470734572
23.91264848765695
19.729646534993538
17.489491700212596
19.53905222234882
18.282032004542703
17.53416823713366
20.09552939618051
21.276250311621734
18.76284092156852
14.106760435995218
14.841536485908346
21.596552333142974
23.36587883876174
22.846727571131822
25.310088187951077
21.054113927625522
22.096810329949893
22.25199957041579
22.528229787644758
24.45918989141389
22.75175646877212
19.63013495863589
21.859137574093214
24.831481551713786
24.80784582548459
22.376746322386154
22.863847835894568
19.533905621652874
16.753163028034106
16.47711387667415
18.896067637259318
19.353318033762672
19.41150774690037
19.375441042040187
19.80303753892422
17.260651211288383
14.551707160916344
17.412536469705376
16.97823326560819
15.155355267307291
15.78908120876457
17.795690261622113
18.17663398053708
18.41411449355392
14.17060194116986
16.236429119358387
20.521037587507212
20.479996955163955
20.860973678394295
19.814237036281796
15.572428971375478
15.072151069197083
11.881417252221725
14.810798694976402
15.122553473613266
14.84877970033316
14.255025092185761
11.099283172727125
15.297762706857638
14.67658400261918
19.393070132912825
18.370787818434838
14.640615804159388
14.070139142468705
17.710145746400084
15.52664407553118
19.653671795382554
22.898795860071562
22.520382645781932
21.486405466121585
21.81298752142532
23.123493726603567
15.54034219495745
14.892159490804985
15.560976792935353
13.189816781337033
13.218193515416095
15.35264102239585
16.755909644013617
17.050744974703363
16.801552418989264
16.498601280977297
18.414264997658762
18.70771793254142
16.40258352768094
16.655811285249246
15.136358873216068
16.1142310023277
17.516638873047086
17.78339896966319
19.021789164599067
16.520929817530547
17.810032058963493
16.615354831555802
15.540082846492277
15.331408188928949
16.642231287079213
16.33403010756282
15.785104789541865
11.973934620798367
13.813680768304192
16.792968761108266
19.110862334028845
16.901479135490163
21.471912817668553
16.291684287913043
13.602960705884325
14.492581554821005
14.26720299276004
14.474334302924824
12.134570575733878
13.921705127489423
13.277275855820536
11.441219820832034
14.708909175141166
13.070340358696384
15.331824528966376
19.01959158404344
18.852748610391572
20.701651285034377
19.196358138343673
19.632682836281905
19.013590012605704
17.308637942122697
16.36328973111362
13.625540536155235
14.529708250207715
15.969520778131534
16.641810717163775
16.413628344912837
16.048714845758106
11.332667517092945
14.615345753929628
15.227198536440367
13.378301991614375
13.708229194564323
13.393771574819175
12.423504465846696
13.458335547081106
13.992011282763142
15.48083080102761
16.627615829737184
16.32398936427329
16.75464611258314
15.301356739630899
15.634548973360769
12.964900651080898
15.247072872822455
12.643399464374902
14.57316026280157
14.541521832987218
13.94490030557516
13.44149655400999
11.29410093744409
12.638490554623363
11.207225179503041
13.719422555398078
13.012956427203118
13.264719992130034
14.01332144234379
14.009434545109853
15.043461474167579
15.207975564561547
13.540981200673208
10.042309184537759
10.702984740277564
11.210292430000917
10.199298206716888
10.737836388412056
11.472536129230502
11.003566422750374
13.473565012369223
12.866723834283684
10.98883294743463
10.887102144500895
12.814754258909854
13.906884197545327
13.677864504973527
15.315284498145006
17.33494315154676
13.783669109192997
15.200738441009326
12.213251934893286
9.973506725519123
9.294869895581558
13.418529841214495
15.523729721869326
14.5134911542684
14.168475004693027
16.645934962068857
15.891522910893578
14.73761212393014
12.179811966831881
14.090423025829036
13.101842679754613
11.798590057935677
14.20496672680908
14.955767250233237
10.03462893700125
10.795988698827168
9.215124970406377
12.366471210395167
12.989897495312503
12.663760255243696
15.183107067458295
14.489250098628773
14.310872629843972
14.891310689819015
17.257652639324807
16.881167318879374
14.727119730107802
13.50440628704374
11.212156248086663
11.555582123400535
11.95858083407335
10.499671241270434
10.850438149465688
12.240913812834515
10.663817441283873
11.484347082148691
9.938014299589524
8.488311733935047
7.595372883607356
10.604900072307416
9.878508319279089
11.166359642265952
11.102065892842006
9.38040012151675
10.226108236629482
11.253621612851335
10.295200561895554
9.271292404512263
8.853868341422146
10.728037858794234
9.047483538570468
8.235696366901722
7.23846851333955
7.272496750524734
10.167904988854055
14.062357825724138
14.090313166995868
12.66567082921021
15.291492758166044
11.109973484498859
8.535491358737016
11.023025485699895
9.898299729171008
9.465636968152268
12.203794460730906
10.547556675916786
10.64468269264869
10.421119106830158
11.782896876311392
11.579481994376442
11.94344921650019
10.008686165782656
7.677010473942521
8.471245517142801
9.714410806065692
9.771503971896495
11.533401985612345
9.341467266209468
7.067376051702264
7.481682025272494
9.375838288875942
8.451202481128558
6.1560520259842155
9.030426355835923
8.898787798622235
9.552653495575003
9.754654455483466
9.938823397256924
10.953090189005179
10.333271494976072
10.5233111593098
7.376040457982564
10.067937041793643
7.51846351618329
10.295138160315906
10.232266415056886
9.820124456240755
10.020733538329583
11.559318610004498
10.670674954168971
6.746583985830231
6.240248392125482
7.799159417125522
8.155094185153924
10.72431678905201
8.858853234572477
6.703968175722296
8.998640306657135
9.213135683808746
11.498551922868462
8.917782473744746
9.674498879586558
7.052858880314317
7.605669329464973
11.408199293707728
11.350690648922127
9.971843133774877
8.990200014737008
8.659167121522604
8.685669009688295
8.823416131399
8.214219757226454
6.427696806250213
9.152678665923641
7.75392744928027
10.403672587395203
9.97474559631182
10.199711822667416
10.68841057620575
10.618251595241846
11.345554675422973
12.137100214769976
10.160238980434581
10.438639791558858
7.864092456464593
8.390290175875831
10.478824757632202
11.530499757104076
10.710148812152175
9.662301687293066
8.511686905893992
8.173024398957294
10.503463679591459
5.942807740937932
9.533479023896172
10.313168127608012
9.266507284584067
7.65030287022075
6.939748572348105
6.543203533440434
8.551764875582473
11.733639971481544
10.69401251751137
11.185237014300519
10.299001485361496
10.053174519393938
10.089631477043714
11.584175901259014
9.88470887265801
8.788338359104676
9.376000416146846
6.1944546072864455
7.480366687410491
8.256406003512234
9.30047695911328
10.699415530310773
9.639368771633926
10.289665234940744
10.5038333291115
9.523473511435663
10.730490188047508
9.53024148579609
10.345247226222602
12.386192128277676
9.281838535702068
10.676682038652626
10.952194784288908
11.854224637558072
8.425317359339507
8.179897699387697
7.589704970837224
7.907167659839765
6.032640440254621
7.763039934774672
8.353552703487109
6.812179535156282
8.748347712750377
9.97116630146009
10.764517285990907
9.293193654001836
7.659975351983778
10.004447376245494
12.200147794409126
13.9496818871486
11.628984657813875
14.104716727538385
14.117620573807748
9.510915045831252
9.059460933497018
8.543341335702246
11.619504975127331
9.432117883606892
12.442683789906205
11.853940328461395
10.80288226680124
8.222478345253501
8.41796877801863
10.028113819380373
10.401389229877198
7.439260378764394
8.57154864897563
7.808677502751429
11.96217561607599
11.581471305818782
11.799101608073872
12.121306966545653
10.668924665240807
9.288741231364586
9.753873936393662
9.67588835608896
11.405645926826692
10.080737255300614
7.0987559259268425
4.738615702502617
6.542061054464007
8.29830975595214
9.27222362457264
6.282228371276972
6.285962901903892
7.978232243542368
8.582012800728561
7.674079634983984
8.38154804766153
8.214977097547248
8.47539864334205
7.42949043380391
7.63270910057474
5.6055562777709955
5.101604776336997
6.69831514656622
5.347667924271961
6.708409843374857
6.191287955869537
5.8314181820815705
5.972930312429964
7.702162783712972
5.070184671624142
5.0968822285576945
6.091592877586338
5.406284841446908
4.761517271919807
4.037703847116714
5.206721073993648
4.75656211594098
4.465506475910852
3.6192591690096356
4.240380932434143
3.965395200983181
4.206298951327934
3.0354269652392305
3.3594466952842277
3.5763607371668025
3.4051569021759804
3.5039378752579236
2.8263216066193264
3.0702151004935727
3.67808940100394
3.4420964618616345
4.560873388995997
3.7885895796382076
3.2781383476949157
3.172336664256531
2.841442845856416
3.138610925089227
3.1042331695289533
3.455510997432557
3.747546157061264
3.8162713862447557
3.122693047974741
4.33342739288254
3.382907150997396
3.5607401486893218
3.6404220958877027
4.245585911061006
3.4514475947490713
2.766352475179935
2.896444289189956
3.883348328265027
4.242423394229496
3.932069068921092
3.4271162706085123
3.1091925715847166
3.1316552118371637
2.676116239065069
3.5160188146977216
3.7639161638820986
3.0494741829785523
3.63898144872173
3.2840359532022148
2.844874735087493
2.9548802251491906
2.858356855723431
3.1614925267762697
4.044584770343952
3.8894276825660214
3.5901963944063446
3.895765201939812
3.1454643827528876
3.578345415300828
3.9383035151770427
4.46345356150993
2.704588471216175
3.089424244821371
4.007193545561802
4.413297231518599
3.4067025449650306
3.6511805331335436
3.6968272985940316
3.7177719296267395
3.576317738232411
2.8645413527375623
3.1431609568323227
3.4624433077130523
2.6655320824469966
3.114683519776465
3.5777323453901966
3.3436609149891385
4.184556230014907
3.9224658929845497
3.696304296627296
4.1223103915965345
4.9685549917057745
3.1217175901209533
3.4627763119615316
3.8328263249786425
4.052291176291742
3.5750202404074742
3.7755140886258602
3.9738649392831964
5.272472346383865
3.847607865666239
4.9877244319358445
3.7057459030404196
4.569629998562484
4.466437366298462
3.6507890238837053
4.22855973313257
3.9441340153041526
5.068119061660301
3.8340069286726215
3.7400641669162873
3.306282486198852
4.074846252738917
4.389397149440242
3.2950779040210993
4.730121261306331
5.224119849805442
5.104602427466173
4.783024792804534
4.4948129215763535
3.720150556319145
4.566137045453472
3.298152657984721
3.537103922689303
4.161669051415757
4.034087976337969
3.8770987655231592
2.8682616227647704
3.3714228007096083
3.250869706206531
3.6121592839012022
3.2128152125756504
3.4770169570759553
3.383134620611204
3.691532519975283
3.535498635448212
3.5848063543369197
3.798692085151856
4.605824933285592
4.591136215778316
4.619492772016225
4.693367281155537
3.6217247319351724
6.156113642156726
4.417626321007939
3.533906969004629
4.19729196412318
5.149172350284049
4.692146588647116
3.6038314490128385
3.5780134386518876
5.025732874247726
4.55216844404983
4.597612952422083
4.541521245427034
3.723700410198843
3.958945062742408
4.63914331118674
4.354014603619911
3.994352088830025
4.294299645599536
3.335741069831779
3.7722976365477563
3.8933574406641207
3.100808124090511
3.277329840641611
3.544717525465563
3.263881254082047
3.695575637461925
3.8269396554632
3.664221396768438
3.776173102741011
5.435329032195168
5.426083184388963
3.943190466600086
5.5053217018266425
3.95118613770989
3.435837389868791
5.165569924109463
4.073075558409441
3.264923523876303
3.599501077524739
3.4715136869787067
3.733127453977332
3.8519630142888337
4.330835782999392
3.2382556888345135
4.75390297557897
4.543151263943952
4.243658506171011
5.052648037114436
3.693751874329817
3.5505258259078927
3.674422539188429
3.9833254952415826
3.13268231392116
2.6984171494063163
2.955663519243716
2.852210610724661
3.4259134403346665
3.8319982802372126
3.4661547500341383
4.1490268973704305
3.9878603620874675
3.7673387381238626
4.695785647652893
4.3978691874021925
5.096262066417005
5.188222593828722
4.2908545070664275
4.2206000190378665
4.088252465843755
4.696269980270697
3.8568121016913857
4.072483662921412
3.3226990372366765
2.641712737693759
3.3580200173098342
3.9381818178293395
3.8065416864760766
4.048601705906326
3.3341651847058755
4.280789617097754
3.959583679939119
3.830134822956396
3.6898096523896244
3.1475765719814333
3.604624835545823
2.6618434973018243
2.926934874529767
3.8590594969183734
3.3588604723631748
3.1442923794780517
3.394637297278459
3.456852781416254
3.2885753294583733
2.7901779994063896
3.9855919457800493
2.958142761882533
3.213680011102292
4.793324535578097
4.719713443371495
3.517114680333616
3.700921537909259
3.370671819013278
3.196276917441949
3.0768470170344564
3.9178347644747715
3.974097828097008
3.0654448980567097
4.512500661956369
3.8081419651169086
3.7931277639581373
4.6720517721870065
4.167996370312316
4.292093551757841
4.307615963204965
4.212098207405172
3.6984201845610523
3.9223137294218207
4.773305712300022
4.632443115050023
4.552113960576715
4.412937403030616
3.532796124266109
3.8995090539547324
3.670873831929258
3.5349783973843443
3.778495505250372
3.623908660509502
3.156896113594113
3.1700851506061984
3.748331446656302
4.119678002923833
3.4364457007141085
4.239573131066707
3.2192879220307717
3.5687929973748886
3.884663097131157
5.661526616436961
4.234065178349745
3.919624765096094
3.083916218760325
4.104426021905012
3.7185074872136523
3.7720018471703405
4.807396280931628
3.975205703655104
4.536848230814043
4.302898157762522
3.5931478976166296
4.677137400868932
3.7090393834301363
3.2999961862799143
3.077838296309112
3.8101638847909096
3.9634245333194236
3.8501329878906114
4.423391204069931
3.991423547124979
4.202294288824227
4.697427406076588
4.345052753014448
4.887091571575733
4.57214045558572
4.588032355200901
5.483510576414543
5.916355768128522
5.695515517868061
6.122008804911568
6.1113349299256035
5.944980730266584
6.013436760196562
5.925588724857379
4.474454875533218
4.967731111391215
4.865631388918827
4.535646699222329
5.942142464984654
4.0464300841809315
4.551910586040021
3.814959166551374
4.22893777881408
5.000866280822754
3.151154501070821
3.1825084546417686
3.0875012278251415
2.548279496222293
3.006211306526652
3.0716444844826243
3.1847270994399595
3.6471803296649443
3.9574747511920374
3.254664659911331
3.8993988287702
3.593917361312591
3.630238061293728
3.785476471930274
4.379166460367808
3.8358580113817675
4.882204581378914
5.127650631657027
5.1396476750644045
5.612182138241946
4.831496318665953
5.43459240926552
4.061942131434532
4.054490567417463
4.142365666034732
4.7312571606481155
3.156401772780226
3.3069469649616656
3.29666892581973
2.819112354352478
3.479248075035647
3.0277230501897736
3.319578480219871
4.25545227563309
3.2099570822513415
3.307594984570794
3.472357684273762
3.803956970350319
3.385078995184863
4.162334060818586
3.069054335920839
4.943587130355763
4.288935427833137
4.473801977469302
4.308434693085387
3.5352002110395744
3.923188173506892
4.696288146167735
3.862107243224307
4.132805006172978
3.5452581697599364
3.220505972767204
2.646698055541104
4.076298397118063
3.693219913502235
4.465130249632235
4.2223386132367455
4.47961470688866
4.382807090845284
3.443619553575703
4.133007909652506
3.857909832285088
2.8371378876459583
4.102884692739195
4.632849857461146
5.997129505966089
5.417781378138525
4.361460502094567
4.889946083473353
5.3189092378747524
2.970257154978955
4.94548051942587
3.9661438866211096
4.627265088898335
3.6066211570951943
5.027939972945679
5.02132826717346
4.03369063826051
4.7751625551906365
4.184373434168533
3.1351281759595504
3.754942766484996
3.5059106560645112
3.1117170128773455
3.1718024913849465
3.208613107435431
3.4066946820523607
4.175738247576156
2.986494457445033
2.8242719930937428
3.011723560976427
3.5144359334491804
3.9397201685726237
2.870818282054339
3.5714516199314397
4.949160178796949
4.968532462776124
6.229263827982999
3.4745829885455506
3.5682815708274656
3.0259464972386056
4.123135582089389
3.436147530601487
3.641985437440901
3.3195511250600602
3.5336268008847638
3.614837727493253
3.535430919069494
4.06200521200654
3.6344897627986774
3.6095462315148925
3.8358271402404593
3.770610489336455
3.438426368943336
2.708518084275787
3.8690194612799305
4.3335728478367885
2.9952548308769495
2.9223389932639985
2.927833487642157
3.2348253481248577
3.36596782035323
2.8370993515722285
2.6564089332454457
3.481294127838773
2.9618558380403126
2.7599616937764955
3.496192755646176
3.870094810953658
2.540364434739633
3.6642894428134514
3.629388071927311
2.5613238459729057
3.1071405251392847
3.3344839188664706
2.574066228408638
2.502556272275436
2.8151315231873038
3.2181558975910747
3.5796171292809276
3.522323819423642
3.455669224355661
4.0063663984984075
3.670660715754351
4.067391063137409
5.854790643241948
3.5838536250624986
3.9439240170553456
2.604690502941479
2.821020350449569
3.142771330445049
3.2858492656899316
4.089523970434311
4.928948194490754
5.108662096450997
4.1044200216709585
4.248662982647873
4.236931951618387
3.930327391223466
3.226609598757696
3.909134096964112
4.452082771090723
4.0501899629600935
4.778222094554677
4.511096921390407
5.986807551029564
6.217503513993414
6.293580221411911
7.636291583186282
6.433122388635677
5.372745349004403
4.037339903977943
6.076483876238756
6.860161929285979
5.240531243046766
5.181535707906595
3.921713993299968
4.048421279351167
5.081002921474943
5.309420024208037
5.82383706007312
5.697002958728056
4.853404581068093
5.273759050669964
4.840729945323975
4.665122499855895
4.00448927986556
4.633626293658814
4.099601364323857
3.471807052107137
3.731262496099882
4.704759111987928
4.097215455862863
5.113536468518884
3.624179457570128
3.643458059125844
3.788466729579205
4.142351002065127
4.528093876623671
4.333917636621139
4.1404909831677505
2.689228835912818
3.9841143780519372
4.004913699933636
3.2345236499376937
3.946926587845452
3.3853152577570857
4.4582490952806495
5.075684227148669
4.363529351200119
4.259801087373842
3.9384928145935145
4.5384384448572295
3.9880937111935815
3.4210523135535333
3.7254225285645965
4.0760127331761336
4.447057015398581
3.5817689017282595
3.6466445699682946
3.7950445878601453
4.15201081073288
5.779437291391701
4.7345863265925825
5.150887640525082
6.5029263250102005
5.316935677106833
3.7252175349397656
5.64688323114642
4.079770437402065
4.115826399121666
3.1569711888567356
4.272430095813539
2.887644737453112
2.7099994377215744
3.1582977754196473
2.9209595067257488
3.3426968545720928
3.5364286013339994
2.590242867055933
3.0682536381515724
3.3640088466229825
3.72365416869012
3.4035765296975704
3.2650045447973697
3.687179706689018
3.892531026270457
4.239430100344976
4.860307796274807
5.587676522353449
3.710178763544014
4.248903704238135
4.143722112606502
4.589655740048486
5.037641305783031
4.104610599071311
4.249275973577682
5.141170397339981
4.708943134502624
4.774882586437076
4.087634275672304
4.596880421938576
3.9439287538198675
5.932054511482704
3.509549544519048
4.481280937687034
4.853466667474843
4.599668248609102
4.652676937218677
4.380875511520885
4.150913890586674
3.3380240596951745
3.8894125986348307
3.5441501452701716
3.595579285973477
3.813884682376986
4.757212887404635
3.7183672440074593
3.9178756783845032
2.742057844604547
2.5747594029753587
3.0697543417374877
3.867732333182721
3.347422286206677
4.483158550190922
4.799237577922332
4.533748293253313
4.117557757696019
5.3398577646192225
4.549957721121945
5.103926494903869
5.51118756021875
5.997718248451792
4.800102308945252
4.019197778388171
5.044365970146646
3.1306068254953847
3.6419696290812373
4.892453964277235
2.7509376184659744
4.063570209726231
3.448729319751187
3.3128965193545117
3.5142006356941975
4.251655239407628
3.473647457457281
4.031715642657565
4.866853200163049
5.644295847314007
4.614017683317313
4.06455988985439
5.722512331668704
5.313624384631055
4.180543492203372
4.726377910403723
3.6015949527637385
4.856737476889273
4.517346872904833
4.667045045389567
3.710284056258044
3.2450292302196715
4.296298992858812
3.93926441045801
4.767392004426767
5.3130077000390905
3.3156632359705087
4.112552463461765
2.9019338153304055
3.460189973567221
3.7809168766169314
3.43455114124283
3.4752411180204534
3.417716519280758
3.6852917959122937
3.5342559155969893
4.054359515859499
4.002275921756149
3.568426168481854
3.0798864512405397
3.1594569200968743
3.5223450298456753
3.3124366717355076
3.7520224229461805
3.982980790349467
3.1891512197884992
3.906618649411245
3.2616215180684742
3.20794183098184
3.4133468509790656
3.5535954363751943
3.4989344602779466
2.5785371656475546
2.5435861503069983
2.7707251825615913
3.686290917935813
3.621401329978688
3.859528188484959
3.1353906783839487
4.501853471452694
4.059664270194162
4.199473498196847
3.652119618153262
3.3230245379145287
3.341501266078932
2.9054125435287848
2.810607012329543
2.788761159424977
2.5685812522556044
2.654995857192637
3.1748426062332387
2.9055671708636255
3.876479588765394
4.262823772576472
3.682318807673902
2.963565766994468
3.046484022499124
3.421761445124401
3.083544722686563
2.7322350918265363
3.083202733083866
3.5823199412004993
3.926829636517499
3.369868834700305
2.9213049335177455
3.009712006088756
3.1853536415779127
2.7499313282214763
4.201928135713782
3.0820644628252056
2.841189599752969
2.7961477255049227
3.0080290033162838
2.6562481807084724
3.6179608370920575
2.8547077412107336
3.5386247194132294
3.9141860619415216
3.6269793845050957
3.830189350682315
4.017696023493296
3.909940568095374
3.483013048022723
3.4744459758452253
4.623583391651062
5.275519056601599
3.2836643329952313
4.845510776799538
4.505490497163143
3.6782480558512494
3.457754952670233
3.016846450121526
3.83822114904135
4.109849682051223
4.465195961042814
3.9893999303095073
4.001793126572635
3.713428919139834
4.400906284261567
3.459463342675526
4.463287015660295
4.484788523807647
4.686749950386184
5.027374783347125
4.022246453492654
4.781636674634484
3.435214864245602
3.1682007963169707
3.799144575413047
3.100891154960727
3.121959135119748
3.4222986246173446
3.5461540011482096
3.1594393621959456
3.7566426994115223
2.8076291376579223
3.1969777731285354
3.790623475661615
3.9754004176733555
4.285512437752696
4.471781391348421
4.718750204465385
3.9063269336189603
3.710464448666694
3.935968811227998
3.2217433644975775
4.379473781473841
3.4251486121823422
3.3873946663199206
2.8145387627728717
2.8210464557609525
3.5591212594860098
3.298530150973663
4.258377579992645
3.965476293355354
3.9254599441527467
3.431197400114668
3.8443423856013736
4.63716496404228
3.793963056018577
4.337231008677018
3.5287546141157367
3.2586600117144666
3.7860737414647776
3.713110904559909
4.561987516690183
3.440434900024746
4.277832888761628
3.1497300446678476
3.0950724253995956
2.5156954783160637
3.4106966080218943
3.14531702365814
3.288054567869293
3.252832547534045
4.517392733168285
3.051018364104192
3.4503877354605526
3.472915443355889
3.169267916644229
4.388623287291036
4.835989269605211
5.182003421147589
4.3847531737919585
5.096815570264238
3.3011946258790386
4.251218683901824
2.4305852115703486
3.5341643270343717
4.452068255998671
3.3337726484921575
3.6394658707679692
3.6538492106069356
2.6498011849038026
3.374476559722956
3.4741297784931033
4.553435631645717
2.9963521192692117
3.182764927220435
2.9664718806447303
2.6490267476602645
3.59207117100071
3.04024145952323
3.3291423489459437
3.2231804230811814
4.852726358869973
3.690321789701128
3.7251756695595155
4.833848305840826
3.7247701823074344
3.5094797562505793
3.136229536895814
3.5285834018073157
2.7153343832365486
3.1411774669765293
2.741456914921291
3.2935057891650716
3.2745327742967207
3.941133300789712
3.0033133867078177
3.8608668224876963
5.57981155040643
3.735664801747622
4.396969707865367
4.702755146771679
4.6754117445590095
5.734588055323793
6.463755797832018
3.9354245147381097
4.06081491400536
4.2455451291505035
4.330294449004511
3.7645735643023452
4.050243563709351
4.634302030947143
4.186582294592181
3.8937316377481794
3.2790308201780487
2.985426317180808
2.7109053879009934
3.414614462032621
3.707773342844066
3.4914645645872575
3.9362529000979123
3.3300635570832093
3.937533285137671
3.3363248365124725
3.585973855091442
3.6545815793917473
3.3277119338689443
3.723604989243612
3.8010982623201084
4.6030569604812905
4.36705909726453
2.9633053176142905
3.2101897555618812
4.265032044088693
3.8514231688571656
4.173471834045245
4.1204994431470885
5.149848196943248
3.8509381861087992
4.688130769317763
5.035176522861418
5.160929962565966
4.290408362841422
3.9714960333744624
5.0622580829692705
4.649460558797782
5.054743194917652
4.687938056089884
4.713277914239259
3.4894641582753683
3.6745972216828524
4.060619421134109
4.605120886396712
5.08345359818171
4.116464548466903
5.59432945807961
3.609439204918059
4.595292204183056
3.810115002519187
5.739920158785053
5.290411113450229
5.016535409892893
2.8386254620201994
3.9557682129111664
3.2836340521840257
4.502639565463808
3.9997929163301684
3.167969423526512
3.3053892569595784
3.651595165941472
3.2184325829414933
3.6014816652452386
2.518968777507455
3.863236040515131
4.320679659412796
3.5186422994646787
3.546641289517893
3.001264519029785
4.2046281357551205
3.699544259083109
3.1134547422504553
3.1456045654896085
3.597703832628229
4.131032330870483
3.9175789464938315
2.900120220793119
3.1686903519951124
3.4356692074800113
4.104061910120674
4.127510148644867
3.577347627898092
3.5663004109204803
3.2670590671133106
3.462323161998514
4.236859729619971
4.681867106738392
4.093888161605214
3.4684997676762577
3.6259401694998648
4.223801075775696
4.230797059032999
5.1435172346036
2.6368674774202634
3.704251480485284
2.9205095788674176
3.904395146641931
3.237403254095226
3.1135284789196556
3.2732955059608333
2.8115241561166
2.8145314651887823
2.922650150680181
3.0416778249355434
2.9397860519722974
2.8772675589517642
3.035542840727067
3.5192515366846986
3.551125954559359
3.6554448012139846
4.3776923696035785
3.5480596680014695
2.9509271401885906
3.5359971591241153
3.2080054936763984
2.6052607719216234
2.635159536588719
3.9517962788874716
3.4274586533040803
3.3777655254352
3.5400090511588393
3.782318026954858
4.082555409962152
3.937706580876125
4.861820184752983
5.225932762526665
4.678265781450862
5.105650541892417
4.322358903160625
4.390748519534279
4.438344773903841
5.228624926355155
2.7873008252991447
3.587602882268061
4.259121767156269
5.035641023440613
4.64379505122824
3.500063193784905
4.286990187833547
4.141143981311672
4.841929326712211
4.9874864992302275
5.263033552006825
4.528368685206544
5.851263700443463
4.031229297220298
4.613878844485267
3.9845636494118883
4.730730272481224
5.9905344696502185
5.647141266708843
5.845145533068582
5.347243151147932
5.3058976646976905
4.410710962721463
4.33764397560648
4.9498648353677455
3.9074576081963817
5.193734484376848
7.5203132997215745
4.000383882055342
5.157385641027554
4.846728420834649
2.9590848622008177
3.7353314221042457
3.8934315404729305
3.935768884462148
4.277023387740693
4.361445765678577
3.8072057160885278
3.9475366578244437
4.277172367915145
4.369733742172254
4.283085291031282
3.544550096090329
3.822917078660077
4.030451778846034
4.355797515917084
3.6816173258028875
4.505375551302239
4.265841833520288
3.762755994190593
3.640534971480905
3.109115756387381
3.16233007930562
3.7813589680831097
3.4262595570807015
5.667445006296023
4.635106378790325
3.816766972193798
4.956797832857293
3.5213757333024067
3.419129898051849
4.10592093481946
3.3841521870221327
4.224375865011998
3.2986740804407635
3.1234789507234133
3.6769153583820713
4.250499178680452
2.2472016780018222
3.133520639533441
4.367968725888081
3.7888900231301115
3.7113220717183215
3.200085472161553
5.057800425235709
3.2051681514386443
3.6969957580675863
4.018379816888478
4.015303169268962
5.097656494396556
5.089142685787168
4.405111302899758
4.912847863854272
4.100595615306127
3.973141852837848
4.9531485515257465
3.066870020137344
4.119746112492167
4.8558676081557675
4.7752384877879965
4.119621475461444
3.869020856325201
3.5492786738794955
4.068031919276864
2.957270243673904
3.2980024737504268
3.911353507461381
4.077232409002346
4.276470171943326
3.5446295260067258
3.4638917363747908
3.348516102992261
4.064105630992051
4.648159962145608
4.27878235953814
3.457100060361901
3.708301010712694
4.298086809114673
3.984779174491547
3.90827152982388
3.723618889741957
3.098798209798566
3.3365361978113697
3.9623024075493474
3.9194819486591155
4.697060955617247
4.212670464593086
5.384327114858229
4.710446746341813
3.32655373128397
3.879036615058406
4.879981844812438
3.3951247636506845
3.2077080912076585
3.705243294323001
4.3328386767598905
3.692249646895051
3.51547193090811
4.310210324153577
3.5144962254369756
2.682858126705293
3.1868694231939054
3.375925233754371
3.2198155439735494
3.8748069735557387
4.5315105813698855
3.5182939824482715
3.7053843490955596
3.066281902999574
3.9209811107165518
3.906675556066913
4.102879697469318
3.534681288937033
3.0849143188563892
3.124023773859294
3.2795836407883843
3.6784671215831337
4.583399736454278
3.599283492400659
4.010864869522107
3.3550434923705104
3.436492116358678
3.3586788720505956
3.2010274044221694
3.6634017277133433
4.658805035550065
4.1315533358386265
4.54391734517523
3.5362128839849465
3.8772948855839307
3.707961372934751
3.771700824874117
2.8024345684013436
2.800174450365051
2.2949630526847757
2.861946057388819
2.987030353128266
3.2898560949666362
4.055670025803553
3.337301632828684
3.7347491909809434
3.3396647919709044
3.185536525800869
2.6845078401807596
2.729409102894457
3.252438568209866
3.5548439359706054
3.4341083899454663
4.5919042227528735
3.6174412450300624
3.5848755916814223
4.019963181796211
4.558871277204532
4.4786661687065354
3.3872644186868
3.796868674392171
3.316932079353021
2.795499318389476
3.3600268928535253
2.5074501490274397
2.4695590434056784
2.71468526437223
2.673141262483224
2.7265741414530784
2.7194389119282345
2.914218119307333
2.7280570497626764
2.738558357335289
3.1348491951949313
2.8558816471109223
3.1056621148955537
2.5334382676804124
4.30278458766907
3.3629646116546574
4.170454586731182
2.9347964555984403
4.33574774275795
3.143818943044079
4.301707107470985
3.9556959668127023
3.8618283562293696
3.8455506821735894
4.325391696103551
4.171778758623564
3.356059259817091
3.2344919376603207
3.790025743735116
3.7289132659061033
2.841904298996716
3.050450633349002
3.322958803674709
3.524495133841272
3.217659707669583
3.850213956689221
3.8967381361735884
3.1102645376910285
3.5025667622160417
3.630069865216591
2.3442527394727337
3.398124050230997
3.005370224854571
2.9036000748393485
2.6420303447030506
3.912717276751181
4.183464746314114
3.213414103105168
3.0930592501849947
4.037957070723463
3.571991881788766
3.6123349031066643
3.4295186558113415
3.8762369688966793
4.004505115430146
2.672318759015826
3.3680250606103033
3.4154934725979853
3.775497079190044
4.258541955305057
4.2927065694954765
4.454590013302547
3.107525622704322
4.422873472541157
3.2192049448724225
3.0743209290028357
3.047875445706643
3.9269736467885625
4.4618699048366155
3.8399681727961683
4.611190509069302
5.86800427329702
6.162424431142448
5.9986623578127025
6.426330624874654
6.601415755095416
5.706585318520044
5.41396044833761
5.909675484504391
6.101897780769637
6.6411118949551255
5.922734121294735
6.106848924773788
6.8660444348967795
3.6077266175802243
5.780229635985119
3.1476192444649835
3.7715196106033897
3.3616397174512485
3.586710121984829
2.8916129878043546
3.1797444954954504
3.1709507777165697
3.260068584338984
3.2513828085345593
2.9074837343223936
2.68348863002347
2.6968761178671166
2.779971469733092
2.7912017885065454
2.5413912834971177
2.4232567961265747
3.0393535036824018
3.5227409507843346
3.0309634394989633
3.6019466935295092
3.564840515942651
2.670711979843751
3.114926256946136
3.3351995082670065
3.597685100207513
4.287105193028499
4.125119123648603
6.547820183461483
5.6736796781917835
4.704064116007453
4.3817000336798095
4.809137223401311
3.7292736338885084
3.228895077882449
3.3818206459811133
4.327957222618715
3.3438440223530437
3.8066488407438017
4.025076102542505
4.469274182404767
4.777553344130792
4.940655328823419
4.329696953885522
4.131786616707776
4.015845334852489
4.7511399870866535
4.335368957772493
4.3869173005550826
3.5073725691489908
3.3516722549359645
2.7737483410204926
3.6063845897348306
3.7809637841629975
