188.53305475722445
145.87524535036854
152.84546545028948
146.73008494054508
130.69654448864802
125.73477283434605
122.22383942902998
116.43852549711704
121.15357077670434
132.0237735236433
102.77396718109077
94.94021959762162
118.26264141657146
106.4541261728458
96.35297441060467
80.33526635338875
75.8411028070505
92.3687071883181
93.61366775889695
76.30172902611199
79.40522074014093
80.08422062560571
76.84241409099384
64.96208136594657
85.08682989925234
67.69512784576794
82.73265705557645
81.58759169254986
82.65826597402437
83.44961648420325
86.01607985421455
85.84013364242725
80.4948856538444
81.13744299812885
92.57607407154265
76.2839998616173
87.0445080947407
80.09165747346637
92.14695445845257
84.37882203235205
80.19115015801702
80.9668736732256
86.68463453557798
82.54174786802248
77.07104137015601
78.96472019761995
87.48652061523113
71.75103487468967
74.10072195144434
66.62292280311424
79.2633100506325
74.25671974490291
71.82944860980166
73.32006058237651
75.52877283206423
77.64958481352319
81.72768467586705
79.94841290576032
80.94740676382183
72.83095329285169
77.62079423324512
73.58682981880872
79.13423131888472
75.74740778527817
77.80955968354196
73.28919950829496
80.11363803082142
69.73778470225169
69.01980260800603
69.47272666691968
76.01268152874155
71.07120685169046
66.9884337144669
78.43494338111381
84.27779620471627
78.06137219149329
76.13504303382484
80.2604975472902
76.10118467429261
76.99472328064739
79.33424999071204
73.34489649511963
76.77065564407916
82.1786161193325
76.44869449388248
74.7198579519986
77.56266651695786
79.3919058463012
73.81533838166335
86.34183848703391
88.93836242334139
78.84420471512904
72.95133689983336
79.26512058859608
82.96200587660276
78.27586352325363
81.00266785364063
78.53544456720438
78.1791845381831
76.32606180019913
78.06974713852159
80.83105160453873
72.39538986710153
80.2104247127684
78.88468541501605
73.88942481243653
77.46999331840672
77.240454863021
76.70439361698695
76.76469957521195
83.18454282431796
87.71644133124522
82.73481314642804
87.67333301667655
80.01777345534084
81.76146309949463
89.18088610955452
84.78007968442819
87.08694536908475
86.78522856231055
91.49614034069869
87.7692863517112
88.88872800243378
88.57480355535452
86.26723481412195
86.54552438033363
91.90407660398847
92.34394430972627
80.6313974023975
91.63441757951452
85.14325789276506
84.8454213365722
87.89256019088386
86.57610086759456
84.84046365805963
81.07875887686228
78.55976176118696
85.46298580307466
78.35885281553499
79.73321337121399
84.70915909659152
89.74006796923842
83.70694817483876
83.02966597670013
83.32010105490863
81.85423635741743
78.50643131271468
79.73634099062731
78.10571505693251
81.33759045780894
81.98340073800455
81.32654600562417
81.98373971930555
85.47613953834383
79.07231740804956
83.8912357296289
85.68442974108588
82.30596104335777
85.85298366146684
84.32846566052511
81.12822739138102
84.77839573904006
82.83627905568396
84.623199438622
81.40646607683492
82.91888017334433
86.20185486070027
86.60697829681372
89.58989415542237
85.91424745909373
91.71655696813299
85.99142407116527
83.24580918349334
84.11966126896812
90.57332209653558
88.36665712233456
88.49629081083808
87.01827045078944
84.19678067460679
80.52328453772532
84.25855455055171
84.98804750365906
82.27644412871149
84.88129252749331
82.76869825165716
85.55196365920293
84.88453784021738
81.26045520846984
80.78773589470167
85.64581557024172
79.69902398674843
84.0754096667832
83.84784001857476
85.34153883798076
88.36220968470064
87.12417077615908
87.26596664730874
88.81587142610631
86.89599346392197
86.8126592674172
88.38665095550233
87.25510130714946
87.19198314536418
93.30744876878583
91.13567827335919
82.05266605409152
83.87409622424197
90.23446333645862
85.64295430050737
81.51946217117799
78.20731761130693
84.07715920280236
85.41857494989648
78.13889556897453
80.63910948733424
82.22645813869936
82.34378998365314
88.83612893119472
82.38505224228653
78.98286586813005
84.7481814954158
88.75785591771877
83.59205012661877
85.71616319182841
90.25942483358851
89.22832992046926
87.25576911530007
86.01855722594078
86.4404306143921
86.15217873437958
86.76263466739567
83.4949504703204
84.36757852467294
79.95617748944653
80.57974158451356
83.64541121378352
89.36347726726196
82.89202229654425
82.55666659508024
82.87506435938639
84.47509908413467
92.86528215496591
92.8734080691831
88.80867853964827
88.48170900858482
88.19602913678388
86.95189045414558
88.35779507509731
88.94426437308616
91.38555653198306
86.54937780818615
84.43042671934221
92.40535555720994
91.71989091018696
89.54121189009085
86.02651455860611
86.45007623960521
87.25008894108981
87.19447354439326
85.24220542847172
81.40103592249838
84.08732121739844
79.11239009587558
88.82430231143948
86.21984063747725
83.13865141525893
85.57970596300027
80.37572951081022
86.46728828970546
81.0988617474098
83.93569887564554
83.4288703003158
85.70014300633115
82.8808259108214
80.77299014913974
84.30676340438875
85.64646603639869
78.91291145627733
84.25431240140017
86.08051984615688
81.62451971320753
88.0727266412156
89.69597321642054
82.22227719173581
82.28997323194886
84.55305145746597
85.28456140269893
77.61219640162226
88.65830560665025
87.36514015117325
85.7028985715388
80.06373334600197
84.3360990423425
90.05035985779797
89.10884723135067
80.47011056011684
86.91785486728517
83.69589511873565
75.36895845325718
73.1144178942641
82.06463524115071
85.38996226213727
78.56113129400379
80.83587845039204
78.62426641178112
80.556582230905
82.70984974029932
73.49022943377426
77.73822994394895
80.62459707141554
86.41962901254092
82.80024187881195
83.47509269086068
80.30581410117021
82.99414569029464
76.11438174221406
73.58182754990581
77.01004462638075
79.17994787083987
84.22163255430081
81.79804860854543
78.60086869052395
82.90185512479624
78.26448956852042
82.53765609912571
82.1554714297624
81.67773339941984
77.62757002947357
82.73944812609774
79.93622129858183
79.0998669178364
87.34837414831243
90.3798341538493
87.86515130863445
85.3217286261218
85.47344504716104
86.7947222499925
84.46480510497445
80.06698380211608
85.31795257050106
81.89232955558674
83.23240122956486
79.80514392336343
87.84358027932836
85.09640792888493
77.65599140164198
79.99838788230177
87.8912070715662
86.592897952157
86.42343147072565
83.61341341186817
82.67372554645608
85.20824919385132
83.91950032055409
88.81432150598184
87.03511684972227
84.6404132620044
80.93529454722744
87.3963582315619
90.37738691489253
93.73404386636108
84.2661971011704
81.89889761309185
82.28541721541242
84.28366261356543
83.10499037174279
81.80437055479993
79.46695840075279
84.81727435010419
84.11356680038138
80.70073169862158
84.50833158722598
87.47145773866538
84.97777441639411
82.94436093053719
79.83703751717093
87.89068590625196
85.95426980189012
78.89902090551492
78.20540373633254
86.39982956381417
86.32121873309599
80.37483126625227
79.17704934295314
78.43907074765177
84.47948759867269
82.71387208898524
79.2624663319565
77.92494184603521
83.90779035813776
80.05372903549816
82.54062492474742
82.00444570023326
85.02119935611825
83.84237356277914
90.25610365374989
86.88281396828069
87.35282582983389
90.15480754977831
93.06741961014508
82.32142619334485
87.26869042305626
88.60414563424435
87.33612400761552
83.82729034328688
87.0197672968845
90.28876625685697
92.80237021720944
84.53989250989832
87.57985683607323
86.05803813576478
87.72021449211694
86.24344633750803
82.74597796481633
90.82010797067433
85.23269328873108
86.51437648011454
89.6183114359087
86.57655735749599
82.37112758038886
87.6672344511319
89.24504933947033
89.66035397856038
85.70828560482514
78.79780789666165
81.89843531983051
89.21644872982611
80.32376416716693
76.82310359857026
81.42647411054739
78.92990919331501
82.24844189599625
86.33804848664852
83.27038766022577
87.65207918955133
85.36474903642058
82.63483648492274
85.8413489974306
79.35828927857119
76.51291710514558
80.81836197351782
83.69806023587017
92.41526564203
83.13911309499002
86.1580403915505
78.27170083645866
76.1446504962871
80.44523768490886
83.02282827189377
78.09554688605668
75.21772839923366
75.77778135088025
75.88097484373655
75.1055901699924
74.39068662277855
79.93268073330655
79.84220787925459
77.63429030086775
72.93107201319032
75.57770073898438
80.25617224723736
76.44875315408342
71.43379780357692
81.4588163456783
76.90978884832712
76.9171732671497
73.76563482651075
81.48040214340708
78.83224601177342
78.68588008438071
78.87220200947169
75.7844568219704
76.34342512629975
80.16138326287717
78.04031556972627
71.82970806136454
77.19295267900928
82.4982808458775
76.8372862412341
81.45128718836811
74.66779558416803
78.98309302784769
80.58795974296874
82.21995052626434
72.84635070412877
77.64406843061033
79.81296179962507
78.41736582684662
77.98477594123226
78.04374370703829
78.06504378578086
75.18944037197943
82.8449533723463
75.47275656608406
72.81231208940035
74.85510339384926
72.04531404618838
78.54313469483098
74.44741653696752
74.61230901378622
75.33435036387856
81.55204619328808
79.1216381536427
84.20084162618204
76.8626416213165
80.53860361266176
75.10840137288848
74.52576369718751
80.23697720264882
79.26058552728155
74.38990725991124
77.94827667419626
75.9653762337614
78.61551288749388
78.24893982509755
74.80898159279904
73.1859170512822
83.87137705360666
77.81096003410853
79.20284669732843
78.66231698472188
76.86807233656768
79.99404424584249
80.67187322411516
77.43240789758636
82.77016538871736
77.3073331346835
72.49207939187546
76.10293142858721
73.62579412342379
75.11016629991458
72.50430709800871
72.59001719923793
78.79039997264942
73.53917808514367
73.25724855981588
75.69860553089455
74.8130654168161
74.07096633296413
77.27663701648929
76.41535711312184
76.87531076850857
73.51395259693089
73.76655329820747
77.69347608303195
71.19325742149191
73.80839422790206
70.77394831138977
72.91687845321935
70.40888653025839
74.97777477578298
76.00204600871503
77.98753063558961
77.98175926854584
77.69645729816455
72.65275534876265
73.46241873067181
76.45291992887411
77.08366039080731
73.64794141711913
71.16501870818833
76.75722812852648
80.17101799904871
75.77848261783615
72.37163487738565
72.68914548348363
79.61153463756155
80.72480841364431
76.93033958307782
80.51572564381767
71.56859471886679
72.86832790790098
72.38715000255078
73.29013475500162
75.45321870713876
75.46276782059192
76.74569600464248
76.24491809456978
70.22639470752706
72.19933690860121
73.65302018137821
70.13981927970579
72.51079595571399
75.08949047211453
81.0260868086599
71.78817677719725
73.23231760568137
68.82152147432426
79.91989033674918
77.89525488965033
69.33648464869606
78.4620805465082
74.83587001035109
75.66622582661523
69.85623012285974
73.64968373401257
77.42672331403381
71.75029700049699
69.23580348049755
77.75850528704291
77.03355740805644
74.13673686904194
71.52824066742201
76.7282182748947
75.48302771055968
70.55547578578306
73.79928341036806
76.92003645155219
79.12430653006743
77.86454433792129
71.78433034301756
76.39132632372332
74.42752318686148
74.3733281749786
74.14632317845248
70.16673681751986
73.22808967736817
75.80253517389622
75.07684159300067
74.53921278410678
72.87512739779697
75.549636652251
75.14386629688677
74.85686883452877
69.0917488776263
68.44574512299373
72.64172161050982
70.93582455825681
73.48241280690596
73.71944615199341
68.98013657318197
69.64210458784693
72.84940129178294
77.70415184896761
65.59694300170162
72.37132350545609
73.0654251139225
73.23400609772825
68.64541436653377
70.87993828231701
70.31558295520556
75.1944446037824
74.14223678301221
73.00393944821495
72.51881470856341
71.31069712940682
78.36371522218069
72.50806711124481
69.6106089548808
72.92460601504592
76.74735944418794
71.73361723826282
71.5425521370562
74.35357554073703
71.79914838475194
75.58487719396312
77.63392934390517
79.3581396740473
72.78291505252102
73.94387601453424
76.86650390519452
79.10853237521724
75.15900983660934
71.14745704667692
72.70910120093174
73.84201692297165
73.39340413682001
72.79705107475873
73.39855510302175
68.71517086885204
74.80775762801964
75.1344294538824
75.16186236854429
70.08774368901017
74.04589674738907
78.94173533213662
70.2275578776554
64.7132087855557
71.56671718406608
81.15573598040737
72.72961285723277
68.26914426055482
72.78031787173069
77.13179181298007
75.41562958088721
73.76845431893004
71.60445901380965
72.34102558705965
76.32202737212052
76.04702559197736
72.42272455098257
69.82231769715665
68.52992383719621
70.09932359481282
70.9178511003711
75.36087913358847
77.35764878147465
74.94465275877671
67.81510363494118
68.84263418162594
73.0389927449201
71.36104155626951
74.20823143930758
74.05901221063738
74.04489373174866
68.2413288505981
70.09707085799717
70.5660806783982
69.7273303223659
74.83074376750909
74.57912445990698
74.89891910991909
72.88483335949613
70.06498220938296
72.8519595403864
73.33554813910865
68.67729946393223
72.73361722758588
69.24522537128907
76.49966719338721
78.74471391156987
78.51290631283105
70.01431144151414
69.68398317867873
78.03754158174263
80.89212458702117
75.47892998627177
66.63624510312212
73.10753575871202
71.82269106129341
76.75016258114846
77.42287545385119
72.36344073176804
75.20116937132472
73.31269453230843
75.24336112041382
74.82227794921351
72.8220670665619
76.82926893732446
74.66171051714097
76.26305616008808
73.61748921227317
74.8905286106255
74.04876382287038
68.42402145096092
71.39579077137309
75.4350067217471
76.08564021977865
75.11551154507802
76.40276029496091
65.71858375633045
70.31064315726951
67.80453834134474
73.08165956529412
70.80337715728487
72.87330645624078
70.9055570727263
70.37811466201545
73.06740268486895
74.74944052804028
79.78609728761043
78.37265082388488
77.11635825774121
78.74066487948826
81.81828435982911
79.08684187149176
78.3835066540884
76.79253212289272
71.0600945272612
71.89974934487304
78.80975616153161
79.2855217618411
75.01697882072374
75.68809368578461
75.56532426638407
78.15040090360307
77.60958554006683
73.2501847756613
73.70753049164003
78.2099657182467
71.6481724023905
77.27318352367571
78.40983426414999
75.50051134905692
70.13810013379845
72.7272440896861
73.61853840424531
70.97252973706516
75.66164676304032
78.76975538917785
77.29015413089094
69.0614377040175
69.03080293624903
69.25061050563718
75.67990333117979
74.64073654699186
71.14199625186397
75.68155268013443
79.24064441368729
77.64126382810642
73.66631912546265
71.37897139599556
75.50945454972526
79.7848742118797
77.93144930124298
76.5679183306192
75.05614890294937
77.63720196222691
82.1303429356248
81.96822847570371
78.93009283400032
78.45607511793398
80.65865882139073
82.12347505754333
79.01061103522889
73.80467361495103
74.37888399304515
75.61137627142172
80.01668556296018
77.95961227132321
75.6019513367121
78.27587536927533
75.46884789404936
77.71694283911883
78.7075630818529
75.61974999474037
75.45308419424072
73.43372760630908
76.82123530821379
80.70649488991654
78.94681232300192
74.17723806473644
81.21063666998536
83.52877160923188
80.89778700112247
78.3799821867312
81.33030508839542
78.94118376759074
75.07813422603546
76.2291774712399
74.9538914015476
81.54867667413846
78.26655541402974
75.4948370873412
68.893114004691
76.137747454804
83.9900734641538
79.49859289489595
76.7814005964663
71.95912117463648
79.1725547690811
74.17100392794224
80.55225584855236
82.30208651750206
73.44882954720168
70.78829069853836
79.03792536622679
80.32350108974924
75.70873912624022
71.84015375456204
77.66407609991931
75.09204362574228
72.90705085360958
75.89924989691309
74.65576887250586
74.35991022787411
79.2927015198608
76.75301937007555
75.16840447917028
71.98279813413879
75.93018875178188
73.77786044987522
83.89996922680655
79.86539118720425
80.6313179140191
77.04942636849583
79.79080051174309
77.48853881920357
77.17862075733305
75.56221221792038
76.78427061746754
77.91323249349
77.97877191887807
75.40911197882454
72.45481243237796
76.4433730228385
79.80102156049827
77.08764334283642
74.35587494587362
67.4524376418172
77.12658042914224
78.10262640039139
78.05254471245111
76.86644296974133
79.00258035964757
77.24574614357621
73.80443428297275
74.29659239420494
76.65397989104989
75.54546758780684
74.61438561195946
76.15031716034329
72.1823116560601
74.03954174276552
71.40605657616437
73.90533601102965
69.24758626129204
72.782882409643
78.36516500674294
71.73764501537386
73.21893016397753
76.14610887611323
71.26754327743389
73.83556403887374
73.89766242653519
73.67932822702241
70.10457452812778
72.69449934765788
78.29961404520373
73.66199131273181
73.79299857026625
73.08114463697585
75.1167784688297
75.72648753449533
71.93143216023624
73.29743360602045
77.21158675888441
73.9812654060589
69.01684763499877
75.62261769101144
74.78075239523258
73.48765754079508
70.58483818860043
74.37950724290626
79.82743689479575
72.34139755197191
69.29477144083046
75.7357193467603
73.37110995410278
72.80047247508939
77.34857071013438
77.6539156102534
75.82390015117443
75.74909487334475
69.9049990449886
77.3725034510941
76.75916831581539
73.97924849070122
70.585452737948
71.95103829200538
76.13837781685007
78.37759377914907
72.18693226880772
70.3090543341953
71.77182790760463
72.57707536882826
68.10747230163899
68.2981990564226
74.25318806174678
72.69929286163254
73.74880329782836
75.68215488116799
78.22395650472674
70.89746385861613
69.78480562532394
75.99927766716047
71.95614214346845
69.17063277694427
73.10018333682952
72.19237423997812
72.29769592813369
70.25737659913547
76.37292341247596
72.95401151965673
71.16174104292499
69.70032090910466
74.90062422461975
71.62471531942441
68.58430010364816
72.90292862921507
77.43561229080102
78.01499778624246
66.25074909363458
67.0227574519335
71.99531551511446
72.14145640496942
69.61542621572106
70.67525169004192
75.15352331966493
73.24463525022031
71.71064603706535
73.21178165177335
70.82304653082245
71.40972970025058
74.19307202152139
73.43769885216732
68.5165004037631
71.00979008732037
70.94079975258934
71.19786641929845
71.20708602417909
70.9624414024951
69.91380779853326
73.17702425645652
68.71578698884267
75.46886553284135
73.59122726775112
72.44657074075926
68.6972258493121
71.85735755858681
70.2658999766957
73.99095047079226
69.9221517664332
74.80346385581392
73.88107991037953
69.4349080162855
67.74544344812215
71.45974839537762
72.28603796569179
69.19180564569103
69.77922092995593
66.68807731336398
66.20117593727751
64.13433687242402
66.5669324492329
71.73453730542977
71.64882648517396
67.80949727149294
68.184835028355
73.88524660191695
74.23981042022876
71.16136095172791
74.57156449474017
75.5338195869924
73.56176236531
74.91717381784613
73.27598595439012
69.09806812665782
69.14716090390026
73.70255286325305
69.62004247936036
70.74835835033153
72.199258446911
70.27612262091654
66.8189474950746
67.02129459771045
70.03811622475807
69.78768423153242
71.86574719796046
70.25705358698131
71.274969030212
70.33077414358903
69.0654115637352
69.5249527465766
76.11722344179041
73.52956173473632
70.18327628608534
72.45877211111923
72.18642833716805
66.92269838119215
67.59644895908573
68.79669075389042
71.3242754633386
69.61046146028846
68.44622846975886
67.63970395096874
70.90393343807914
66.4576149016582
70.06130795981716
73.92863869222452
69.53056642137824
72.8646528670057
71.52613792477491
70.82989847044104
70.99682180562347
70.88388425727453
69.40605499131786
71.25010625949291
70.46131714237123
68.10483350328467
72.7929324783878
70.94950687311676
74.4982972449341
68.32501090722063
66.27640049433829
70.21292356985015
76.51846849095088
75.04628611889854
75.39026822764136
72.83285316615915
72.28022537819102
70.69815248665846
71.86272847083612
76.68632813048447
72.76158606926415
68.14343180986499
66.89702985585274
67.97400024181799
69.7990949493441
69.43147243098733
68.97763505630012
69.88670839521563
69.15425278299885
64.92764421346186
67.1936503079266
65.43425289119921
65.07162497157832
64.95441652452764
68.42295559864033
66.00858119666397
72.1544180827619
70.75211330901355
68.5988911606413
72.84985369342414
65.58289242754181
66.41877769707307
70.01882650852563
76.93594231428328
65.59241091719962
65.95003343013074
68.867541385694
67.27872701867125
67.38676936765296
70.88199398167346
67.96251362941294
65.9450329980695
65.00152184539301
67.67743400142959
64.8291892068663
65.518644475784
67.82030078819163
67.20179700273631
68.41349777699476
64.79385553392126
64.76219503894121
66.61409894428922
64.79618901219145
64.78593218065984
69.61896957661214
68.38806283519497
69.76900521043605
67.5732516724614
69.24329330679839
67.09973830394897
65.94341857038943
65.20332830733136
69.81175359539395
70.08084592177494
71.48104984365922
71.47074130020124
70.16795759404835
68.7758282485711
69.57633359191244
70.05553007622525
64.69959285245832
67.3468121425092
69.32670225112953
70.6234298212677
71.52841000762072
65.73403761355789
69.62600688726681
70.41754428155775
68.44051243524927
66.71602860606187
71.11139132215439
70.36996384539749
67.93597071654308
68.0183797106385
70.88695501003343
76.22584543115485
70.64332496580977
70.39795951087812
71.44277643884449
65.52498354697552
69.44789003411557
68.97970633518085
69.08420255512243
68.35676153905452
64.27009964228597
60.56706949261872
70.32199828809611
71.48701795672625
72.47410044065248
68.49029357621701
72.37095377728787
67.77460444632865
70.07482774967981
73.31681444345655
78.4375173397518
70.91503335186553
67.70190766033492
70.21310712807858
68.91248453530567
70.040798529097
69.04099201042403
71.77162990376435
70.77047003022784
71.26147462562344
71.78360184350949
68.19716568703454
71.96665411183056
69.40846539349032
65.47919458455209
71.0542055423175
74.51887495687264
71.45939114927346
68.8863774905949
72.31973913161636
68.60061518942095
69.04140573471017
74.08860622432432
69.96096720863699
70.56940563367043
69.40484552502272
68.20238076848608
68.57603833799527
69.75300096203615
73.13586486848732
71.90183277827722
71.81859202186432
68.48930325751797
70.46465836413041
68.19260455068746
72.53025570212282
72.65284791737795
69.62852818854059
66.6368471767804
66.98972409113372
68.24871953940828
68.58289781512876
68.28385902312306
66.0815319437657
70.8892344931379
70.75932114814071
71.19621744887392
71.91992856065391
72.03454738528355
67.3331067893032
66.57589119998066
72.76753685675752
68.60096195358507
70.82767570136183
70.72838053982395
69.90172557588707
67.94323697507649
64.42109257618044
62.926800682865995
64.96668983761288
64.65059058210187
64.04644863926342
68.06773594174217
68.28394562038888
65.52772417986276
67.12835539669179
66.6666655922056
67.82722401936198
70.04857922264542
63.36969367755335
68.54055115304249
71.65909711705963
67.26709302204806
66.49664937971701
67.69191356304238
66.42577980262946
64.79311152458658
66.90078808380675
67.57390680310033
64.7161431210489
66.76573721536725
69.14807174813906
70.52170087925438
70.1153224273955
63.52805897294301
67.47691603605647
66.63957364521708
66.71595025060529
63.89865108685889
68.46646126718534
69.64619212681225
65.91532966319443
66.27543488443784
66.27562078355854
71.33861716955336
67.58001206876096
68.25127667491233
71.04040748031413
66.94699596950957
68.22050107784588
68.33333340515377
65.88884799365198
67.52907388822092
69.16310760602975
68.00178183291757
71.71713769098959
67.50981543857006
71.42731904410874
72.32231843018072
72.8229935510604
63.522173055088984
65.89469719654575
67.13400301263427
70.31963274110352
64.15677332593661
68.16564254454201
69.38405274549444
66.82996852005915
64.2794918322406
69.8439384923611
66.97409777920515
68.59187827098891
69.91497666226304
71.79850853764172
67.8319143065374
63.54187312716649
66.56430936478617
65.83329259327463
64.20242245925517
64.1449584604727
64.2030166502695
64.13871388058935
65.40228926716819
66.06621685735651
66.5996561173226
64.35501194577274
65.5102967729722
65.48160703251213
67.06872349021077
71.03502096474334
66.56151084291933
69.03038198278809
67.3196171493197
64.31362666337537
64.46946415238526
63.121904353705375
62.11176546109548
65.97238187300128
64.59713543833493
63.69461984581664
61.126353468266124
60.54310425848449
61.955894202377166
65.37961312797137
64.46979668021075
65.11008696880873
66.06764126103216
67.7492638026986
63.06386496733139
63.22790533750698
65.30471829734789
65.81940891969606
64.02345789360652
61.96113247364166
64.84590625030549
64.55483979066875
62.97111504303315
66.51719361567454
65.26876570699078
65.76576414489062
63.39314214384109
67.6160701142346
67.62434022181455
68.8040694444897
66.05362665416698
64.15790097709947
65.48339884402952
68.63303038738026
64.68791996263343
62.55511292665826
63.426906385710396
65.13466088449125
63.93344543784646
61.379920724029525
67.70882356383208
63.491634192555196
62.56825496004698
64.58062533207736
65.40610745132645
65.22480801953115
62.33274479315018
67.00418882483505
65.23786353004817
65.34978814609246
67.93304072314297
65.44051982500282
61.22034377852993
64.41900171602802
64.6527902785539
63.612578931522094
62.21220148791664
64.20439725516616
66.98971605791304
69.79404823811035
68.79880227426794
67.9741405585663
65.11493120752108
63.24225904849256
67.82057203365561
65.70476154849561
69.65765040102515
65.40919965159662
66.07767737692191
66.614255998477
64.89768946396698
61.79049907913984
65.38698546614506
65.25046066687172
65.08141563471844
66.36954171286419
67.22769744199987
63.70519117818093
65.47629763804804
69.75767899500624
67.01077780340863
62.58671245665826
64.45090903016273
64.4441867462757
65.5044611570138
63.384124224599894
65.32165509586963
68.91551225567798
66.725420278252
66.57804376865577
69.16750870712825
67.79878633714199
66.7310422238903
65.29203622849548
61.72615519725463
66.64151218667158
66.47557655791815
65.94745698587718
68.12373438080357
67.82277084375826
66.20032162720061
61.98560900457712
67.7023267398536
65.50303505412884
68.2409878619809
64.99749902101289
67.9939656925443
66.41181688837983
67.62693010021282
65.16268030308618
70.72994505144783
68.59055135376488
66.84877366969194
68.41862847399219
65.78216665842405
64.04515552587421
62.18419437074359
65.81111900346879
61.762778519042165
68.02796184268327
71.37578623975921
70.42401857515338
71.85449342772232
66.46202151622188
65.46477308184176
67.40486804300387
67.8163608180476
66.16561817740204
65.18838282217854
63.83201548558336
62.692962410077996
60.545672437066884
61.74948699020326
63.861410570355204
62.490102916282375
62.41601239777024
62.07510255129842
62.42833075875273
60.68290641469289
65.84428149086597
67.3122816305866
66.66729377269192
63.23273137716724
60.232553810005705
66.50023764627922
64.55950894078914
60.925332229986836
64.02242788976334
64.58812290293653
64.06195680039527
61.670536582925976
63.25150995192803
64.89018511795743
62.124349676536234
62.38543387538873
68.78148775382941
65.41712028069945
64.20592278141905
59.90590013973534
64.65068641937636
65.10420589011558
64.36655975844552
67.94395284420759
64.53762901626165
62.732009248584994
60.482306321409304
63.29856195878113
61.91644008292349
62.10601315438995
61.77122303406437
64.98804714454404
64.7885782244884
60.63777106033315
61.52332839662297
60.21468463466721
64.20214834918694
61.04629366915164
60.864623341643984
63.84621321096255
62.33740057027837
66.38611138217462
65.37022841631237
63.175084596755994
63.06260030690731
63.923997130776826
64.59124117049453
68.02743354243938
70.82260008928972
68.7842903553819
63.96458443515586
68.18083199848029
67.64561077502465
65.04897717696042
65.51718947866803
68.8387441791035
64.21568378282635
62.21072423768638
66.16616044266692
67.1530146852934
66.00849255419497
64.65561488716692
65.44826765180933
67.11939665803493
61.436627235547114
63.781575881151696
66.15216711980084
65.08503798758903
63.338507521145175
60.05989475160336
65.66754256572395
64.65984642879258
66.2240935942583
66.27705558351794
63.28465579193773
63.47372415061252
64.91095507117119
65.18781377644146
63.9604173057755
65.18937279177862
65.78122874562249
64.9484678304675
61.420137130293696
62.710769115394775
66.23857284889874
61.236135706525566
64.22741643457334
61.95034025307369
63.84054686849893
63.81808955830016
66.14330683157276
62.27151545159193
62.90455362653325
66.96710328052785
60.99193844366933
60.43244088821023
61.95962021334639
61.39130810919131
62.04100721954332
61.90757008806417
62.55963607365875
66.2900751496471
61.02318281659298
58.848393820994154
60.6295017986462
62.41476999364311
63.33724705473832
61.770342811634954
65.22767526929303
61.76781317098714
61.044269179132385
67.88704324071466
65.29939432006542
65.44828783751981
65.90306209858271
65.28049673403615
64.99227883692086
65.36101905496176
65.04946521331412
64.26198944194063
64.18408098237802
66.29196208509389
64.6470763460076
63.16882740062343
62.950617332526264
64.43023465184838
61.91900549987537
64.49175145322786
65.03972249958433
62.30124016014052
65.72031501233846
67.97811050963838
63.92241723697582
65.84214280075581
61.26104999660804
62.695800443450445
61.76441033652185
61.76954859751859
64.28662005874217
65.46574805493312
63.37925866252304
62.24488104999281
64.97117671352127
63.28530778534349
62.08441028224909
61.34089725453694
65.85539563397475
60.828938864460795
61.2436296381898
63.82840034994723
64.09163459800105
61.08614746600064
58.55090777891428
64.66882072192806
66.21200672241994
62.243132946411606
65.76512377974912
62.945166672773674
61.900667207792004
60.103243853721345
62.799620057532394
59.26905974688687
59.43366071602286
57.826190438752725
61.85840896350517
60.80488443298258
62.99329016727848
62.541253581293965
64.61815873827526
67.28097980903043
64.15258838482401
63.45127323265042
66.40907997750635
62.49664718125563
58.31088064909916
64.15393685927768
62.31464677752414
62.727772023309655
65.66011746790207
63.8026900190581
63.72757217862237
64.29176228381026
69.57293346433441
64.15431544912757
64.60493369926793
63.58276392089717
65.16181037575878
62.34956195817293
70.05252438202052
65.40356713969189
67.85736114362601
64.22093376946754
66.60688588220464
64.93085436808752
60.599899948725394
62.71425943995442
61.29102387747529
62.687171686832805
62.01886533195397
62.79206038484527
62.97564559676221
63.18092253034764
59.706239545751586
62.31160984215433
64.21610319822025
64.75343585398737
63.723729500291554
61.853030845793654
61.161952220544535
64.79220019118617
63.78798422050049
57.048648317690294
59.42536178179385
65.7884383982394
65.28862514673615
60.52906900022386
64.95176334415251
62.23490219819931
62.78307042503551
64.79173830778247
63.01661588224578
64.49675254874343
64.45498941991308
60.392583797159574
60.502545143230876
59.90128640862056
61.05616176433223
61.51433466789315
62.280266757668805
62.10023208606319
66.39391676247755
65.69030398464304
64.3407755259306
65.63159011909896
66.54020299683278
63.541167449491084
62.47236737428873
61.32142698345215
63.33933027027242
61.896695352588864
61.90100117429458
59.99936913575233
61.385982451654115
62.339903065457854
65.05598932069174
60.74489061743085
62.202474921594394
61.433638788006284
59.963370686369345
59.24258938331456
61.33160895835837
61.06020364039707
60.05405110389762
63.34228114493095
63.4320819237624
59.66673970325242
61.01808305936458
59.04773981478251
61.13413400382745
63.260898120344315
59.488638031292666
60.172725134176815
60.402793720437586
64.01094774657682
55.493818755768935
60.12556965828122
61.42055138216845
61.46662022022068
60.67815731251813
62.05485628764618
63.24173613505007
61.82996082733942
58.67441455301905
60.33867519092808
60.95784323891052
59.0247085680734
58.24071389942824
58.44101184347906
60.523648066765354
58.778249794807564
59.64681485524734
58.44584010365897
58.96261839469958
59.96952080885701
61.58742327338854
62.49907786463077
61.434820332171604
61.2524403402954
63.263186360750204
60.78926151844982
63.25151298576731
62.316371442080744
63.176534169904286
60.92340017872057
59.74820176871051
60.020020168925036
63.36631918396715
62.60623952422593
62.000399106089944
59.492872601242105
61.03147360408493
61.05506075826033
61.99187322297319
61.502549515970784
60.76459756244749
61.601851709762194
62.50257177009267
62.754549818983975
64.13793844572989
65.36170968151679
60.84800350032613
59.973761691366
61.61432536515346
62.73375860470007
60.284703581499535
62.15498071599147
61.80338005107441
59.96092097746581
61.45556418264036
68.40240312499895
63.97351248948716
64.79718866826403
63.79754382691561
61.62986289848102
60.6576790180782
63.20166013379665
66.4721899593838
65.37263614002245
62.29631084802597
61.3874406878892
59.792757568340676
62.92582435220051
63.213080362350155
60.52037257827537
60.02909791430885
61.210098977475454
61.84470616015115
60.41675667380987
61.70091592912294
64.18314957585113
64.08466268823724
60.64533946706184
62.87257349307258
64.43213373380875
66.16572012318444
61.8198061065369
64.72093685869555
62.03250036839924
60.80158980256405
59.40340136408488
64.94703927073512
63.52913820671811
63.765584411301845
65.1264377024099
63.60543876374719
65.62937231612852
68.55106177329525
64.09456948515371
62.06000015552331
59.8110035306819
60.35813094266498
59.0655316848743
64.25203201614706
61.97910836048677
63.18251688027701
60.46662411585366
60.5043782381913
65.59769910159713
66.97948430095136
58.71601205741785
58.69907638056069
63.054240396090194
65.763260414303
59.36608745395979
59.408073236689354
64.8361649658649
66.3767894040002
60.55447201573923
60.583806266303384
65.48853624256556
59.18875901327523
58.7686825012424
62.986096870979196
62.63607737976592
61.461227535879324
60.75761846683063
65.05962533068794
67.26437874221111
61.57092039230698
63.31132452637797
64.79672709684628
66.12510086771181
61.30145138626736
63.091244707155795
61.95496564725889
61.26062064603087
60.05226882021858
62.736241018638964
62.64131877300606
59.26484921157915
61.52296261479576
61.90049501954758
63.854853907742125
59.35120910106128
60.85197524368947
63.53470790960425
63.195774316917216
64.13141678318384
62.81177630334033
63.60547407991392
64.18859597001195
61.289869285440766
58.224932610054985
60.091451775559435
62.145418023253015
59.73661747720294
59.49173890945349
61.71298000913011
61.12183128109427
58.77083408248079
60.6851475087644
61.35328679167597
60.46504556919321
62.2700559234652
61.315222495931536
63.39321482149822
61.98342582575859
62.46585644353188
62.87581306680986
63.03490031957852
60.52677398425174
64.02698524017924
60.392903252230575
62.746008010478334
62.94291259184665
66.67016392400744
63.42901181949132
64.08682103795965
61.050738677593536
59.08007932853436
60.63352245531649
63.617224734665044
61.49337080162131
62.37261592098926
64.36381386229961
68.63644459733696
61.74723964003477
62.14551762011769
61.816902353960266
60.53444804309171
62.77695861718861
61.74236020620965
62.0102704957766
58.71936992592039
60.79020209415731
64.17284216156503
60.927379541831144
60.28776516120618
62.03142887518766
60.349120976412536
60.09397180565441
60.66840987006517
60.96094094036682
61.28193540784504
61.6873926636523
60.414920712892965
61.68314635464967
62.93773563157552
60.84105940815334
63.17477495568639
65.57190841042676
63.92862786165997
59.92139044476598
63.50643840131227
63.50381503639307
59.90694702876885
57.29303530741348
60.682827121843005
57.85274987059275
60.341118006794005
62.796280097529234
62.11928762195673
61.446825858447504
60.673693346684004
60.65142920838888
64.36607623057813
63.38064403263946
61.004947378060805
62.72231301486746
58.72648846329626
59.58949924824528
64.78438500556257
62.83958327347736
60.33762379328845
66.0886834624331
65.36522886951526
61.99728414155638
61.55747502237793
63.882990038884046
63.04598397021059
61.17221712175968
63.15279903139721
63.25489373533452
61.574764799985424
61.17895943710405
60.96683532554016
65.03749293352004
62.228962033815584
64.34887674987243
63.115751961160534
62.75533455279059
63.445685592092495
60.06461488134502
60.899757062176256
61.014346964396964
62.98859678001329
59.87377528181976
61.128168390619024
65.17060486895417
62.343565672051476
61.91382062002322
65.63993747382378
59.63068652153967
58.10109381029939
61.060815938928336
61.156638922178345
60.564712650137736
61.6770305590033
60.25360148324012
64.74921438881682
63.38389383572785
63.42250479731043
60.68647715649288
57.628014607444136
62.64150867093308
59.54993561571835
58.80672289639364
62.78585233508098
61.93700930177823
60.747577158321384
59.72202741293231
57.68834241961704
60.43852692529433
62.60855980787001
58.58088832872769
58.04976112098266
60.222027084084445
60.68490842741692
60.62892453389633
61.60417583319093
62.09899603348357
62.72414148906695
61.702955375190555
62.176414040499694
63.99865064451091
63.06929304461346
61.35428882394589
62.46789420939055
60.52403739512952
57.164641620228046
63.184555723162575
64.45383287937102
61.78888510901997
58.20082514189684
62.381923691100695
61.79004190204558
60.14540356382113
60.5027311966297
62.69787868169504
62.82038892992569
57.47831440329891
63.49346120667249
60.773969369067856
58.60901621387616
59.99187676060355
61.168612773569684
59.59017392702582
60.359013262807764
62.42699981514388
60.44574567139327
57.17594459938195
60.016436496881035
62.99928062857524
61.27375153636957
61.500751066666815
61.26318748193552
61.74729961538205
61.262958048380185
59.872099929438754
59.234536113036086
60.9025707507277
64.74584554154092
61.540781264749384
60.08396636442181
61.494418549068314
59.434828835676
64.53610908712402
62.80512795988952
60.28326918165827
61.76440556767695
58.88247206863798
61.19162454040652
62.163069841906626
62.49727197163766
61.607364070226666
60.79815145669106
59.396746446398275
59.11930763557828
63.000739639514805
63.870344402938464
60.82108601212352
62.70188422084268
65.40123933252967
64.3046643378658
61.43973092448183
57.55424931195807
63.06484978364502
62.61641724512245
60.079933919701226
62.96085819117259
60.43513703341122
62.30015092471942
59.44254052891783
60.19425626920716
63.89358009310097
64.32681871626731
61.42915284354464
61.07280366288767
61.62826220125091
62.95468257570252
61.25614507869912
63.11153944355501
62.031769833121835
62.78215353808836
62.325340721892616
60.86881755244774
62.44237865735549
62.443707566554075
63.124039683570714
66.30472213017215
61.97550899927908
59.967091447433035
59.548914970781844
58.5917866278569
62.59498307749427
60.971683708052545
62.7453395932674
61.34491770152343
60.77702197023669
58.27438143404607
58.06565028868716
61.05849998551974
61.92493648668838
62.41394501043582
60.75823067887053
61.01444651132726
61.882120490125544
58.70827316177558
61.99834384050119
63.15242254412209
60.49034365078049
57.561136725365074
61.336684770088475
65.07670905875794
60.26851825619119
62.09199553235209
61.26302900435163
59.821063413156345
58.955633596424185
61.26149025251763
60.04480246908345
59.460392206905
60.36310035136665
58.905330518716084
60.8410731016873
60.54741907323505
59.11376571406147
60.211329415407725
59.51584711785939
61.40825122138498
61.023193157730546
59.9653455007914
57.81866315453584
59.28660966272747
61.922847074914934
61.021486447172975
59.42157153510894
59.41687942057208
58.958372522941175
62.7924709235537
59.7130925079533
59.7644994040199
61.86499926900995
62.746312616541836
61.399268260752436
61.42448382274073
62.48324245645479
62.18183529922494
64.68177738670033
62.600975765675294
60.31945766912105
64.0688958717153
64.86535687080402
61.9286380687147
62.32618768163293
63.37885100466886
64.1309914761221
61.01273219901302
59.27128971977436
62.148590261705436
60.51824465801246
60.035620091253165
62.77750776923299
59.926595622167426
61.31221889424563
62.3009426811525
59.15700917566388
58.73613393398222
60.439490915872774
60.84789899988624
60.09768688991144
60.77956372599839
60.57392977526781
62.99372280464081
59.55304614180778
59.11572969236523
61.70156263105316
64.4197840332917
61.01149429736603
59.52607723510753
59.55405285307202
60.247119969034614
58.64879150865354
64.23119753152694
62.75044296004967
61.49100655627981
64.22219021947211
61.75591790023424
61.28912800052747
57.66791640012314
60.28246955295435
60.930521394025206
57.817972126898695
57.88333694879382
62.702919638494244
59.95899572039467
59.417084226747754
60.448656646855255
65.3273106569501
63.151621741709384
57.869645272302165
63.20046628459055
63.52781259300989
56.504402287625844
58.755263892450266
59.59170065286582
61.709663477534285
58.09303985270384
60.57323514503618
60.16859794535545
58.06303173730791
57.49608452897918
58.18373754197693
59.99172898505801
59.03109397820719
59.128102928842694
60.10117833893641
60.270464099966794
60.58461601245881
57.76010724766395
60.8038440995683
61.84355643005944
64.6886507176733
61.97704893756905
60.11225183898746
61.48599719657559
59.43559110811426
61.136708184462094
60.83213640371099
62.14609011799471
62.97105906185327
64.25479063734063
60.93063177445711
60.08517505227545
62.443730766764496
61.68282799431259
60.28532953765034
64.70462046610464
65.75118113995099
60.237372018884024
60.64960230628334
64.80857063589079
64.41559322582498
60.488664101206396
64.40495198219398
64.06039095937852
59.89311818115491
64.57540042609564
62.73048048342789
62.46610965385284
59.88402337599089
65.77623914224205
66.89114487049449
65.62558591917573
61.76621429398924
58.885014374550394
64.26234225710343
63.113905310438355
60.68164912557282
61.11360427534111
60.79549517196568
58.716441664755514
63.09840518294229
61.07830829875622
59.52983781781629
62.533341110579514
59.27380631498483
60.51396220613595
59.9080409327914
57.96839798880162
61.24312021106052
61.97502264648588
59.5865701754896
59.99914873883392
61.27957544448919
62.03916377659903
64.42526520213282
63.942007978524195
61.97975728303826
63.10715736368207
63.21143104778843
62.310964733595874
66.50821192289139
60.99977815163602
60.17618560694371
61.53129719069939
62.67223480664463
60.103274831380766
60.6136845588468
61.75729091792695
62.455277873422794
59.855616397589
60.12079060168143
59.908584809866994
60.43493752600007
60.13801326582718
62.44597787371123
63.58620788683353
62.5757018298474
63.212123333524396
63.03052986990925
65.07498545720499
63.26959583677159
62.672187462835645
63.978915693546675
64.18965495742337
61.31853149138292
61.61774706276147
61.76366455938634
58.924233245428404
61.60462598482049
61.40791725155328
61.3449413555017
60.82658564814694
59.46255140238995
61.156445847124104
60.76352292246842
60.49457068481648
60.11015593906204
61.21982306541729
60.451119654012054
59.97739562732127
60.777210438202495
61.09837388986255
64.18707335979688
61.38290456024665
63.01328728885741
60.18838614484139
61.73543411941465
63.979290491331284
63.99334612833328
63.69510640338186
61.21653659178732
62.44617321937712
60.64601510914511
64.23893488934462
64.88622645681606
61.76965421707901
60.35999144077694
60.15773681771865
62.35253714197161
60.452928984609535
61.35820926723142
59.53718466568412
60.53219972453695
59.32161170899911
59.73273834658306
58.12436985606382
60.379090668370864
59.02411711917642
59.13668386291325
58.788564133933434
59.43486049941825
60.90911859366048
61.56391663365915
59.31536445908487
60.33301865023541
60.34724418585461
61.28102456017552
62.414187553829485
61.48528532797437
61.92840919749009
61.11567181964869
60.73824558755324
62.71382362721293
59.09492367330051
62.55665091403012
60.76216267099564
61.02855887923021
60.76322066724753
61.5681143401754
61.494703842807624
62.19832666672267
61.44234381765423
61.208995479273035
63.4596584869746
60.414913425515245
59.20904367603408
62.1648490796898
60.075474750704636
61.95593519768464
60.79192376215133
62.302787786275914
61.04131028943886
61.431138055367136
61.97128998625467
60.76645319752482
60.38876673495782
61.39972605120169
61.02717084580902
62.04417028255661
62.18550001412652
62.8237466172286
61.115812993069184
62.96069272102359
63.78015543634487
62.34695090129509
59.329345003508166
64.1928923870229
62.50567237587893
62.47609745209009
62.34131170815542
61.79331050549169
62.54751298566572
63.69574198158247
62.03457305012745
64.08379565429902
63.88375743893068
61.27576625699441
62.33184233929815
61.5780089878725
61.68674920973126
61.43727523580592
60.31171476386051
62.72467658688573
62.78785362439619
60.304940128882
62.985642655934534
64.10302170898804
61.34290585635315
62.21405128689823
62.49866969367136
62.0189183602526
62.271702159587925
64.22046134336591
62.899294709332125
65.90031442413573
62.474841093236755
61.588415588842196
62.87907220719188
62.96609288938602
61.18392447833551
62.26495814077607
60.39363893783202
60.428221971882294
62.59236027500739
63.24670487855354
65.09174417729064
62.50041332563873
63.63301796727937
64.26087628494446
62.369863611958884
62.29673075526196
60.32529443072985
61.91115921381386
60.98976230720327
59.78559271008537
60.688278946968715
60.425559911211785
61.20489335446202
60.07723441433005
59.006942177494786
61.17119332779339
59.58126419844231
61.02503991539197
61.61822713690292
60.39491477441381
59.17037381961498
61.269215409596036
62.04114907629644
61.26699278195221
62.377800745431415
61.565331029628105
61.240156804789706
63.15126600128702
59.03086364999177
59.03292536853035
61.32876206372801
60.48073592152137
61.333292487283195
58.71978138554749
61.426333860698904
60.455145976541196
59.65675625961077
60.57862975743697
60.68028384089509
60.9668678932404
61.114398963035235
61.8739012748564
59.757591469588185
61.01523403740917
63.084549203138266
57.88294894764632
61.183016828278916
63.30259381036412
63.24549166670298
65.6867611179087
62.72145144698752
59.742319411284846
61.562302882663424
59.99369829879381
61.253281924375514
59.8425775557391
61.4715169133037
61.726673107225636
61.01159540897391
63.473467400369415
62.63762352531456
63.95439217406933
60.129201054635885
61.658556625263344
63.49231212189294
60.25866972534026
61.82154437547651
60.137586367185904
61.52353378076938
59.09966268447582
63.265578073742724
59.620117733071254
59.646416188762345
62.27992711959721
59.573612397299236
60.117252504419504
59.5079537243619
61.21552190742056
61.87359211336159
59.651255450094595
62.03844928985717
63.20998089764151
62.23026028786276
61.42438172846658
60.45472726985081
63.096237359682426
60.5203912198855
60.381146982817775
60.42645881839007
61.492508482585635
61.21256327946961
61.00710139790724
60.00352703612516
59.92686264194903
63.234661924382124
62.52823801271364
61.763862960293366
62.011841945677226
62.46605988205711
60.03763967647151
60.621365071761495
63.809573358160854
62.49047616373196
62.24706756084155
61.704335252369326
65.6710395600267
62.67786460638006
60.154405691147566
64.8478138970917
64.80909424131114
61.39410803091869
62.29624912024074
65.07804023246526
64.86747615208746
59.39609938322108
61.34821065796693
61.89515267279357
61.64660646332241
63.98422446497603
62.320581158568345
59.83197854491816
61.504942108685825
63.63490930590726
59.942999890999964
63.71030794254689
63.5231888252963
59.13897902076986
63.279998020119116
61.66438131139764
63.61881661355226
61.35145830899726
62.82375556909242
61.974565417668146
59.87768343616712
60.54992427184867
65.56338953811492
62.563005763371066
62.62366855056136
63.762712443588555
62.242857415530686
61.495115664412026
63.368343061161795
60.885473909031624
61.10859375461801
61.273721910156894
61.22063227397224
62.19520176070035
60.65511636151225
60.90911097140419
61.6479872480568
61.738879975702396
59.895787774432755
60.72671801575876
59.0856761548274
58.14380414158517
58.31705227281075
59.398376020531366
59.93022855147038
59.324275020058
58.943565745579775
57.61757351997707
59.273844678111544
58.681518539187316
58.83951097355874
58.7487943321239
58.626393992388365
59.903587083659495
61.385857346379716
59.557098804521935
59.48438541294352
59.745679432180104
59.02241779759175
61.24694098973523
60.64495029264666
61.09504359455692
60.2251860063573
59.728263357021476
59.91098363814913
60.47292508163237
60.175986775405015
59.41310715976386
61.6067411771142
62.07949519727808
60.0651892064664
59.02298838929042
60.822355565913874
62.19261113061365
60.29648396728848
61.242999532873824
62.733489544614756
62.70614095252898
64.14732733631037
64.05646891164938
64.76119776455145
66.49504794771855
65.32244105383126
64.27085408665482
63.51814054014807
64.09960772428431
67.82977327902574
66.38335966235456
63.6676429567748
62.86335080162342
62.955814600500844
59.18161216961103
61.90673867910791
62.67663457133435
61.121106008672605
60.33003367631487
59.538308778177345
61.89138124938407
63.59084521572986
61.44187095279543
60.87423034557223
62.5585048881368
60.454733263837994
60.57323138349722
63.23090593008185
61.26089436353439
59.95903666806616
62.54349775637966
60.096350455762895
58.608397897526444
62.44694535572554
59.29615525558415
58.19394908173309
61.46181886035065
60.49214970042918
59.45356851650127
59.492865252148476
60.815490877689825
57.707552447166705
60.2058072941482
59.647374135068546
59.52238202899949
60.14829357220025
63.49143303659719
61.83839863673602
62.21871817208193
60.390341632835714
60.91926317775129
63.03520565387922
60.8543041645646
60.958015096755716
61.084823736037464
60.54551373163992
60.82245044734578
60.6394309683833
60.23219656708676
62.71395237253043
61.60961968133828
60.59571241729473
61.919061465561214
64.61393488969658
63.85267135861488
60.906818733084805
61.91836577501245
65.26822402689862
63.24269679507397
59.52936239858427
61.83669412978582
62.76924968656376
64.42804460994998
62.21238308059066
60.763136740075936
62.35356967918094
58.23679197911959
62.487613268142944
63.18270693221588
62.39523172272756
60.621526930636804
61.53754736357759
62.111241987535415
60.77495452991226
60.34270535090702
61.61651916622921
60.884935307842134
64.35860736656831
61.90690215135919
61.228273356345056
63.386784584064245
60.00063710221062
58.7109145931421
60.96155569732864
60.01718999853951
59.67264669116867
61.07367656409665
60.59151980630128
59.66145356917302
59.114351198458515
59.410115468466095
60.03475168068998
60.55583935701563
58.7708224914825
61.6667711040865
59.07385264185345
59.652652608029655
61.63701080735288
60.02942741998152
59.15292540342545
60.073889662968384
60.565609846387815
61.14129953481778
59.09511612888985
60.552605938416946
63.77737639217937
60.364256481594154
61.131733441685974
61.83782457279375
60.320039835118656
60.057690345510856
58.93939290384273
62.01614237799715
59.07032519457878
59.51990304233774
60.04062620956032
62.66584225538674
60.62783111340547
60.60958064333117
60.21838462530883
63.4499017628831
61.474624284289696
61.45459381234562
62.59761241973135
61.065465591796965
60.06616813054522
63.06822136706949
61.16460828022695
60.74133828817525
59.739007619231344
58.42404595980254
60.37403223329015
61.632612557086006
59.49808817837047
60.38993119295178
60.06343144499315
59.16997823877009
59.86505060157451
59.48147846149884
59.97656543571927
60.00011039033947
59.2948821452019
60.19522144906692
61.61268684563405
59.0573669873508
57.5134557867958
58.81589050619572
59.28787087395356
58.37375766675054
58.61561948868503
59.827653124450705
59.57255735904001
59.01949962149673
59.025456324116355
60.63659385157013
58.896072816620915
61.06297916740468
56.824845100091686
61.29352066871173
61.16091325963475
58.12953363002232
60.25157900871409
60.843241203265876
60.88321692506701
60.195492665013354
62.363801625625314
59.95297540401314
60.1405727868317
61.99789779431303
60.70348954712656
60.820285277694296
61.31311740045101
61.78145172011302
59.75971826298559
59.795755699386454
59.875660645235946
59.975279968090305
60.344750418797446
57.32392732387029
58.92516480063952
59.05927016001159
57.34261105466161
58.88415972960979
57.75900921060465
59.55858584509764
59.25573068494412
58.81930167056351
58.823500947938946
59.035950076403
59.631810191801904
59.084688245554524
57.286246578450026
59.081397213076635
60.37153868563363
58.92081202955825
57.96147694302792
58.90476559221101
59.831780784855766
58.14549144626201
59.2676324377034
58.74849141035679
61.00384211730172
59.57211802022928
60.65750667076145
58.355391359121604
59.39620058989176
60.93552551093404
58.975290106263564
60.740569909615324
58.14400619243709
58.17423386350863
59.51560684487919
60.59935128894219
59.83796802133604
60.83056020836426
59.05476535910988
58.634463191359245
57.77694615167584
57.924653942320894
58.75980544465762
58.777580884537635
56.962268020590635
56.89311300381207
59.58889232908464
60.84185146200178
58.51689484695835
59.543237272991846
59.327730014791086
58.337971732088384
60.40794224486859
58.50185666700032
60.47996949114469
59.248013482292976
58.73162408855738
59.30726083249315
59.41992017304496
59.72639535028127
62.04917404246586
60.38055363661961
58.819462272294274
59.72715933662423
59.9628791057781
58.34329950487745
61.27365155029325
58.4115866089016
59.80246150255137
58.95062214975564
59.58368485108254
60.726721020780445
61.2313175735041
61.302498164169265
58.69492445135211
61.56416939792005
59.94824447703318
61.22478319943331
61.045618076363056
58.49433908486948
62.33750148654299
61.46737720902147
58.36362285635449
58.92144050168359
59.15399660113895
59.68433587971506
60.06880991599033
58.93056079527937
59.84347067131775
59.97182777173481
58.68812882987436
57.392030876095134
58.501924825197065
59.94551488580519
59.132453746863675
59.39520289463213
57.59153062020829
58.27889290120802
57.88137974865431
58.0662018711906
57.630436662822405
57.3944988483609
56.64279329361718
57.528187704393794
57.803043524751935
56.809471968392565
57.97568886467774
57.989196471157044
57.236208668588816
59.323214141789805
57.931343043190246
58.77694863381956
58.23665627860786
59.078873100528675
57.01315339299929
58.869741071046626
58.90618607219599
57.072635916828474
58.873924734636645
58.186943543307905
57.644845786394846
57.71001698710305
57.33591178286693
58.72733632203604
58.02675095182161
58.34093315458076
57.91065599392632
59.815982078795415
57.68836772833625
58.996873776282406
59.19176511116246
59.05959185650289
59.2960176500104
60.78596998347639
61.25403113237944
60.45135153584843
61.32141815960642
61.022036982777394
58.53547092769726
58.43866649012987
60.97838815788325
60.53315621829477
60.39419401753041
58.368712776695155
59.64624438812663
57.990057720246625
59.49581973098545
60.862760084787304
56.78753601527529
58.63932429172986
58.17540246968714
58.768628667635674
57.6331665444309
59.53058657036836
60.44656183460143
57.88038416149752
56.13904311580832
61.6876620485081
60.00821200880998
58.18462153250109
58.358019793832675
60.26423493732071
58.90300222961108
56.57595635968411
58.756502312661745
56.44747583247539
56.34939722189225
57.71770570955172
56.35935026177057
56.000441746426844
59.773205457561
59.7047926524198
56.152866258916326
60.05284384669391
58.841335062231316
55.911717200951124
57.82527813019621
59.03381347801009
58.83895215022083
58.880604543052634
59.72108589437002
61.29811915563273
59.014296502888534
59.48891052015489
61.266169947289164
61.033656477357766
60.36652105570485
60.050007470995254
61.67839388491224
59.01983364879487
59.37073189794974
59.80104104624663
62.08630846085793
61.604621896419566
61.241892568684364
61.977614093552326
60.886548760747
61.94326550408388
59.428773476692825
60.14861548323384
60.529320168672704
60.43796912890499
59.00736545238049
58.90138161770903
59.70842584215215
59.28774094414987
59.377924149393074
62.626981258550025
59.88305047139815
57.507867936482505
60.68054131916037
59.61091251357535
59.26349746947745
61.60401332359008
59.31302819742682
60.6562058796188
62.17151011499303
61.96086430374888
61.500882976066066
60.49800131255698
60.16278500690431
57.833616746901164
60.300792202754586
58.03094225562603
59.56685840780994
59.33080635525611
58.78534259425705
58.011383806390334
59.41425058737237
58.94544671023784
59.262672467306885
58.741090147732045
58.220408487662496
57.98093984814739
57.818419504353024
59.229331483551306
59.06582479281702
57.06682970224092
57.041896988416994
57.54909225750808
57.02844537611102
56.994718669307176
58.572451370436085
57.40721949924723
58.5617324212474
58.85891980566261
58.43397628377989
56.932169338294315
59.22068906175153
59.0002644003342
56.570177720112525
56.78211916244151
60.00938295181864
58.71810562703935
57.56927786588596
59.79786810840506
58.24114088883867
58.08411897903105
58.233218151075356
58.05282907568584
57.284712140907175
61.46191334987081
58.10429488750324
57.56242696091329
59.59649801266267
59.05280641315261
58.71873271637625
60.79709673446825
60.25761447287834
57.709675645758686
57.72860948191215
59.05321432596277
59.10718048107519
56.637347303645605
57.51386969785296
59.66446047554866
60.36173653104141
57.90610614901283
58.90684501396581
58.10161845452701
57.654543836301926
57.282901018166115
56.38594746579913
57.95796053761685
57.718589136754154
57.41502671167187
58.85430803887871
56.76727173159133
56.71442976344432
58.31238283800074
58.47530010483754
57.38542450163267
57.97706884727277
58.55758166045172
57.31145228169131
58.537218465218444
58.73168951052974
58.007381346860384
57.41487376727028
56.92331897453177
59.152522184594375
59.57344594780168
58.729035876775576
62.57462796932005
60.621400378364804
58.54050971285944
58.24544874343687
60.06650253721717
58.84954227427086
58.588414686369745
59.68434854709849
59.06242449759734
59.292044588152784
59.096420064689354
59.21683258332447
59.673442807455146
57.97166439556271
60.62781593267144
60.770455673167596
59.47907002780439
59.443673200434816
58.433505047057515
59.1537217163876
57.32866949144035
57.73041164749289
57.33136770608442
57.84883819428649
57.1981106668377
60.758465584080014
58.2921242457687
58.54578893976804
59.2795677082756
58.61794584606073
58.30470500900571
59.03203966630671
58.609285815278064
57.37820186636112
59.31961764932591
58.80543814272509
58.5149396823297
57.92437723894613
59.10481026729518
57.60610548523342
57.032510142241726
57.23291378298396
57.17154676725389
59.27414146884559
58.7331733317866
59.73488369117973
56.22299980263627
61.14970127861063
57.902589188958316
58.541956320165006
58.49892419159918
60.55284153561458
62.25343531792143
60.93833053199452
59.851448068532044
59.35788611704185
61.06358625332452
60.442201264343424
58.84563191541551
58.50995969245695
58.314810118695014
58.05810272878194
58.32127023636991
58.355357874388076
56.93351156123039
56.44559001304985
57.00110663309337
58.52616162729217
57.50411023863882
57.484357497723195
58.52848739242714
59.08238489336849
59.038934562832964
57.666218047907414
61.668339315491956
59.59413762753652
58.76661960810919
57.596182256064054
57.467637833877774
56.89873889554798
56.63796241064796
57.933635012924476
57.781981519797206
58.36091421176998
57.55210493103809
57.2639292491519
57.370205883720025
56.544454431256554
57.737785646025515
57.70630910493559
57.495272551649016
56.78518718025261
57.25273622312484
58.732148425631074
57.624146292740335
58.429991965642564
59.64992545075368
59.12324890389316
57.24347382339911
57.711400578186066
57.199005730194784
57.07588418960443
57.13498174915231
56.82278683539134
56.98382563460852
56.75418987234736
57.1807453906897
57.47949880214257
58.41416616491
56.84050774390549
56.89883310284024
60.23959968544399
58.95516306662961
60.20284978698519
57.70584473126714
61.08997470113699
59.446922523593095
59.3242741674339
59.460169599700095
59.53702072991152
59.37568926290688
57.52804779654382
59.74381170930451
59.810016564948675
59.24466377651765
59.68657149682862
58.56188015864816
59.33547352575273
58.193690789852646
58.95833931023608
59.60944257564457
59.671306936974545
60.831306815557035
57.97482613802235
58.85234592545173
59.87064571335323
58.588413148700326
60.118061330024666
58.62741324901994
59.34819055217881
61.53187347832359
57.59859624837181
58.05856090339581
58.34461653882954
61.06582588458709
58.19715338583953
57.8258431451662
59.94210445670498
60.59204043486063
57.63109815658549
59.91433048845749
59.54701794585807
60.28036078986781
59.06431995656499
57.395649947825035
59.57548065235438
57.622001719874845
59.010618194169986
60.69047085981651
59.025150587754254
57.47071857303788
57.121276333484914
57.407989153368014
57.25772373751757
56.58112665923113
57.832767776982216
58.02456021759308
58.166929986042234
58.40042857479712
59.260876167860985
58.708907201876336
57.00207740305321
60.014744466722256
59.1925311081911
58.53450175374698
58.774002107239085
59.6881040060724
58.55481953397835
59.94337392563676
59.162878443457174
58.48931718900829
59.9061548999979
58.11182326011941
59.49210923006801
60.30329876057317
58.621063190558225
57.90938062677273
61.744157054667674
58.23621875466002
58.855460870674996
60.04130982045575
59.58492267309918
58.91666430628714
61.48147032395992
60.32982042383155
58.376480232361104
60.527055675600515
59.44400623218974
57.755117498747985
59.25906205734798
59.348919013537824
59.69396578873695
60.74048562226131
60.770670773958756
58.401755187996294
58.722988427212805
57.729609700532095
60.22876341024939
59.32714619570843
58.225631893361076
58.38281062094986
58.15760632105821
60.17016653127419
60.633687335815154
58.70873501241469
57.781651641872095
60.11326688415317
57.6715043940947
59.350464445678774
59.448768594984806
59.12161971417042
58.184826799444444
59.44396809039488
58.24690120382766
59.54052864605072
57.02327163733866
58.33977311953212
57.46619564618761
58.50129684949723
57.81420609024215
56.588046024095156
59.09967211111832
58.23897297686357
59.028165324506254
59.32483146227395
62.23758416242685
63.77299630037579
61.24406041150846
60.38060376854142
61.46812030861618
57.77893914797535
56.9690247537347
58.8911037154286
59.35538199730394
58.35871555227495
57.366540328575994
59.154558937943165
57.291436923302356
57.846246299224774
58.44151483102594
58.99000005470338
57.58201674330218
59.12115557268515
58.06212376117115
59.52719213466354
60.80067581120431
57.02987567568266
57.54404344552962
58.785524766813296
57.96736484396142
58.60999655613354
58.58772143840984
58.244342368069354
57.0026109991106
57.396658101581124
58.8834342921145
58.089760152486896
57.72670354351283
58.272992455711865
56.37267138390293
57.36986570063791
58.1071423702082
56.96650667427448
58.4817458706413
57.39888735587334
57.07921057633201
56.98848467852872
57.40395020267989
57.78304748714674
58.68635466233067
56.64635304889325
56.71351400725085
59.05047056407626
58.20843742351472
57.062011388450244
59.84786781760664
58.611238609092304
59.85210384985499
58.06336608584082
60.22513172814957
60.53940378448171
59.76132622798932
59.481156273093895
59.12679764756167
59.45100221180405
57.46724378275205
57.49196764145661
59.45242499137626
59.01924066325217
57.74017147161705
59.35347899513987
57.48432107214587
59.94365027861762
61.25809975663017
58.21733128045331
60.14310958374972
61.55497186988278
59.459550631023205
58.82623911655609
60.66309189369638
58.583692753229535
58.174382252630636
58.91745244043575
59.201344150494435
61.477268231707264
58.595707015050046
57.258431026863384
57.93312548791135
57.6994250295667
59.194786366207815
58.71233916278073
57.240707236648596
57.870905222113734
58.956005725537636
57.60675129763491
58.9152042399681
59.42312180825459
58.185779656560335
58.23328317910182
58.22083278116906
58.09409779207817
58.39734708327079
57.479901278572086
57.56558628725219
58.68591067209652
59.410988272828305
57.35868931955733
59.11962449547638
58.14469670083778
58.07953477837721
59.126625890119925
58.35582319993943
57.175352773785114
57.80020005029426
59.02428596160146
57.67711706713872
59.75799413940809
60.382407995835095
57.513589612997315
56.55639647369375
60.09864645823625
59.180651670612896
57.2240697138227
60.999162356768835
60.643284023433154
60.618439285222195
60.41287239931038
61.04813984047083
60.61208848192683
58.291091192350265
58.56696202772242
58.98114874929366
57.664855940747536
60.37322592627097
59.402558790897984
59.29312759983852
58.342958938681456
59.2965899901464
58.775388826294794
58.35361520129936
57.64597664368046
59.85734384396934
58.64621328848425
58.75380580462846
59.16585524440997
59.63239176314627
60.36364193380221
60.58965451137471
62.40096936306315
62.363490700970175
60.66722154312525
59.201171777730295
59.17298571377381
58.503962196356404
60.49023567691026
61.23388810663846
57.192882228599586
58.86382108495092
58.919423657908716
60.63089647022291
57.94688184683797
59.32596717488307
58.988698496573235
59.50538783161388
59.34945137997469
58.28100373108908
58.715479414279514
58.4645589860965
58.20377028647899
58.9067719841251
59.23219067179441
57.97750995486754
57.42310911433738
59.551160576962474
59.70159530408155
57.141404679641774
57.37006074806255
59.021093586256505
57.17108619534477
58.31634121642551
58.54481775657341
58.5301815827449
57.05339683555085
59.731248944134315
59.61914567097301
58.57345577642474
57.7775030202651
60.0103788728716
60.53559265272812
59.157345684712084
61.879712651854646
59.73119235100682
62.06664801916701
59.63429049017066
60.446579288033774
61.094544751959354
60.58553674998153
58.70629756487091
59.3231889854996
59.19021546295046
57.79600935667475
57.71681415396226
57.929338004944505
60.02223211672134
59.97591324705574
58.33017385275375
57.62621425838177
60.09179783111435
60.24430323609402
60.522500248436415
59.38641529808212
59.988783993501144
62.07084807052842
60.00252960471699
59.553305527587234
58.813082672516856
59.12950316527836
60.90970664179894
59.67673973562341
60.04167710264661
58.846010616269815
60.12745471047558
59.7423346940418
59.33411274370006
60.696254351436664
60.52483626670411
59.47624182049169
60.880903822337274
57.93282918131621
57.93766834281955
61.8389333890545
60.53256878220226
59.74383436945273
59.25080205775819
61.104318519516326
58.11826612099222
58.25261867624131
60.074135614775145
57.77752288873824
58.19040787681043
58.377374147011885
57.562838751336
57.42401158824337
58.78930349025757
58.44621859255544
58.200049683284185
59.73889992531784
60.48898803030213
57.645804664662045
59.09955770410841
59.242965476970156
59.19568997763053
59.134472662485216
58.280049831388496
58.66323619122266
58.66858616318652
58.6787051481313
58.473539678573836
58.928540604793874
58.064730396652614
58.974107683433814
60.073614562194535
59.16086765360852
57.9200310224653
58.68142653994195
60.35044144587071
59.00781252300674
59.37437534120008
59.682205270268184
58.081111659034015
58.68454307611585
59.65156444233881
60.15962479286112
58.11150220030497
58.15370686376523
58.90551140539892
59.79959396832814
58.23554576589442
59.39809536438812
60.07655059893046
58.98180483324704
59.45979891863171
58.79940851000968
57.92519929635848
57.595339602324344
57.802805896594165
60.19212800051444
58.24420389165878
58.38940658621519
59.83644859488224
60.3679004759541
58.494425435592404
59.34441622545049
60.80601693334147
59.62259458438439
60.72220774881882
62.76665149883749
60.676579488021154
60.294139578448636
60.584821322455845
59.73389817151814
60.608471703813485
59.17817414993767
58.159133071621454
60.836401005186104
60.94028584604375
60.262533308473365
60.320423069486445
59.59890688000068
58.874712363924026
58.808108220981794
59.314579489022734
60.6983148686073
56.893122774479146
59.46132132396217
58.824816166712736
58.59080890661062
59.26921248267546
59.43214596066815
58.81110351604657
57.3204860292314
60.14919433908088
59.407963669675475
59.59130614916849
59.04880837862131
61.23603702106106
61.86920098125103
58.507373992677806
60.062028050875654
59.58540521943947
60.52239682776249
59.455596713987006
63.02472154723924
61.096677921448936
59.295654919229094
59.90078554283312
59.63675622290961
57.30909107042405
59.36825882904487
58.7245486013507
56.79367015117285
57.14492477032767
58.77276065539835
57.66862992138803
60.08196442680024
58.843903811837365
59.7432527622685
58.17547115801013
57.63944945465571
58.57789680792146
59.236145377157946
59.854142681876965
58.81983417655703
59.357300435633405
58.946064438827634
57.50205529319469
58.45971290966535
58.0982399686874
57.15488280957493
58.272285758096274
59.67436032339583
59.96901656743934
58.41835641935327
59.24440411857418
61.0612877949006
58.006898499304555
61.36124634052905
59.63539575269295
60.44275934689203
59.89719919110039
60.467363807756236
60.28009568752799
58.814809462815255
61.31503277039627
58.67704800464899
59.48896193377757
58.94556825488793
59.54504272462065
58.961085775343506
57.946197962604316
57.93210336679841
58.4917030259651
59.580203151186794
57.79715970085063
57.77136477364607
57.60656503349869
59.222982135682294
57.7321561869717
58.74365100646231
57.85524086131767
58.69461071836972
60.141368223321315
59.57811859088748
57.583796931621606
56.69619568053135
59.43130465998391
59.384385096864314
58.03620816393508
58.01180628549326
58.750264094005985
58.45093893956673
57.97857491412533
57.85375845962261
58.649969178573755
59.62298451887793
58.93856351194991
59.92246571217398
62.32274554548752
58.716921423413005
58.92367210073517
63.22369955333381
60.77431580233698
60.441197380001874
60.82995056631255
59.248437558763214
59.92391155904627
59.648141891413424
61.94795678000035
59.02266652928729
59.9063152628181
60.62157592153211
59.36636576661198
60.023747465447926
58.22062147129565
59.22144127043348
59.612370561961725
58.3245271947473
58.40171341544632
58.41604678464731
59.0820218068693
58.65367133216365
58.30275171359307
60.29767902020279
56.512802490722805
58.465818370904735
58.18430670563054
58.320280879049676
59.71085988142731
58.7080325327591
60.466799750461156
57.38781540652736
58.48354999173152
59.53500789124601
59.92206350585964
60.622791597833675
58.47232345906952
56.99298033318506
59.365914517805216
58.42330222969748
59.487598660054516
60.11586198908146
59.88551933739278
59.32381682661337
60.472537163696124
59.52260694223693
59.052789079328306
58.96229878130291
60.65902639872932
60.30908047647648
59.18371399036358
57.92144804952033
58.01469828435606
59.763532099477914
61.057284803534685
57.73516141184304
57.03440623540053
59.271706971169785
57.15398650693487
58.533595763057455
59.041076885442635
58.14594399301271
60.216657129629674
59.872462871492715
59.01309349508611
59.18955759203716
58.2337679684757
59.692193240697186
58.99855823942926
57.89840295863498
60.47425872223068
60.60433377201898
60.867102561066574
60.39165128819948
58.109994116253205
59.50160575870823
58.86401206746876
57.438546277022034
59.34945799815117
57.514199530791174
58.25515711474909
57.799460038513665
57.314206454147445
57.66157182292512
59.18523352352307
58.41449963428406
59.17970175637742
59.695239440584835
58.08302702832059
58.201415002254286
59.88386224839143
59.668127629916974
57.91772632251751
57.43348362975543
58.347561180953
59.531286660270446
59.87131274251669
58.73589478247157
58.86561738330843
59.586593926453006
58.14821363036168
58.578508244988996
59.927734939700315
58.59317084893742
57.65167634929558
59.49848636327393
60.16949593402532
58.419972567665525
57.245806595023176
60.405698637395915
57.50736267102739
56.72323599369849
59.28744626923211
59.8068547181476
57.714640227769266
59.126848943656135
60.16441435862485
56.92604159736051
59.273783544210445
59.128406512074214
57.584585278398464
57.628077273851616
59.2119999041154
58.59881965484206
58.43621779105759
58.96105178087799
59.72111145093277
59.85200356526297
59.58882763452879
60.07334014877926
58.27250778458014
60.761694165829404
60.376982427885615
58.007207113371535
59.69460137818636
59.38473364046815
59.974924041619616
59.42007318249828
61.305879837313334
58.823120206914446
57.98666009790546
59.428846809109984
59.7606982005004
59.82629526771879
58.293643450468316
57.31765551308568
57.574477335215654
60.7261106227916
57.40044291615826
58.85875321687286
58.61512194708748
57.841157742865754
58.84500452523978
59.200308703678985
59.31117998957765
60.05284114163374
59.4115008255417
60.032661697958204
58.87196909980896
59.47014644969393
59.4817764152623
59.28826277302843
58.5709525398729
58.77535713187668
59.29335011927335
58.041797940130074
58.01792134985434
59.16123315364
58.06559775778022
58.96572693006494
58.03747093708396
57.96303717622995
60.37275683876158
62.828289830097745
58.85602604661192
60.030700909074895
59.34769086020538
58.621977586693056
61.357917876978945
59.71045836303859
59.73285219853571
60.721260898666294
61.659458694163206
59.98178247208386
58.091017065114286
59.98591855037001
59.877764836992235
58.998325195390315
59.89694935961933
59.452731527643934
58.80829789312653
60.24123209045784
61.42026208518787
58.601526293179134
59.69693841216381
59.19255708121402
62.29423029898709
61.44878890553242
59.977039887915765
62.10253646170153
62.649259166217455
62.611547372152465
63.30986879361175
61.63618850206897
62.39767346288845
61.666639913367675
59.78458228316416
61.802768135008826
60.46488861108044
58.383052617711755
59.595374028184125
60.09077371422899
59.35891838132042
58.03159405036795
60.10171655477858
58.975653882712805
58.82556084796995
58.98029102218486
60.52050407145045
59.76522294773074
60.11820966312344
59.65502269743183
60.21703526380791
58.983513394387465
58.192571608391354
58.39161202572528
58.9080551367042
59.56846482494546
58.37098470161831
59.43984460933545
58.851834651617644
57.93484446569998
58.19466588547653
58.41091920392584
58.25724452441558
57.81772318730552
59.49688585727804
58.52209733479115
59.9499913758502
59.349386645323996
60.44578844093123
59.4807549060075
58.638959919412656
59.77862077152938
60.364792183125516
58.95458021063512
59.39959422000875
57.917148702072346
58.2842495512039
59.53900843196654
58.96869413127135
57.46063226291329
57.9756661173676
58.38450271269224
58.704652236587656
59.99906928934892
58.63323059570701
58.272350245048955
58.21696136972421
59.97692642194681
59.13508181110024
59.045523114736994
60.855460289666524
59.686113717493356
60.617145416646714
60.190331734998324
61.095782970643704
60.47941431174802
59.456881682585326
58.49085332079026
58.98819269183768
58.28432120462174
57.39205208549629
59.201918491600445
58.760821660863186
59.589863674686384
59.374758537892895
59.16921082641829
60.31255510662649
58.03746807935247
59.950342367890556
58.06297305873124
58.39798811824049
57.802686507679475
57.8621169345188
59.64651048286838
59.164999352089914
58.199535063676905
59.130123391338095
60.24821003019813
58.39081533680509
59.3016640687114
59.672259689036984
60.041502959332576
60.87620502590705
61.28136489561748
59.886440800088074
59.16449870786901
58.98851571058198
57.80785001967894
59.46006608622497
59.59384081203707
59.990798308913824
59.759219668644185
61.20836302738393
60.08551678257638
59.89518726971079
60.821609037238844
57.96351041030377
58.68883519038884
60.59683689107977
58.7772355763765
58.834387722520404
59.291666586582444
58.232249358836654
61.57910320547831
58.22415063274288
58.34338856843222
59.577416706752395
59.780979351769616
58.958281701791606
59.05671524980184
58.28657800421186
58.691017262252124
60.36921935497023
59.675525473312625
60.063922763651455
60.27859104064978
60.50348803696593
59.939930195717814
57.95855261118545
58.74448463619379
59.76819726903671
58.331306566024296
59.66808785238926
59.400903872246424
59.703850521312546
59.90555561232836
59.65285594403673
60.487786035049176
58.97423902905741
60.166338352445
59.235454414228116
58.11125977492406
59.44025830079547
59.01063304712767
59.733509382680595
60.64544281872399
58.852603443446185
59.445458474984534
61.427465275112965
60.60504428249462
60.705609845437955
59.79053387776623
61.4184306459877
61.00109525049502
60.56490261136227
61.532523419139814
58.60132163344812
58.44914428870652
60.690497657404684
57.9883472530509
59.00792455906137
59.275719390698235
58.472918963529246
57.93408381741
58.174738022718905
58.44188086594494
58.71533552700654
58.399178405453
59.09777935591776
60.52827346837976
58.97416868243102
59.44883587843124
59.34679472255284
60.67339401979802
61.41706773270296
60.07376138347976
59.5740547242355
60.937506019485824
60.66902883729059
60.940906777791916
60.90885003129259
60.033784286689354
60.183489261804844
59.84302579498126
59.58745434033046
59.62529142832116
60.136146973257546
58.9985265969192
60.33643262046556
58.72490083447085
58.495233633036314
58.415319479532954
58.522611819968354
58.326528583891324
61.4907467105224
58.979195759055564
58.992944440527225
59.388717363268285
58.42619969015199
58.970153211948116
59.54162074727122
60.41392499353194
59.24339003759669
58.600231424128324
60.26262916901638
60.13442051732912
59.347100460458186
61.92706345668373
60.28490193872975
59.5971126310131
60.523770265184865
59.934903984832744
59.764195753352084
58.75809967076419
58.993381589235405
58.75858886970071
59.69828347589504
59.8684224082011
59.121328486599175
60.12936929125399
59.693489856371436
58.717579109012895
58.41084154107323
59.06937511942481
61.07372520515115
60.20387739641763
61.08075956558541
59.43687057836405
58.28988820124774
59.30711633557946
59.43978309877133
58.77587838657961
60.11927151576569
57.32370903683139
58.323035053608294
60.40396917944864
60.56665090854247
59.892625276527
60.597477182297354
60.96781805499193
63.12348954077019
62.394533465714005
60.568591417851806
60.60635478185796
60.663145868676985
58.05395645574495
60.85466401387625
61.062113137464586
60.668569297745414
60.390802615332504
59.35164538038684
59.54474913921721
59.286878039857065
59.46871470418645
57.960627597263176
60.2182155790073
59.95671836947112
59.241528401129116
58.257256763015704
59.64035606113261
58.78087741688563
59.050795155068165
59.89586070834328
58.8135613722708
60.8756603805102
61.37562247322138
59.103982881764786
58.86539873878821
58.894028487387025
59.3661983497871
59.331181193484674
58.797072175334954
58.175400210440536
58.93768183947468
59.69500649020624
61.57910310599966
60.10956307384878
61.8400546873502
60.560217550887
60.88764431029203
60.079470038819416
62.06882514482975
62.374110134388374
60.80752479023164
62.054286110929944
60.87482188844032
61.17810823226524
58.97286326140076
61.45604949904937
59.929117661266815
61.19424890336918
59.27548946013281
59.70273201097322
58.53093982792271
59.980834834680785
58.28836730216108
60.87407510285177
60.661275249582
59.01516548063168
60.39458943069771
59.84888111334747
59.141468772841584
60.98251148394832
59.86296579309285
60.7890974011118
59.05974879641789
59.173398035413484
60.20042828345554
59.614898329549895
59.9546003711843
59.72945868551058
60.193519112114224
58.660407463871444
59.088035997684436
61.7323936272597
59.47865947011414
58.813755178066515
61.20365137582218
58.921585572149
60.199342698317885
59.90777959656799
60.06276362084099
59.73673226976178
60.2717341499437
60.041289797418706
59.137775934942866
59.656689884229806
57.84394558154714
60.29283724833136
60.36869843651778
59.44043877943662
59.997985406111496
59.24608151226552
58.27412584688431
61.95106045369484
58.8247738980319
58.47481900893606
59.4557883748462
58.38041456081518
58.078012786683466
59.539934699448914
60.17050026778199
58.79981515480526
58.569513827150494
60.10509133618756
58.864961566552395
61.010883152178884
58.84141261171155
59.20247297535374
59.34361407951668
58.54994526229926
60.95494239905964
59.94865399695313
59.45515071395025
60.164624571302156
59.70660587770382
60.06648193970736
60.60302933932797
60.74644431205791
59.989344160040694
58.370088258272496
59.81144462437289
58.479731983978944
59.12358465248751
59.60012481993919
58.808176415534675
59.090123762264156
60.52071559171792
59.619786435227034
58.241161814888635
61.011467250978036
61.2781214347511
58.12289236695322
57.95029067859299
60.937355455322034
58.980397749620316
58.7402857807323
59.04509929421203
59.101776913407946
58.750192113787364
58.43020796035285
59.150469428101495
59.783637014569855
58.0625377337584
57.86174969957328
59.613594103142965
58.7142082843721
58.79600610456224
58.969683183581125
60.50981717277545
58.97137666295778
60.890344580078235
59.26594083966139
60.012778979489646
61.413180139652184
59.587869399588584
60.153134110822855
59.12865136064537
59.73660960617144
59.07621912230921
59.35646121195259
59.60190393754277
59.86285376672254
57.70081259680664
58.972579435825246
59.515676367092965
59.2338033271708
58.639118688508894
59.92813975235523
60.316768477589385
60.43676958009687
58.49825042432716
59.22697212646315
59.15762258265863
57.77868479422256
59.18714981109863
58.20574933870093
59.556663284713196
60.52250028653712
58.997275269658054
59.31245551988445
59.98264981193064
59.84942737280744
59.284943196031435
60.609106739109954
58.87186005391011
58.29722251018455
60.66179337845986
60.896972819166315
58.66006071501712
59.455210068737905
58.54910463915572
60.04137433879792
62.12956294370384
59.70916380705778
56.99998107267112
60.85522486801779
58.699068986910554
58.906021249614554
61.24142835435185
59.48106144667108
59.207897680593476
60.76983771538704
59.8827443557068
60.29978734696495
59.09642342712206
58.91003622200379
59.81913704485366
58.3165382272606
59.36078631423054
60.54911067740814
60.04630286120087
59.60796443221508
59.210768420287195
60.814160610976906
60.15069174391703
58.63015759864615
59.477789236411716
60.29586093142017
60.24665921361481
62.74824168175795
58.30610153061854
58.39681244751771
59.323567536720454
59.582254704770186
60.46506181485128
62.062757124678484
61.55817060895277
61.10819781553735
62.012937790755444
61.65223264287554
58.26655745081077
59.33689895708424
60.801859342852666
61.34772396146585
61.641761379899926
59.2867682936224
59.27091015465352
60.80537320976879
58.8990585132672
58.570120003343746
60.43272542991458
59.306112953954546
58.38924109939113
58.63852690846014
58.99002640078885
58.01106503637182
58.641749370016285
58.33670645061911
58.28798900159008
58.925505526527104
59.08990828624408
59.10597009579157
58.42199952338219
60.86315929270622
58.190920406077474
58.95107313257262
61.58508897559861
59.1333045095777
60.90666359006702
62.8438986901397
59.86611105664104
60.24948360066287
59.6083802510569
62.04025330771632
58.53444371435697
59.658707431874866
59.93184002354346
60.64551557509039
58.49684804279911
59.86395556160423
61.400570640495914
60.261049799960155
59.10130115356273
58.67762800987832
58.724039092031546
60.74456535829535
58.154760121009765
58.697953305149476
60.365442781391096
58.173760369534996
60.31826634904676
62.45891828724571
60.09494972898505
59.851227262970696
61.74319335624565
60.431312177838116
59.91138469102563
61.02457013936335
60.03469487142404
60.79787654664399
59.15777601200959
59.63810152271084
62.65484712344047
60.471904444302275
59.93282132177267
60.47075241259303
60.20798036543831
59.34736018915984
59.5461487669377
59.36962296312099
59.646221164996156
59.567412664937095
58.860357886092906
61.4511350067054
59.05415912513419
59.68657280527188
59.59058611909799
60.29203765625584
58.68180430794376
60.26160280497603
60.416699882403044
58.77028910784774
59.35354082532769
59.47700980051113
59.97842125127674
58.83247951655986
61.670440263651415
60.88373697600933
59.48999490053064
59.07792288748258
59.02953048932528
58.994871884866534
59.79589932620969
59.138700313562595
59.384034518193836
60.291586008836575
60.57944698242095
59.92259695805453
59.405414010534656
60.72796532181783
60.66311571979547
59.67255195391512
60.45025219895305
59.39431795486219
60.02479546320848
59.838328989010996
60.335130571218144
60.60789846094329
58.90056671711158
59.60928239339127
59.57045938935126
59.397229026993784
60.389743715044716
60.755135386722216
60.05142532355676
62.14888291723948
59.85804864669893
60.795894441240236
61.65924360698555
61.05451159387507
61.444220264017964
61.840582219195866
60.31205311359254
61.33389572976343
62.29951352601874
61.732262269778424
59.66740774560578
60.08959755809612
60.486384253048925
61.461406771021615
60.99624731107857
59.12223581539911
59.88605476852949
59.71680254529845
58.862534614707855
59.24222799619149
59.63503818384175
58.77864895402861
58.95864118576807
59.83790711699589
59.43885312913906
60.33328751343541
60.17684642392558
61.112184227516565
58.86082891212952
60.91470213893858
59.63944111552198
60.373163412731344
59.21860678241195
59.497890965019614
60.40023775388814
58.986024826838964
59.97259119479682
57.82064990711002
58.475015167631845
59.47949636578904
58.71038011682142
59.075140172119774
59.74488411905264
59.30941737066758
59.80681949945328
59.51748000120429
60.54236595436808
58.64455001800457
59.704956891431046
59.49084285923695
59.053953584299855
58.379623985645495
60.33069507742843
59.78010117710991
58.29848838823293
59.90487135555145
61.19356815018713
58.64227180026594
59.05489173480244
59.705786321915326
58.655074663733764
58.73784388650029
59.18851691615106
59.10482431683198
59.94954935845554
65.53163703876076
67.06663117395706
63.38632164749057
58.26574751158222
55.061272427687975
70.92723042552299
66.35120351121134
64.22673819479138
62.079513537186095
67.46656133897935
60.765831619278444
65.75105435752545
67.08653619614188
64.05190198950099
56.66199047642749
56.19845384822625
60.162905738133894
66.28651901666339
58.46162261672696
64.95808917526575
64.19146038606328
64.32161298502933
66.01306072360643
68.25148989528473
65.42599767473082
57.633700352424775
54.89888031335222
69.4553215471907
66.45730171627203
63.44386882223587
68.82365621635877
67.6600600757126
67.47713525099897
68.65392709982048
62.18629232665289
57.386784926715734
55.16148978703521
72.63255907035311
67.77721098710249
62.19577463717047
67.06857258831616
65.54065707538213
64.0090389872139
56.373868655316734
53.46567270731826
55.14900739238283
69.7757659963025
72.0196809550581
73.42296929637305
69.79571106761533
66.57065160235099
69.93048451835625
67.71684541131273
61.6080049056113
63.601544071553015
60.184607687741206
58.988352455376315
69.14034033872572
67.82524839228454
63.72163287032848
64.3287711491601
65.45642797392173
63.78211604184562
63.60382957267204
65.01181445470516
64.90543396962609
62.34473682506437
63.53305124664114
62.63100771080799
61.411351759687456
57.791223834476895
48.19620902041444
69.13973850749343
63.19252255523754
61.06829186025665
62.32067622675783
75.07495822433899
71.01620459496526
70.04733600558534
73.25545565598732
70.40538348903836
67.34272352206197
66.78136100057085
65.48374227493765
66.00907629930069
65.77230543585537
60.6682675095372
63.125121594685695
62.87910864106059
64.46164328831136
64.32514141777676
61.84077649857945
61.46567038143156
62.302920322312396
58.69022026846912
61.424373114865084
60.103303003823385
60.68236536239816
71.12486015649576
67.16567481851307
66.92860714114131
66.22575015839476
60.637006790653814
55.646380228379755
55.87789142994436
50.33588476782798
51.17948651456411
65.93006287259283
68.77065480399921
63.669254063412666
61.36435116969626
58.31845748266271
62.721753663275614
64.08321943460236
66.6754325204051
63.2098340314797
68.85431243183548
63.82290534232463
68.46121723234397
63.78635810524249
71.13882366491382
63.17845042067951
66.21217116253152
71.19374119142056
63.10836232243664
62.19109731771943
63.769279265329004
58.958719154357496
58.77125194819475
65.40858892011903
63.88548222979417
62.985119070521975
66.13332729478282
65.51159539100313
66.04596245908814
66.20515383816891
64.82185163640393
64.75080568391904
64.17273385616544
63.13143639368673
56.45695372492764
54.22376587460099
64.38483394875503
66.91507717372396
63.453806315459445
68.97043754793543
61.74876513874836
63.80390532158325
61.24335469681742
61.257306192993795
63.83999946175712
61.92385099808253
63.26718485535875
62.131731546897335
61.00885053631847
57.07508633435445
56.554413208409024
54.412223562043884
66.20784820837582
67.65227040788218
58.44332122381755
64.58166763595806
64.09469046192422
60.65031218603746
54.237667232391274
60.94691925457872
61.03079560837961
64.96691935320659
63.903329410161625
58.43065011884632
60.866122490286905
57.34325215094154
60.95702064250574
63.788986735484016
61.07585758444964
62.67377920720596
62.27857040044022
57.02032908198722
57.40247848130641
53.85382123494401
52.19588265256504
65.44865339882713
54.43934686911927
51.53294430020525
53.749836779411325
54.687884430894755
69.10465180055405
66.11874154969864
65.94294196575981
62.147241573817084
64.95918513636983
63.49577762456643
61.15223998904088
65.12502479655919
65.679842070608
64.599864715091
64.1749687170277
63.186654183633124
65.55134670092201
64.87424305585806
65.08592237282004
64.02926296225948
65.18923152894659
66.28047548106996
67.22088515875491
62.451359945851166
56.476927035748666
67.45652763476589
65.92084602559179
64.60522728368092
60.989641173644834
63.304047213103274
62.043282687279046
61.75327840035627
64.23209449068376
61.52192099981637
60.618750755353595
61.01741373960233
59.637877479748624
61.780131345177594
60.29207962636237
61.16671890121285
60.31983893837294
61.37946114123494
63.925924535537526
62.0656271471174
62.88831073293354
62.33769537069835
63.705504153371855
60.73681537900242
57.907597447786515
58.94833661049081
61.15929385268071
59.73837405312316
58.718432496783116
61.93596417320756
60.15848946108976
59.19248794504116
59.64751367308814
59.27456918732551
58.85156719753586
59.98636494763737
58.64609983538098
59.30832060986197
58.606759887629266
58.23943458166201
58.7181122488594
60.567390066951965
60.93263348552675
59.40343495708608
60.74536100876377
62.46282067991444
60.26492129913544
57.76372959200967
57.14586687800049
70.62412846729589
65.49843524016256
65.65861998171432
73.30986934339357
65.9353012047696
63.57318442497628
62.252672046523976
60.15205891283062
65.11421778927979
68.59009088925828
66.20660216605731
63.010203426721816
56.14469180112337
58.453005847610854
53.74073914009501
50.10947362488638
63.05564954773603
58.11534355823315
63.32287328569039
63.84798130219562
64.50703171783307
63.98424978753077
60.107062951295056
63.040041168795966
65.48382293481345
66.42112018747562
59.924672895590945
59.73354847270288
56.93173153133751
54.90193469387106
68.76792727845869
69.79545726629783
66.02508110039751
68.64886712847252
63.87596574528484
62.87480823774464
63.79684595139063
64.10125860018165
64.26315448652467
59.66293851027854
66.37048145945997
70.45662246110481
63.279825557979166
63.412646022264745
64.70867979112063
62.87709129135494
61.933173219240615
65.09420640748314
60.20266562339953
65.89681921530244
67.57070316787717
66.98507653279052
65.04912696996941
66.07647244087543
66.27886580905077
67.54137666150628
63.59380113073803
62.25517787538482
63.57236579976051
61.015005120304494
60.928873018941616
61.28638551036274
59.43128476701042
62.53233117628721
60.9110397938519
59.41416890188975
61.377140779809416
60.529392442389465
59.19777943832894
61.08102191880023
60.993127788257304
59.687582391829636
59.59260981998452
59.221020043410455
59.73053959121538
60.77698110827708
61.38120982368835
58.882897244847044
59.531843972848755
58.589169010112784
58.595742661429284
57.10411788046595
54.35307804861119
56.83850196813672
56.979262305144374
55.34850415502979
67.68824202645507
59.59027811997168
63.14846940084292
65.29424517647904
66.82860473164264
68.04045930721958
61.44953840106209
58.09277168888473
61.365139124446806
60.386999191440076
62.1912423020849
61.04568348656189
60.78267417493063
62.66880667109388
60.63893281592933
59.85239608935868
59.39362719441589
61.055378174767995
53.724677713833046
57.62468486504215
73.57316338193627
64.28488564366913
63.04338319841724
65.10063984674979
67.5500942263127
65.83508565516883
64.9998260155781
61.87154413100392
