180.6062683297775
163.66895306374093
146.83196332087033
139.72652022545947
129.19004848312477
115.74563954028909
107.26821813057326
109.92690984211542
124.38830331602945
129.2248130510364
132.77127351932165
129.36393086374494
113.69520736352483
125.6852843719317
124.77557107245507
121.7661476744309
132.13664636357225
136.85934176209395
122.0827180901243
98.99800346423177
96.74423587809908
95.09593411813506
89.72115999216899
86.44573049801924
91.99042299968691
86.64640089669382
78.92984840621445
83.73362937787148
75.74626851041813
76.48045189858595
74.51125580218724
87.78368961768733
89.08876461559325
86.35913907741018
83.88993984428201
92.07402484760627
82.37308171098177
82.19293249556289
78.66800878051149
73.82215690590087
79.69302831428625
75.45750733738099
71.87456614870433
76.61408325200597
81.70416131838174
80.80392160289061
74.57861585619408
74.2765965938505
67.17452252895048
74.26481570330067
77.1675938337255
71.55463264565383
71.50537895357141
66.74665016231835
70.07099772000682
72.08844684813353
73.05868191748323
69.47343145368916
68.74588441555942
70.30760642135691
74.23865802602171
81.29677526089175
69.81711316767579
71.32176339550443
72.96101507574531
77.97811625864075
70.04562456559188
72.35587525542678
74.72367203257143
78.02067894581499
66.30854609690394
71.34304593166269
79.33106262211463
63.309187906951905
68.80169925544057
69.18038441369868
72.84032630556841
71.50848167808536
68.46465231579008
68.53031592738206
76.14910772624933
68.83267268612659
69.87349977751575
69.66917337887861
71.74515219542128
66.54342402984635
68.05630372504075
70.21236320538068
67.84743210960931
68.03996394257129
61.98053822050501
64.14372849714069
75.59554567429956
69.49620077312903
68.30780538698136
63.208566085036544
67.4220731408288
67.78160209537319
70.34056095945007
67.68562432147105
65.87734551078783
68.80832440200682
66.8890363504267
64.88675876959478
72.16825197760677
73.49494313599979
71.69072386285788
70.27683598096779
75.95010203295296
71.00866610325957
68.75189621086892
67.16562606130913
74.10165061978459
74.1915343326603
76.46432833891012
74.57300241943541
78.32625404253078
69.9163570199797
73.6351902131846
76.43872170296287
71.72058634481958
70.11638391155383
67.32309407366502
74.49851279136612
75.1990097654745
74.45112835755461
71.25995982195148
73.17579422393105
74.68022350968957
70.83126249518774
76.03798964685917
75.19075813046908
70.63506947696514
68.41424673499739
70.25290096313724
74.7159937387387
75.69428746819058
68.89659161178288
68.99848622599205
76.44361448193439
74.4803208441375
68.5984160009344
64.89359313863791
73.41887761220724
73.54695604623548
72.84985653733025
71.83576466688854
71.8579287480725
69.43776234287371
72.84402255546
76.78882451141551
74.48260014065733
71.79198674024056
69.83121734483832
74.01044390656287
73.35622876542325
80.54799241485512
67.76836051132507
73.72684058596677
78.14853879740602
71.44844530229786
74.10799959709186
71.4772014368938
72.47675876071942
78.59722049472174
70.74086300184229
66.24428470497918
75.90099877870266
74.32551352062376
81.59400569548248
73.86293249082848
66.20704480915325
70.00076844465497
76.61188200232624
72.89759324725924
72.0561479199175
80.75707644715818
71.37876809346173
65.17011849128346
69.78528248101449
78.98410383818153
78.47112890415995
65.76521961708666
71.71084769999429
74.04355939271916
76.7210630569229
71.56134326639692
69.3377984498037
76.15611190377223
79.37504044175002
71.83175506733559
65.80723118623087
74.29383041731784
73.98202607632265
69.71353589861384
68.2720972851957
80.7264478917997
73.40882579449925
66.07664311567733
70.06808448304106
76.1719759887415
70.4173848817948
64.43044351533428
67.72232636723203
68.49143569338152
74.08700282470397
65.17260968461161
75.34199051464884
72.20422300616619
72.48195803145079
71.6158449013587
79.63761345104251
73.52288805130993
78.35703175791956
71.9369318965151
74.06245755834634
71.09853569815374
69.74227547506929
64.79856066880133
72.33968099371447
63.59485662012899
74.41608077333859
68.50137087831496
70.27214112718242
66.8711048365304
79.02239174085425
74.92972950871722
71.0795442798379
67.47438529746572
69.23893533727383
77.52958593551288
70.46659196498076
66.46736521862316
75.27165977402255
77.51959852727039
72.13282728097023
74.83727517398333
67.87118462797456
69.55570495041445
75.33142297486378
68.8344758681643
74.74216018950345
76.30669554504927
73.00743987190346
71.68274498369388
74.77013896519928
75.64943949459114
74.57228288075116
73.71052902131683
71.17117852474362
71.99013417838745
75.4315943460818
74.65982465649746
71.2770660917678
78.42303790386092
73.68651144640666
68.86126726654942
68.91091614209132
73.04437537786433
69.66949358790451
64.00580379383305
70.82468538168565
74.08691694141345
68.35748430685527
72.07836091803588
74.70973362959771
71.49734398069592
76.60760510944687
70.84513755935225
74.20349632898414
71.76976900849317
74.72045484419905
74.71413133885122
74.37920717250977
77.82766963750991
73.30770415313089
68.83806374943805
64.59109534086703
71.04515680855046
73.08354574059871
71.92942183474233
71.06000338064962
70.25224841038226
78.23490689778167
68.71413874090246
74.33981696576639
70.67270608718783
74.94449131217443
75.6892604282423
68.61013902382851
72.30954199113589
70.42033082096235
83.01633279752528
81.66242591694544
67.67531553839527
70.70713665704307
77.27849416330402
73.45954882751903
72.9694739040224
74.62000905187989
79.47119662571477
73.09768462967897
74.39414625129852
73.92198637644964
69.72613144031128
68.99209096004216
73.57525702150893
71.35626166714205
71.2591212332648
67.31712639689351
70.40162255260428
76.36010984029939
75.38682761813789
67.49011272451041
72.6209728506893
72.57693610484309
73.52613099631856
67.40019383365436
70.459921947889
72.62772377292774
71.29954835818072
71.06792582923275
72.66068417876784
72.23586998962281
69.11578607715047
63.77370063582803
70.41078408119341
75.12667752690807
71.3137542703827
69.36606157650505
65.64272858822991
73.77921841693745
72.1912322505968
69.47928162491094
70.83568035281034
70.48227744448916
66.8579217137604
70.66993197153717
69.43450847521639
73.5299978660732
71.74702109729714
77.2408816383001
80.14860390267175
70.77183050209213
72.16303660433984
72.33319856144784
77.69342489050032
74.31191377015162
73.77564207485484
70.303458938375
72.16907423895239
72.75169126006705
73.53148215022
70.29784108554517
77.92260004507548
84.87332843669647
77.50455510791602
68.08090858251049
77.16115763012508
77.54757629207845
71.3264548989139
71.24895268468879
78.64000035948504
84.14458080568966
81.56112075698462
73.13688025970912
77.00083635502193
79.13980506112135
80.32321120363291
75.39051326402996
78.21082905638542
73.45203884720085
81.24036656435423
71.55539972586803
77.76714750580174
77.26777247411738
68.84833891263843
70.96046871556783
74.62766621911237
75.73884592440244
67.74160775185457
71.51374371496257
78.3479639365852
74.61826152162787
71.19190977744073
70.2865399927367
75.64948085873812
72.49699230921186
78.85299068933934
75.75623671408742
74.16701520821212
71.6897252392686
65.75710726125618
76.70398533042366
74.9463732802103
80.77107186737575
77.10006637737916
72.34497651608353
78.93285646086935
73.41001637804358
71.38304248293754
69.44382938336284
80.41011885342051
75.09506673184795
70.63451655052822
77.13444346439378
75.19165289227949
75.16569130947609
68.58601177211781
73.9738066407121
71.80491292140152
70.39898665485366
73.23055783359462
75.05019859508884
75.45188177812912
66.47731058682753
74.3960558717219
74.04676561072819
79.11769123102998
73.65121914209561
76.06028095657976
71.30821845170442
80.914181782361
71.953817894541
72.71628389014968
71.26286509203108
73.85863097828182
69.42791065216363
74.23313157261308
72.65021929976233
74.51975654677548
73.78389799413615
80.31500716221252
70.86581038934563
73.39836036837075
72.45437153981007
65.4876529194631
70.26352968845927
73.23548082884334
67.9985428885688
69.18109127422024
63.82874093270649
74.39840104286228
74.89184351627429
66.38298102226075
66.7567593657677
71.6180724529252
77.27248852578697
67.13154223908987
68.87793269982065
70.58565567199885
77.52817311115429
73.27779418972396
68.62568252774646
70.32899171337783
71.10619153107027
78.90362031061312
78.30332441435965
81.12178292874188
70.78928884939126
71.8103985770459
72.46543871657593
80.39805028372609
72.10939727009799
65.27641456767883
69.57886842401724
74.45972404420932
71.40624734593766
72.17826261845039
67.4283397149545
73.27659414104049
75.28333970966472
71.14083230856403
75.02801471273266
72.8945232156976
70.95651932748932
71.2862842864352
73.60658646092888
76.05687458394915
77.59916408526539
73.99080966387399
76.12342011684561
72.12462880033401
68.56385934534087
72.24891890526362
74.13064092093872
76.95155360179854
73.95123403336605
73.88394162159604
72.70115033237299
69.27971803087132
69.03817737329098
71.01234268753723
71.33049594189411
73.1948772842507
74.35208919893836
73.13587220317568
67.0540430859704
73.54825879822779
69.07623369017807
72.93198634210277
68.61805322275377
74.71673231228422
77.96115953822584
75.30419915648882
69.95735362664954
73.70167758577692
68.88595361416478
69.48419980842617
70.73110772754461
79.56637294512322
70.01419839128967
79.95704195285244
72.97986871770287
78.81833932491908
76.19421909083407
77.33843178392661
73.88522248132807
68.64405349866568
71.79390021243124
74.10684538539282
82.06021417712344
78.03915731305392
71.38541998317714
77.8883723312403
69.83911063696016
75.80274682642963
76.4025852109983
74.4486990364859
68.41123121484311
77.94446558352139
71.08528658400093
74.10614050316902
77.07147206891426
81.35815876868563
74.83123918088675
71.75396203685958
75.29072484115676
74.19305810136943
77.53995525335411
74.66002025181865
73.72091363649514
78.21116304700439
74.28785745424985
72.74194734492384
73.48660131850843
75.31252233904073
68.45820766141321
71.56245017080923
73.89630095639568
72.8950094880733
65.35063262787024
65.44192168437603
71.84343513907693
75.13020220353104
76.81906601045874
77.87218843637494
71.46836425445676
77.76686061516216
83.38542135895281
77.9051048186044
76.79602721627778
82.77931612866497
91.0448010622448
79.5292422834315
80.83813184056945
81.04357147065517
72.48281104797344
74.65493925712407
75.16667278121743
74.28183217274261
72.28202657204746
78.23048873652445
74.2573253492331
71.8042927941818
71.89070609812097
75.12029733946551
72.65395877472137
76.43355907525888
64.89277255989751
71.95668278820422
68.67432868126612
70.34946312485846
72.36664837720886
68.21920073911471
70.31898796417643
74.44732241000268
76.06433884059072
72.38433646447501
74.43098343334725
70.83785972789488
66.44156957576791
68.1737469960806
76.05482183539128
79.81384515086216
66.10186536775437
71.69350823893853
78.66353300293122
76.91934926714369
69.3497520301924
74.1489135933984
76.6026001183171
74.64414510622738
74.4945161025914
69.25136785375744
72.10935365156848
71.10022712975818
74.64903263575076
73.55770074621745
73.86519417252222
65.92678377356216
74.45264030890789
74.96559748941151
70.06388102273681
69.4774862945482
71.56080974921603
75.10717110934357
74.4039815121407
72.59639238431973
69.51979985713587
71.73198075723136
77.05920516080512
67.57393278400609
68.74558761209207
69.68475835219574
71.67122434318296
75.07399394558897
69.30051640077501
69.56920121163702
72.59220201498324
74.77021135891759
73.48440833722907
69.18622141446308
70.93059167105521
74.19449184333291
71.62492366904416
70.66193878054315
72.53475759155299
73.82560021219246
70.30836786023531
72.44064348017167
70.35411622477582
73.2535498556635
70.52830039781327
77.45647196871751
75.68556300691881
71.14601332618382
74.95886420195826
79.99633542744195
68.58245533010835
67.31275429439594
79.31958734881444
73.07281141479515
73.8210108954551
69.57251224746565
67.93122420038522
73.34268881852222
73.97220538952601
77.75970287064422
69.39138788218922
67.99472537253912
74.65379421412078
72.97521638960814
71.9383625699162
72.4854078163417
68.95667225154345
70.27994787261723
77.24273508349489
72.6481131554048
73.1200339245623
77.59761596214355
73.06146423922901
73.5262933349278
73.28267310671748
75.26797609915668
76.10651784458081
77.71919550122335
74.48134206323972
69.83151693542057
67.92889627560558
75.00560645138341
74.82735366595783
69.72746344883717
70.23453174843193
74.1151886253086
72.3063494528212
73.36972982325476
69.05975407887979
73.19564861012687
71.03937475113527
73.53458691114119
70.3463696185346
66.79651357647244
66.78703685626287
73.62823090467936
73.09153997714839
73.67666219231744
69.01335562864213
72.24203035331662
70.94718567198767
70.2410327227864
72.7874886697328
73.75940751369507
71.64660823195155
71.93740053466527
71.54825714949057
73.45755407484704
67.98365149807626
69.65585280415773
72.06619232170775
76.51695035159491
71.53781566210611
66.45326391322213
75.22661286379117
76.09452280683652
73.82357037202658
74.89631340600111
73.3687436247901
82.3764731159387
71.30365725531506
70.94833669547351
68.53972471552387
77.83455464760065
74.39768658094611
68.6292193235985
71.86337035539088
73.95439540547557
70.69463808145902
68.32252021297082
72.61222691090259
73.09716687259433
63.70644994570675
68.35285396466094
73.77570335470375
73.91940501021566
68.76518699222784
69.1130334918109
77.04046140975463
73.49744240761056
70.93560846416528
73.76324191457033
80.26194702478755
69.5293083532564
72.36714005966047
73.6586077807909
74.6673967036767
68.44772286043946
69.8652781162945
71.89354894365256
72.29905515814268
70.14707255542305
70.14747656560067
75.1881724831412
70.33503915194483
71.67699032176229
74.88376715735059
73.171667189207
74.66574529546058
70.20406885866286
68.80667107031837
70.4273874085324
72.00512049572819
71.99979811688223
70.36712260094392
63.65223896739886
70.2726798181909
74.0758914864637
74.97203051412497
69.01884582007064
64.51016285338648
72.76117537370699
77.33751761564795
69.94120932175873
72.72228201312711
73.25060852781353
73.60830138141364
71.64340493997017
69.58104350602352
69.51735467205741
70.96738045476174
76.08942981664549
67.08775148898863
68.68340513475204
72.1129057135045
75.50887159876467
67.86150208348118
68.56367708711056
70.46444205609166
73.06527843399412
71.64474018059373
69.78570221534099
70.75287957564575
71.65433370259622
67.75377847183904
71.65279591148429
66.62225450184252
76.8278581497571
72.91644326346574
72.7272790460698
72.33009544998126
69.96690029131796
70.6066326155798
77.11605779012551
69.26352342890101
72.46019794642554
72.32129103352094
71.49424659635427
70.85005987907196
72.59705977384573
71.30695673809815
73.75624315736943
68.43625706800952
73.08665678610517
74.70154461326588
72.7039014191574
66.40628581353906
72.52126608663804
70.05492022209079
72.2017982432083
69.28444164091196
65.56977154047682
67.15070468532133
65.93906542271135
68.70816893989456
69.68655173109438
67.5806405925541
65.88674577172267
70.53954012284034
66.85066566397644
71.03385665948097
69.18627431025709
68.39681015864278
67.42999079833416
68.12866231232181
67.62145922152108
67.82977229581273
67.26967145852244
65.54805155880388
67.98758377033039
68.38487212935154
66.53302622073949
66.28209895733944
65.37472460082745
72.89234714278403
70.512422032022
66.51105791688056
65.28560759522796
66.41851225563728
70.94339301848957
67.33587389963188
65.25006491934842
68.09926634960772
65.79400699290473
68.14152396069179
64.43865486787385
65.2092170067406
68.2524018097999
66.29982864354197
63.428445598927986
64.75946966471983
72.11600098576537
68.68025425101008
64.06979588529815
68.43087205484925
66.93291833528801
65.75090216616732
71.50724915822786
70.7763073492273
69.36940275615954
63.79981286931605
66.34697698406211
72.08653174896317
68.95385135311076
67.22442607232897
67.6296128949001
67.43254649949276
71.01140137677838
70.5177415137594
63.574658207198354
64.13036724612266
69.80974419480111
68.08950130678399
70.25156782192887
67.99569970030194
62.77372972217813
64.59444555289498
69.17571497095815
71.07409745175396
66.1331495458755
61.798071166771024
70.6340058753217
73.01374827370519
66.59749919826116
64.4267862341811
65.28994482657487
72.08182820017466
70.57517865307702
63.153103422088414
66.9508500774018
73.72067114051367
71.34146238971245
71.17306277136449
67.97304959436956
70.87235792909242
72.90799915022819
73.9032613768264
72.11191678932165
74.50594626666665
75.04612386238782
71.97813977919297
74.30751271211207
73.43746894917305
69.87858751614444
70.1015449147451
72.29054176777035
71.03934574112043
73.00749982176524
76.46005746524587
72.55852835140712
74.0776417757726
71.72240701975444
73.00998983849219
69.95989319151893
73.15347121461254
72.02156097534677
74.7954262321293
76.49815342950406
71.58429529189343
74.58342982221224
79.20707085774333
74.08301316286413
77.17846829953761
80.3116276837024
77.30418301100308
78.9327669700869
74.88283638649357
75.60259426738666
70.56568458575997
76.51435088821246
77.72074501755733
75.57502288766764
72.49624729116721
73.40465452686483
71.61597364036464
76.76065295663896
77.12598165050576
72.58543191532279
68.1051389969868
71.29166579080153
77.02786632967573
75.89267349406398
78.9352791818668
69.00430741513966
67.86927940742656
72.56703422098866
69.1692705505966
69.81204489121997
66.33435769282598
70.06930932600329
70.42178364634188
67.196412786305
68.92125835672232
74.92999320844346
68.56080184102947
69.6844182566293
71.3574874375314
76.27965570480418
73.65482983102109
70.52603850460204
74.03366053020393
77.57515426329638
74.90657817471381
74.73382056524356
74.4877921712014
78.15015684144763
76.83591487497232
73.86023176734871
75.17968344703971
71.15442876864408
72.1877573805596
74.8567921390879
69.58809634033527
68.41838479540519
67.86209950256844
71.79615055301024
73.70169713514188
74.83656322003506
68.78186142422595
72.14825138783095
70.58220896925032
72.91076556628772
70.02551024990946
70.34288181959168
71.48656500844967
71.55008691054888
70.00644101838478
71.65425023253461
70.97249684088484
71.95194051942929
74.24334333935603
67.47675081034399
68.03284004274518
74.87833690998823
78.76712395434939
81.7545190593266
73.86171134195962
73.63603473474129
75.30022258138588
76.94445869097503
75.04566932926599
76.68708508482347
77.15005855852169
77.32533037666688
78.1574636857616
79.4290148076816
76.54341379086874
71.01582451990923
73.60223493935861
75.66258461808629
74.64310288013587
79.31082106046755
79.1061801733761
77.81595499718516
77.87566520433245
73.50942508305299
69.53008776833667
78.37632463408049
74.78288651943241
81.30473871339035
81.43404590130896
76.45464405429746
75.20435098073102
73.5545087137309
73.21742254019534
77.02597120807626
78.60317618248519
74.58210287035638
70.75356949370772
69.14603167929953
72.69241399173968
70.22638626573779
70.43568741175928
71.83366850759468
75.3308341706641
71.62738598362006
74.48349283503536
73.62784466513044
76.11020453774577
75.42357768498431
72.6630193633678
70.24754912496488
74.95505491410003
71.34967609619254
73.90350022392786
70.86053403713797
67.01940050792305
70.3480253786453
70.21137034913897
71.34747432843679
70.570888758
71.42698862599138
71.68988072411243
72.68450417094995
74.6327354140843
71.09406295178545
74.91758144204441
72.04683858799511
67.00932695075751
71.74690387052641
70.38671663813955
71.1492084184733
70.08336332057462
71.56453126574354
70.76733795368102
72.05024110015819
69.64746373130411
76.0005035860659
70.47186985220584
71.62458730057686
74.78602268510492
69.50724435720173
67.60716436898345
72.9964289623239
72.98419015101635
72.93635225246106
67.95358569377684
72.27173759235166
67.91897140317036
66.59325982432591
67.77055822041729
63.353117606274374
66.23264745449994
65.07423770660222
69.68682051160678
68.89381996718294
65.71418647077456
67.63797329685231
69.9834843023905
68.5396273993144
68.16905649262358
71.66556870428467
65.94140584446062
69.26075998396624
63.95739203263884
70.59098841842457
68.46825962665605
71.33826474113421
71.17647014681573
68.07629077319447
68.67219412536407
66.36470100506071
73.50492618021877
73.28047346904914
73.82281159244533
72.7019226962842
70.24438997224487
69.83716561247594
73.51938467809705
76.2133689473857
69.35614160710769
64.31031868885127
68.49203165906603
72.47750920424747
65.54533369783206
65.96732389892291
71.5897381903667
65.28905710324345
67.00037084615559
65.18143505105567
69.24539802078786
63.983629454220264
66.38673249581343
69.64545061505368
67.42043065641354
66.37101028047782
71.84999833964196
74.00015886464834
68.63791997843236
70.81944282280082
70.49887442460503
69.22169699088323
66.77132918166758
71.70936698884115
67.64850086799828
68.606106159485
68.44511167650893
73.03106663485102
65.29880023412694
70.45716545150286
72.92440550538042
68.43513167111881
70.61712300297611
66.4938372357151
72.61472905883862
69.47119997274326
69.86945808559841
66.25145100336869
68.23412926585844
66.58353385990594
67.24636779135258
67.67932408475338
70.59128634026746
70.86292147671524
64.15176100684796
66.93795126826686
72.1516888783209
68.82418798923797
68.34640172227076
66.0697494310101
72.41211646777543
67.13453334760952
66.17644908846032
70.8370581699802
75.19997124982815
69.73877573212431
73.76748151053124
73.2051963182323
75.2752249379426
73.32911409868501
79.895993317809
73.89527634635213
75.48369636055058
76.67871085053044
75.70804640370459
75.52753218213294
73.0474432215487
68.09978029505484
75.60964642133011
71.68373121584726
69.05530604824216
67.94445950436366
72.77863565687053
65.09248992701374
67.16402992562452
69.41960687067007
65.39298860882674
70.56771880983142
68.26183807157415
71.64710420969853
69.73961262003253
70.14965550099417
70.96564731438878
74.09364470368824
73.69697501890604
73.07357284523977
73.11366037638486
71.48978544348365
68.66026301247416
73.17640425560771
74.15408691681765
73.45424445896064
72.40412353248959
76.17984729560993
74.04075430068947
70.61812044579214
66.48420927081919
69.81829095902015
69.35247285081819
68.9350317077981
68.7410839714411
65.11808313755995
68.20352170837891
68.18621086316257
69.83048469956502
70.0391983935544
68.63330923113216
67.31312652539039
65.1835896622807
63.41990558141165
65.5553199423997
66.03534238892915
68.36221940783209
72.58493829981555
68.2623982500896
69.4482477751746
70.78318521692799
69.66336957525857
67.80688366007254
69.15478204076003
69.43190832403947
72.43852883130182
77.72333936968118
74.94419282716565
74.25240369811449
71.53389755352146
70.6229317124365
70.09454773187467
75.42528643477232
72.37725148660309
69.82383254670427
67.76391905650661
69.11576028389715
65.60625648405329
69.82888135170718
74.14540346218222
70.27767144003406
68.94978478591884
71.45311537731364
70.34890335352826
68.06019137859494
70.88781327332359
70.64686700341477
68.7577472513833
65.6486622402974
67.07895391942903
74.15517698003349
65.25723349196784
65.36043042782875
72.09807902187556
71.32451659213406
66.39714379988315
67.59233737194698
69.18143482763314
69.2758568647611
71.72223609366245
71.76082077052733
71.01490835399738
70.04334914421472
64.43257540388227
66.88994336886799
69.06106487427571
67.14434395021674
65.53040997987216
67.53009893125721
69.53815737409793
69.89637483645939
66.96401830267436
63.969993927891366
66.74127603840998
70.34277541710411
70.36544175002639
72.9614886464523
72.29001282810715
68.02927339036538
68.67358909046453
70.82758163045824
76.739488341511
67.28007925254609
72.03055171812328
70.67561420199746
72.94355412785683
72.79196961771395
73.61645312574015
75.86620903897655
76.32686111874241
78.18807184958767
74.34782139062136
78.90756151018074
77.33159462708103
77.38814892628207
83.31223210437759
75.57038906084698
73.38098663296745
74.13444617471393
79.80285443414515
78.27043018369736
71.48305366646244
79.54604425452813
79.94924137842547
81.96794070040389
74.79800263468613
74.73332952056062
74.49098787770585
70.68025281621475
71.70221995223001
72.18778087882373
71.99146403761316
73.10124759758256
74.5744209604536
71.73442249769006
72.13547940998441
77.65217815203077
72.32288892204735
73.37656993353879
73.22308229376412
69.42337521765538
70.35216576426943
69.50556384012239
70.97858378706755
71.40446829412579
69.52410914636374
68.79203688059789
68.09378044604007
63.66678521984649
67.76480801143543
71.30905605261246
67.99649090848716
71.74167669568567
67.0991599540763
68.67434981563119
69.71415063088257
69.69818627022838
65.00972332141598
66.5359627418366
69.47522851846476
69.8064785040122
71.74229882484407
73.76480696032691
73.32825477939683
71.83100590101198
70.35803694825975
71.41909816333063
69.3919078336634
70.04431010055995
69.42962576463331
68.95332046220634
68.70880859499519
69.46158732609418
70.88493779097846
72.45829447583839
67.6626048491908
67.56450449902455
69.26576056087482
66.76245628048204
68.06138722410377
70.61215724675345
70.2287616134731
69.02161932820519
68.91890845152487
68.22847949649133
69.56774368612675
70.80936602694212
68.49655981623259
70.54613697708216
68.2538492631185
67.1030415835589
70.76150045288541
71.03628538043581
69.83980969227248
65.20300210672247
65.86826910080548
68.59561906979512
70.71788908086708
66.90007571054969
66.65156861203151
70.83082699012407
67.24426052697726
72.04263791169939
75.75572038889804
71.82566380013968
66.5251195297243
69.86891318253194
75.65907866182772
76.54270558980151
74.97838405690023
72.48888185869032
76.71501333055515
73.07038516838547
70.81757018400961
73.9606611830357
74.85395935221078
69.66564337993255
70.39665385272139
76.2520054213689
70.54712002671337
71.48878924086705
67.77423718272699
74.81335552237691
71.35612389300313
67.25035638557095
65.14353037936613
70.57101229176446
66.56489674730211
68.92115353873693
71.8578981642424
69.63330285388
67.12501891075908
68.56814829567904
73.17576547973883
70.25364339632446
65.36567837885246
73.63050614319499
72.28354128773697
73.0032855493044
72.03981153300968
70.78378051193422
67.6324527237298
63.54268035452355
69.28338803450805
73.6282137069782
70.07504126814631
71.7026377525193
72.524620406027
70.91469320489809
73.32809802778468
71.87462640492794
68.68609547941324
67.69249876538015
68.09048589943497
69.35924242568622
68.24514903382419
62.837949896637795
69.00519896116538
67.04140988056479
65.79205954375479
66.0738902832646
66.7016051891162
67.86719986888083
68.97942649953184
67.98441961420728
66.12723287322564
67.060442882839
70.47746573348186
67.99367519374152
71.99973861232087
73.74522688023342
68.29290451141341
72.36249639600346
74.95372029766594
74.8740180110345
73.1507406999447
72.32670084659352
70.79705447179384
74.31108010601751
70.86932220980262
69.29014824755244
68.4664616533099
69.23184841292624
70.53389762629207
67.40795767665378
67.08774606694702
66.62379005986132
66.26499581218629
63.69749028685783
65.02651857656613
67.1933487259928
72.13931602668863
68.87000271108542
64.97367626326495
64.830088217632
69.28957623815607
64.46966091659377
65.61858154080909
64.96298126503382
63.883278669596365
66.36714101300963
65.74504694410717
66.40200964129001
68.23261663719471
66.62362388116172
66.7140400530257
64.35674245647031
63.8544000237608
61.37138772466067
64.78214850086809
62.88043080848407
65.87027571718201
63.91600078637803
67.94770086055561
66.58226793482392
65.36192570031041
67.33292043368895
64.98359453360641
64.83212288428979
66.54849506073433
67.53925274673261
66.595608337738
69.70428378267903
68.01366302775615
63.791624286623986
67.93610608554849
67.4540027289082
65.33402309084137
64.21130136343409
65.86267943244151
62.15685548086516
62.620323815476915
62.756814975467115
66.62577126429206
67.43989459176531
64.36244011678987
66.59144572512957
63.38115503373379
65.0175900747131
66.34025870856887
66.47233337320408
66.46668584544304
66.54721963512313
66.35558398550417
67.60766418926451
63.12413919010721
58.06120388308256
63.19892360380981
62.67641272709486
63.73634966300053
63.672695027844696
66.6814884959793
64.51838681245911
64.6450093992033
65.75780689000426
61.82020776569633
61.26489553117526
63.83073680554847
62.01953992608343
59.73938818933471
62.90228644166198
61.85323723055466
67.44572146698654
63.58901215986998
66.46644847099036
68.21013771495954
69.25660006836233
66.14190011615182
64.03410661237575
64.65752563181036
64.08597633420942
67.52020966160987
66.69358653166631
61.002838710592535
63.42916880736457
64.18107536475249
61.28847940171383
63.21534599878931
63.69889865765795
63.13864367291659
60.01224315252324
61.495517857509206
63.171634033406114
65.22127582796435
66.72571711750768
66.35710322112536
60.96212127961715
62.19466569099688
63.684214326979706
68.0425481144038
64.25192241715914
65.19853162412335
64.31332127004866
62.72946552927546
64.59131109237686
69.57615722529374
65.085299779175
63.57168258012467
63.268160245866035
65.76707780250706
65.78507968290242
64.19742112460834
62.45772009224236
63.81372333607218
65.14044854035542
66.40676927943599
67.53047068321884
64.56577188421636
61.43269053634571
62.15311593091341
63.789954374339146
63.48758031898893
65.6310692396486
60.683730910659214
58.278703914468224
60.79627455074442
63.36844917172738
61.16783286291101
68.7021310411458
68.54352990445437
63.66339131186824
62.2133535204701
62.03637282408643
68.97295651152814
65.21871547350388
66.29708115056523
67.64962290764282
66.19310186666472
63.26687800817302
62.38206972443908
63.7548921339592
61.704949598970956
63.511351706276656
61.61050083013986
62.169524535834846
60.71524281631037
61.578628950439395
59.92402520679424
60.86592257997517
60.68755673440323
61.103813896999384
60.55157341706961
60.310781396334995
59.864682255501336
62.878664951569625
65.6015936021649
65.15123534654703
64.3887598297702
62.40681065567891
62.01718471981563
63.8337334669043
61.08914494841852
62.15582663334226
62.50550016568357
65.80431619266703
60.244164907232964
64.6822761349149
62.05127644237961
63.753710330334904
59.77019138319741
61.60036777970615
59.587735694409645
60.61992883438054
63.67882287305134
63.74864420196782
62.77860230265182
64.8219825847487
58.85434542691148
59.75852739788914
61.49704632373037
57.44142915980583
55.36480674835748
58.42447598909498
59.29086980604865
60.00150692448144
58.786687503225565
60.61042359004212
61.853659732795265
61.49449875017926
63.01795019615309
60.14292170122167
63.62900517376557
64.63524191651193
60.82816262484684
61.08612618371518
64.69599172871597
63.009894488990795
64.20100177458627
63.98058833235778
61.78012003424117
62.14714407959342
63.1524446874374
65.38657695170147
61.86118929895182
63.498691805124416
61.88654450438993
61.77998649312092
63.25693769756033
64.15708411595209
60.860918967855504
61.86556136810552
61.50574391400155
62.249626904457365
59.598135516971986
61.76137635105544
64.73842809820995
60.393680895948236
63.11897324471791
61.38820399772412
63.67443300283565
60.81732614197935
64.27650756000827
65.57731959918277
64.30198083032842
60.161099331349504
57.22267035161745
60.19470213880348
60.56334835530535
60.74723280217593
60.397477546838324
59.97872195556287
60.18715825285481
60.798516949347956
61.64967837261679
61.45121366024215
65.13804815816081
64.83960396068514
65.23787490178007
60.20909881547732
64.67572205125981
60.82398101288214
65.44618195236785
65.14302731063742
61.7487168930805
61.32925856072337
62.92380912414998
64.89585424523038
68.18245455620045
61.96945331677746
64.99905150586248
63.07534709669477
58.4868942869703
56.689150013677065
61.31160901995938
61.599539054427794
61.75562997063458
60.90406249151347
64.29536132300888
66.56180889660708
65.74384469861596
63.060548383711776
60.93855295198435
61.7109950212455
59.077982208262114
64.13396808431403
62.10716786816232
64.62912102225488
65.85304885365368
63.88609712172638
65.51473759528203
63.781578861503206
62.31109842738562
61.25359681511898
63.60181180651426
63.366792848095784
64.16717558815934
62.853155245261426
62.45662033679682
67.59659127693286
68.02289044145851
64.47219694468119
63.73493664372346
65.3850771478418
64.5239094988125
61.087361052515455
60.056506692536985
59.31548769559325
62.28457548551978
60.92461780721871
60.00637165671317
58.074008943655045
61.73745503881476
61.47273653022476
59.21190658899605
62.973622623402306
63.58892094752401
65.74694934689005
63.84371537336867
62.1438807452732
63.001759574653136
60.19919547776648
61.211962039020406
65.46740944607905
64.0964392771195
65.07654987488002
63.49034640535851
64.61726893468087
65.44592001818586
63.3408579821704
63.435792640491066
62.39310916159713
60.63850594808433
60.81250550853274
62.10440652494332
62.84437892436278
61.000237320762345
62.23535470430819
60.46999330304463
61.31267442490314
61.78794892121754
58.649575256187056
58.92702356291154
60.585193135149524
57.01112984942727
59.245528212236934
59.42147139277566
61.794053001027315
58.94787605038979
59.495281550787915
59.20636276379712
58.56927411045138
57.79706447261503
58.396291006788196
58.92179260926952
55.12370824327586
58.23913296638544
60.17483092926104
60.36645177413262
62.29315553763935
59.20318480768923
60.28489938535729
58.939912101493526
58.96858342127782
56.72920624905475
60.31212890088539
59.84723597471122
55.69023734435378
56.433740526007135
56.47694120465855
58.35232501914801
57.961340742754075
58.62943587165159
60.99121941843494
59.019765832471315
58.74723995658932
58.5125173246523
58.26552059195916
57.95325854143665
60.05930036453705
57.42364314593382
57.91345406238011
58.088493718284575
59.4467862644046
59.73821327655258
57.86629658142718
56.02719179960768
58.707175338117885
60.24153281907089
58.41467656355398
59.20354722898541
59.32985145820478
63.64524298021248
59.82726899251504
61.7440992121224
62.73176848671669
59.592570924895156
62.08358959031616
62.0639976655536
60.703391117826435
59.576836041401656
59.30188552433452
59.3751661273163
57.39568456548288
57.99947417176969
56.92831642629092
54.24814138451822
56.838795094785
59.48940258704763
59.938435772151536
59.238223916260374
56.79289847880178
61.61309085118271
59.75851608607336
57.030760203152056
57.057889806387884
58.15586559341367
58.56655973410781
58.63176894174192
56.131824116858645
58.666276133833684
58.17152573189962
54.49556859537715
59.0212747856562
60.26001587717759
60.02266896267336
59.95051901549039
58.8121751771933
56.29014984811786
55.129081655737465
56.202652418358156
57.70049744078548
57.860317214474165
59.26515791976866
57.7029207537209
55.34832652483682
55.819074167878824
56.594723903011776
59.40128672013723
60.79704193961952
59.63839842870173
58.38734027623383
56.89061998742767
59.461140440697925
59.50332556807302
56.797452319096536
56.58183728581455
60.11266733452014
58.19214679101074
56.23460701300629
60.053700865400145
58.603458817303675
58.54623520110113
56.65715657433283
59.12497323997653
56.65284195131308
56.499254170340116
57.39241886236101
59.01805434962043
57.69025747896485
56.51773010591718
57.69305091809614
60.13888981576483
60.00593754319178
58.09440173721609
58.09951677749899
59.124343762674755
56.99535018475546
57.524048224962804
57.77276556940273
61.764466278619324
61.81493608258934
55.82006997150906
55.14300761057777
56.29778154781729
59.96657166454938
57.4876400206787
59.78689036246799
58.8019357906644
55.13080735826863
55.80131885597355
57.97217224020138
56.96399885488494
58.86983015759999
58.838863202842255
58.608879621349935
56.41158249337164
57.98473597676052
60.085136251710175
62.06628114360159
60.42562929503284
59.864906028083205
60.947918485099706
59.87785745426829
59.177570770013496
60.517470515175745
60.472071940551075
59.27448187381649
61.0367901500424
57.4496409403792
58.96135962668468
59.040332744998025
57.25994266952428
59.586120032500254
57.37952230005002
56.18483983691909
58.16994858072483
54.21174165416308
56.61502870965549
57.632389595964334
56.2763609975549
57.17182935805971
58.546279827075665
58.3788079073479
58.4227738020855
59.72326582744715
58.10129960062229
55.45421498085034
57.12796781078112
57.9447834236605
58.55502188382563
57.840895029339734
59.69344561002319
60.50010143172287
58.13846745883795
60.018120765938214
58.97018904957579
58.74318378272162
57.47395756881635
57.18309294830804
59.54397834227647
59.023528526071225
58.997003874825104
55.96183393191135
55.50738648325241
55.57498131068209
58.026277733063246
58.5808697047533
57.41597643587033
56.75670528613884
57.02493277768823
56.33884014330289
55.84909686299576
56.93324198112177
56.60587174988717
56.83038371316812
54.16355337302026
57.776729709124865
53.90228294972783
53.28323352449255
54.82335648214838
54.89255448155904
55.71698237525242
56.20671936732042
56.8164544608341
56.349972662292295
56.8867523497468
57.44139776390384
59.433165171482685
56.26343737780028
56.8557039371246
56.85890504688618
57.228347685172096
56.77760764277513
55.61987003358286
56.94395148956586
56.04729688413535
56.75963701650504
53.01096536688493
52.83685267535637
54.953849249421985
55.37219652120309
54.391221085548295
56.07059964457179
55.27593706893149
55.60917213335705
56.131779350787
54.34807951191456
54.75887117257771
54.434118540913424
53.292089846717
54.45944051072576
55.80309859307435
55.38096023643755
53.37706005733991
52.80586060757958
54.184109002329045
55.344149112986436
55.064200742138276
56.6169827112488
57.188287825494754
55.302265316481765
55.27311822153228
55.83901468309179
55.39674833851233
54.507454711320044
56.19650715062133
54.03764726613892
54.84394008180866
55.06933870261044
55.86736828781051
56.578284198111724
56.00636587450376
55.76117312436094
53.90134659024705
53.35127610590211
51.86204196485138
54.15298981086789
55.08103239909935
52.51241378603709
54.06181873615442
57.102553706563775
56.13257915333128
55.12397027090301
55.08643587549152
54.10457477918931
53.67293043742876
53.71429434638687
55.06175304589251
54.12421282220426
55.800635044107864
56.42891070434047
54.73333021988763
53.62370906814189
55.77797902453708
52.592735650261965
51.754919028813774
51.88013566669555
55.876216075014725
55.81951985624324
55.40785954159785
54.10259588107309
56.22914966712857
55.04733243116438
56.25785415229951
56.04985707339922
56.806929120721826
54.55988688079538
56.99641515778954
52.836941141643656
56.20200770935289
56.850864110042046
56.295679063125775
55.03553782436272
52.72190237077561
54.60538163700744
56.49764603549189
57.64639764405491
55.86437631626356
55.31887831172734
56.51696620385412
55.053328291976044
57.125312976976076
57.4112139510916
56.17536095360532
53.29120518198734
54.31754379670778
56.74061543883908
56.816265983618905
54.35833407703911
56.56972030887091
57.26962395064889
55.79306774089823
54.85784985978149
54.904180974361516
58.99229909632903
58.28523901691084
57.21169550555156
54.96012345692474
54.877569713216815
56.01845908491269
55.092282095002794
57.71941780028699
56.910189738900684
54.2629580574297
56.955512330237326
56.13744283485977
55.36073887003044
54.47049224478178
55.75572788442667
55.483954806928125
55.12884324321483
55.70052272722682
57.39849948763292
56.264045843823524
55.50143681803107
55.02712834744736
55.610204811757704
55.63579828180462
57.464416182108124
56.73134277966355
55.719006674241015
54.084954034482486
55.72382113436636
54.83150262321834
55.224916644951605
57.53089240774329
55.73337637550272
55.24592574904227
55.770218598928
54.80816417902059
55.115403934217355
56.806433737859464
55.76969919989878
55.74705388993549
56.274454913513615
52.471752512068015
53.27461394559117
55.14985952597311
53.92262134266973
51.61271483064034
54.376999641032505
52.42356435749016
53.00111546631322
52.08542895181652
52.600687357733726
52.754554943721324
51.28852767186645
51.13614547045579
50.53957215496689
51.9353631427204
54.365038948291655
54.86931270930764
53.94213618943828
55.19380837805047
55.40700833773388
52.83323039047562
53.696670430879614
53.28302318038608
52.955664450532076
52.47639547577904
56.87073703906481
53.53322114797905
53.30227269282036
54.00405973701698
53.52156657754722
53.92630819214361
55.10526477634251
55.343974891762855
55.40870618868643
53.81072362201228
53.80660311180966
54.57025574792238
55.740780474764044
55.22070261378216
54.601761743521564
52.81879818764679
54.25025233820081
51.55856160923147
52.243711963769194
52.37682179058193
50.88252645463112
51.99066841996585
52.81688781720953
53.92767908866648
54.2265866240522
53.27439643277481
51.59445742666091
53.401096060242274
53.57365369958081
52.18517245451001
53.55547109506716
51.90715561881564
51.17213975005534
51.915655261815
52.04383802495222
51.53640180035995
52.34202797669921
52.88577005259328
52.86671181956601
51.96042738751748
51.722667850050314
51.909001758997995
52.48994742320996
53.09919085002243
51.930859058463646
52.651670040909046
53.31523773322404
52.126739679598465
51.75345460902356
52.1895894166711
51.98020199536586
52.07307306843548
51.7431473038321
52.27441642701429
52.01904447850751
52.280726039269574
54.12467686975847
51.93610667279933
51.384335326842795
53.20657011240028
53.16299113626026
53.74043700328357
52.79628836443373
53.28337781741322
53.353288947797736
52.592582048218475
53.661264796145204
52.799468869196296
53.24142071410322
54.74147570020728
51.50332777246471
53.451447777589784
52.148375058181955
53.17509590446143
54.79653147886333
52.37655570537998
52.775257824974794
53.94471273452515
54.345788326650606
53.124233219588795
53.47506007091906
53.19065794813312
53.98464398014449
53.42107909505303
53.25120297840694
53.80612291317019
52.15606453286104
53.63488289605299
54.972991067252934
52.98592034686144
53.47426682096184
54.08645922704035
53.29558846512106
51.57134491432077
52.7066681572517
53.32332716091702
51.063608727695
54.276562475547614
57.23610396077333
55.576692965753445
53.987948041353775
56.71516860021641
56.613734918522375
53.886307137795384
53.93178996194118
54.69513067430749
55.83468314056814
53.41855325940971
52.98950836606287
55.5010301420247
53.6162014802086
53.47288433376687
55.04482683071685
50.75782230271449
52.120221566898344
54.04277306855013
53.85247848149635
52.72853221331794
53.99166476494472
54.449353114522154
53.16362175514833
54.889753362330595
55.23452399742337
54.036889997894235
54.651253919752335
55.005445988799366
52.423282621922574
55.434407469529816
55.35113363477552
54.74154202266996
53.65187765007762
54.99614471797469
54.1675982671918
53.59864620976218
50.65323590039846
52.10335107833749
52.33430918252367
53.73705129518701
53.0822453872838
53.12392990278289
53.503264268490476
54.46912396842602
56.65668822077577
58.684709408544606
56.920257940823156
57.10904613544729
56.02637717633002
55.7732454514439
56.07432134610492
53.36170213212133
55.567271752704386
53.26739710571502
52.16444008618897
53.985547757302356
54.14200179018697
53.36319741375694
53.991767567461046
57.15835383220902
58.07598561848219
57.16835213606671
58.21365644235081
59.48633951709059
57.87661614390011
57.87789440337424
57.91967744902337
55.50731630065488
56.34175640553449
54.638179680285795
57.158342436448365
57.704865296902646
56.31324487180922
57.681989785618555
54.73995225979142
55.365670434459616
54.639064638945484
54.09340738986917
54.212084914388754
54.62943249670812
54.7515923538308
54.95244479531375
55.52434121751805
53.53699487413185
55.821374920347864
55.18581122307611
53.7393798782022
52.923404909749024
55.078434931274366
54.961073944285836
52.582698384992874
52.26817596047693
53.04574538301804
53.08140203332826
53.93025922045997
51.785220215397885
53.10697332225866
54.44890196506847
54.17236206698137
53.50257617712376
53.243749754594425
51.624477668395805
52.35112240515544
53.43973447439202
51.95031776676166
52.54848104937535
54.236620646351966
55.186303287326
55.06188716113876
53.10527215144989
55.65524001697649
55.68284465574297
54.636589170422255
56.36334012584715
56.19519329041889
56.96327718677039
58.348552401077356
59.95737299320506
56.83180244238062
55.76375133539963
55.08474079774907
56.38873076063923
56.450169963669595
56.26569042136174
55.68653557686133
55.14321352415212
55.67948039705614
55.10896939371155
54.64980795701184
55.52332798963891
52.86470136092184
53.359923065812616
52.98363767760527
55.204134281047764
52.768813742629646
54.035688581722354
53.94977590340541
52.8943733197803
52.9224222087865
52.61466255804936
53.41365488257536
55.29028949690192
54.98489413770641
53.81549857038521
53.25765053732426
55.245135872006315
53.96930806477306
55.782772797606725
56.738910206573365
55.20446919159258
54.33334640028038
55.77492139005764
56.823794604207336
56.835795933334765
55.993932168759066
54.60102847584635
53.61482263583984
53.685705551888766
53.91885096341406
52.71678859143033
51.29211054796126
52.39779032988869
51.03243416892814
51.77722573214201
51.89482434725597
52.35571863661282
50.79539945694468
52.08978086811294
52.89518186312243
51.901896030362025
51.84097406877955
51.517724982541516
52.50923401276143
51.76829009388218
51.990395962627154
53.36482341475218
55.41734794766474
54.9754215949937
53.061264225611446
53.00489398161837
52.503508871429965
54.03953612685512
52.262749784941334
52.19759125442453
52.456792081653255
52.834016294516275
51.67821667621696
53.92927394171877
54.107668404991934
55.54626141481253
53.65357791357256
54.619493970205596
52.33970635726171
52.36832681486292
53.39875689832319
53.95557894079931
55.698735015198636
52.63460215291644
54.13184197672398
55.628139912535644
54.177505971432375
54.391383630185686
53.337959804019874
54.76296181042804
54.77405923457496
55.31461871233657
52.8477613906249
54.066593923582786
55.220563920271395
54.94715937057873
53.23247538897971
55.06830414708529
53.87367396755405
53.24967140556644
52.30886348518606
54.118627465879165
53.92565181255079
53.741846609131244
53.59724759328417
53.66339799136462
54.603341764113054
55.08339028124598
53.69541445162326
54.932894303992086
51.70808035809827
53.61897558337263
54.01273052913748
54.35547993427755
55.89218472700628
54.739705165202274
53.073248178296105
53.94236608447039
54.9125554952201
54.445485662504204
55.34778572089704
55.86902922856505
55.46987863531379
53.79857158603601
54.776273364819446
54.31747296267313
53.775353890358375
55.580592820874465
56.715535189276196
56.34167240250113
56.84469624029596
53.88607068984496
53.71033010245492
53.69820919052532
53.70731783812378
52.46556897872227
53.4021730133693
52.11624795519819
51.5921087134417
52.38678445375532
51.33220005087618
52.12115437791759
53.20375912074003
52.919160982801586
52.758139487619516
53.85173559730014
52.981342260018884
53.334687754761745
55.343405172439304
52.64274052660412
51.34350065001123
53.24410463725799
52.44088733165009
53.19718646758592
55.728426734391576
54.65689779723304
54.46243728964392
57.29698631947972
56.53450046453567
58.91784370707048
57.43088193703631
56.60577318811537
55.6977554939372
56.15146999454948
56.50480065740944
54.19834850380678
55.395359700150664
56.266266437446305
55.84493940809316
53.53750829809762
55.526189207854586
56.20201017908149
56.75189761644713
57.51356439539249
56.075348575717925
55.76866545877501
57.420044926716294
57.00250930539814
56.56647781130329
53.57245061174707
55.615228193760686
57.005072472692376
56.64533734350675
55.82373345171468
54.20030026627117
53.97410971601751
56.71345274772348
57.31509446210096
56.94106916603991
55.91617582263117
56.087501077577244
54.98717408486553
55.52511297300933
57.26694290698317
55.3970402336654
56.6356442719086
54.67939673232822
53.22687024740935
54.34375598726081
52.74515542429321
54.232565529831874
53.43105325074202
52.55245781955153
52.3724197721173
53.44636292700066
53.8036198828016
52.18233169033728
52.17133398425456
57.4873184193642
53.30442278886622
51.95956368127404
54.23538839643152
55.62262529714998
51.95605928015796
52.089761191067716
54.06732721007027
53.396972723116995
55.95615847740743
52.60606506476093
53.88604309360075
52.70306490644933
52.7014937189052
53.31723761520903
52.43916434887878
51.473374035397136
52.69764181648582
53.2846496719981
53.484095514082455
54.37906970926213
52.5369188718993
55.85731169119682
54.610818320719005
52.755211484593076
52.60243457810972
53.07907010976696
54.91425830986866
53.865056039614444
53.07137932255113
52.246921536114876
51.602311294920455
52.270964728918095
53.00619461868002
52.890932518608444
52.946340151072924
53.16426954959159
52.96853984094729
53.81024503160812
52.16252828407396
52.18007451458198
53.88560780429225
54.71436110724351
55.68142704568758
55.117849400100404
55.0581651030889
56.22757391651449
53.72282160716233
53.22736085892077
53.67434542520027
56.30199364947255
55.758814340693604
55.90598791535258
55.78281782758886
56.39035044395791
54.71583214222068
54.19260895135969
54.63357097321587
53.59062482249263
52.446360150773614
51.74873821297806
51.193332012341614
51.10041221359068
50.36414798264831
51.014405660850315
52.20957178412995
53.294617354850786
54.1234334320953
51.78523232888532
51.194296869470364
52.915554002074934
51.92183473995234
52.21395085325972
51.93416114286742
53.85939097442478
52.212486621268475
51.60762112758397
52.74190987766519
54.80630542143009
53.23266220984735
53.56549411304198
52.867181273442455
51.68629847289468
51.225510889868886
52.309356966172615
52.46680824703035
51.32776230985057
51.601126472555286
52.220513370822715
52.05132990644368
51.99425353283187
52.611227576439596
52.05047654375682
50.914933550549264
51.22837055673586
52.21276595130854
52.9388894430373
53.353288791632494
51.89855745307967
52.12932645769981
52.95405413292803
53.16717629973848
51.59703454069884
50.995640256846585
51.397311002329914
51.429034246323155
50.42307860698588
50.792611854345616
52.48189571740662
52.1364948533618
51.16659276968985
50.405085143159106
51.16844989829785
50.15430692581062
52.4195917482502
52.96588935213575
53.04935494642626
54.03320498387029
53.43569106661022
53.91477989398771
52.80344902175179
51.91451904743291
51.897667758259175
51.0141581340443
51.8470778049043
53.68400428602292
51.77692168668016
50.814178540360096
52.55580514791307
52.03646862486594
52.31547993918312
51.94563362541563
51.92286620667559
53.448873795058674
52.43051675020999
51.932609101229936
50.40560830055726
51.023046756905075
51.181887542397824
50.792745069569754
50.276343419817934
51.1758947957288
50.233731423133975
51.52170933051142
51.24096454112383
50.76086272823508
50.814237197496055
50.459246165567656
51.55569499716714
51.39047339981853
52.534832877611365
52.794749750515955
52.19729442639735
51.19399453426726
51.308129501207844
51.00784932323933
50.91169346205809
50.928842931589905
50.27046827595832
50.914222336265865
51.31782125266003
50.36636836372841
50.51160338209524
52.33572862900364
51.799857595775535
51.06376702422604
52.9599510120164
52.93448407052909
50.495338653690375
50.43421714892848
51.89716237545664
52.67816630377919
50.642159374148065
50.89850522869526
51.51695727368171
52.33656648667186
51.29226919701409
51.60054608797827
50.962880738463355
50.73368884544263
51.31713635530972
52.96736340614447
51.79305880566673
51.28985575066914
51.395345128476436
52.03341765711646
52.50984867591547
51.372099579930506
51.091568023906945
51.556246286393296
51.09991642888319
50.11143466950291
51.31317517935926
51.58585971366419
51.51334416014622
52.13821257616637
50.177992074648394
50.40484425302066
51.35427664490915
50.63810077508563
50.692161839873606
51.168743625601586
51.266864392409225
51.75028900707932
50.94453877718606
50.58116546395799
50.12895549081302
51.050785905676385
51.18011477720172
50.41147847799812
51.28939917796636
51.741786283037364
51.43947336129769
50.340501568250964
52.12403501725586
50.69009947628405
50.67235872291332
51.21176517672975
50.936626883186484
50.37635496456336
52.34992806473908
52.166457641937114
51.93902996669252
51.54518730933072
52.574121120785804
52.98525389735579
51.585806931134265
52.608371323690164
51.766364786803116
51.66221061321569
50.492083851462105
50.45755262391211
50.54464658402836
50.60516400355354
50.553264367739885
51.583173521755235
51.1733198174598
50.037668829333306
49.93501141092971
50.862458895237324
50.847685344501954
50.06383189826001
51.878522509725364
50.04924002790294
52.385274364825506
52.16931579301314
52.79667956823189
52.512427764684865
50.9502744898291
51.40482154502128
51.97662049672055
51.59236368834496
50.87024046603444
50.54458896172398
51.12682333910861
51.08094055202329
50.612207986534266
50.5086997966727
52.014805866822954
51.89518013253142
52.42499501768176
52.645575070266766
52.89728082044716
52.85039260603679
53.08971974039474
52.72432250275366
53.17295116059623
52.544905925164365
53.31225030511885
52.718197431726324
53.54038294001965
52.73967816922999
53.192634662863746
53.589696321009086
53.70372197729022
52.90894985919561
52.574220554757524
52.87627394212664
50.35434514473001
50.79841310343858
51.19579327596671
51.28132628724405
51.81967882041021
51.9766386727797
51.74624978986039
52.42191064203911
51.828535205713536
52.66599526363263
52.29903079396419
53.159839807287426
51.41799864914661
52.26242994412185
52.27775338267863
51.51252942555981
51.361744877664094
51.33228091853345
51.84207392576631
52.30178370838539
51.11082409466843
51.74826700268155
52.9216704660032
52.71908116798955
52.86134627172865
52.35196909611708
50.35967701220747
52.41624867396542
51.12063315324619
52.42579916811824
51.94171859261747
52.42643518411298
50.51343511842124
51.167322435380065
51.32146597385426
51.14109253333123
51.59820274590073
51.32381985722886
52.96902428907407
53.1784493833526
53.81986772973043
52.68383359810396
52.68742636032835
53.937420712021506
53.638473375405574
54.86652175153605
54.23508362378545
53.55471509939782
53.33333831025846
51.66491207809486
52.174129284907764
53.29896069382261
51.10452713061475
51.07227274283934
51.79809080168417
51.44902755872266
51.93683430073754
51.94388855039417
51.95117619516932
52.0834724648329
53.169796865741965
51.16363812215081
51.21256142095638
51.81712324404603
50.836226519953264
51.74445564144887
51.891393726431694
51.49136016532426
51.86400248252011
51.92356974981735
50.499707881007716
50.68623771774436
51.09204760331888
51.21868348373522
53.02574172869471
53.32983010567032
52.7011048350073
51.49374057406842
51.54560122180741
52.63611451614849
52.178288593392445
51.98410667331476
51.35621879068704
50.52305456431534
52.19942393749366
52.80477379629943
52.771799483950836
52.821429165660554
52.393662511009495
53.12279093757368
52.60963051852121
52.31113030363427
51.99270858778504
51.516163970640534
51.2566175826001
52.21774021729952
51.03904563109567
51.255078698796936
50.725969981605274
51.14725228511014
50.4744840716402
50.969514574014795
51.44049337552619
52.57675149275309
52.07578813747031
52.24247318888285
50.83016110325672
50.189791245279764
51.013730963148156
51.114430723098074
51.18846249261335
51.89899334850789
52.110434148481616
52.25930178385033
54.79214454002262
53.55954029084035
52.87025846015189
54.102687437920146
53.89306206405415
51.709542117367
52.664265356467816
53.4511348979978
52.69222153677807
52.44964879044402
54.23272677225701
52.90060745465922
51.86344621604687
51.476052942071874
51.49665730595763
52.765552173230205
52.428926012765814
51.74237422903733
51.73611912712573
51.803486309337956
51.07629280908024
50.83305609193566
51.159621619366646
51.43389452820862
51.595944487680526
52.07270785010513
50.95874005701226
51.10555444403093
52.00729407775237
51.38163893902294
51.47154712821271
52.843514043351824
50.78128920413993
50.96902208174512
52.72322136133441
51.29444582966473
51.756414978832574
50.622809051411174
51.30348699948178
51.21766913231642
50.59387417034477
51.14033666816031
51.29551276423899
53.02454151667884
51.22184232346681
52.36302953629447
53.1148633572379
53.0291250841336
51.22987646835878
52.02074304663476
51.02090694390421
50.744874740842086
52.46134407755302
51.29663648921965
51.69485420924016
51.410663267682324
51.182053884018075
50.621696322013264
51.32680857428144
51.459401310602516
51.76969465058733
51.801796383353796
50.96414082370137
50.90128114662724
51.6634399799957
51.55636909788788
51.42386459394593
51.313254986551556
53.46471622476311
53.224997657346556
53.00842536923802
53.407231723390225
51.011876478923135
50.98745826526633
51.44961406089818
51.129044693110146
49.79159195661545
50.44613221851116
51.61791626144453
52.52068253675727
52.615555972931816
52.27353978847519
51.96549527617559
52.1279846171111
53.664408142713036
51.91128561815104
50.88345085082745
52.748662387908865
53.122936419153746
52.30376490723747
51.192916871714935
50.97606830572192
51.41511949961823
50.154478775033205
51.2896279972259
51.07737909373081
51.71121664018896
52.404585889316216
50.64798627815681
51.72424201862602
51.50943181325638
52.04417086711485
51.44582897590479
52.08087913077432
53.045563608866125
52.95323662632323
53.23077134685196
51.39015103601265
52.6040341034476
53.43754519467355
53.34751271337472
52.7028257076688
52.654032513803976
52.47815221458544
52.3832018870018
52.274094513057186
52.02659360470612
52.74843829156738
53.678363294010936
52.20011084306829
52.319372191946094
52.3920832525034
53.116482304500984
51.692796263133545
53.39673894345725
52.05966678259636
52.16386424467175
52.17908944245272
51.762990610922024
51.528303954393834
52.240975772964866
52.92911668016826
52.83329439524014
52.212631438313785
52.584796298241926
53.46840397276223
52.60496357876711
52.828798136501646
51.702915321523335
51.74202235631829
50.97661308553441
52.93840450966511
51.4149340134116
52.736963758683835
53.39792652556375
54.105374572105084
53.70563957925336
53.918602320146704
53.02272994179075
53.0048502427313
53.500091728002914
54.312793074294994
54.04411342203235
53.4223709280245
54.0199482887194
52.89322300579014
54.11138349656708
54.903824503796734
53.18204918414521
53.06251401837111
52.69942696713484
52.03771392841659
52.451029570173006
52.232904851046015
54.20426688292302
53.029288582640476
52.27664249043534
52.747725908227714
52.3352322294294
52.896359815868976
51.1275080703715
52.45277362822721
51.652900981383794
50.95401271253737
51.35864042467772
51.026554413727716
51.04196107836631
50.90376917023561
52.03703891797658
51.161342008973385
49.659563081666604
51.20680874804901
52.02414744373751
52.063970814206
51.31097869734839
52.898654170596664
51.472861024234696
51.77243892199501
51.15848882761341
51.24534267575084
51.99093976388369
52.664062375769824
52.77961244173779
51.49415994807112
51.97875252898815
52.70671984896564
51.48695338237665
52.677244695847186
51.646286011323426
51.84736982021207
51.27194826993942
52.45277193222949
54.07890540072896
51.75775054366078
51.846031729736275
52.472514349906284
51.38330815889116
52.45620741086759
51.33159139096175
50.70344628677303
51.82085974232161
51.443258215826205
52.10488382651644
51.3125336923175
52.25626563141483
51.2744360037323
51.03267785325781
50.87481402086771
50.10801240416136
50.576180481057115
50.763783451328706
52.61442480840581
52.335355412848415
52.09050702955874
52.188153962409125
52.368943946816984
52.19781723019365
52.059907407307456
53.292960126191
52.27578057250608
52.7584989072443
50.48513600148181
51.29133845951583
51.59711892400218
51.292879902593576
51.39670414763363
51.671369881687426
51.57308369611306
50.999654624532525
51.13684010989466
51.58284894009492
50.331569805774414
51.994481036904254
52.73353808456946
52.79265477026845
54.58481200564713
55.27733159279349
53.500673514761765
54.393295742658374
53.46921679435658
53.52423622830431
56.066618978350874
54.022241776810404
53.2335562729791
54.10767446905807
55.452533029146124
53.57226397905944
53.38004489873301
53.67892332152825
52.17140278595989
52.11100670834627
51.35671725313043
51.22645755496105
51.95916605805445
53.022630056717645
52.66960028605693
53.49056611967652
52.092654845172454
52.139587785151434
51.68886492965666
52.05594151018266
52.086237696162534
52.04986116698494
51.724109790378854
52.88305361229195
51.31754352804066
51.879424285950634
53.23308363198839
53.1191068977111
53.28432899167226
53.685732796033044
53.63204632305506
52.790809416356915
53.40111507547856
52.04443518888409
50.248999662080514
49.86780916459783
51.20394046115711
51.25068305055944
52.207086918715724
51.12092742450975
51.693060007577905
52.578699811566324
51.836474890536955
51.6611224425865
51.8923724425543
52.06259392911934
52.07844934216006
52.37001360722948
52.50900954252341
52.292171935756976
51.80071310782773
51.098871123013
52.29874559561622
51.7315460559274
52.25645732614432
52.51895749755326
52.6025997529909
52.79595702303075
51.494470511780094
51.460591040767355
51.752635476273184
51.334600726018635
51.36420453556086
51.62104252530191
50.737450601019034
51.4984392540226
51.22882426773672
50.85018006903904
51.44279512173154
53.06454473635629
51.40546876505935
51.971012385527395
52.60805901098317
51.553654246209334
50.70953155865529
51.01430768519848
51.21078900235377
52.617163756450665
52.72545056253522
53.408589142307825
53.98933597238825
53.16996910402252
52.427538253103904
52.227684266255295
51.88416010836658
52.402946850806735
53.458294149751474
50.348293243515435
51.72909612832252
51.725476135176685
50.08070705980572
51.21030137086086
50.70447159091937
50.84584306890127
51.90855711685208
50.482570522837115
50.88280585646979
52.48637198915999
52.76145110373177
52.540281391515364
51.47086127801119
51.44450193228002
52.222214462121904
51.130413956027354
51.180636902938346
51.72649461144094
52.40771851496223
50.07682919048298
51.493843411237876
51.43771484988185
52.46585829046837
52.2294217476642
53.30618875323946
52.57268920166316
51.129807429528185
50.972149425483366
50.768173667431036
50.389239009121155
52.09748343793286
53.587361699712474
51.87418682081527
51.75038626740266
50.547246826438496
51.79177855128788
51.61963744527599
51.43211623705657
51.915450148079636
52.545035300417155
50.34708560462776
51.601183971467606
52.04279879606016
49.943227771977234
50.94719590822686
50.927351203537675
50.57848636000459
52.301490607230356
53.74835164265843
51.84134036439607
50.42720910252635
51.06516138868385
51.045842927107344
51.55293256526216
52.0076561885868
52.50080638568108
52.68659748270553
51.98340932050044
52.24878389864495
52.0310076420699
50.41055670459516
54.228303945338446
52.72285557405059
52.72657645512655
54.31911846766073
52.094921299781866
51.154204123271874
51.25587226521935
54.199214228372675
53.47044069081438
51.09358878779858
52.00832360017421
50.9572114499498
50.67265449697668
51.69255510168487
50.97004445198215
51.224214515410786
52.12109253627152
52.260980184420674
51.494817682161504
50.97973823250314
51.646703604803115
50.7319152630092
51.05492934594895
51.20067234299693
52.19352898224952
51.80520761967593
53.29624720889091
52.61936270259459
51.62838644883664
52.82791925788158
52.897433109834665
51.50332705867264
51.41332327842327
53.30500636921371
53.20777914458273
52.87798091840343
53.15241784750058
53.314771611982636
51.98291383791879
52.77887985071304
53.239114125894574
51.305696282965435
51.65282279813992
51.948302964336
50.78154312972164
52.1337062828154
50.984238541996454
51.759345311912305
50.76779255481744
52.195575863788456
50.63275729386897
51.16161127983449
51.39588625312458
53.21423358446923
53.204591441379044
53.57691350330977
52.515301415028844
52.47494586032231
51.52469829121924
52.23415859810851
51.41707420900868
51.989981547419276
51.01504919319832
51.424259023761586
51.02491725038371
50.884708979547106
51.52265917857732
52.74060366574397
53.8428128695211
52.00488681897888
52.55779466077069
50.960735886358115
52.062516804193436
51.409113515528645
51.88481733470176
50.5190768916124
51.10060395442442
52.27403638606665
52.00813659284881
50.93150010026423
50.94501227897441
51.0859545716181
51.54790618629877
52.302122745966386
52.033862519736815
52.73576358002949
53.64272091594271
53.438124050897095
53.284643964421235
51.655516781214864
51.385807327603416
52.693949435352216
51.9364884463031
51.54159305935098
50.90546109544186
51.51003561131736
51.72143679552612
50.896263181305684
50.4802129348638
51.72890034155367
51.98317306547826
51.1704347891297
51.551684402305476
51.93341932417683
51.74059514406139
52.932254781088
51.377766573919864
53.021142160717915
52.84382589244407
52.12027879867741
51.83109582381898
52.20625355304355
51.911019969581815
51.20492491171101
52.04854937922388
53.663999644664365
52.49967035180021
52.64563789721777
51.70818044253001
52.83058880622054
52.571218695164326
53.418149057520566
53.83189987913031
52.915712645713484
52.99914636592528
52.88673335653253
52.315824491789165
54.00098643514461
52.729145551726226
52.693239451500574
51.13725292169293
51.77419423082431
51.726568980954234
51.63198285494036
50.55805358675334
53.674663796697594
51.03645019485375
51.092935740764695
53.36576745111301
53.02766830015437
52.21702091544969
53.37091398538745
51.89623335362287
50.62658727134466
52.5194035293993
53.25858203237045
52.20407738639837
51.65329289902702
52.53802942220733
50.76352766270059
52.309244377976704
51.392468379525454
52.03477613758927
52.33313184701983
52.070251800423684
52.134873841095704
51.655378233256236
53.17477561207803
53.0971763907789
52.19696146171675
52.732934979187846
51.97138466729108
52.4747843754182
52.02083201391728
52.486889886147694
53.631293632145436
51.76555740046921
52.8328644681896
52.53261860430266
51.94299434924785
52.72148814404494
52.259138879499005
53.54254666298331
53.17422935364848
52.499315793505524
51.60822952402518
52.62659338340982
52.65296012716859
53.66265942413043
53.4749749482973
55.494293087893496
54.0541335745827
53.46033547363069
53.557163200909464
53.211743422270594
53.92972708009675
52.3288910856684
51.445716131159976
50.711925362284184
50.72713079654437
50.849499972843795
51.90870710979779
52.06264625078531
51.16441765419816
52.55761071705244
53.5855420708195
51.15089179601633
52.040779876889516
51.94569134622935
52.06023425661962
51.0678343659893
51.628828880962885
51.32989417366147
50.77366697470227
51.64835430709759
52.24091360300076
53.18104657117415
53.06894530395899
53.455303349693274
51.73780610124242
51.52463190282854
52.298736571466144
52.15689316845488
53.11186304897205
51.58407122149569
51.592183045828335
50.65844293529969
52.0013995065356
51.07271669910993
51.80143629993892
51.758864313581014
51.79780602627719
52.64239396580288
51.010239372305335
50.96101981269956
50.535259516699426
52.89128343681845
51.18139196461743
52.026811456507545
50.7545760420325
50.986755170878205
51.29837653254461
50.19643561011159
52.67530778135993
52.38793085787506
52.874284957286534
53.032926729987956
53.00319629995478
51.84720159742077
50.771991434518874
51.88257671732589
50.3085451702715
50.506373746333736
51.52528373304697
52.19183426311589
51.30592264614802
50.96217212955684
51.339959205948205
50.74566891832784
50.74720094777229
51.19546653758864
51.532750190487896
52.00376312974617
51.931418958824366
52.58439778561036
52.895698392425956
52.13524160733193
51.65394546385638
52.92212856326085
53.203601672109016
53.024393315807664
51.64887105257412
52.09963360129914
51.119197485281845
50.62849578423899
51.0590909666558
52.194125210387
51.12564562114771
50.67573759086886
51.883357655495566
52.763127767413835
51.50742227931657
51.283644939204606
51.712560491821804
51.0691710981269
51.61986508908276
50.71303263972449
51.57394741915039
51.04094368252247
51.85878841465552
52.91429969075622
52.824240336417894
53.785052858898844
53.451776863978566
53.5138296687822
51.414713599504154
53.54373870459769
53.42649015311183
52.40635873814306
52.98052767857791
52.948992970164234
53.00286705992795
52.196972051084465
52.90916250650405
53.38080708186564
53.02077644715041
52.31720802007062
51.883240246407404
51.52065281495229
52.09168500637761
51.14978917271859
51.160630593273716
51.528530856678806
50.46021716111223
52.388459124365035
52.693446153235435
53.159361023437235
52.93710420624731
53.85502657067898
52.63202804053046
52.69340723586729
53.77044936886958
53.51294477322884
55.12913919644399
54.07724828811213
53.12264560661339
52.19591399715091
53.37217234240987
52.569595177560494
52.67158127182893
53.71002154470425
53.596655253674605
50.935405859558124
52.29748312960221
51.7656105724358
52.50962820250496
52.38435650312735
53.01943599323288
52.90039263927485
52.21335696029823
51.48639345586736
52.660610648317736
51.385267661314444
51.518815611820465
53.189594305770136
51.59308918698354
51.49577588807902
51.75865045877961
51.34763282463657
50.31621337064936
50.60999469289098
51.11195497364417
50.52427120568644
50.999057573870196
51.35745114246904
50.53406577404567
51.66916535870354
53.290546349947846
51.40021163877825
52.02575752944195
50.525412862537515
51.59472067370121
51.593689240426684
53.41620747094428
51.742711517071506
51.72667646222639
52.17467330598693
51.6195230980078
51.24937229797645
53.2066763094732
53.45854328276015
53.003167418671566
52.36506657112897
51.46490926434373
50.4578881598724
53.287000856172455
53.923183580103796
53.80140402223606
52.709119653046834
51.430883432517334
51.21712291327437
51.56884174686659
50.88533602286968
52.07848451160476
52.47349747661265
52.41521034223272
51.926750380865286
52.544163387579445
51.4709076522089
51.153669578680436
51.67688817320486
52.04488206561326
51.910077445732924
51.82932491913418
51.63024682123242
52.581317620137796
52.9343956217666
52.99569793659052
52.579357234197666
52.16866313562131
53.62880743483156
52.17426809030372
52.36060166929705
51.66021694800865
52.50326854489598
52.1310443127385
50.51960247073371
50.26939408128657
50.828184140249284
50.87121974387368
50.968817071528385
53.17717226884451
52.799247666119
52.31028038282114
51.528301248142704
52.42095169704684
53.42400673559644
53.09172281060903
52.56271704688547
52.74179054896697
51.115019151168326
51.27475524667158
51.75322116399476
51.94173835190455
52.582985118548
52.91754409831112
51.69918994443589
52.28627547123838
51.330185913132794
50.668979164425856
51.150921275982185
52.37554097966965
51.81430160845512
51.31371628187468
50.77519399301725
51.34744008510905
51.86616242292313
51.17947642519223
51.53644684261508
51.36364584418909
50.94665955170558
51.4834435244881
54.240681641540796
52.97264482156807
52.401439305179686
53.4779098107181
53.43666315045643
52.481474459862824
52.63703618207081
52.37624673691279
50.5260449052116
51.12541668139975
51.66069345031858
50.83226778545957
50.388900734095245
51.05038913929533
51.35175006606973
51.36328698168222
51.56012825555204
52.79738534428688
50.86427044221588
51.7746297082262
52.951381064586236
52.89375777445357
53.00972139030722
52.60057419334532
53.72149246033236
54.83060684350276
52.927260915344874
52.69252091678799
51.88412612241136
52.406530584483065
52.304175639205404
51.86514408790696
53.71764028845493
51.98977726024874
50.931415020589654
51.39225423784536
52.00769478401091
51.05302162925449
51.420373062086256
51.16369031036636
51.657273034960326
51.08634350569125
52.04643692729265
52.64562786068778
50.626948104434035
52.32120209090281
51.310627085386244
52.31338659204028
53.03916448138925
51.81949913722481
51.152034070737315
51.52497154718445
51.70303647277336
51.29175606714979
50.15372753855228
51.315617766016906
51.118077582833976
50.91807378562186
52.825466431353036
53.21007689359707
51.88854570204073
52.65218285550334
52.92276617514329
50.991036728346465
51.5800702915187
51.13811326615734
50.658554202207284
50.67478020693787
50.8433069721747
51.276994164358385
51.2148292517609
50.682764123501855
51.7890743706845
50.67431823698767
51.162607886311434
52.558505483548686
50.91488362958158
51.572517129155464
52.622905639348694
50.73545497605037
52.59706529138416
51.19799921157241
50.682120021000664
50.97476750579362
51.78518024230623
53.19397533535338
52.18462951319616
53.032132156886654
50.181717004627956
52.01811628042897
51.90030148155902
52.661312872044704
51.124455197814974
51.03865381552736
51.671542270652445
49.999247304148845
51.90230185891645
51.70770217732648
51.47696089364334
51.708034044172244
51.5803350848035
51.25387034766254
52.359740298243075
51.94839965049705
51.460532134580326
51.155125306595416
51.47123324089183
50.64965661846045
52.78921112852858
52.893148052989424
53.148800309054785
52.58300578694978
51.78437333629694
51.296173517431036
50.92873322391691
52.342410839490086
52.602154209400254
51.96090885386695
52.30378752031278
52.75804334182445
52.80595167981095
52.212262706387676
52.684232709940204
52.15314450947404
52.27075589747803
53.45988378716979
54.22174862975848
54.198782355191035
53.937411375614374
53.51598518256709
53.706696366382815
54.61364719577238
53.309861592985364
53.89633051130393
53.07340732000764
53.642011787332976
53.06651232053193
53.39616696286328
54.309887943783906
53.883693324235445
53.98113420355187
53.37807551956365
51.44742574935384
51.59830907881148
51.3494549453925
51.70235943803651
52.06517629357926
51.8914782186911
51.4280152844698
50.142160905898415
51.747915948019966
52.13506462790052
50.54360865907447
51.580108758108246
52.02407037396191
52.98107143011943
52.10675702618859
53.20724681616613
51.66814444427186
51.62984047064816
51.03366717695901
51.700181165768385
51.961552967535965
52.38678941770693
53.602754234243285
52.08731357751614
51.652042376569646
51.935362977806456
53.185720490105396
52.077792127969424
51.158599058247404
51.981992322985754
51.53268275997291
51.090519337124626
51.43820991427436
51.72410716922433
51.7820717268921
51.93028882728396
52.008014865818694
52.25166517112766
50.913802802803275
52.47981698782914
52.28010811244939
52.511439735795676
52.10615684584297
52.784893540506985
52.4528147566135
51.45149519522372
52.310551630542015
50.30151154063431
52.72493914362225
52.513344874218234
51.38324625281202
52.221305404265514
53.24787192097707
51.29031414268415
52.560450893260715
52.69035750274354
50.63135633031621
52.031480238091234
52.71592970616179
51.64593586885947
52.412721396873295
52.922466982306524
51.787727246160486
50.662682378143536
51.37510822979434
51.948284194211794
51.459591355569394
51.452707944418904
51.116302177400314
51.18902637943237
52.01318925786738
51.545566598915585
51.15566311391016
51.043436441024234
50.84836020266809
51.3420756482936
51.53596437540328
50.88135043490573
50.89475803900531
51.35455795837079
50.94386637057449
50.68696566503813
50.78583664951506
50.99263900123402
51.57231239173711
50.53040101278603
51.84891655587977
51.607689124824674
51.090366569022784
51.49033305025026
51.76449125742514
52.300344947651894
52.181594777650865
51.67098571715984
52.45170224460682
51.68257568454377
51.61650004318006
51.71195187243004
51.62556325561183
52.27425827863746
51.374481673597344
50.80078021130486
51.62633012350705
52.13732587287969
51.93083306527853
52.56030802758558
52.24286118550889
51.67900639748323
51.42610602441756
51.84715286004729
52.12729147238317
52.30904731224434
53.45533375336654
52.18623316095834
52.56479459040955
52.15362615705346
52.61037815176267
51.760531294734456
50.71164337596654
52.325979950297075
50.94040656056987
51.410255034447836
52.15984634460041
51.67834663860902
50.81702120018894
51.44809096705705
50.62359368157808
51.68314855593153
51.984163281968655
52.0955372398691
52.49944462390184
52.381583420169406
53.50002360114007
53.21550808225119
51.94940705147717
53.342253721786655
52.5652269007262
52.572068523484205
50.53766390600498
50.72004609921379
51.15553732258577
50.97741912272168
50.84696853419791
52.44814622234723
52.0208579806618
51.52641177663492
51.3771283070814
52.466167522730046
51.59877066799862
52.41430214152979
53.18087201735962
51.969911980866954
52.750819228392665
52.58583876132365
52.39122217550038
51.5092941244985
51.57937339396888
52.12475796257933
51.67893843374724
50.63787119157437
51.01021289627188
50.26140875864202
51.46484083314343
51.66182687413913
51.70854200806143
51.60030910303858
50.814635725647086
51.12852854363428
51.3524331166323
51.751202505684915
51.274191476469184
51.5237482034731
51.592716261087446
50.79234321489675
50.86380432362219
52.451774802943085
51.25944537501499
53.25218385757167
52.205895888722246
52.47874915756364
53.003169738522494
53.56079182238431
52.01246585734516
53.65055515496407
52.63860106904931
51.717393879570615
52.0375287395564
51.569574233801625
51.430960681374465
51.922489826314155
51.1434863389849
51.13940044466503
51.04794268149509
52.03244955433674
51.21903129158425
51.32019273680994
50.74815352913151
51.97250463777904
50.56162725068494
51.69567296868181
52.26895289459986
51.48560809189039
51.78494366319697
51.57969693485673
52.16554956234106
51.55962675043084
52.67151509062221
54.45007015910174
51.48065455339929
51.21196170820853
51.03608205652222
50.50850434636
50.158239322618414
51.08488934501509
51.31232956405868
51.98065151390229
52.858412661969886
53.45706057037154
53.15685594034958
52.93971456451365
53.09875232674287
52.44110096956276
52.218149107881985
51.45666909983554
53.346583973855125
50.642204151540476
51.446647936202844
52.367551490664034
53.353985077982614
51.37410355050673
50.85187195719729
52.271613953758404
52.19628114776664
52.48373037569529
53.57530005579946
53.68659434706833
52.691965361017786
51.66735955653489
53.83063282457568
53.41958513980139
53.19867707705969
53.611782558688795
53.4369259097887
53.13921908462631
51.7718401012385
51.56027963817035
51.434536330876526
50.791316454253355
51.49189970516547
51.951569967757294
51.35355905392645
52.392988219612064
51.67857159866846
52.40490432450376
52.238970200513194
52.36591643583744
52.15495122162597
51.07556506104904
52.13730784842137
52.53918806502216
52.676981052319626
51.79393445385583
52.21909768644154
52.74125834440961
50.886836769280244
52.94773254511544
52.11019641962756
52.158249607181986
51.85032869632447
50.959419434992036
52.850464949840934
51.94065220556367
52.364615649379736
52.95533367224847
53.46903430848692
52.43663404916642
52.55959583375816
53.23722602672518
51.945636537416284
52.18960938022455
53.99283063218225
54.59829729402045
54.01113330015469
53.67166890998786
53.40658005029888
51.409348475545386
52.01866191248642
51.48592305171085
52.98586995449077
53.34057292696609
51.98971739467723
51.9882409622966
51.92156701904725
51.361243758964484
51.19710358074937
51.16615388472018
52.72647614269987
52.9574895590091
51.88837684256432
51.57296834129134
52.10931995784053
52.33610089385791
51.77646514590486
51.45922436440679
53.649205102900254
51.532071003619365
51.52099535588293
51.09080374314408
53.4543892246468
52.1975041565083
52.196874830334856
52.029317339640485
52.49779406565614
50.29825485801709
50.71917780321139
51.47795236040321
51.746616890166564
51.53567231190238
50.87997737753094
52.514374099088656
50.96632888250568
51.309724918553144
51.9538510652049
51.135199549023184
51.22854102079127
51.761995455042715
50.71028287659139
50.872555253487256
51.82800176052799
51.62574466675012
51.920175491596865
51.32133432337823
50.972234099562094
51.0381088538805
51.07056242077284
52.69701794570129
53.695157554415566
54.09780079268645
52.398162221955566
52.669178096030755
52.94113935546327
53.56030493683391
52.999211486623196
52.684812732672654
53.13108704663422
52.77431273987182
53.3848985700469
52.089054839919584
52.72673052246856
53.06245099524358
53.14665132464728
52.005515285842336
52.90729009364457
52.050732753061354
51.519824354475816
51.637391358222665
51.162649425062284
51.349803307034165
52.32692995657917
52.193913985970596
51.94627089179603
51.595653565201225
50.98226668953644
51.572438775448354
51.780934045765754
51.02724561191277
50.954843332646035
51.937747838444764
51.721713677106706
52.161235356119825
51.131208374042984
52.219382707852816
52.17253386366501
50.94686144031077
51.57057447747782
51.36884797700628
50.79467305557066
51.69753494822105
51.253597067740635
50.087629435640835
51.47316357642932
51.305068446127244
51.55004450770521
52.26929747370852
52.05848107538551
51.505310038307016
50.80548760609112
53.169096785344735
52.57020009931862
51.35944545426442
51.79062740206953
52.072897040481784
51.525695878576755
53.02506454457776
51.519746628967965
50.93737628117795
50.94745433977725
52.24840578089185
49.90291583538526
51.11583099844864
51.702608216832395
50.233186530777296
51.220935904056304
51.59164054809331
50.9281584886307
50.39520227789084
51.18080127858273
52.1695028027647
51.07328945079949
51.28982423309773
52.406295019795415
49.763894645256535
51.64707694639275
52.20011501040953
53.08399107786645
51.43231137057947
52.86403370356909
52.73506603260327
52.977507785096535
51.82240425085894
52.35023782956782
52.53083040671823
51.36392904161425
51.90950317000819
52.11945739531589
52.4910281843132
50.66573207304564
51.97720600210813
51.728731256745995
51.2637674798618
50.34097769386255
51.93012086677401
52.142722287398676
52.474722742117955
52.1896955459009
50.38986476582473
51.31227856787765
50.92320477049201
50.45874320678686
50.194783539321215
52.14860996913077
52.29444995120653
51.46744564780307
52.492106534624384
53.133806996386035
52.07480110228915
52.31660167893125
53.450611371908714
52.29567308962005
53.10612799040629
51.853571434233
51.48649975223313
51.876412224370014
51.54990145510088
51.99035575214174
50.48655343698396
52.6935910933173
52.03147396162736
53.12312995975195
52.7129157546725
53.01675967663787
52.87773660029277
52.862591921934346
53.13320416489206
52.54513712063328
52.027863356326236
53.22646709064051
52.58471622802501
53.09565079321581
53.28145249113267
53.68753021858247
53.0038596041542
53.47521706275569
50.70288005485141
50.56208249720865
51.3531555615006
50.77124469536051
51.045820675444354
53.26109215274668
51.693828783091334
52.71648114019565
51.89135749652603
51.71906244992728
51.037811169076086
51.548536518671774
51.27168470683514
52.51593491683357
52.46076836764312
52.68753985384339
54.029381719569244
53.16564455134389
52.06902892553656
52.02776430710434
53.197793372952326
51.455590891867466
52.658343392556816
53.42112221056294
52.85812377989909
50.67265105752148
50.37855269861207
50.93609673498444
50.494582579603104
49.82921111706095
51.0396224759294
51.22370837767618
50.500970459355464
51.1544440578318
51.11120598904668
52.370807786101075
52.851538378020386
53.02766209965395
51.960052074188894
52.66559973686741
51.34718530639933
50.41581059295846
52.274040818582144
50.76663257796591
50.125205815296376
50.37143786546624
50.71893057950309
50.1812835955771
51.146237461415346
50.538796590517016
50.61715144602927
51.09944906140708
51.630003756907975
51.324448636143806
51.52357826342177
50.648324132434226
50.455519925557546
50.272103214743076
50.08235055426141
50.429373994144555
50.38320713225819
50.55319314682223
50.24917300043566
50.4600205243547
50.563163938752076
50.22959466340851
50.980204587577674
49.96225405684502
50.179932230239466
50.31121942777307
50.596760990175774
49.64083261540011
51.50110713480773
50.108617024297835
49.73372316168615
49.588584090516235
49.923929504052914
50.251949484887774
49.84027195073239
50.489806343308956
50.12668331075318
50.54903161383326
51.112921747983975
50.995768962246636
50.53281597649596
50.30507599767448
49.71005867973045
50.140630350674584
49.68333260067315
49.852887249406066
49.89747750332384
49.75638273882922
49.84128227835534
50.35422901959533
50.17118950668841
50.43181975154095
50.68696745776012
52.09355658507177
51.09282300701729
52.03237035174377
48.528598599843754
56.79235936842253
57.120383249842924
53.22958682985582
48.02469488402798
55.1648863649681
52.96408658832959
51.332347526225796
44.38579903561681
53.980860564327216
59.14818480765217
55.90427730736282
50.45056459108766
52.71478997844104
46.667925874472296
45.52292639950356
45.62280462724169
49.81935088563178
48.15395485785699
47.34040449843724
44.40641883113212
50.21883319553744
45.91074088894909
42.57255736797411
52.4196690189714
53.79426783763127
56.03878430202661
57.08223276819617
57.16155077686428
56.98244431671246
57.19783226125771
53.057407588154284
47.86851274137942
56.84955618087709
56.25544399416729
52.65936719953646
57.081460550545444
53.538062398600665
56.3241465090209
56.11816447582354
53.84599107550079
56.89261936696132
53.45656775395442
47.43176862073804
52.73631732612437
54.55267997363956
54.64383904961348
51.321002095410414
54.020017212198546
54.68897767867605
52.677684937811925
47.35300797255326
56.305824024089596
55.39430605896197
55.85155051924172
54.99660079577435
51.819964231367486
54.917005087043435
54.50204654406453
53.950688149036
52.85893905978339
52.99630256446974
49.36803488727195
53.50027385003043
51.69518216022721
50.70959261395241
47.78664779708282
53.05585374701779
52.508542282973686
47.472632749714855
53.9110681403678
49.911756818569614
59.460587990158594
51.62991658235628
50.98586803781702
57.558621573046985
57.137612580376334
57.49608112579481
58.16441495450323
59.286968116825435
55.76992013120963
53.27196216569938
53.75167018025322
54.64345362819914
54.38110704802464
55.65868346387522
53.5020511817266
54.676352780242304
57.11940261981127
51.61069047241197
52.44431133726545
54.92101142155902
53.35888128101977
53.76013295108539
53.340758328888235
50.928210034390574
52.50647149718635
52.48588915070408
51.48712103550302
50.63110015955515
49.893316627904944
49.375565607097414
50.41164234442544
50.07069936597114
49.32119727554326
50.208386621502996
49.99388690814566
49.65530000041339
49.55491739004408
44.85954066501106
51.36947279354538
56.10858590892653
51.40525915931321
54.77239890425326
53.80312745131099
47.83986271267167
48.277788274001
55.19799807926282
54.19226522628629
54.42932300165381
54.46689649392094
53.24994751576339
55.25771380807202
52.682527523556764
53.20595571664681
55.17443639722476
51.950875508568586
57.263898623206
53.39459316306898
51.478734537918626
53.831091175336624
52.033189346632135
53.32248863403737
53.55474070360746
50.9083502387407
50.65682174048664
51.86730795066298
50.96727728206681
50.8949392054567
48.645612470045236
54.201743667301486
52.089508542949815
51.86947658020412
51.93584563902843
51.4793886305356
51.858720204414404
51.532111155025625
51.78227806619354
51.81007749385773
50.67648484822927
45.704206817588386
52.431458710203906
55.15513430682364
52.35491897044117
54.19281619534656
53.6636019024002
53.54093673548018
53.942920612745674
54.80756000729877
50.937267191208505
45.46441243832639
51.9956484554643
53.9008876290494
52.28214929449652
53.182725870688365
51.27006387393449
54.044480804882696
45.9809382414655
42.0958138042876
51.035261940224665
57.9425410700212
53.00592131837156
47.526376568940826
48.06495893768215
57.75346730351615
59.95447733556206
51.77712912329376
52.34076205395451
57.60755794838231
52.71616772692548
49.86849087496157
42.66429146328741
40.05257656908667
39.196518447172316
48.09156481064088
48.49981480180782
47.4185154821513
46.549746298610344
50.874109297407884
44.07250739448282
49.424694517256
45.91610325603193
57.76682596110458
58.867243248582966
58.50696985674299
53.70610616734271
48.24997576671114
51.41965527856513
48.62502138431576
48.0222286768087
50.75491573625391
46.10392782711688
44.0873272490106
46.28629773608482
56.44121962867887
52.75789856198627
56.040239627225546
49.72037191263875
44.75701589317572
56.26827857529039
54.437098783055006
48.77368780535205
46.24783221737331
42.33788125804475
38.50711972752438
55.01830526578543
51.625027059468046
54.78138597848774
56.55522615861221
55.190178531644705
48.49328898827873
43.56050884254618
53.58025571939318
57.6403699982523
55.41966195901696
52.33340478432743
55.38475184763067
51.805944120379756
46.33917753632418
47.752791792130104
44.682455183006105
47.998966248188665
45.68494143908104
43.4508156753126
42.12121295001469
49.7114643617442
54.642278240722526
45.831723007722104
47.31484938186658
52.138982825382385
55.93571135874311
55.00569809135291
53.25040438061449
55.6192365051205
47.85161261256752
55.41369353988464
59.03790930209574
55.95202043161582
52.029171128005146
46.58793389351802
48.52981073545281
54.67086575195006
46.1981167177721
40.56990385094575
45.28246309201873
56.59916060385678
58.79826125109601
56.73530398802671
54.6705397640887
47.37183248389284
45.24120958347632
53.8579222292303
54.110682816472846
47.82899428080308
53.93931616516397
55.00526025196401
50.64918432981933
56.95542520984656
55.41396152559258
47.9358331851066
45.90404439504768
45.35919149829008
55.883290159862625
49.91735402177332
46.20352282224312
45.942873072419246
50.78901713479306
50.267070720570736
51.04637480665381
49.02813950718638
44.80596301027084
56.24983606577147
56.22882206679374
53.39306275187018
51.80385057394739
55.80397209611669
57.35367826176029
53.73527699960865
43.60620995177771
48.51087898711707
56.84852718241342
49.29408875106402
58.2087786349112
53.077717717571424
43.36334230701786
50.66673606208335
55.50188032686048
55.893429705637736
49.67072773690916
45.898421543962925
54.74175315050777
53.42918194664193
50.58643740651623
46.78107644417449
55.54059115132541
57.7245594845768
54.07709612070904
54.268781201278145
54.17092000351593
54.96268186567276
55.924952376906674
53.18481433788751
52.730319830031384
54.52793571855702
52.35840877275183
52.66885853452411
52.138626756447614
52.40671106393977
51.033496986874745
52.16210471032055
53.21031052182188
52.42776276098499
50.8419448241117
53.27616174264378
51.37237291486924
50.32377871419296
50.458228474151696
50.451116305165726
50.404379736298445
50.524114972670134
49.343376834974144
51.37155248607185
49.86015727077213
50.2817146352303
49.28819303218213
49.072255835111434
50.25777075958793
49.29030730397735
49.706712235725746
50.06378448285155
49.37435757064632
49.134334637567534
48.75711855059687
49.061053191222776
48.2624925552677
48.47223569292739
48.66601810814478
48.78206909984781
49.2600838945004
49.69554401182934
48.73394156334533
49.56621782913082
49.11899054365801
49.54456275693441
49.78865133782071
49.85689993804457
49.21978468085976
49.03451167918021
49.504251411585386
50.004943549945985
48.89596163208873
49.48399454778004
49.230346953388306
49.3364794970964
48.88785478370411
49.875322203433456
49.3320437762933
50.303305430333666
49.65985892291869
49.38426678790678
49.55744371649258
49.37624176189219
50.079735766884276
49.29329906457626
49.57665712970836
49.66760568294285
49.32625727276451
49.824019469003616
49.0256144970686
49.01068290328133
49.39293292615415
49.348143269436726
49.64476506250555
50.48567278287342
49.56982640120908
51.75700599081292
49.45592685908752
50.28517754244116
50.872157664031775
50.69925854887655
49.37559438806316
49.17350631060081
49.87857176064515
49.618621348006265
49.35689523254194
49.391568941464485
49.12380914099198
49.15295056406567
49.51939091424785
49.37707857548052
50.21535819689348
49.71300765535189
49.20094595945398
49.371813815326604
49.457301383492634
50.2263268875649
49.93111663457188
51.19560793936355
49.44881477304124
50.948018052633195
50.04468331158094
50.06483738282747
50.791633382971774
49.71045444906711
50.01358585799042
49.4426818222478
50.052583152517336
50.56190472428465
50.49170215301281
50.68942527871388
50.62363063699331
50.00234799734035
49.69347244103863
49.27348365181826
49.50556421343061
49.32342798093662
49.152559022350054
49.57196786659727
49.63755638388322
49.327819405163176
49.27193098867923
50.156441180714026
49.219268224444605
49.50658030847919
49.78868970797423
50.125309753440504
50.686720084188124
50.997830382793055
51.562665077498
49.572204747239866
49.35068072640691
49.96089250544692
49.38187460195399
49.32806239576128
49.50680236736951
49.628154584195215
