260504191940.02295
20684160856.4335
14301537192.957043
13530739212.44853
9468347709.99063
9139265252.097168
7672274349.195444
9362839455.707088
7893784943.751836
5803150253.701392
3893198270.119146
2744320865.806754
1093815956.623363
264826596.00568086
276102909.7387878
388062826.2421801
314548273.3283917
7491358.16795221
386990076.39111245
43082546.39964825
139100354.37491807
20938695.344110705
5991604.899808081
7358309.639955138
425395.6353476442
19721094.165040277
13859986.268776078
2835653.1979754297
574683.0464627934
2189342.1318736514
1179898.3857610193
