290617813651.0133
20272480087.46615
15319069433.357426
12751310203.711056
12131626674.807024
14240342767.830637
13312364625.352541
8314541734.097643
8312005653.164165
3520893609.2065935
2688460029.576988
3064131376.5695567
1224065130.2573721
436579845.81904584
261781396.4956295
16279281.67105377
6576629.466714552
272586.4635561876
31849.462806345233
1764160.7862682738
422141.2979468039
57592863.26896491
20994286.552575
22692507.377914302
14428819.876529178
4064537.470737137
11068888.163372878
6418866.613321904
1631234.6234472569
4266660.84507449
477210.268253385
