247245870350.4291
18035230678.992188
11771601331.589247
12459510695.743744
11524414403.350878
15810780443.000402
11260645110.63409
13163236721.749622
8340927383.795588
5881219175.895763
4122401157.023937
3029930510.334994
954421756.1900396
928431588.0479196
1006331698.9169573
62620991.354683794
278524.07264146174
2156076.2636576663
349.706660894108
485.84316990565264
41671.245552963475
164468.1232827239
387866.51010965894
1325427.2900187573
1693448.9466371008
348607.3177701159
620738.8204662424
57342.64673653957
76379.86545956242
5495.310051870851
340512.3584886943
