289202105929.0823
25506166174.2419
21945100683.706467
12840710910.961506
12449484564.46873
9763380830.30819
12163406771.32791
9038881794.274412
7833999350.829257
6255308491.552318
4925924055.981112
3032082862.0871553
2641834585.8931866
958686700.0206048
189702773.52630493
27538000.63430968
18798908.172118522
319479083.22748506
54375431.21718989
16956.66175018415
78049.20855720293
41140766.17792113
9243074.495889327
72044695.8481333
37189796.477714345
35726775.70215542
68814669.1008431
68606888.43292286
18719168.106108654
9319010.697558098
1649766.005103499
