293709694319.914
21394430707.23649
20741349235.701233
13291686833.1339
10992182355.933493
11474209910.556614
12315151409.628658
11196165017.921173
8113803075.246445
5605833247.987371
2936318795.6340203
1946880868.325625
1467233736.51263
568433507.8934491
165026088.84327784
51265413.9666348
1733258.2493751657
31400.766420296317
36712101.8624327
94835954.80488433
121731266.30629912
9917635.663146926
183503452.80568424
47215621.28250988
2966086.0455265585
91759998.4033576
16927811.31248904
13520328.768360112
3736348.5933046974
3463512.3620519624
5413110.634177577
