272016733102.36563
20068453587.790146
14994004126.253607
11694013906.273264
9956058677.520802
12913447230.40842
10731767592.290155
8605393590.366108
9724473853.988493
5028636887.733716
3544961619.5782914
2925955530.7000036
2135893206.4563382
480289125.1509862
127805317.96311133
14673149.976214055
5108637.432465712
18227489.939863916
55098276.725000545
211574091.53170913
184776430.67922643
13453338.357047418
40236684.9517387
18021547.20037194
1019353.8318405455
2820923.644403645
620395.5269385227
888236.8433649071
327821.3066269688
20406.818900189497
102801.40134142191
