279102150373.3278
22577469170.03881
15661588275.262844
12444616795.998838
11490606235.657711
14584409646.003021
11328936745.498415
9951108419.979446
9030912739.762365
5038270705.787863
3507879829.0157633
2770099760.879316
1985100122.6348214
1034360542.4827578
141927383.36898357
45954511.55389272
9042880.581518011
25586967.759400465
151838977.602795
24914550.405059535
9713597.25082743
11856435.789312463
10022896.291676376
2929814.0451772767
7894431.30477559
30618001.539706707
8397587.313834678
2109722.216463996
269850.3901100711
970785.6641460238
6915264.634882472
