250502300527.57114
19066341013.2104
17689292662.892376
13691290771.84932
11017970579.135056
13628054089.337431
12719617653.602303
13907197322.933783
7892337472.506006
5871359910.657245
2966745206.126478
2481617079.015432
1315939576.7436342
474275808.0649246
178761792.32217124
236732918.9075489
588747325.391441
130482747.57706702
52942456.17284816
11101032.838211983
15122.531080043922
7462.769958179937
16429.35953017108
302815.8049292933
986182.4483047345
3913503.1100248694
3020145.097580363
10405961.303421391
2585047.7140657986
114189.70853619992
810258.5816412189
