266293840771.25677
24404446476.6055
15536645658.663538
13826509434.922998
13985006110.534946
15398599629.47253
8906637015.85374
12711094495.572186
7282586701.399576
6516759669.496656
3894687748.834726
3358963295.538227
1500129844.9885182
1206933741.5290425
316633560.1997553
35836378.64713763
401083.8848193489
1819820.6012594928
18358813.395605944
5106765.092769223
14892027.236945346
246544444.54865703
78008964.60601115
33756566.771330506
3709272.5151209002
13066262.850640133
52732.379925227826
171719.23550529583
140324.7885429891
121928.0068772011
56744.6576642921
