261705500657.33478
22774530490.571518
18886737403.46537
15009731221.705713
11139448369.062208
11529573879.954868
12353204303.496162
9122955442.162315
7553191696.575632
6939543370.97998
3597563734.2637177
4062294710.479904
1961243589.3969448
1254336701.4939437
852576542.0341403
165798966.93667448
15384846.260225743
17917810.74466038
57964940.8633767
69757273.49742253
36515352.195130534
24500588.98629514
15165107.932687322
124049331.60601787
311255225.4137696
159137150.04664522
49047305.399861746
118549105.08359285
21075134.665494762
3759361.606898102
13078163.381979702
