260178003437.9333
19283908926.65084
18048104642.32775
12519505483.581745
13120824106.407955
10652938616.598085
12001528498.080303
8245072987.551877
8159828999.39868
5456178095.0127
5108006876.126626
2518642461.584363
2039223051.4719605
860814561.9679779
162737246.90403867
8995648.827960592
670306.7664804325
206059060.66385633
429636438.2331904
63714998.04448207
38269331.4746723
54168703.83723599
13033321.97470475
154234371.04326195
33222011.107046418
37001464.35417247
28866942.42828142
1767568.531861884
2399739.6284294515
55990942.53664108
969090.505016669
