147012797773.42813
6041761094.11781
4321251156.696951
3005873306.462871
1892165743.8825808
1750837873.7108538
1750837873.7108457
1750837873.7108457
585653355.7961489
585653330.7023245
301219866.42621183
210140018.94954714
89240939.49357876
15084627.94659871
1549215.291205466
84852.78762315995
4192.311677754848
565.6245375202315
465.4751712575579
465.1496534235827
457.3682679367143
447.2230471247087
430.53085054072994
366.9974028200622
281.95847887570295
231.19650359323163
222.4420737681941
216.1623770547732
215.36320874374803
209.55856960962
207.4878597443726
