144614828626.22003
6480834483.329418
5526775992.858916
3019670601.378295
2352322123.213346
2181244283.0821915
1991744016.190855
1991744016.1908498
1584862764.9182909
767307716.0103992
439243096.5556219
92547278.83252701
39595185.369490944
11770337.685220383
6809277.908854719
660548.6467531417
123055.63017315474
19496.472360196763
16304.490048428986
16287.027536619898
16089.886290182409
14280.470322328842
1908.7904509737266
326.2827066203119
324.8809471848261
315.9293770260314
308.46143522536164
304.29419211015056
295.3866966982266
274.7121314892969
248.35414817123467
