174802900393.17706
6548003999.6342945
4681672928.010477
3038728477.5804563
2089677323.2287881
1803854585.8385344
1803854585.838534
1803854585.838534
1626694820.206123
279532831.6934702
105332876.22030607
62813210.54373237
27015055.720287237
10433308.161448281
1317913.6800748736
229881.35332554285
31385.289796282555
301.17414017369606
263.6114500981147
263.3225861540887
260.7300954347598
250.16621042731956
241.96518398538493
215.65732986067323
204.98991948405697
203.8460033685321
202.88437799574615
202.57605689427743
201.54945694941614
201.41409893873438
201.14053579672725
