171569617976.8608
7607987372.620598
5496150202.943012
3402998200.846625
2623980881.5106125
2055937141.027226
2055855742.2785878
2055855742.2785878
939149910.383484
939149910.383484
331900363.75067425
174654321.51753682
58295492.86996456
22171519.611991357
1660872.8174829576
160035.080386871
12591.741770136781
7138.70324275939
7109.93308945373
6979.886522469354
6175.82167108964
4889.001742550107
1813.9005805635707
1532.294743388159
1368.850753666842
1095.875357513018
1069.8798101922462
1023.6785254814922
753.6487694747907
413.0584026509141
310.9579865655659
