147156726823.12988
5561612460.642508
4543819324.448264
3465776051.2036624
2811105545.0775666
2400838979.402084
2400838979.4020615
2400838979.4020615
1215820376.4526997
549417502.9517212
171394720.92472792
55388864.36151294
7832988.1028470155
2652855.911144899
499202.2784316103
88288.81957033154
16984.793704096915
13765.10045422742
13563.221759216194
12424.818686124994
11966.146793048076
8335.348948793267
8032.882410473368
4616.733136062501
2232.803398726031
1283.8575978474191
1008.8528385644734
963.8616911388488
951.039101963362
931.9337367565397
866.266159123791
