164308423547.22885
7315373600.231532
3760485773.560845
3049221255.5343776
1476095291.8543391
1234942634.4476302
1234942634.4476302
1234942634.4476302
750210148.682449
480154300.2940358
336401122.56673443
182837344.76066506
50722124.18481776
4367809.253053051
325692.4755801524
50810.36121437051
30391.304766158475
2626.249094443135
240.86720689675593
236.1993990797914
235.92873024468776
234.96183222959846
231.94788765298972
228.2321700232783
223.48000878451404
218.398548437685
210.6902645012524
202.88383353473495
202.54645256096282
200.77100989963293
200.46615921266735
