156656.68038704124
3374.7624235400267
3048.5965792663183
3202.331259523558
4272.197711750715
3300.45145607799
2568.8574245174414
2666.762186242936
1557.874640504821
1523.3225674879643
1472.3252404966165
1114.7850607408
1261.973811422502
1131.0053419145029
1117.0798575712506
962.3585762187855
937.3624266268287
833.006390793634
689.5032400941946
626.1011339298044
680.816932036378
623.9983586768027
500.02349463408274
537.5504196540089
452.9823511016739
453.3286491959643
450.03960948070943
432.04265322209733
430.14564112751043
429.26363237495406
434.05494736373004
442.58277316780885
436.827972132049
436.23305455645624
441.57823228160817
453.03006775371716
446.4177403222094
442.5378368175428
455.3447624257806
473.4646042489461
455.7486018768944
469.4627719538565
485.40765217571527
461.1695165631134
482.14594974155295
475.05540840272334
475.24115913801677
473.6144948122599
497.080408022563
484.67552014019356
474.3943817761036
517.6157097466673
481.6731037132589
468.9579381724487
474.26063809188645
477.57707112623876
483.20096040798234
459.7281820604303
461.93933219729314
473.41329273899436
499.8325696169535
