176898.63571727945
4097.324033233618
2907.8372205915393
2877.377792465023
1956.1850303126143
2140.861819516885
1775.519625709642
1990.136930593309
1741.2551304939054
1521.2476575197693
1221.4837855969695
1241.017671770861
1079.3086485527306
1119.7346783860464
1096.5928945018188
1079.9473582264768
823.0333356359772
876.1733208435014
704.8529907098344
640.1977114168792
538.2037213670528
490.3933467259144
491.15520876001756
494.78785824597645
443.0553372510052
436.6242132039637
433.5485117621667
430.1822020680655
427.8057985079137
427.2416419381333
449.2732267527705
431.09187937261106
447.78123177624946
433.5629023726724
439.6135585035042
437.1158979080992
438.08527086781544
459.13092360532573
437.33280955278605
441.98465614616873
460.8935252657573
463.61283827535107
439.9394386349768
441.3795475084929
450.27684028595604
441.6079779721031
434.66930937727574
439.2096136161816
432.4175205427764
435.4113197061174
431.19106304860435
441.9661178561879
435.69400916910337
442.2932642517247
436.1902898151603
445.8380929668181
438.9883755668473
433.7632949948602
444.9318237333394
452.92960120833214
434.87190566594836
