122906.33598526244
3891.3388996869753
3202.5385311460723
2560.686497442569
3242.9110131036596
2426.8426964083046
2401.5308891995164
1963.9172252211222
1589.346828536478
1303.9387429333888
1406.8132940825094
1171.7350515635424
1224.3888712113078
1209.4449570296924
876.4232648689591
1108.3093309284413
832.5123059347674
712.3330078769872
694.7842760481869
681.0502978348306
678.9293583980295
598.2167496549148
507.11455028953503
540.9633403086656
461.08461208240885
446.79941694256905
438.39061676165466
436.9988265324823
431.1046982288641
429.605156256291
434.8832158414922
430.13977176058626
431.1357514973321
436.11317843132065
441.7879966868824
455.5259939082509
450.27474411828064
449.82302298656094
465.6419271698031
447.7721109051332
450.11009565712385
469.26992494441174
447.85041840098404
453.59255361330645
461.723217318742
458.3980351178984
441.0647400901802
445.5809270012316
460.8507997402693
447.53274389845876
519.0556562864316
462.5405465978254
449.90375831404907
462.58726680049995
472.2313849786381
488.0215637146707
454.1563745907994
499.5912518523135
446.63009825395056
455.9869577461651
461.7228327671922
