142644.16905048752
4951.571953453675
4051.7183768070054
3345.826359664202
2119.6647305053057
2783.637269409677
2496.9654969508892
2548.3072222494316
2312.953150812952
1669.8003217506998
1175.188982693699
1314.9138142743554
1348.3254943465947
1041.762354988648
984.9415929394493
876.6070928319314
812.7380552194403
684.1977156974741
703.5193038775207
583.6215661746745
538.3680115724673
540.7858371328831
521.9673773491003
475.93349580918414
451.5084715604059
458.557260891026
449.77867730419183
429.75522231017703
429.47469825966226
429.3968977896915
429.5431549442268
429.5754785993642
429.52835884742643
431.4048980560643
432.7833900369243
433.8144859103674
433.97909023511465
437.31642370084
437.31701252799013
445.02872074808266
443.2917356831296
438.9965707198924
442.4393141299639
442.081668498913
469.9389561287209
453.4443318318273
438.22120447330815
464.29871373361584
447.4151406339021
457.30084816307107
454.4947554600393
455.1950618333035
461.5649716373606
445.5082500568492
449.0239113249186
449.2957299515423
453.0403074679052
467.42110580206565
457.42563393155825
460.09868441593443
438.3126921495391
