177462.44676791196
5294.965933197389
2462.3477328464996
2556.3089938316084
3039.110433012732
2568.8367844832947
2645.851746801822
1902.7899783639555
1270.1049134992763
1460.1269779169124
1369.6595258780865
1733.8838933563857
1356.2703393408494
979.1389405236553
1056.2404036080834
977.9530061808302
840.3013804339258
826.9388828702743
743.7945517850591
684.4988624290947
561.5273091733145
645.7352664827001
513.5594528888236
475.83167966135005
439.8244559431343
432.620377709058
429.1603031425019
431.6506198216624
431.03717437087755
428.42304630445994
429.4480839055178
434.8847161409782
431.0678131542858
432.34345966850526
444.97508395612095
439.9496698844673
449.96184986582364
467.0277028821009
457.9343416530513
474.05601944947455
446.6116922567965
468.5606240301502
499.5061482846962
474.1495934493893
459.7009306812123
464.04153061635395
503.9167063946975
463.2166462666493
465.71965815084667
458.01412305291706
449.0115694910479
452.30808907167074
450.8511535649075
455.14039787651734
468.62781908806176
462.0673948808777
463.10196073244776
457.92586089418245
466.30457225623786
461.5259234398036
456.7892892998178
