155685.21084955308
3703.1614735165194
3279.7453111355608
2934.624738485509
2342.1099633884273
2253.6401681620528
2590.2652840721794
1938.0962614888267
1806.9922733494368
1455.3537244792703
1414.559468925388
1329.6695503104297
1451.0628407550591
1201.2516345474978
1237.1686250972991
1212.5400703461407
1309.969614185699
999.6685229473608
1461.555870881693
933.295336331644
857.6223432145247
982.0956796577204
855.8523670817865
664.4938065474929
648.01602087684
653.7785492972162
602.1346374995358
587.1771728259931
584.8369842770356
564.7209858281818
577.9905913986513
766.4096143618585
728.138179053852
536.5322081720093
536.7745861423516
574.2668692337231
528.0858122632369
550.1025779878878
557.9677339825437
474.36265363281734
539.4013912671353
527.2234993797648
496.2895048608787
517.950033866342
582.0293057482587
525.4550503507741
508.5156039693023
590.8575144973495
496.91126027493175
514.607960697038
552.0761617417434
536.7558231529067
508.33544280600444
502.8411977310431
480.81614822828243
517.1235421450394
482.8394625158179
490.1750500897671
485.228170089836
535.7934407032395
523.2564414332962
