131399.93960146038
3043.4092078820586
3703.445194178402
3487.849588940342
2315.1696383608487
2303.094171608111
2186.9638703612172
1951.1955890108188
1824.491298326207
1358.8757995639662
1921.9799690007058
1091.3308061407806
1367.5326018635599
1155.987710708708
963.0558716800276
771.1024589193133
892.4976994176775
813.204074582373
825.6261561579388
824.2463540287796
755.164716980505
657.8000855338294
537.6684901552155
562.6576850790973
515.8783598140878
501.9494111103806
474.8866893510949
451.3706885536888
434.8607118192858
435.8556063701084
441.04660649144597
436.72967218112706
434.4716542158797
435.50072605241223
448.32926695119284
448.23303972000787
440.50462792992823
459.991144784696
477.8606734857485
462.07508474362976
449.4921041994122
453.08635144295766
458.151788374639
443.32044650850673
456.5216359297343
465.95694454898546
447.56951970175123
454.58912734509204
480.1525480278836
453.1342739032907
449.12105914482584
452.7295362040487
463.44325077104685
459.3738030365754
436.45233108384446
452.31019353564716
451.8015002298098
449.16496164197713
452.2270106222638
438.9062391815084
455.77381081139845
