130942.1156590695
2988.5896315599916
2701.74912245361
2706.9726271136888
2341.905794388392
2348.4425476108117
1754.0163372718962
2876.1094416325386
2073.6957905934546
1382.6302789181163
1447.8078086135429
1027.7744864985432
1296.2175789586413
973.0562580606327
1092.1303571942783
1126.9279282211705
978.4934590565841
847.0706517929787
857.2776727344423
625.575442891924
778.3277825946332
609.8868943396841
497.7075266809414
495.0525610042453
494.04510639695684
478.3059825489954
437.13335380350725
433.8684052893468
427.911976942589
426.2898962594025
442.35383496155384
429.55973608227504
428.37953870471375
440.99880095139343
437.75616307797145
448.3750162737121
466.32186459034466
439.69180693615056
440.66276830382355
459.81070473497937
493.3069358952256
469.57350557341726
462.17980849615924
491.3850577970563
512.5029221552538
498.0339452666235
465.06564947818634
459.1059758439263
465.4412255089711
456.79143316072106
463.3971134242621
511.6771131555929
467.05029177270444
470.295931187857
455.1878886215101
478.110294440043
463.7059185889434
483.0617415466312
456.82193361128566
489.758445074268
472.6605257691166
