42295.05212598066
1121.7477189695433
961.0885982494624
890.8199230923126
863.2363746565292
863.2363746565292
793.0690941277189
673.4562751220229
671.1829172080322
671.1829172080322
671.1829172080322
671.1829172080322
671.1829172080322
548.6750331717096
543.6057684197428
543.6057684197428
543.6057684197428
501.88724228735026
501.88724227533993
481.7196711947802
467.2349143250751
460.2716551281334
448.5764778245109
436.63991024172554
435.2560556873238
430.56895313417664
429.26203986976844
428.80491627812626
428.51014589361534
428.4231943032593
428.35499473696285
428.328473187431
428.260663263571
428.22695864849845
428.17193713236554
428.01017286707406
427.88155086795354
427.7624472097974
427.6964896578128
427.69615524441537
427.6252934721574
427.55429603869544
427.4922655446068
427.3975636372202
427.3911200269607
427.3910997051594
427.3910997027522
427.39109970265105
427.3910997025668
427.39109970253
427.39109970250297
427.3910997024475
427.3910997024259
427.3910997023835
427.39109970235506
427.39109970230123
427.3910997022926
427.39109970227344
427.391099702255
427.391099702255
427.3910997022481
