52973.80015709246
1197.1775318173313
963.7506461383043
888.300306213178
881.3216068946908
796.9730439816037
699.8973671456421
676.3893644382197
663.155147414438
644.1226610977095
635.3749830013127
635.3749829663625
635.3749829663625
635.3749829663625
635.3749829663625
635.3749829663625
618.8238621606366
574.4163357036621
574.4163322448653
574.4163322448653
574.4163322448653
507.49479454370476
491.29747328232446
484.06072483178605
478.16161830535435
450.95397833823426
438.44532824640004
431.1996202375116
429.5464445763682
429.3164622929133
429.26640341272537
429.23170769682764
429.09261487715247
428.9798057384401
428.4247696237116
428.12753945640895
427.93182142844074
427.50377657652933
427.33404622249077
427.26506067424975
427.1734086677132
427.1101347813739
427.10704918423306
427.10704918423306
427.10704918423306
427.10704918423306
427.10704918423306
427.10704918423306
427.10704918423306
427.10704918423306
427.10704918423306
427.10704918423306
427.10704918423306
427.10704918423306
427.10704918423306
427.10704918423306
427.10704918423306
427.10704918423306
427.10704918423306
427.10704918423306
427.10704918423306
