39494.272684387644
1191.9325406445653
775.2952032145674
775.2952032145674
773.3113432920449
644.8849225743874
522.0146730877578
508.53045047516986
501.13648809221104
491.55635635415405
491.55635635415405
491.55635635415405
491.55635635415405
491.55635635415405
491.55635635415405
491.55635635415405
491.55635635415405
491.55635635415405
455.58502573494036
452.0534644217207
447.5542152553436
443.98016929092114
443.98016590548013
431.3022207320381
425.7955044255472
422.63764977550363
419.9747144546296
419.2985534879563
418.701205526803
418.37410500378957
418.23082393257596
418.1309599382549
418.10191606985137
418.095294306166
418.0374708735069
417.9631916525678
417.8684065759339
417.81376994710047
417.7352198523556
417.61735334743315
417.5259123830252
417.4436875707019
417.401684624581
417.3015848424599
417.2019864325661
417.1729835327133
417.17126932569727
417.17126932569727
417.17126932569727
417.17126932569727
417.17126932569727
417.17126932569727
417.17126932569727
417.17126932569727
417.17126932569727
417.17126932569727
417.17126932569727
417.17126932569727
417.17126932569727
417.17126932569727
417.17126932569727
