47692.92084475911
1315.7499827868737
958.0936398517484
923.0797029742097
923.0797029742097
744.7385901555294
615.6722261636323
613.144157381314
592.6989634478141
582.3198875666185
581.1464410195597
581.1464410195597
581.0126517167123
581.0124072588369
581.0124072588369
564.6590982074118
508.0786405434839
491.05320618143776
473.94736329296893
473.9473632929687
453.07852430433627
444.0221483216535
438.8036991983609
431.4256155243769
429.3152512497186
427.60658175089367
427.38132081056125
427.25185672818384
427.1217252769827
427.02045010465946
426.938912751748
426.79441963527614
426.6616424523447
426.45800964204494
426.2638338405221
426.0994294375821
425.92886392313
425.8306330992494
425.70327329431365
425.4295224772572
425.3088745477014
425.1147873157768
425.01121318412004
424.84708808163595
424.6074761675229
424.45485368441746
424.3095083945642
424.2209454624751
424.1805414022557
424.1760294453802
424.1760294416476
424.17602944139463
424.17602944117766
424.17602944108904
424.17602944100986
424.17602944093943
424.17602944085337
424.17602944080534
424.17602944077663
424.1760294407139
424.1760294406417
