40755.948479791856
1143.8054946859438
971.5959255590989
836.3464026978587
831.6604668806831
679.3730056233718
592.8127647090964
556.2287910214478
498.73841947695627
480.9066071777751
480.9066071777715
480.90660717776825
480.90660717776825
480.90660717776825
480.90660717776825
470.81270818644987
467.8927272298997
467.8927272298997
449.75622402773485
440.72166469185964
438.0805324095811
437.00427757201055
432.4210780923796
430.3656573730048
429.3693847144221
428.9911193867593
428.76517056717825
428.5862964620409
428.3114307099143
428.12183613263977
427.97394522056896
427.8277463913054
427.684935568246
427.3547007993693
427.2000053766278
426.9959194655453
426.7894187029544
426.6157753188053
426.58902429451825
426.4274011230911
426.20338469215534
425.99732962566924
425.90655657096175
425.7680883554062
425.5130834355442
425.392462723607
425.1938934931213
425.01629464466544
424.8558466241275
424.77584505786035
424.7550754888376
424.75507548883576
424.75507548883576
424.75507548883576
424.75507548883576
424.75507548883576
424.75507548883576
424.75507548883576
424.75507548883576
424.75507548883576
424.75507548883576
