68992.01161167704
1326.4657002972858
840.1621095301034
716.9816517845004
716.9816517845004
615.7556699612703
613.6266938806548
550.1394466454246
538.1818894227125
528.8612235652129
528.861223565169
528.861223565169
528.861223565169
513.0112558284789
506.97488318937565
506.97488318937565
506.97488318937565
447.9582130901807
439.84960457604694
434.97221903329444
430.9614807812591
430.4749677581074
429.336895791594
429.0129763063568
426.95354690790776
426.79583036087695
426.70612858069194
426.6600756387476
426.6126711682603
426.5498972820493
426.40535011568494
426.2715912269689
426.2403710152641
426.17875336302103
426.0702208856048
426.0387308001215
425.94594574184356
425.9233658257733
425.92253693864455
425.92253693857316
425.92253693767424
425.92253692992983
425.9225369298514
425.92253692964823
425.9225369295899
425.9225369295861
425.9225369295549
425.92253692954574
425.92253692954574
425.92253692954574
425.9225369295356
425.9225369295356
425.9225369295356
425.92253692953193
425.92253692952585
425.9225369295184
425.9225369295184
425.9225369295178
425.9225369295107
425.92253692950163
425.92253692950055
