87382.19057386223
917.1877696396607
917.1877696396607
891.866027548587
715.0883793232897
644.5480017317387
637.4607080440991
569.1975683336924
543.1278844933619
541.4297203750585
533.1803512877211
533.1803512877211
533.1803512877211
533.1803512877211
501.6137590914178
495.71337103464725
473.6940716289556
463.15685980173896
453.46495151018337
452.3074705986505
437.7533843051113
435.0087436218447
433.1619787169348
429.53485784460287
429.2167712311778
428.87679285356086
428.4225942570539
428.2565408740983
428.08404329852596
427.91051031993425
427.8105176457194
427.610703836071
427.4140405180929
427.2888933494045
427.05768591537395
426.8756472315334
426.76972928250257
426.6133920719948
426.40543121787226
426.309901479416
426.2423319040942
426.21604459528976
426.0769231356562
426.0050534324106
425.98398731030227
425.9822507147628
425.98225055909245
425.982250558062
425.98225055797195
425.9822505579518
425.9822505578897
425.9822505578178
425.9822505578178
425.98225055781717
425.98225055775345
425.98225055774844
425.98225055771974
425.9822505577156
425.98225055770615
425.98225055769865
425.9822505576759
