659.4446451032011
642.5279252624939
642.1710600692745
640.7201483078169
640.6194401926124
638.0627142421005
637.6073204752249
637.7353259632349
635.9437921584289
636.0550353556139
633.6456898617445
630.2430649681813
633.2045129647627
627.3525228700421
625.729357908147
624.0808988527226
624.0332463031231
621.2003109455338
620.0347170192703
620.0967516548147
619.2323960010012
619.6620895811436
619.1348342782327
619.4148096412689
619.2093339129624
619.0533430097851
618.9895866390866
619.5357049097054
617.7048724370914
617.9611661929869
618.3496556965426
