658.4887282435379
640.7368745205046
639.8863251345228
638.2464340347398
635.9401896782495
635.6378264633379
633.550703142562
633.4740564540549
632.1432355167542
630.6904122627711
629.145289878891
628.7203180862634
629.2914325146304
626.6138009451402
627.4956513822419
621.0684113794151
618.5465895747552
615.9311165545212
615.0744872582344
614.6780626906968
616.2503454130431
614.2662860981284
613.4045654268109
613.1785736248734
612.9158390964745
612.9042689258491
617.2327670750303
615.7632505830234
612.901360187805
612.9013600878076
612.9013600877907
