659.037846971876
641.0063798558762
640.287454943699
639.1779174607487
637.6213479690372
636.4399903750312
636.303436283266
634.9637628860874
634.32069940714
633.5825943003438
633.4914826694355
632.2328412826208
631.3259716184123
625.6702247856178
622.4858167742157
622.3582180034192
622.8636501716593
619.9768670957894
618.994144049109
618.9579072271872
618.6992381403733
618.9755034723015
618.5956306341634
619.0122046898508
618.899484687309
618.6006157826962
618.4246350585388
618.4255330600041
618.4943546317596
617.8924876390629
617.92552698383
