660.7801980128194
640.7789957643455
637.9868409827907
636.7672471487173
635.1100096660227
634.4292241047249
636.112816477757
633.7680030653544
632.8411143811368
632.5674279236675
630.9164524704416
627.920071303243
627.1369163253273
623.3413918059764
621.4942064224515
617.9465955400466
617.352408760499
616.8130299103694
615.7971063826674
614.4492270494038
613.5793938543254
613.4531976800561
613.1613976203982
612.7861557221431
618.33468942538
614.7464412342867
621.8593952403602
612.4623867413422
612.4572727119948
612.4568871458051
612.4568871458014
