659.3581103419713
641.2630745417001
639.5428492916594
635.203666991142
633.4934328642647
631.2751083690221
630.5470087277524
632.2985399214554
629.7915545893331
630.3241575315112
626.4970229417546
625.2527784251671
621.7153427771487
623.2408909646186
621.7002154086495
620.1553720503629
618.6521244631297
616.598897729101
615.8158002395155
615.313193828717
613.4448879370573
613.133248734151
613.5675099341892
612.985317251271
613.174015548601
612.8225556543833
613.4458849107637
612.8598563369803
612.5789160788692
612.9565375703561
613.7149563379596
