659.8332793618313
640.169697605682
639.8880071674683
638.8978332425238
636.1804070357146
631.6136221415829
633.1035651053444
630.8946985153286
630.1052816607496
628.5349825405517
626.141145324186
624.3739898395283
624.0665721653211
623.5487422988333
622.237555482754
619.3297535901454
617.1432706574453
616.4634594669592
615.1766732410455
613.6844310367586
614.0082715021881
613.1075839488116
613.3021864171362
612.2573608605478
612.5891493918242
612.4175698403725
611.8568039119302
612.7082446392731
612.4490788370211
612.6421449212709
611.8587192638449
