660.2932208261348
641.6380998988769
638.2391952224177
634.2150408710417
635.0724385012998
632.0472824276172
632.1046961509167
631.0473173629495
631.4490002470587
629.0336784890552
627.4944450713292
626.9209708539767
625.4650592985772
623.8638989374701
621.8125991428653
619.598100203284
617.0270954363339
616.2500224505669
615.7591056024612
616.0558815713888
615.8866987371085
613.6541409451381
613.9399103533278
613.5396300112334
616.7190988885927
627.2782398759226
613.2226163178768
625.1427222099325
625.3071303890553
617.4457987647944
613.0109899582317
