661.5086633006109
641.9756184190892
639.6910965971585
638.2350002376521
633.0178520369121
633.4350527606359
632.193321311474
631.6082335082249
629.6263039378937
627.9473079983043
626.5116055342448
624.5681080067757
624.3640472849405
622.7170040552759
621.9037286733065
619.363661603237
617.921538491023
617.4304828521646
621.8881857920586
616.4021097559106
615.7142900859121
620.4485608265935
619.9403020730346
614.2333706745603
618.2627137804336
615.6824397368466
613.6890404087964
613.4020677811453
613.4412986336085
613.3419781291789
613.1934807307267
