654.1566939155733
627.5088914513387
625.7341696458137
625.2075149955878
621.187670102915
619.2389747511794
618.4054359218624
618.0140421853449
618.013980946994
618.013980946994
618.013980946994
618.013980946994
618.013980946994
615.854731429582
614.3616875320188
614.095749655195
612.3571088755012
611.9109001014294
611.8669033337047
611.6082471340617
611.561650502702
611.5369412287289
610.686722285491
610.6651514227261
610.6642490665275
609.6365567871406
609.6083668410838
609.608292740701
609.6082924481148
609.6082924480642
609.6082924480617
