647.280537060134
636.896769742723
631.2419677142364
629.2306064578012
627.5159531428212
625.1096821883857
623.6152416641005
623.3415910328016
623.0193082768245
622.7937560381033
622.7937524871884
622.7937524871884
619.4156419010228
618.2440253655733
616.3954772152172
615.8119869776829
615.2323726434272
614.6422980314902
614.3277765909364
614.232332553816
614.2222974282869
614.2202333876224
614.2199139096559
614.219892349593
614.2198853004243
614.2198852865974
614.2198852855977
614.219885285594
614.219885285594
614.219885285594
614.219885285594
