652.564081747773
632.6573012793253
629.436800080583
629.436800080583
627.74674027389
625.6519571983433
625.2853303258473
625.2688654591612
625.2682945341975
625.2682945334169
623.0662938826748
621.594331168936
620.245355510825
618.7883414947436
617.8443012668162
617.6157889156477
616.7500643360155
616.4259516501925
616.3776110058918
616.3717569709358
616.3320499470431
616.3285147042551
616.327369425773
616.3273361422038
616.3273360062149
616.327336006138
616.327336006138
616.3273360061366
616.3273360061366
616.3273360061346
616.3272685132204
