652.3008040182201
628.216483755756
626.4560102763444
626.4560102763444
619.2420961494673
616.011713376331
615.330383004647
615.3002089598097
615.3002087534435
615.3002087534435
612.8418717220551
611.536767209298
611.2167741967239
611.2167741967239
609.8410400462717
608.9753752612168
608.3971663604029
608.2169950225543
608.0989311865748
608.0742732504934
608.0731500326245
608.0702488114118
608.065840450937
608.0655407429932
608.065502097849
608.0647522105605
608.0590759081357
608.0589711982254
608.0589711850083
608.0589711850083
608.0589711850083
