650.1704204800419
629.3864108256136
627.5031513502752
625.6881671557842
622.308113486207
620.3569617042929
619.4473879022693
619.4473879022693
619.4473879022693
619.4473879022693
619.4473879022693
617.7257562276973
617.5138189731128
613.907103655697
612.5606753028691
612.3367738663313
611.1542705903491
608.5466436399131
608.088494496094
607.9664513181541
607.9455580003533
607.9392192226724
607.9042198514336
607.7920878010044
607.7917369736577
607.791731233794
607.7917265641019
607.791726562887
607.7917265628796
607.7917265628796
607.7917265628787
