653.0865376804716
633.3041983930955
628.57803124321
626.8329762189408
623.7769005879342
623.7769005879342
623.5139777799299
623.5139777799299
623.5139777799299
621.5006404097184
618.573932878019
618.5737432132462
617.943158563259
617.2155030062306
616.97494729651
615.2907234416346
615.0601290528808
614.4441838798801
614.3616208774572
614.1813741837902
614.0219739759641
614.0219739759641
614.0219739759641
614.0219739759641
614.0219739759641
614.0219739759641
614.0219739759641
613.768008513058
613.0778024860249
613.0511045382281
613.036750959511
