654.4206435735965
628.6132384730588
623.8292379599163
621.6829876523952
621.6829876523952
619.3247398251826
618.556072040879
618.5136737798775
618.5116494967314
618.5116494967314
618.5116494967314
618.5116494967314
618.5116494967314
612.1158888397612
611.284997123327
611.0276747637154
610.1475198285526
609.2581221400508
609.2482287005316
609.0674035955818
608.9898063586729
608.9781494937309
608.9750982548071
608.9598807865914
608.9430165919032
608.9384629050584
608.9383916892998
608.9383862541232
608.9383862461326
608.9383862461295
608.938386246128
