652.140588857918
629.5116101747474
628.3334132049604
625.979326041054
621.8676602695383
621.1605902848478
619.9456255958387
619.6947851855133
619.6940818010717
619.694081799261
617.7505834684532
616.2407991028012
616.1722967973197
615.7570224711499
614.0224361900741
611.9025565671151
610.3988898751965
608.7076263541483
608.3855147701066
608.3189865478516
608.3133381345098
608.3121057655912
608.3120315860174
608.3120253481977
608.3120253419015
608.3120253381892
608.2920870508334
608.2900408412827
608.2900205241926
608.2900205209794
608.2900205209794
