652.5634351877579
631.5150062106536
626.3483667132747
624.6968033586146
624.1396795388991
623.7671275551288
623.7671275551288
623.7671275551288
623.7671275551288
623.1916664831348
621.2064735214977
618.102836346829
616.4195231707079
615.7779167161813
615.4661747095577
614.4210267797265
613.8009988663025
613.6383437279927
612.4764364941482
612.3785714431465
612.342052408281
612.3411610117718
612.3317644993325
612.2703435037081
612.2676418497491
612.2633343289027
612.246501393385
612.2463160826269
612.2463124478656
612.2460121108196
612.2459206407573
