652.1658072237498
626.6396334068613
625.7277697750815
622.3466585053588
620.7917533490357
620.249681532863
619.516860301671
619.5161196774895
619.5160293888133
619.5160293888133
619.5160293888133
619.5160293888133
618.8518749315316
618.053394173476
616.289623716743
615.4827663579518
615.125589143668
614.9299723544061
614.8825336963823
614.8463428409067
614.8436006698425
614.8374897763687
614.8360311968061
614.8360035176613
614.5165607946028
612.7606632320717
612.3901473010156
612.096142356427
612.090257050726
612.0902382714938
612.0902382712193
