166.01308846364816
149.21490530066131
140.47321282181383
119.628151603168
110.92022250392748
108.14037905597485
107.20711608615206
104.99021444856925
101.4120426204475
104.96534015667872
103.1048411089375
96.20354263816718
88.77895941872423
87.62402121362462
99.31147317306531
97.88892644058298
93.49940698194658
96.65255560615634
97.74874106266873
96.63625069108107
93.33289307424403
97.21537846065421
104.09609419256262
105.34842404213344
98.93217525164292
93.3907304440784
93.8859635955049
98.87762475503283
102.3453519835664
96.87000326106693
100.25512270808704
102.63819460836436
99.05431089655954
101.94713267855357
98.29919944125032
101.69042964026073
106.95731389292712
100.70512623571031
97.60537590037868
99.28674615815889
108.66188986465893
105.70788895633532
95.17236948248116
102.92675069368883
101.37610484011708
104.64361059277067
105.34293803996997
103.62012080102639
100.36019776787145
102.59825786873274
106.72272345116549
98.71555187664137
106.94016636406408
109.45679375781363
105.02466911718813
101.05366995242956
98.7136031861669
106.6627498566092
99.00544834601901
104.16105072422687
101.3161640804838
100.9223647708484
101.56688792318702
103.47496937048516
96.53188957315844
106.53141827221953
107.32869076355914
104.15162742339842
105.62651717225509
98.02203984743046
106.84640535257572
112.55663561204292
110.92663051284957
100.90918416486232
103.74692005801647
105.0013538443896
100.71479237300218
104.67888265097378
110.75017080958584
98.43590293310291
105.526658315212
100.40927136947039
100.96068353017509
95.8872054698821
99.8486891775618
96.85295672016827
99.67072500295424
102.87172888440327
97.79113395309372
106.94468902656986
107.919242963312
108.53294564643159
96.63903699787646
97.52789496026944
100.68597130202117
108.492296939456
112.17512001448814
106.62031558232425
112.35573556639264
106.50411957331947
104.68547273600372
104.56049206442557
106.45175628649196
97.89113763832717
93.01801373161423
96.86271903105605
98.3497517627107
99.43827393133967
97.80118158779449
99.08831529079414
91.2822299114994
93.87733072520989
99.12629614623164
92.16251635455136
94.63216000506378
92.38033140608768
94.73426141626493
96.95862673614974
93.19484594025047
91.79034868638335
105.0382328234721
102.90420675024554
96.52608216359124
97.24474864083433
103.22769446555982
99.65074273493656
104.48358031216489
94.17955224923625
100.50661678375404
112.46929369810744
104.74324843495003
104.22693746090486
102.85972559079553
106.76901365059173
101.26435542924493
95.72629336691118
98.3498157616144
100.43292157087882
100.48991168418223
97.67603646552475
106.9981392586509
100.46057752475299
103.69423676603869
97.52150740140671
101.64729731298492
106.46537481020107
100.9368286512388
97.51342071281499
103.73237845238377
104.88623531608249
100.88560598337985
106.44264574898376
96.0339948870063
100.90268010460673
96.87237698770208
91.49469442617857
106.16368678367627
101.75199562299414
102.77192456124416
96.45591654661001
108.3155992462092
106.311998767365
102.74666884963044
101.60960477434165
112.60216808575973
112.54199049104896
96.7426118980597
97.6408319440053
99.31302825467974
110.89645957177068
108.54164842831193
90.60097661844367
100.14850361493804
108.34190016488809
104.27193331576595
92.97344570179615
95.29631655730608
112.02630751722127
104.3013759532898
99.75520155884467
95.75014091419897
100.5095808217814
100.54090151167892
94.6371167375163
97.50134613306683
99.61349346646959
99.42093115699346
104.3279253565367
100.04717659478928
99.10285993020969
91.31690274206903
94.4659419867123
100.02186433686917
98.93689764145722
101.7210258675333
99.99751364929703
107.2949805606853
103.78456510012711
93.95234088684875
101.51242279087383
104.03740054888154
98.28175889759979
99.67889918567484
103.8637469007434
100.06126444642646
98.0144640551556
94.2245136889882
100.60814887678868
103.99514559443185
105.57103617711155
83.85779737391914
95.7157092305417
97.72630032174935
97.89198914736582
90.43914967859361
91.64055746984148
97.5052977753484
101.5942247962041
97.89950235114824
92.57510903504107
92.19909996100733
92.33539343657615
98.98060298361453
96.92784940170608
88.59587949887569
93.68963354291222
91.92690524370938
95.4924184434953
89.51282180030537
97.01967573737446
96.54611868971024
95.51397429017719
90.14476411047785
92.1204438136361
104.50530018885526
98.43353439238741
96.22430858721411
93.03949204654369
96.2796573517505
97.7967712790198
95.65293138526923
97.31769151762674
97.67517492116029
95.20828586009107
99.20608685738871
87.38731901608939
93.07320360273819
96.95054910992636
97.04654171390928
94.10369970411098
85.55649797894537
98.89082630276283
97.05275781206427
96.48656883164165
97.44491594351369
95.50867104950353
96.69736346731506
93.66745500416299
98.00733415412896
104.3489743097511
100.98075744767651
96.39539167626164
93.37772300760057
89.36258672752443
89.02028673225297
89.81816582902319
92.19781988302832
95.01529002255819
90.95296229842045
94.27788997991028
97.82313919741836
94.88873512851347
91.70198258851808
94.33912301630869
99.67389206081707
101.80226644731434
93.95112382728246
99.24116597848507
96.53955887825323
98.79175199246653
96.07177610897233
94.88227834854575
92.01501625779619
94.69514725232726
96.31208067480893
97.42263032636994
100.23737249135549
98.2822783102057
92.3964693162906
98.93758612099442
105.64880719858225
99.95852854118279
90.87680892099223
97.06643264875767
105.540699401319
100.65498433753062
94.28828022621705
104.39406933539244
108.28579979294653
100.43696356935212
103.85277922540047
98.85554155374821
104.34818372321217
102.79419853491247
96.66822642081127
113.93100880305357
110.71742719485226
97.79497993716186
101.29554256752071
99.9058938958716
102.87720036914001
98.10002766715581
98.89396870556881
108.577783223312
101.39920345327789
107.19245734728003
104.59916689668891
98.5337599668172
101.62115927739808
102.38294007706818
102.9513013909251
99.05597942870108
99.70414972674989
102.27582987375216
104.50644922274333
100.89563779872536
101.4108346362874
100.36397585805781
94.00412959925478
102.77075379090915
108.04620712911428
94.94265557390725
98.9884854115835
102.04220143076992
98.90758700110189
99.17645721853499
105.96887466564796
107.75006347019334
106.69827282967151
99.4561594638604
98.01718003190956
96.1656340879068
100.22982399796689
105.05428791390572
102.63211091300803
100.32269246444768
101.1360091073156
101.39547418378557
97.68415911263479
94.73197590054555
97.67028913357407
99.50586702956596
111.89112630889296
100.87613874174302
103.79240980595341
104.85568477644384
98.81159546820949
110.4150854766373
106.28070891908807
98.07386212117697
98.65592123925923
105.86561212880203
107.98451539058522
100.56305799147937
107.92156201390985
97.96831778926004
105.64420578576413
98.7522396895386
100.26775198576114
104.73905273092998
99.05085835742518
96.0273504874225
96.4457790675648
107.03416567266453
102.1597313879684
102.34715359324785
100.99859013034146
111.29630488712577
96.8763544867155
96.84802691094872
105.34990879310298
103.47841328723403
101.00363467521387
97.5975989679103
100.85628162758108
99.5840027696671
101.75022397046868
97.98377991416179
96.57514410154202
97.26480363889792
96.30195512266499
100.41441139028515
101.62225733414502
112.2091020109993
94.62815990248937
105.07909359579254
101.33351303614387
98.17576350095078
97.70305157177364
98.89139494052017
98.38648530466241
100.45580063186428
96.73889032369719
99.33957658121766
103.7518600748058
105.63165630896408
96.82270611532563
99.40710993333298
102.67744927934189
102.57315326256835
101.40276600579456
94.37637651732642
97.40549810115346
103.15734508219593
99.68226619442595
94.49477844678904
98.69151278042446
102.00643200095652
101.5262894907267
99.83636264222599
103.45371623289773
104.90883989568889
97.25179647625642
94.9150378965971
107.14165403354896
103.16215039699772
110.08364585456792
105.5911344477426
104.99082516776286
108.78152180417379
100.73595866321855
99.6991622141315
106.20411551120813
100.02893478928573
96.97475397396532
101.99672995920926
105.47493286702469
103.1833235018729
101.24170416684893
108.24999328891471
106.8339730717117
105.94212811798043
101.51190841480049
105.17556702684294
103.668665577247
102.37279393557994
104.39310915544844
97.40659170027385
99.88010178928003
107.67288677610358
97.64462835500643
104.32711982621531
100.20091511175957
98.99695853185892
106.48633054461234
106.67425816394854
100.75481828861192
94.64308682147984
98.27850861887524
99.83843664449515
102.8798836511122
99.37274738584115
105.510793805524
92.66477031325236
97.95214326071526
108.33944884538806
96.71890858200764
102.09687917789142
96.9871758438052
94.37032650065224
101.12575446923854
110.80193310556497
100.82343017663163
90.44078192491443
99.7802850428486
98.36136650295683
109.6034132239431
103.78551283786099
97.58345911541046
101.09469223187111
108.24534448085942
106.9955129604074
95.78855765399727
101.9289608552213
99.00060941936343
109.37922901094097
94.08432807237517
99.04753251563467
97.24476213589995
101.60618070660763
97.25342180745596
113.12861241339688
94.12354503721235
96.87022586730822
93.40844976653716
101.05341490362395
103.8772993564036
94.15377565844939
91.35139811966202
99.91753564620029
105.19334326323789
100.84728985670166
99.94361745733147
96.33041422749051
99.31109131918616
106.7779229216609
102.00683868074606
93.81048504691017
94.25847673113523
104.870628882967
91.24601978039318
99.09251149852642
104.51477581496704
95.36873430837562
96.30874613698663
100.65898616744973
103.69033195672739
96.02156968902892
95.02581236623826
100.3604295703127
103.01307818954989
99.91137617874585
94.86492509950622
94.32319189081785
105.14448454118057
97.91304217502282
93.60566131646276
93.40173224133864
102.16217284508457
93.58689977670058
99.95987676808
98.6181379937569
96.81999584019957
101.24633974197815
100.91707229954842
95.48119399426301
94.35855641031709
98.56628314955292
100.4304247182412
100.62336325657905
98.96425528390596
107.56162528181605
94.53400546656837
98.62641179856129
94.25090759551469
99.53856293195891
93.52086589557047
91.34406784020018
101.46015721363946
98.39828137769604
99.53108683382078
89.22808254024825
100.4902171873074
106.42883960054661
102.61065600835722
98.53195258180826
93.71359807497994
99.28899871926565
109.41344031187215
93.99898054980272
97.68797263588141
101.41413654026465
104.47033702531651
99.99475710104826
91.01156587284615
98.11777032114233
95.14437643052985
98.75530354034392
97.67445008476415
101.4703739220848
100.27126894841109
95.62149668761096
88.00779945519508
104.18488156508731
94.55142739577622
101.1862425253505
88.13461742065181
94.79692913188399
97.26642552226254
102.67819093660383
96.85491996725827
91.90064760694906
98.06080775624605
92.3026296910643
101.55745596143119
85.24651884758109
87.57787964267295
91.3394422638135
95.63398546717595
97.95442455758973
92.45337503073797
99.05850427234664
101.76481654218891
94.00877036725095
98.65363513641972
92.53467638646926
94.3854968179125
97.46052516500211
94.18242254330809
97.04577373182576
94.4321150245737
95.04067394283092
96.82504393186329
96.56513830744636
92.58186828133017
102.30997927473167
98.31733388152423
86.93384215429738
93.13161032049501
96.89053020241298
99.79652201365894
91.72075043877736
96.8352767892595
91.7291546717467
92.21616158263569
97.41151790027114
102.87055544550941
92.52729373279777
95.08361413705461
96.50608422110214
96.8758854689241
92.4152262418828
92.20687745755063
94.7525324889776
102.21515164952329
98.29598662737558
93.95063924704016
90.524022581682
96.37643964492604
100.09531167272701
93.78589058324607
91.3442440128434
80.81556460154458
90.59672489850756
90.55115927678024
92.74468091706326
98.67108132178218
97.26788394033845
96.83147882255716
95.02594742379388
90.05613454379498
83.4184556229318
85.76952711277869
88.92727982638395
90.54010037846487
87.62931791346784
92.75715371969247
96.87801703332705
99.89047425725181
96.35320256047649
93.78566453636074
91.86250879789998
92.73260879133628
91.51514372747103
96.38649776526286
91.46481335585406
91.7252859650391
96.7108035895389
99.0600725443551
91.62494311751165
90.95514120002885
96.92647427086251
85.91063269116322
88.3776478619915
95.16921072621226
92.44005018566591
83.31037523671557
84.84134450943931
90.53249177724585
94.60035462915374
91.12173056376454
83.25453691027106
95.24975698970968
97.54955661152825
100.18561338351492
100.6538073218648
98.34118532988104
98.55886079414736
91.74223441495079
90.95768905536899
97.4331563479631
95.04564787309799
96.53601964900292
91.29929718790733
83.49366893023344
89.34407139825622
90.15478712873039
98.78447137372059
92.95232288449836
88.03546253657483
84.88166808820027
89.66335868576783
91.92463670935265
91.6722519943663
96.07482835613128
94.94515158682842
98.8869444886418
94.11174545179004
91.32860794275798
86.53573909382874
92.39207772206697
99.95212773108791
100.3391796729925
94.84575725880181
102.1211747709138
103.066431698156
101.96910149056235
96.5400359548549
99.80393105391465
93.61403411446305
86.20387469067308
90.01068121711145
92.56510858753398
94.74377421624273
98.51422046175016
96.81979488944859
93.22504443093086
95.46120727786398
96.84196008751492
103.02067201448219
97.95805478876159
98.86477547593623
99.63031221104322
96.76476179077017
94.24256416697604
100.98277116470511
94.00449771148492
92.82878250045991
97.3211479825616
93.61066943966267
92.73535214638655
89.5103291711394
97.72581600274071
96.51583046183696
98.90212036672048
92.43157533334792
92.56861100805719
96.75815204164148
92.25120454742365
98.24209781393438
97.67157444954795
104.31089876020926
103.69126599626337
95.71716144417434
99.92939644052258
101.54519405722422
93.05680875462156
94.72457224506068
99.02497574432118
98.64329474092405
93.9215022133917
93.07583235810638
96.5603061440829
93.96435276467504
95.59980149873367
99.38041389872951
99.0942925007077
93.5025087008578
86.01665847189452
89.51615628738931
92.21888538928229
86.16314711745704
87.50910900244688
93.31972928067995
92.56151714591786
89.74669417258058
92.90370758213838
100.78229306552156
99.61995211867524
98.50588949103476
96.43776195796988
93.6465781248684
86.32675251806289
88.9369370281994
90.63002746381571
88.09214569836259
92.91857943098057
91.37517000572966
92.43213647699565
89.68004917434052
85.1383233976222
88.14672020288009
90.32440299974009
91.88514562288616
96.96889196389098
91.28412811308596
87.51033563629484
86.34129473706729
88.32351956651861
85.10156929707067
87.29820742876883
83.75503787905737
90.75046446268547
97.70864680360697
94.26632833235595
90.27103199141348
90.22245616966306
89.8386017741344
93.62667948424851
89.06361689014801
87.85868207978132
90.0672605189982
91.11585965102317
92.5086324045352
88.8329249664535
88.90952687211453
91.4697186935278
88.65900389519982
90.042477398772
89.69836411035347
89.22393866876386
91.1571869385879
88.41377618069387
90.03860788430615
85.5677199829727
87.87961950293109
89.63255369038013
93.28756216835939
85.70940091631371
92.13807032621324
98.03193005106557
91.01480845978756
90.76374196264433
94.33491655704599
94.41366302372303
92.49511856597866
91.56320509126043
93.70234368022895
92.80369291292656
95.84943780217677
90.80121833254539
92.32853614581765
97.74136007338159
100.67888506889318
101.9196636866012
95.43522984722954
100.01773580854525
101.11431205882661
96.44152259344763
97.52379478268233
96.74819009317416
95.09296546023988
96.41216857022133
98.02751773416998
100.59004635551334
93.23225347655465
91.7842093145004
94.21398659775222
91.5981469526138
89.30083304307266
95.5180638474003
97.08782081859026
97.74039982946334
94.95784302401184
91.81649654139484
86.72585810670712
90.82992568608573
90.02358801599581
93.27768491900297
93.67987149456876
91.61529918604691
102.11278262488355
100.5378994311514
95.38566361266403
100.71625912300668
102.72060142448849
101.24412695540428
100.6016369250069
99.54106225237261
101.1975386594992
100.42827790242667
100.70333422909471
100.20913656266055
105.59031321494771
103.69778746937097
101.72617157491965
94.44282761543565
91.3803638809542
87.03541841337858
94.06670140157301
100.09955304396
96.22370684157882
97.4539063940246
98.0837487334149
96.68884699511294
89.70104719616288
87.41978229716744
90.47623136413155
93.51300664911233
92.96017327319306
92.80166135376547
95.25754498920038
93.59964039495155
97.05774993592377
93.83045170380821
95.81104477947586
97.99561545102137
96.6757966466977
96.28765395238354
101.61768922522658
99.61624876977073
100.7338235255394
105.34331511465183
102.28005418009958
102.12004356262156
97.70376961764127
96.31514759131568
99.41745866442456
95.56557446423768
95.24629096688972
90.74124930124695
90.7522553054054
94.9682856841047
97.94050754822419
108.91584907505025
104.59905509982856
109.5098019377967
102.6152931258778
102.18904300115268
100.10235396064184
109.8512076819103
106.65729280960073
103.63131210145944
106.25890778896638
105.43386045833931
104.57533944525123
94.88038405883545
98.64319399849936
102.6439549112345
95.91823304585355
92.76149177390322
90.18727826032882
96.81945523519626
106.91657248325821
105.08030433256023
101.20385538494821
99.7521064965687
100.99596678133747
99.97575079205664
92.82902656533444
85.56257757087977
89.61564368625176
89.71643415047627
92.73593431517051
99.58695026244037
100.46824340345502
99.83603662820425
95.41052368135897
95.93006334462638
91.79952377479003
86.87121975097816
94.58104169910301
87.09769164915265
90.86229406118692
91.5503070098341
88.35616613152564
93.3567008672507
95.61796779540141
92.14044612586007
92.93819701190216
90.22328169966433
92.33079346126553
93.77856232871713
93.92027833114786
90.35777183262424
94.30983917208778
93.06635344820643
93.96618396657577
94.03420128041125
92.28546993013275
102.88128030425523
105.25517341808909
100.81266705331535
103.61210551605228
100.64700589589752
99.28691944109539
96.15485470196188
94.65331714517735
99.03960752324849
94.20542142314997
91.61214910615018
93.50039574328542
97.16037505110529
100.02093955570516
104.2328772349701
94.67634554001324
99.63487863122457
102.18865440387545
97.65807006255461
99.5288888558878
102.47762053644703
103.69452675768504
101.20569400555462
100.50121274608719
104.17011318448687
98.90353439305476
101.25753237236826
98.19562482902765
96.25147947447536
94.43208121113962
93.95258702329834
101.25631648587382
100.89780136659444
94.0548007648691
91.82963503690229
97.40974039760756
94.1418767265242
95.06923048530854
96.98841987419615
96.38169387748918
94.82056404959502
92.14969020768676
100.92485247220961
99.45817107130479
98.30741229547232
102.72836330068498
101.05409309503109
97.11075091535022
97.03844983054681
93.99095382595564
97.9417089196856
97.0693160067713
101.80145222885352
100.58125102165761
95.10631528816872
95.8332407853828
99.62268243720304
100.17945781561092
104.81430159365475
102.75745569837657
105.98121239392287
106.85025232179298
107.066522772067
106.5345332816309
104.37801586965944
100.46920068957115
105.96336709074343
106.74761526459211
106.39169552802188
101.90106914279673
106.09119457266388
103.21867295571559
98.22538026527859
100.45371905050925
105.69347388761224
107.22137534662434
103.99545377962316
99.08511003877221
100.78201191917861
98.81874937842129
104.64115690288571
98.62739092891417
97.24469109065703
91.74332164618365
96.93560823566025
98.43805317841614
99.04811847736542
98.01921759209831
95.00213673636986
95.7892830008205
101.73906373704942
105.91905926582429
98.50766716934321
99.2572663328694
101.99303375052965
103.8188312183256
99.58011033102504
109.57653105037218
103.18162152121957
105.75532844726098
104.03148229379785
100.89044707736015
99.64569747840004
98.79572595327755
105.49478990144338
99.63762589024365
98.99522271823771
97.27897643392808
98.02110084552876
96.73135470474811
102.68628611430478
102.46556835296605
97.99617717195366
97.3937880141988
100.27925359367151
95.96527596987431
90.06427731643343
98.41697530454822
98.10342468010784
98.32772102072016
95.84906520986111
99.78175547421341
98.01137697720522
95.47160982997903
101.31900075485129
104.36526935890133
105.65007731286693
102.12402449099831
103.9561567567086
108.17974085307475
105.42162843551561
98.9979544367504
100.11055912267189
104.91776266553629
93.61501330580631
96.77939983847365
115.0307048965332
107.81323300133754
100.8396692725319
102.57164115646916
101.90184620970112
102.44862962258667
103.00521782425213
95.45516075136969
95.92602214346462
98.17212568143532
94.73894644433116
90.88535766907982
88.02374148053403
91.72354581155811
94.67798725612803
89.36356443051851
97.36555512486048
91.86964868709413
95.28209893874187
95.44345720317064
94.49133269736856
99.17161818703242
103.7218990029274
97.98914599504685
105.04754007310515
103.42602353908951
107.74128978525347
97.68103124945857
99.75990256242102
107.85421849076197
100.123568029392
99.50852107824376
95.76115756715815
99.24038240116587
106.54555549436802
107.69356319157771
103.35474686508427
108.98933307098808
108.0811416678892
110.2859790384979
107.67057227845682
102.28288294495205
103.19333075232007
109.13981711568907
102.60631619572476
102.11649112773551
103.00060804423873
103.04916042476911
106.98085501583337
101.94230138164843
98.12794630130273
96.41352115668894
97.72924270966513
99.10982432491262
104.99542346796828
108.05318616143876
106.8588553118635
104.04699027792041
100.9663661281787
96.2420954753491
97.20816144587819
98.78669608102751
99.48971705554558
101.90422697456837
94.41117853006999
94.98942846247002
98.17028203054008
95.23112715325507
93.8480440401437
91.24794479604716
89.48776075487496
96.1148740236299
98.56704084523275
95.78651986419307
98.15486175369595
100.76617588868405
104.82376366079032
101.84070013699937
100.41822082075879
97.99293880256097
95.00286177966115
97.52830083450718
97.8448933997468
95.0142176794503
95.30541207242636
96.63994167864882
99.37833310834736
92.47189601203439
99.36037704597837
100.78440680474769
99.85286656002933
95.9918298501473
100.7770395094039
101.90544040587531
105.49788755568196
102.78711960395042
100.7419322928848
98.8060864766021
101.25802652453564
97.06162036377678
96.6189714326068
101.56674026496461
97.05754482857351
100.9656732034437
101.59690944179856
95.60008712877696
96.40476812850626
92.83248885751144
94.4637838463665
95.57706212243042
99.66871340407839
94.67323323900378
88.46635039581615
98.57634013167353
99.97146370432924
99.09891292527496
96.4630143465415
97.53102106949122
94.23853186657925
95.06231617622171
92.59346927209737
97.69474377469632
98.56407629797697
92.00949325369213
93.64167038449605
98.4258643650769
102.71640295019934
103.35911868296114
100.37617044176375
99.35737159193155
101.10253470732913
98.3664179048267
92.82179359259491
93.60006016082245
98.94675805997791
100.13643049843819
100.99668043171681
96.42012435179538
103.0362730056081
95.63099061695567
92.27600386874501
95.02994033003965
94.93869416472836
95.71729356532107
99.55224364328608
101.38391883170712
103.67279639303204
102.79737194575229
98.02319062429308
101.977946783765
104.70868316918542
102.77878332585779
93.85083301780786
97.47966993014114
100.74145106756689
99.36037406906435
93.59500860835604
91.47448190490621
95.50014592573642
100.13011284893571
104.16176775411837
101.5436205038776
93.17808002216698
95.19287157016812
96.93246589055114
99.43017816727526
100.98326017583105
100.90199538097724
112.05044220021851
107.31603769217988
102.36942833743097
101.72661645807887
102.03862123022427
101.85333834972363
100.06910577606122
101.09299371643776
99.38016585203404
100.39865465993084
98.34357154484017
91.67901226351627
98.01033240711527
101.41657945123545
97.28060987103254
97.31477654938737
99.44271927518567
100.0759691275698
100.23699749064612
93.38856190039485
92.42572879621575
91.56675533585782
92.6582026978334
94.19060707352851
92.94240732066011
94.06162296633563
93.50181572996539
94.95665923607636
93.33558728737222
95.68182636603414
94.15944494372836
97.75943752558243
96.69037451539383
91.97827030443725
93.10224983168226
93.22409170675667
92.320389338645
91.04960907384448
97.23960606647863
94.72948403987154
94.63794901468562
93.70567013559555
96.268029445936
92.0782203262308
89.43806290342029
96.49777171610452
94.91376769863051
91.02774674056283
94.67406703175224
98.67175789790039
93.73053460031707
91.41524646721575
102.81993958494274
102.26886701552336
98.4621545677571
102.52355800792
97.02016533233083
103.88811749195047
99.10720175004408
100.62312961593584
98.34660958114259
96.1338413905646
96.14869676046854
96.7798582851554
108.60645494828958
106.90312459034794
90.52185034377217
100.17499381993024
93.83619304844662
97.95037155310462
97.90982089858801
98.31345465512935
96.07836473455517
95.32424038478548
97.68885171800757
96.80923210583701
91.78012481967467
94.68380227261059
88.12781664468832
89.20789565236008
89.91676695168844
93.00943963746059
92.86436276534565
96.9283683258763
96.55049929236822
94.41436626633465
92.71449766072882
99.8101521487243
98.41686916482382
97.2879155121631
97.97667809698602
102.4465336105824
106.91268697093223
102.75213486189342
95.42005372450993
96.79444026872636
102.95980209204117
104.50917914877259
94.25678167195176
91.75595414791186
96.72878364385183
84.72869136447206
86.36070429637311
87.99230100387337
98.60937776398109
96.90896324628379
95.78118695732377
102.43462393130143
98.79452658797213
102.91830581988812
98.34383764249833
100.01509443300114
98.25270056275876
101.83305757063705
107.06969795976227
104.52708782038864
97.6581364767198
94.38106865212586
102.68722319885497
99.17458764519644
94.3566008048474
91.40813741116524
95.91738514908634
87.64431096300923
89.8518577801408
94.23359896457681
100.4185227362854
98.31199491222692
88.1860037668919
89.31818555794096
94.62931452765996
96.04113425536089
90.10761875637633
95.42988480984863
97.71526883247665
94.05993957441883
94.67374468443951
96.33248142951237
95.64395390647404
105.03188230356473
100.8106344288146
96.19130014689374
98.15741680855994
103.80657016068906
99.62152533123005
104.11004404603099
101.41498824465047
101.43623497581649
96.42867783247686
93.75430781432011
88.06751490821793
94.74305350969566
96.81369985225179
95.56268296128935
95.8137710675993
95.9761078268104
91.59856220841765
90.3532097761426
88.79541330229884
94.67471806129971
101.13362126764633
96.48614558041696
98.61317261823758
99.8771829232643
102.07421062817134
103.57849787094729
97.54991303270585
96.89350313870442
102.26972050468646
96.02791139127562
92.56021467143005
98.15660204755304
93.23922699229148
91.3816479199678
91.68303889818831
93.4461065331173
88.09504594628574
85.89229895199043
87.2696448432151
85.48167881715315
84.32852313194726
86.32266913689085
85.93750120944539
94.96732614675201
98.87622008850762
98.59537813459752
92.43507586825471
84.60275646338953
90.74100894318562
101.34357870704862
91.77190533888155
90.12235881274948
88.97918807606047
90.63502491004525
81.06622325406083
84.72310970311564
87.62454734617818
94.79769675462776
98.56160803019009
93.97468206057336
96.29650562983359
101.53963896997277
99.04843030397944
98.64107809021023
97.03911870524784
96.7688416905839
97.01224061605605
97.56161480198054
93.00670391181421
95.2139897547852
100.08303681075449
102.48386788335773
95.86136549446816
96.01206321807167
93.62081438772022
93.74232994539334
98.51190560868847
95.3365780259685
97.02150902901957
98.91317891083315
98.92673346330461
93.25045726325735
91.67884734024072
91.34374937987108
92.62964913856409
87.90819096422321
93.55132185278457
94.37761681172978
99.67222396752946
92.5732937485412
93.75860678358025
90.51173908265959
89.00578156681277
88.56897430726562
93.6953495911174
90.45017828566719
86.0041632787815
86.29838730416454
91.0986455348712
87.75294399026424
90.90605908957612
89.97215954146579
94.98689601801921
98.50320218287716
97.47416417484561
97.37124823110781
95.4525033398314
89.99823216404144
93.71048959311456
93.09685977178644
92.68994128414492
89.21852700121835
95.55528783799407
94.1187390222981
93.49208641693725
90.0545732196025
88.55049645731279
89.80642019049733
91.27032728614262
86.18938323239556
92.17571418785293
93.73625265727794
96.90582649684745
86.87709173734959
82.20438161841223
89.4550101076777
97.37231345698927
98.17625215684166
97.0481479588546
93.18839537535442
100.15005581088347
95.63686182102897
98.02873580118172
101.86068581035464
98.51205076753358
99.3159303291776
98.00810262201702
96.2756786855681
98.41738508414393
97.20957491848672
97.51379317226953
96.01341096814093
94.82148954783827
99.18422325658568
94.70304733388261
95.69887291787948
97.3977422183939
95.36764143916858
96.36402006471747
97.96809419634167
93.65436643584253
87.6165517114276
88.68630403460249
90.23229954301748
84.50021279984334
84.04397558523779
91.35785334772882
91.00606349555939
90.23784890702049
88.52080972723809
91.17872277981209
91.32107623575685
92.14529686793912
86.47814200492539
93.8501092046283
90.75757839052858
87.50525500520286
90.35045475379744
93.29439176458622
99.49689496329849
98.22154064723611
99.43985759994719
97.72271126814613
97.28263916724974
91.93772138768371
90.47909447676437
92.06769816954805
95.0768337532004
101.28201163659924
96.37065648497881
92.1132638844926
89.95779401447075
90.33261901802314
88.76696697570925
87.74068685817603
85.29461456657957
92.60355271601351
95.99823011895937
92.19352977260698
87.09655314262687
85.04691150185299
90.43949300994291
87.78103058946031
91.49553483149019
94.26440120048981
95.8037474013133
93.40340123708793
90.9174394127719
92.5986884284459
95.43146012361292
90.89037152737708
96.7948877738207
99.94855422840381
98.1938051023531
91.74859748703338
88.53054389842632
93.98333257727936
90.23326506679854
90.124601783013
88.771602740179
89.58244412770284
88.9447634380062
96.20899062752338
91.97515572321986
89.05853221395006
90.89361893383648
89.88578219678274
88.23428815577856
87.76613448154212
87.75746902948566
88.97123631301903
89.04295273729167
84.29470236504044
84.03230041686928
98.00758654434989
94.96230245258441
92.18113640928718
92.42834368534375
94.69871947450687
97.07841617435115
98.08063362004913
99.51113435261539
101.0121511366696
102.52887748745137
92.21001405346392
89.43915328382462
89.99440429773337
90.47253790763841
83.41378567727223
85.22499430411439
86.25311237893112
88.90306845343731
83.85344519396116
86.91884321316735
89.60913067276346
82.18349586032619
81.8598166713412
85.82569005455618
87.30513544545379
79.31846569618837
83.02508164363957
89.32176318010377
92.41587975227017
90.1807503238
87.16856803784987
80.40521999794541
89.41533488595215
89.30930228571842
89.53601294829451
90.31793048690412
91.22458912405499
93.91862066738605
91.41663175569269
93.78704279167448
90.58270945690786
86.96993218020646
87.72120303289847
89.9379682035983
88.06404556029487
89.7748159735905
85.12792021594174
86.11945019706249
84.44492856943485
89.35898004046885
88.89168520780439
87.87267233028065
91.83506543747222
92.58409493676295
93.41826088264956
88.84392244746688
86.48307853827602
83.86984112674126
84.26105838104714
88.17045769386004
92.74426413720488
94.89146949102869
93.0239008833494
94.94181543026403
95.75119560489149
91.19423942943915
91.79606773314084
94.22069094188326
89.08983490076935
89.42673899708693
92.73518561165089
86.99145097515988
90.10184125803073
82.94410970541595
87.78262574219058
95.163467751543
87.14553782160627
89.2837628055982
87.1231451241425
92.3082268003737
95.69887762312197
89.50263137029619
90.21320604395933
88.27085116109257
89.0729248603794
93.92746146704265
100.13753063051756
87.64754592674892
89.87929809326182
91.10462808071374
97.00710199514198
87.88866448475729
82.85426073773615
79.82671532521472
86.28050355630069
86.7220227026991
82.62283387355025
83.84587696665137
85.96314098808708
80.75773368463379
88.13477278915045
93.4525369130823
91.84713623652507
81.10286989705159
84.50619367212116
82.24728410086318
78.61534309879127
82.20558139756014
84.21084659139032
80.42130138416215
82.27500715713263
93.51775449042823
87.12428784670679
82.26361194169581
85.98467018088716
91.51855085559593
87.90504986742317
84.34643640540085
89.67482511516792
90.41725725354667
89.78267970920498
88.72197288281887
82.32236020527039
91.30218306905779
90.053693335979
85.92406890691296
88.99803036998753
98.6684823334936
100.52975402895659
100.7472642364832
99.8365566304974
93.76289179144385
97.9188574810149
94.65537616032964
91.06721974668912
94.8380074896488
92.88881331719182
88.33458205191432
93.25038588672687
97.32445404148477
96.34705261830116
92.86223032933543
93.05512610055155
92.43437879749037
89.43458802063178
91.7569860194695
92.17688946276603
89.71629076782969
88.64401563652893
90.96289745925846
86.43829879381293
87.5706012269665
83.45138342282024
86.60025505904288
83.99829034247531
85.12991081306363
78.84927922640607
89.74917854813353
96.6145300986201
89.50178324373759
88.77861482080397
88.61975505325518
91.62217111129827
92.89585426676908
88.40736739441469
89.44617473755552
96.57547615943757
91.96295634837179
88.7662031134288
94.91083769876143
102.01767729562033
90.88137675278917
88.0006920804645
93.37073883636992
94.22888416983253
95.66200128945349
92.21263734475153
94.40417816812045
94.0607745187005
97.3657192614233
93.83572257669007
93.93506086769146
93.060950459735
89.53836132585488
92.9627430991409
88.84867873529257
85.79269306544113
91.68990982775759
96.72553285498238
92.10897941158082
89.25142570934993
83.90776859730319
88.60168032421286
91.51103096433302
89.04879274534558
87.00697703098416
90.98037630129238
87.14336980470834
89.6565175418901
85.24530853560533
88.80592939665274
88.30433799172096
83.85979333410457
83.28461519650759
87.54679544533506
90.30912728496106
86.26033505112837
91.82876987254251
90.68891732431534
88.73539284317275
93.36643338004939
88.90761951331353
87.37349516934253
92.46920943527641
93.91294472372218
88.9902401567849
82.14913111426675
88.15071224366406
82.83235794833043
84.88243381739304
88.46329484908387
92.8615216600621
93.54905936201578
91.90205744400897
95.70081536090682
98.02815809059815
91.49704594260031
87.70715804312975
90.86261570282787
94.53793246740196
92.0182101888541
90.14063157970565
84.57212955147908
83.9701300876241
82.33490666945544
80.87145846963013
83.8116629202662
83.4727961556481
86.87068922241157
87.48937094805828
84.21880957873353
88.84336279689785
86.53015318624973
88.42791432567351
84.76186103083879
88.08709397809169
86.14662735495578
85.02378261833319
89.7614095625724
86.62759382101241
83.59278549384602
85.7092766659593
90.90182595405273
86.01210916998764
94.74620364527955
94.44117407667898
92.81804593138448
93.29559199754975
86.57327341532924
86.73052355015425
86.61220384706071
82.9611113429021
88.30406783871852
86.41137705607453
83.85382761725923
84.29250572783978
81.5631247771486
87.18744021665853
87.51794840278171
87.76280287299845
85.57644645679356
82.10543005259802
81.47751937540282
78.90470598927155
73.30895919208086
77.03395038447431
80.80112321813121
82.20834371437904
81.85363653101393
81.62806218791943
82.89861367040704
86.8327489530868
86.33361441512541
84.83029436942779
83.74331564452838
87.33120332962817
87.16167097475663
87.81770305309713
88.2442569413011
88.23206332599855
87.36554516644068
86.28252285315317
93.19032042550691
91.57828285568422
89.2450104680581
84.14461528503774
83.99346223312848
82.15199391002996
81.96248373487491
85.17938467674587
87.47830242840153
80.9678870504322
92.41268023832149
92.05272826914286
85.03163751570555
82.72859100196176
91.23891208727099
88.14962750581498
83.35561864977808
81.35960925037448
82.578244892564
77.74671995953972
79.58160201411154
84.07653121595654
79.98945136121762
79.97006535443202
80.85814248198932
79.4851863817812
76.15247244316315
79.91604541359497
86.14376204263732
81.82094001839285
86.38343285290836
84.03177337547753
83.26412981516863
82.11805094000951
82.10831751806353
82.71243809124049
81.9650239834431
88.83826883990176
80.74683673487449
81.84057992793603
87.810769435487
85.96569272577028
85.11567107134132
84.79497872405422
78.24171386286476
78.12628615425523
74.78144383056355
72.4584099735788
78.69009428063175
83.94531296674555
78.9482706423773
81.64023288810436
77.28531823213298
77.11647970271414
83.36075219574712
74.55123278559991
77.97462431068845
81.0240430964166
79.28959249805649
74.08952643772045
80.34203919411635
79.35532536013552
79.57836765039947
75.0128379566728
81.27997163761962
80.22672782527339
82.08588519393751
78.42445566901591
80.96088287950832
82.40384577641527
87.13313361096414
90.28611922563658
82.97336777479573
85.43827491653897
81.56112941397404
87.92771341888718
82.86735007664046
83.04096292911507
87.2792634592772
87.5315119435204
81.86261148144602
82.50986658083247
86.05557051976179
80.82351735304862
76.72084704171401
76.22632727853396
83.33404126329216
77.80210444989358
80.52071075708284
77.83604881492204
78.63747554355008
76.80802637800397
83.1669286716768
84.57520293521401
85.94004734550722
82.94572891383939
80.84626838613944
77.82512854267989
80.63697411758876
84.42653937566403
82.25484515733464
81.8433154175563
78.80421400214607
76.68561849782488
79.72527764759562
81.31490164057801
79.59502561204887
75.41795647793073
75.3332919236564
82.15148353132703
86.34585383996259
81.0553937349216
83.98805732771979
84.71965613472358
84.63292350486762
83.67649174176233
79.41448903908304
83.01711849326745
82.34859465220616
84.87536415906439
79.4119406673627
87.1165363463109
89.31006757808221
80.57534956415658
81.14070826214046
85.45190593954143
88.27270941913258
80.75989301219494
80.65357677763328
84.96011233446934
83.79787144524082
78.90956293682959
77.70332237286247
81.60948794625021
84.36097486339975
89.63989853185198
81.01879328806231
85.56084431723048
85.86482833114816
85.27811515653946
82.33774346188856
84.60422013860847
82.01002556777739
82.34895505301432
77.96517294149902
71.63500916713687
80.10798656517836
78.39850526968343
80.21078435040549
82.65845221116689
77.48163469612453
78.51336980320963
79.19755870037984
76.54196653838697
76.20705623470396
77.26338907109402
81.79028323770852
81.64543812818908
78.5045368837102
82.234603971289
85.64985972733596
78.64478211631274
83.24591738808263
83.37944029442697
76.36336608328031
75.71385318120605
74.90753592343624
76.89591733037668
78.98907074348996
79.59492291415292
77.54167227077929
79.543072967536
75.20086150862238
77.6817564165933
83.58178334274994
87.64378740514866
82.87128672019234
78.7966606719261
87.62409266234928
79.83542974393008
80.94111146854593
77.43197015248725
78.43030213825692
84.6835002749403
83.29889544331694
81.80649562919342
82.85252539164995
79.5148799316123
81.00518146772423
82.99859473065382
80.00519687329202
83.01324084614502
81.7606894451417
81.29023067037407
84.19891524227542
85.38815125663827
89.97180120845445
80.29732436602454
77.79223896682082
77.83015204185546
79.3567516228917
77.34224406883423
77.47530145549145
77.59923131629743
81.08291111496732
78.72077212777828
78.4233090402527
80.35200136109533
77.73266673341999
79.11710610268479
78.61943873394713
80.5474166867516
80.4561631143687
78.98884428380055
78.36266151503762
76.06257970048873
77.4070554885212
79.02324005559912
76.63981520337987
75.498217657613
75.26148161582474
75.06744752567656
71.51201920011451
73.53338018063572
77.1800314168566
73.5108217410233
77.72587252997835
78.20543601137248
76.01698379083734
74.81063860945646
78.30170027816959
74.24026525186558
73.7010501474233
71.83012130979473
79.45780151829996
83.06191095598938
81.8954376512648
84.95166320931611
81.06457204668116
75.1349080433994
77.10856811830587
77.31975094983495
77.29593524545822
76.66542576437749
73.07583703925874
77.4468725587608
73.3435192522651
79.89117773506905
81.66598096223393
75.12557341366698
75.96402649881779
81.85376533541111
76.34933342948554
76.4042811901171
71.14337578320784
75.49771535791265
74.65688192731999
78.59004476034384
80.54897094885433
80.11570461171941
78.25425632608759
82.13513976270288
80.36132766790072
81.7177858048596
85.68414096627016
84.31446416134618
82.71799618999123
83.0136305088201
84.30743563828217
81.2603599218901
76.83516360143341
80.44541135796578
78.04873901990925
81.24261917385707
77.05308685302506
70.65731245296023
69.78620611355117
75.63756120933022
74.10288954004007
75.81401962515898
78.38894833639235
84.51622334779931
82.71852065505259
83.86196749170053
80.32299314258847
78.85374388799433
77.14107689540532
74.043027455241
74.40663035675924
74.08211943825647
80.97338129357112
76.52328507476801
78.21064257085845
78.54836572553982
85.52470109478426
88.95542783746437
81.88478116618143
78.26841803626714
75.25536869705098
83.4670930317146
80.80024103031187
75.7870043935695
74.28396940124293
81.36368028081898
80.61884457530374
78.34327414299008
80.84676801603464
80.57350421403498
76.4750040157892
79.52694239081396
78.98468598070366
78.08936607519547
81.98121958231741
78.79493917371302
81.57871020232089
80.16932335890576
78.58238213676455
75.90702185589204
79.937322854902
81.70292951383257
81.74937289443221
83.16169146979635
76.81213683252211
75.73315804167963
75.89528637674249
81.41391149053854
84.7710752946576
90.61004208083281
89.92913225371507
81.20127573607785
85.17033491574921
82.34860248053027
75.19933355609334
75.14064642631429
78.9916765713464
74.87213427752503
72.90929207668852
76.72086550228381
82.40698893917022
78.83199672490777
77.16094826501285
78.89184914795136
75.73078534740682
75.34270223914871
76.07546879432648
74.63307521062816
76.27197206090105
73.89853521954802
65.07876595247573
71.4829698728525
79.54487071860035
76.77050782942187
84.54932678304452
78.14828320539755
76.70782662996187
78.46663683134413
80.18416747775782
78.58883153247275
77.08731261419405
72.27783883955195
75.08244659013224
76.56100466504783
82.14513864383622
82.19617090274842
75.81873001578242
77.37780754753152
79.29886001467622
71.36269133649799
78.48956409673445
79.37503092924108
75.50274776817336
78.99732518510179
81.43349175458056
76.43032292574526
78.50866507243958
74.31304195876147
77.13738293610452
78.44004241452531
78.70738492888728
78.02894971545828
77.57791209091104
72.4596193096504
71.1399174321613
73.35439549291108
80.38508446934964
83.9541664375471
80.09298449828235
80.6203304329014
80.40887707592306
79.57035271320656
85.0504468093738
78.38853065722736
84.39606406373879
80.38782767590746
77.87126357950123
74.1217328382417
75.9473954248408
79.58460577651601
74.86411716965021
78.46191791913847
75.06702743779685
74.37553146957148
71.05755419994387
74.36181002588619
75.52866600717277
76.29792380573218
73.21689505788373
74.57244309708236
73.22967179793397
80.80101945779417
79.60988018068139
75.38539995792269
74.85333218316534
70.12872902925783
72.0609282851638
76.0551204525899
79.90650417147684
80.22202085966092
81.47261023997278
79.43362738175136
81.07849034032066
82.4540906682971
77.2937720839744
76.1410580872672
73.25348079693934
77.47124584971333
80.45851053545357
77.60113623278897
79.33900657853299
77.79888050290455
73.91948454042864
76.50997493779514
77.5222524944265
77.68473870747088
76.81118599065061
71.15033107075638
76.68011401178202
78.81300940132948
81.45900020766761
79.92938828164925
72.52276927810367
73.33705750066193
76.48175815624185
75.80405231035672
71.46007756011883
69.0904024720674
68.18234032515902
74.44418111917739
72.69513275171884
74.27376929996039
72.27337956250669
74.83351059399828
72.68902299893925
75.69731783576744
75.97117647380773
74.0842235148089
72.68565025187894
75.61308430959942
73.57369838185659
73.61521804597382
70.41564369228954
72.95486312944904
72.03788964178425
69.81176535681007
69.56828603086593
71.12342141806543
71.5471417422818
72.84870608554324
74.04722255457267
72.04295185406194
69.51573304105845
72.79846805951625
71.76287032917188
77.94232115214596
71.37587051827114
75.50112794199259
76.14089536539052
77.49039946560028
82.66343209467466
79.02161279269777
74.68430219174654
77.31654539843517
75.54126499689039
72.79875728964673
78.99737174124321
79.17731921246818
72.95126350583998
75.19287786970393
74.15431603368582
74.04467419895886
71.88056067477324
73.99119748575745
70.99774623729769
71.91362282595128
75.27136527761698
73.99890013142193
75.58776645926449
77.01653299169426
80.11484260023383
76.84742148596945
76.29531789334595
75.94511207460107
83.19739896875275
79.8089255269235
80.77241121078441
80.80589034514607
74.61790853806141
74.80049837635529
70.26265512994962
72.70349419187758
75.21826592084743
80.03353973731161
77.13891040622478
77.97572643327592
80.57561082579524
77.03552428587219
75.95103701924351
81.78595109679472
77.51130316271413
78.00195662998202
76.32859648348085
70.97053013657847
67.75280141878727
75.58554366349314
78.9288025561247
69.79847902531202
79.04050133697035
72.0777625139425
75.60484258186368
76.99622398945462
72.3729539556881
64.06465476747401
75.44935838050048
74.59803699476895
74.05798519057805
72.54414833611355
71.85993194479012
74.46445574932982
74.26439969744646
70.91962066581476
74.1360261065201
76.94652473658735
76.93261167597556
76.76450175735596
76.69756586061409
73.03099476997326
68.15813658214438
74.84364069244943
72.74207433093275
71.85736784084901
70.88639348365325
71.97232886169421
71.9907618737956
69.30226024030675
74.05255438153024
69.50436243419941
71.46847344161397
73.70516271336537
77.72474899514296
78.5247095972714
80.99255654451261
74.71486825906369
75.92549332972918
73.28756564346655
79.34745263244818
77.59848089868382
78.06962456948686
79.98791830316144
78.31697585609629
75.65280369285905
72.87452907952968
75.93951387622033
73.8465893976869
76.14376181716709
72.21330987046815
69.73673754821482
73.30748280844868
74.35690503313225
70.40348977194209
69.707952809124
74.68758557111418
70.2912999393731
76.18744126637107
73.63631110138654
67.42898381681924
71.91619132366746
68.33041429256933
71.32111662545886
72.48578032479347
71.69260457944154
75.29931031019177
73.82879669116221
74.08886416261588
70.20108289470188
75.13316836475968
75.65822071662093
80.27590133259383
77.29050255787455
76.71876346843297
81.74200708057239
79.69922805717262
78.84919485015863
74.35484457643311
70.05769844545394
79.34303132333315
75.95101810359034
76.6621362418679
77.58904352791785
72.26592180413928
74.08624837226067
74.89368697971148
75.61852474594781
76.88604963448044
70.22857229406911
67.9053638441365
70.23067520482763
70.83853920536325
74.42223125386975
70.28664356679732
70.81546776286507
74.4048453845614
72.56927349643334
77.71556537439093
76.79533825970502
74.28966122630432
71.56202220100973
71.9344539234963
72.04173857068699
77.45853003825476
73.27558830943957
70.08668355280413
73.3972749064485
70.92357278572271
67.33890698985228
72.01580643066328
73.5944746439966
67.41719242776924
67.6558828995629
68.43825008299467
65.06187287256562
72.25546975798439
72.79878462179666
73.33474624610841
75.66736132270194
73.9712847736738
75.19060331445488
70.545607519659
72.29870029072772
70.43494388532149
72.56945543390748
72.86247556923917
72.25314955714067
73.68366745658321
70.40189334550719
70.48543613144075
73.36270464156503
70.5290690712031
73.06259092172081
71.99173511005692
69.3162014379654
67.83091343080531
67.87666430013942
72.0944865414471
68.37395283932734
73.81583003688952
75.36948987984476
73.2025066285648
68.54747944502533
68.6978370113406
65.40089974664109
69.93897615751274
67.46809116904704
70.90851655100383
68.3114032606673
73.81021641420561
67.95505238659756
68.21640520687237
75.32517555459633
73.55283430018324
76.79694928968549
72.73897237501087
69.33414305598221
69.01048504126837
70.78900702712424
73.46648791954165
71.85953821018666
68.72592984720143
71.87624993475835
73.7862889953314
67.05925441528791
63.991908382800744
73.58602661688043
73.09730389696666
68.96934791297605
67.96310710840379
67.68228903777026
62.9084227152526
68.4623699616165
75.14229913077946
72.14941451806828
70.512421605017
70.96135428971893
71.17611379579745
71.57775893150405
72.87802103655295
73.09933805940945
74.85168908699053
71.9104008247541
68.42629744856512
70.97988739304756
72.29931276713577
69.42003060931957
71.11213601309849
74.92063622201364
74.8913880508496
72.80631028721731
69.22430879236764
68.65277504618956
67.79949154337855
64.7238459439297
64.69638034474221
63.708593456686266
65.97561577014197
72.22701552175346
68.41519998683584
66.75638265019958
65.63880215241626
71.7790880417705
70.09528975496815
68.59726069458355
66.49382853910241
67.77350786024407
70.46029238849313
62.953921333199304
65.10059317952951
71.06804241596322
72.48799821578974
66.5417841798144
71.63001585231285
72.84960795634383
77.689250778232
76.02074630681255
76.79521181732498
77.49392517421403
74.59493958884161
76.61781747199785
71.57501361641647
75.29311335201272
73.741693734221
71.53165249561644
74.80819299706495
77.35507981617523
74.1624553245407
74.18510368645839
73.9001457703965
74.29153216203038
72.72042114556274
74.9931376267346
74.24020330534566
72.87722130940145
79.1810985252685
74.7606552391214
73.2885709436213
74.35750264158577
74.41501143929042
73.38732918257446
74.71343929070935
67.55121036152131
66.74844068279654
72.05692865028064
73.29674871147606
72.93155031158399
68.85484024735837
65.71868498285957
71.29966295701598
71.48765358057612
69.14926305841388
63.81136175696798
68.60370914597665
68.57689489243806
71.02811126817132
70.07722940430114
73.25314510059674
70.86546016745349
68.90442891332182
68.1266102032444
70.41974542443162
67.53942674876818
72.7046126204035
71.53960036221228
77.0270247144927
74.89894434364402
73.13109967633301
73.07575757016349
72.14315042695864
73.12580159127555
70.14412388625104
73.7916412947156
74.26795183774061
72.91683551994988
70.41856573959707
67.59748917251208
71.36921647453553
70.69638160970895
68.68376333157408
71.05680250842425
71.86521228253254
68.09440370867455
71.1046035993279
69.85855994429247
68.29577751601309
68.12125623150152
74.01860774739446
77.68034154683055
79.11125510303958
80.89543053120697
77.27941813763195
71.5477457156567
72.20179729042175
74.33012587181975
73.25777395819108
74.58992363860094
74.3626508391202
72.23956529528361
70.8044104230144
68.73609311355253
69.91206814340984
68.01399367291599
74.62662566619555
76.94546434254539
77.41455713528865
77.0405140097507
75.37766861262327
73.43655939067258
73.92537626129564
73.73254348105371
71.81839303074088
77.33621583489939
77.30673646593368
72.77312835654558
68.90390775659867
67.61985469119449
68.65362969883984
71.04223708565243
67.5027933333416
63.68062548435393
70.37228018833827
73.28610534132368
73.4179882679783
70.48860800654951
68.98808308464521
73.43183918909668
76.03827675803286
72.3193868702267
67.21409350466519
69.4195430625834
70.84422197322802
74.48471831012053
67.45354931209518
69.29798920208407
69.38411870028145
64.1828970870901
68.02799408925438
69.76410199743006
70.19093236824467
72.08230185530081
71.96031951490599
71.17117091236838
71.08870321889268
73.43704523307562
72.29297674133596
72.99326310073673
77.82222297169211
74.43104145992552
70.56466146175198
73.5246432445719
71.22192601231384
72.5229070298026
72.70013999063558
72.67388384009017
72.7051833803697
74.15646169921295
78.16991108871652
74.78070056066201
75.29256096320663
72.15912985019831
71.33652523349434
73.01696073756011
77.18483446491135
69.5798924002609
68.90602553611082
71.1300469887131
71.91042626665723
72.5406046708741
65.75627636399186
65.25332096124434
67.10492873372785
73.21995031040036
70.73843399256126
76.32336905916617
77.18392192598569
73.28486226030043
73.25841257376884
72.42896068266764
76.20466909724242
76.91547217644771
77.0644765892276
77.06769481091379
75.70780423801983
70.79508396314107
72.0247893546089
67.5472857231057
69.01252976774121
66.94051132170841
73.00641023566193
76.94936900977945
75.6668219491703
72.21764436351634
77.74283187631276
74.39181352393057
77.34265951826302
70.7795248205377
69.64598622859316
65.87278732790614
70.266218900503
68.71181633659245
68.64823768777174
69.61555449501184
71.18809989164197
77.49559712572703
72.17318666678332
71.64829166007654
69.04510966496849
64.46733715655732
65.7238219325096
70.54413888290978
71.28602688882776
73.14778549491841
71.94083270751368
71.50227437527852
73.97307560588246
73.71834067950552
71.8362284818653
70.129018852548
70.5901876521317
75.0608700102015
71.92668341896993
67.67029057392433
70.73113846636559
69.66524544298476
71.09854606354337
76.77017747342722
77.49608415923366
74.76737380741505
74.1874498224671
76.89163207251426
75.96867848101229
74.4063382306245
74.29486939783104
72.74701720353076
75.54580789807991
72.90079046888076
72.40814520186812
76.38249983311569
74.81442772035032
69.73867961632611
67.96630745763902
69.29891478647423
63.60630626221281
68.56303572312332
67.54515369205522
68.12490674435612
70.04011876972663
70.6985227572875
68.26898644433312
67.58486158135757
69.99349683717176
70.32143395759283
68.85869173806647
69.29383895174296
70.28770216927464
73.55556321034136
71.43971820263195
74.40736575738705
65.74619522705781
68.42950434053265
69.83725247457176
69.57520689555247
63.75144084791185
70.99267960034206
71.06418711996938
72.2218693877288
72.31384269720779
69.66039628968
69.76972614233216
73.17342796008096
70.68268523140313
71.76812246777826
70.15995672252556
66.46978974647051
66.86961345778863
66.84219068762148
69.80113840586885
70.38705878204894
68.69797847301062
68.51735747351665
73.5936220702775
75.39613546094391
71.73443003458104
70.1173358637622
72.66892798268513
70.35904859806675
65.49830724623031
71.55147636398554
69.84937437280686
70.32732919664181
69.06400405660071
70.3054293769173
67.49364328407964
71.5942368078534
70.69726447194034
71.30208252899945
68.11664859367653
70.12531190605144
70.12589684758531
75.08291797273044
72.00107941685522
69.71191184978888
71.42731726846938
67.06821023694167
69.74819529614268
70.26134509893777
70.93521164708304
73.46391443000087
69.71885820901072
72.80047077380016
73.91991517100074
74.01310223072274
77.83993723867626
78.747779712042
70.84546430602293
72.6180501518919
67.43583141128889
70.08703963394693
67.77669187089072
69.98250669096915
75.73875297975596
72.62193873510871
71.13684371435303
72.40238073124469
73.3999779340697
70.81079124433067
70.79988085905872
74.13909880221455
68.6151420114958
69.49815766281056
70.13855907029397
68.0937080810765
69.30056518688292
70.81593332164681
69.13304681733847
71.75912474477339
65.50443985765851
66.4010143273144
67.04150621850162
67.87437058948112
65.66173804486317
66.28711945417301
63.78020507442866
62.339773757809056
62.70226944256235
66.44530254447955
68.94055365653381
72.97232239932764
68.13640944083527
70.92339815915261
69.78677725274918
68.50393338171705
64.519302700022
69.85941430139624
67.94458941278154
66.82061943860388
70.7838488454118
71.89323401308904
71.25576604047117
68.41623019637116
67.38823220879391
65.6275461243658
66.22259954606096
65.73269303294138
69.03271125204685
70.75415882944586
73.1702326729457
70.25703628752052
74.7392599877453
73.54205970187645
71.3433759864872
75.42348080850941
70.24510957551568
69.5360521527426
72.62163389522861
76.52943131001217
73.18637571491823
76.1886268710059
75.2508927030939
75.68954425488283
70.57561153728327
73.20834246163705
70.84850302526127
68.23994406658417
68.73556992440504
72.68241254106505
69.25550719750824
71.76170559326565
69.92132503185773
74.24216082283242
68.59906767983674
63.02578277539556
65.05536333162054
65.18060864861647
66.88631240067882
68.68833651018181
73.27861688340991
69.80430029499391
69.33005040558162
69.62826393952746
72.62662041915394
70.5006822218629
71.223447473045
73.07822250983345
67.83435482873159
70.37935749046112
70.7438710986117
67.97277097817367
69.07531251686306
73.42217358868928
72.92619165088576
74.69189092352156
74.11450847697768
69.88477815385781
67.73666472520434
72.75144995732492
73.6764677235343
72.70200479511061
69.26183688671824
75.25128626759935
71.57577886860848
76.81077808370355
76.29179128288445
74.69275817189076
72.68102800902386
74.29798710864355
76.72976736932243
71.52687294692174
72.65509797555745
71.86809327297381
70.79937156480733
75.04062497494941
76.38830883463005
75.48620909822935
74.33562796950773
74.35998704512211
72.30155982357181
74.79379908086237
72.66787342413001
70.30925878119135
71.32197153064111
71.63735768009018
71.08067576946334
75.51047613536343
70.07719860493562
67.62401849196985
73.6132802068649
72.67980365176665
65.59361361812017
70.25724286702476
74.91918677627004
75.21620121648836
68.97669175431311
73.11241209627083
70.34857236035499
69.19463020078068
70.81201528082896
70.68444099973664
76.44845204796644
77.13351616501812
72.94662928852127
65.47903883971878
68.22055166467725
68.20187803812405
68.30718901012298
68.6519314076302
70.09480142492865
70.47796734600153
69.87149648906086
73.12779387464484
68.87883903125689
69.03708238872804
69.67830252576623
67.29042204011877
67.68259734641546
72.66075655403384
71.93902129725898
70.79622345236815
68.17655306338673
64.00540082145257
71.4254519241167
69.86649477265085
68.71151951844807
68.80190049660045
69.98764301750325
73.81741605345846
69.98328012676171
71.6156750488395
74.72756764243155
72.5788042021329
71.62974147041895
76.06911214209902
76.52807482907377
72.88583263623207
72.66427671705723
70.95851605802721
68.82969296409092
63.197437297406466
69.44681074014935
72.18947030846293
70.77817819583701
73.13888313307552
69.72556150276267
68.20468738474412
69.00774708986616
73.12945427610741
67.40445193965816
67.2469848834524
70.4498413347506
67.84957185790715
63.03829084734515
67.81821339898599
74.11097423341336
68.13442893297055
68.64832411052355
70.66800336609346
69.1981878943845
71.90544039652724
72.49978949864187
68.1106447539238
68.14646903421017
70.78604435198669
68.65423580345748
69.75594632356712
74.04666162792545
73.95497080717858
72.99287607022906
72.14844385040969
72.69951059273546
70.77289600342671
75.69147942099382
76.50560819928765
77.20396607907351
71.83580969754003
72.56383521750558
68.80029418083924
67.41540762501212
70.89267135021505
74.01683077580299
68.50618269677966
70.45423949075206
68.09767278679116
66.86328475313445
67.41337170756906
68.11187511620065
68.60718474728942
66.54192332408581
68.08573036022246
70.00806426808967
69.65866859709494
69.79450028017371
70.39356372880209
70.80968691243918
71.91442194804681
72.41510406552672
69.83283247804546
67.25593822354531
70.05295940926888
72.62591967039896
72.72033755378797
69.91602090271152
68.34026636449167
70.98363857378635
71.06555639055078
73.6673004331946
75.26062358910323
67.23750352251109
71.28039954527709
74.60073717682054
71.63966787866084
72.88555763034933
67.56212070240439
66.70217453616551
70.15902415606806
67.73597353278315
68.3151310317367
69.70995651849802
65.74336758708691
73.02095704073658
74.82303534507359
70.7360753281608
71.68054728889065
65.92950071315948
70.8250954895039
65.99704520184223
64.89057070684818
65.28507731694964
66.76514007665139
66.9591186040417
67.5711743037027
67.61064640808716
67.3525894066155
67.38774393349404
69.52179448725059
67.43090558126143
65.27790341394379
71.96705269993038
70.00376174618839
70.49388491447489
73.7542054627488
66.61093916585452
68.70984711771926
68.63042157008762
70.38051558516145
71.72621070277022
71.60616021915911
68.24767273973288
66.74984114931591
70.27693877616638
71.80686704785172
68.60773153580006
67.56358799240581
70.52313798719767
68.47845846039378
64.62223513884182
63.8466605420196
67.16194185513078
71.92833450498199
70.53623750385532
70.84898913334717
73.89024623390907
70.34457531252943
69.58523330714863
70.43085810774885
68.9912342674575
73.60794208746083
71.56588113824168
74.95663533699144
74.95945411599949
73.72066572468746
71.12939738808969
70.69719552681322
66.87926022602477
70.04122692141215
67.75040348755248
67.54683735536335
71.29359749534125
72.93010714364442
73.80315557112712
72.79805833550401
70.93596846083055
72.26757713268188
69.0719517770896
72.94678194060955
69.8592350761843
64.54484273763977
66.90679726912829
67.93419470620145
64.65810035337333
69.40064285274826
71.44878601833214
73.24361646745172
72.79453705117074
70.42371470200187
70.30747627454123
66.76985084315984
72.27847294112951
69.137435090953
68.87172472882146
72.0376010275782
67.46986107514554
65.37402623871519
70.06172897534837
70.18551492375369
65.87090445168907
66.08875265121605
70.44383948982245
70.90458184461244
65.90141899778163
68.14634754424833
73.73393762356199
71.58134770075833
72.22572824040665
72.84658505619417
69.48765930576134
71.86859249338728
72.27336965882459
67.78255886777855
66.15708668541455
70.99690398903432
66.30461651725298
65.94761047502504
67.742093545987
65.5890697603316
69.77169063774774
68.63546805197717
67.85637790300557
71.1257776350528
69.18211539426427
66.18410634114598
71.05854992578583
66.84647673871548
68.82393306569162
64.84693194054506
67.67876332079675
71.97808066633377
69.36280250350879
68.32081372100964
72.05436807044418
70.08003507423454
68.09222125169266
64.57090515754727
70.15685174651058
70.30946904109798
68.59465414104498
65.51391150501644
67.01454418399693
67.66496798166021
69.3791664114843
69.92922756696707
68.00983092524412
69.84014920021929
70.21510100442198
66.26275858328651
66.26496631980687
68.80163139658072
70.99740473157439
68.29365229242916
68.33359133853006
66.99241978268503
71.6104322676146
69.02809061098897
68.53430061472271
70.86546278651407
66.14939508019114
67.5290423314954
66.88420224515743
64.46534226608802
63.090700455935746
65.45142090868147
65.1801045212016
68.92287143821808
68.9015603259445
73.00190562238255
71.810651315519
75.80416765407173
73.98536364209032
68.34881461340491
65.38488677754708
65.42403072705167
67.05270690945129
66.38661366798758
70.65527540170945
74.26958039587639
66.92336939770911
64.30149762012574
64.08819629901885
64.80136853960171
63.30262686975808
66.5372979651991
62.40692619136442
62.95431140473205
62.814649473170654
67.3193873510075
69.75276270910383
65.6427157822854
67.177980214534
68.67678018736078
61.38428923654776
63.346211531054244
67.02168585452843
67.01079476458015
62.90767472354177
64.05387740886727
65.97536697628792
63.65140061367138
66.0241576116475
64.7774173697482
63.43321272669924
64.35654051966405
62.26702513757491
62.17508879518332
63.21779787807267
64.6206166194585
67.59395192064284
64.69025903308324
65.13181775415138
65.21076025529733
64.06906710202188
62.149432140054124
65.37972855261815
67.70651796599893
65.16436500557128
63.14530328090279
62.739662367930094
65.87581435025189
65.43908857542075
68.11995775199124
63.07680421939972
63.82846788840253
65.87072879713742
69.0979387057119
71.77057475231213
71.84937390540385
69.66961216277912
65.57700115616503
66.1734702549718
64.41575988964745
63.60330360349986
65.65002499503764
67.2024777062207
64.855324689577
62.78721349230471
63.12500488337325
67.53247343697737
70.34260516996639
71.5717730109937
65.53052528823528
68.53145736259829
63.0563843061754
62.531351405313835
67.55604770251252
65.91931623213988
66.86393405774555
71.560261125803
68.64187543641151
67.92684076770759
66.52617669221048
65.70759468187796
66.95520787682878
68.57977533369929
65.49336283650217
66.35737384805367
67.7795724546212
68.24688650829097
69.25084215076339
68.24032082008145
69.3792355414385
66.13985665788117
58.07373305705467
63.016874628529315
66.96178093569615
65.7983626398626
61.808948215659846
61.156935272714954
65.84071790696909
64.74939667243267
63.187970687127915
67.2586768648531
71.79878089410917
70.91051099872708
65.61034085750734
64.12644872829826
67.5369717637032
67.27898760840576
63.66345204722522
62.815208695475455
68.97366483866861
67.9597159347753
69.0092012921207
67.10668393606315
64.06758215308787
63.25822957371644
62.35058358161532
62.94310068716539
63.00306324842968
64.11581128343512
66.79319092236732
66.37721189702866
67.02676814615972
67.70001015202247
67.28168965783496
64.93179709849244
66.94122613949891
67.6759897031586
66.3798547928962
63.05964138542475
61.971244352023724
64.4649601546783
62.948869357578836
63.61694860186754
65.89344457345337
66.18140841202109
62.137648306287595
63.36313314219413
62.12545090610601
61.71612319552507
63.880821422130104
62.479525049519594
64.67452564373615
63.44059940160598
65.57253667645962
64.38140814526288
61.122705940739685
64.27278313558035
64.15547938466814
61.35599757098917
66.30946353960636
66.79726343557843
66.77468517725296
66.74209460551997
66.37750777569117
68.1767473215228
65.7657000292722
67.94853975623668
66.34862688515115
67.9197681770709
71.07621128045034
66.84250363558624
66.50120890869833
65.15106351313585
65.87969187272556
69.17322840207373
65.12399785144659
67.39410007785702
61.86891779610993
65.32521289984237
65.86782219329574
66.28163080227421
62.644934267672554
66.07409775238854
72.4774002871563
73.67036121259284
70.58629365655229
67.16756387229688
66.33886461245986
68.1487852716704
63.71948503510634
63.561085073002104
65.50182941949429
62.89415524607939
70.46463715661362
60.998276836092444
58.254716639337055
61.86401831284049
60.77471386619097
61.737812509491526
60.27371694732755
63.559506301133226
68.27614339631968
64.54667179147327
62.89570196318293
64.41937716893499
64.86411624657718
67.7927151375911
67.85863152900325
66.26921423145201
67.64007492671121
68.49906490481948
66.49935409963604
65.60521707972909
64.76739007337451
66.70976084653974
69.84492701275688
68.66527106538275
70.16290207691972
65.97943657960052
68.94322729311769
70.4869157218233
62.65928386067746
61.91909193951011
64.15473498771604
60.43453024038959
63.88767501725531
67.7451025790494
62.97010397118468
63.54278244939149
66.40760712421633
63.29560467163585
60.76577636396207
64.9933035960341
60.09611316575747
60.76026426596275
60.496937243438225
60.16466041248036
62.411710529672185
61.8607202753015
60.26043350332586
60.541766887829596
64.06841102803465
62.55271166864743
60.31776634856126
65.16932035460063
64.08827908558955
61.361534760515475
63.195705677713875
64.09684528073434
63.30968106554348
67.49683450140417
64.1088666842742
67.99053207320677
69.56424785098561
71.26905840650528
70.76487246274085
68.27386229825971
65.73560682784938
65.1445274657543
63.66089089414231
67.51288533920068
64.66740636185503
66.6006285067263
66.14885536793136
67.50365240928622
66.44851474274736
62.48239364120328
62.568973423742484
66.84812296980117
64.22771488785556
67.17619611639505
64.76430644795107
64.78206683071473
63.40925288414918
66.06599060806317
64.96660890501062
65.7960629854471
63.73490795756026
63.69949985058121
63.82028681141135
66.79778634110801
61.72649086960051
65.97343997163507
66.36384295444641
65.53507306968682
66.69783383063253
67.63214135237565
63.668019487886724
63.15377401157022
68.20093852066435
67.07731351234766
63.652875774248976
63.83847279932186
66.03367547477882
62.62070491079008
62.54177695907912
63.28424042044337
60.70666829416139
60.02928881379552
58.359434127791474
60.73623793797191
62.40237519263718
59.83956395810725
59.68189789509945
59.768392613200355
63.04492470149018
63.48989053195197
63.48204649387831
60.720003318425604
65.838812052001
63.72305229840055
64.68916737921782
61.073746788753084
64.54660736022495
64.76812282703072
61.54166107722709
64.31574683931187
63.97962235862929
59.00777997483734
61.30270595832404
61.82472535879521
62.01067038935223
62.81549272037527
62.72099456724955
63.570636479727725
62.84290074197721
65.93830657211494
66.71946708598496
63.57397610095496
63.70611624483483
66.86386954850862
61.916087506661334
67.00957714327156
67.67550098205844
60.803231743060024
59.64828833353642
68.90372742580865
66.24755330125535
61.005405944498015
62.33576989720505
61.91682985681092
61.057052597665205
61.44736915845593
62.61807811748926
61.359849709854736
61.60833153262534
63.77190846716607
62.86622442877404
61.42365478287865
67.14772420619647
67.5630467514191
67.82378336585295
66.9866227771048
62.66330018627445
67.1319274695569
68.0219319893493
64.36336325942712
66.3219432868728
63.75680992615972
65.66985006526103
65.10873979122431
65.26515772048931
63.89833396969551
63.712136798579486
62.477202529902954
64.00818210740967
66.85132020301886
67.40605967800924
69.91735740959663
67.71762437426794
68.64127204368737
67.46946646058933
68.26036319829625
66.67330982445255
64.08667153658813
62.09132700192386
62.08934843202482
64.67521246911642
64.19502805749885
63.776912938576686
62.04520217482981
61.5234664444238
66.6945799905911
60.533547135173684
64.75644120671156
62.849591037508034
64.54270761708669
67.74535845774425
64.77461961906822
65.22606990541404
67.25089863249698
65.44807664631696
61.321099731964225
62.44629647043078
66.41559823280905
64.25324275762264
62.43277420328247
65.11807264893073
63.212769226507696
64.83567028067729
64.1931095204306
64.86352885816905
64.97763983059623
62.72288506849651
65.13961266476018
64.20925984064426
63.21048002156036
68.94990513903795
63.520494462492834
64.11808952230487
66.6679345458115
61.92062134252479
64.60620833703057
67.93348279641327
65.6818429195231
67.20174101439441
62.709461065639644
63.225402329350324
65.97263135573024
62.449084262858484
62.165782555304496
62.067190292744684
62.58783904568082
60.23106763308526
65.37065913425087
63.22306843110632
64.86708947910945
58.621401443076536
64.06842586335252
65.26663794303177
64.19543678699503
66.70193499564937
64.83937198925537
65.98011585380993
64.23532830341037
66.4409083199962
69.9891716625249
65.7261803965047
63.61859267288175
66.55441104577795
69.51788299952206
65.76053648031551
60.2373825968126
64.26493287045258
64.01869574230544
64.91171152424572
63.95937455641239
60.597061888135414
61.4986762462164
64.10068638806811
61.92798043178252
62.75713219807056
63.90349610012905
63.05041512699786
66.77920977315078
63.90407011530896
65.6704531295755
62.40327607121068
60.270746954060535
63.76527722187098
61.71032078434363
59.990697431953606
66.23285818911778
67.23217465386655
66.25434063976901
67.2120045864191
63.99835698155799
58.2809715908625
68.84317791111593
71.09470114095959
67.97573832978121
67.34616718605592
66.95802793136377
65.76979882769207
63.45214545228247
69.07725859150554
65.99994315223708
65.1354832665337
65.4399127477917
64.2935939864929
67.71772146513442
66.75733449492127
66.260177150294
62.200712303690146
59.36549682363231
58.545642614857314
63.424856556293946
66.41161374830055
60.0248250958957
59.252919163194434
62.10535341019864
61.265928741347814
60.681294135969004
63.88760137564545
60.50603951481204
62.8271839934569
59.580899504001536
58.803996730040296
59.15169117411946
60.15136461263935
62.875960128059084
62.272826742395154
64.81382557029652
65.3683660775711
66.97559144577485
67.83009416302534
67.41514656034404
69.31623659764466
69.1958495277203
71.40832396940463
67.28176732783425
64.3679708731397
63.31132247714442
64.48823272131553
65.32875373840388
60.31706706917116
59.38833516261339
63.43518174241671
58.85993929925531
61.517382671631296
63.908512887994256
65.8058287395309
63.18804951041426
62.906570039356936
60.13155028888585
61.98366734386013
62.85945353512619
63.03879782611935
59.49998519357316
59.25938850819006
60.51948724347927
62.58040015712859
64.15050623078197
61.76034886382068
64.69804726631006
61.52509528348639
63.52240680975162
59.985816571254944
61.131481785179965
60.24800639101911
63.820854784508704
65.58023807285731
65.22611094670958
63.99249335607443
63.82964779968386
61.941641526684805
59.03653247297305
61.29701178508104
61.92923820805134
62.00561081877024
61.03501191204674
61.25744161977511
63.80639995276974
68.88443298608853
66.19742414527371
62.88587270006496
62.00662307896335
58.96409644542089
60.60683700610294
64.04054666875203
63.23217831272954
63.410718962498684
63.73303860438672
61.12468227513042
61.89578982480992
64.13150379435649
62.480047094511754
64.01789175227105
60.753981323139925
57.77472354671836
58.86589423796425
56.89136284486822
61.37506650483534
59.71660887870882
62.24964069254988
64.52748321298634
59.939665334810826
63.006093589777265
62.07493200976793
60.91425829406216
65.6251897307672
62.06318594573649
57.91122094698825
59.729299256578436
59.56828948978695
64.49473592384538
66.80819067146994
62.97138262085687
61.25992703309442
61.99823654305079
61.246004107115986
64.2682893677889
61.61908997047287
63.60652098382645
60.76474677118877
63.44613142793424
64.65585039866549
59.4904014434304
57.32295194937924
63.09278505975195
62.28652016071553
64.99347207611727
60.88594120191581
59.06620579472794
61.85594502370587
59.509468893918175
61.04957651214369
58.921251841555325
59.76927625810295
60.569836258138174
59.6949327559872
57.530902882006394
61.26081079236713
61.95215713833718
61.35638525516833
61.857828996212376
61.76051854338082
61.44939654218222
63.16900726106869
65.45470337665793
60.40458880343778
58.52980482390312
61.43295937113707
64.62653495914975
60.724922120541116
62.67808416227393
66.06911938907768
63.960831358264095
59.485886522262525
63.15267633456992
63.12706124493292
61.02687471879761
61.052606142357455
63.80971856246594
60.59353758802103
62.67207598580493
65.38358995947281
62.056569839449494
61.039406833582
63.605988374418075
61.9549578045611
59.1043529766069
59.69748715727256
60.45648633454721
59.7170585316444
60.41704915681794
61.749460198104
61.23203836899727
62.85185670953328
61.530428373958046
55.91209523968291
57.390640435517774
65.9289548353523
63.7428428713517
61.55931988820213
60.40249177043208
61.98950913869101
60.11164197376743
59.66640521415907
60.965990992884144
60.45373494178853
58.97490041806222
59.55774631873266
61.96468145834875
65.89093844815883
61.39073214140786
59.00541974278696
60.96547455321368
61.36737704723957
57.20819708704471
57.80118841376331
59.60503124432888
59.08053261267865
64.8186696955736
61.66862336395918
62.93326719832925
64.92307498187365
62.04448656780405
58.829053297337374
58.98664864011264
61.20453771781857
58.20835156188939
61.22371531746237
58.15221030581961
57.98496258219043
63.47474131280065
61.72704609292288
63.03919248194116
60.33791364334665
58.03155932533338
62.76668122343927
64.86579133665255
64.30487491533272
63.09345884660466
61.973627845543334
62.104028134920846
61.20975263517602
60.973709459710825
60.415382653761256
63.31980952818254
63.35147658815257
60.55043048614847
60.436027591268896
63.014218795437316
62.61985384401117
62.14886940185501
62.88238612829073
66.49210660896338
61.72992411220292
62.54734977829299
62.712007398921976
61.68772927198793
60.422438335268055
56.34006159628623
58.75146871717545
55.5349527630504
64.74888080865199
64.0087577765061
57.389285385357056
58.1303395401535
65.27922105402556
62.14031905592868
62.59633219574479
61.23049020257125
59.98556504240838
60.2225727630045
65.40265542714742
63.4195019159015
62.58504091889343
60.58737733248297
63.53211247073848
58.43915812236456
59.44826891697602
59.79833475040343
61.00721731044565
58.19665935519995
57.31440360120391
60.666219990465486
59.79017289043268
64.4698542747762
62.873384963584066
62.76175262150045
59.857637859336386
64.46170138068999
61.76212094137176
64.47721258865269
61.909471948290935
60.14572740061527
56.09746549760089
58.34517522145463
63.42031003322702
59.575311185687625
60.99048912032429
58.65892490191149
60.933690489927166
61.24589335054192
59.73402498149799
61.636935561143936
60.60218042663742
59.59714783485496
62.78166183447498
61.54365119518537
60.962049639042036
64.32285641380874
64.21642267041163
64.32632007044782
63.613051003781536
62.15288457655277
64.0870352049766
61.10480085116065
60.3969362432194
65.63131157127957
63.34581864288706
61.64530017905935
60.38494854111384
60.88715398703538
58.49967095453043
60.591365062802005
58.24828840525763
56.22337324589593
57.33973276421895
56.46290715752031
58.919004520191805
57.99181457325219
58.241019304755625
60.814928939613495
59.52441389226131
58.25670528943253
59.30397277707213
61.91099446774161
59.80564297716835
59.33558958419992
61.400696739742855
62.05620388547644
60.527018973476544
61.84964350013408
64.26270375798222
59.38368948141258
58.461375082610765
60.48217892388759
63.86073889038035
65.61654285257809
65.09952889440821
59.34385805788555
62.218689098894345
63.097038423438214
62.22165858123441
57.85526569954241
61.285402857924254
58.09827454776604
61.16206560441973
64.41898630210041
61.185278305353606
61.32845006951003
61.50822758111297
60.61122879112609
59.709350376698296
58.54853281794722
55.39710952888042
59.91413572517452
61.010984317183784
53.94143798656644
59.87717672086676
62.81562925466089
59.47906675735181
63.29028954596528
60.31988929696377
61.17353662703889
60.91882505751907
60.35598662918837
61.749047476465854
59.58216497916519
58.06036616575819
60.31644835735942
62.70207697886539
55.685163350975984
57.84394523822164
59.89396099662086
58.590532876178685
57.851738555745776
57.575533909641344
59.98540118172834
59.6951356220359
59.28690937780426
59.043860773532764
57.46408369083389
57.437875746854026
60.32082788952988
63.06330596286742
59.89582009691726
62.30658406445738
59.410951323229035
56.09213788533667
56.59944167284996
55.624455734057854
59.03744662342146
59.897285132715275
59.715257527975936
57.76947788036746
58.260447459609075
58.47006691039871
59.31930308300194
61.47140465561606
62.0779901247763
62.296365899922385
59.24694038179779
57.21085809931267
58.290402496095666
56.30029078133213
55.34883451975708
57.694601247501424
56.355131826288215
55.53144687850923
58.81971088997594
58.41556015964561
57.18243383268486
57.30536256387943
59.37899711758109
59.7245474443008
55.41628301255921
56.41630801344985
55.13116430959758
59.63334424321611
59.16247337767336
60.68356362033509
61.07321431718199
58.941451039771735
58.196613914161574
55.15669600720071
54.655872795663385
60.24675438026614
56.859035125175126
58.39845074046152
60.092415369124176
59.58743265550175
59.73865889211691
60.76958081878314
58.574327004279525
56.694129840845726
59.53850961723352
61.22256669323624
57.258387275632366
57.071436147421416
57.326776718770724
55.22266719473708
56.81701553662295
57.65313868158
58.42794931658008
56.07373246624697
63.030895215715844
60.555959540319016
58.24107841188079
57.870188860824484
59.200987414126104
59.342604743905575
57.16988667247479
52.9216467913556
57.224886988604766
57.36202974503649
55.93136644903734
59.083708840786315
60.10769861430149
57.55969522776394
56.364100804724245
56.637062769771944
56.58792262852265
58.291724775078784
58.35289469551064
57.44299124590858
58.24990186068883
59.36181205624162
61.111131214948216
59.16229610878122
61.710065227528496
56.304895641735726
60.20829922594308
60.59956648388054
58.82274512675118
59.12065773054215
58.96256931950189
59.85200949001859
60.70918435797606
60.261555061704094
61.970620828380035
60.177775914811626
59.28188747749095
59.924288141583126
57.224635542650546
59.93313994257458
58.54520868672707
58.79226794678585
57.14241167208622
58.00808109611457
57.93149328168112
58.46601128706663
55.763772495445764
58.963426253888755
58.514516271133026
59.2463721494148
59.631955834516255
59.7867168030792
57.11289654658156
60.263398732311906
62.04079733068589
62.772589451907905
61.043101601069004
59.91937072243162
58.56701075974043
59.59478993251119
58.41289004062256
57.69077358651757
57.862016494626
58.99982063927411
57.91322270380985
60.358096088947896
60.795451354355215
58.62077299514755
58.58133395830809
59.177018809694175
58.89847231200012
58.39264501515175
57.97087737561898
56.14128656357463
58.27311897668044
60.39466098058009
62.060615660300456
57.731574104725624
58.298932803794145
56.68974930258535
55.197529713769555
58.129616180465604
61.57109186851849
60.76113637800478
60.007651121394154
57.93909524569427
58.734825667540036
61.542651712036225
58.01251838863182
57.145625220450086
58.79658617513897
59.58635989490346
57.54297566596497
58.66707838686112
58.10042058942265
59.51274609819536
60.48875899179644
60.15925712305385
59.35945221179772
59.329453397003405
57.2851319886438
58.023069373792566
60.289526018420965
61.4725370557826
57.90780667498602
58.11007583655969
56.950198116589526
57.62936215440384
56.64893404025215
55.95012850183761
57.636157721778325
56.431325166485564
59.11713776480119
57.40598363243582
54.01750031662705
57.1032360571703
58.81873107080824
57.21147100566814
57.17593099723256
58.40250652581295
58.70783641631946
56.73421883655384
59.35599622438871
58.42923710787215
60.42274933939267
58.826642989253926
58.646255825852705
60.03191934614797
56.040361580319
62.07954889303026
60.13973779408427
58.34017679731838
56.51749706970464
55.03194449843516
56.72471198599009
59.62001288207115
56.95959836741726
59.082325605211864
58.62628404915043
54.11635472799941
59.2783600114796
59.852449487940014
57.72067965446062
54.576338337590826
58.04577796182937
54.827267122227404
55.1986804139528
57.59331935643486
56.99645795695235
60.60233465024905
57.36328337249623
56.52308253176686
56.05906211363608
55.6813053901284
56.455413574894244
55.70421858090653
57.88408586421701
59.196420600684945
56.5099424494336
57.78396299442245
58.96249473195437
60.52271932169187
57.56756965128793
60.41135459387498
56.382148012497964
58.145623742020454
55.74656881498565
55.85085099700411
60.40073246286409
59.61426834137825
59.208516210467344
58.994476146666784
58.551984417054335
59.67631345464488
58.90969752238854
59.18017756752083
61.95323318732844
55.02034991448997
56.40989071620439
59.031166204807406
59.03212528344283
57.588739780680015
55.33485738608013
58.94133511891576
58.92517982292344
57.695345946145096
58.07375580078069
55.13865682912785
58.22135296059713
58.6037960899677
60.19521614377074
58.11866626288325
55.016004238872654
55.20225713113472
56.05745638724264
56.86831602662937
55.28999954391311
58.43919146602717
55.60884229047056
57.41085655913588
56.90601088535004
59.7458432122267
56.287222009760555
56.702852988641496
62.27856409408764
54.15657839331244
53.493362960407055
60.04875154201729
55.044513722389695
55.18324644668911
57.94080710114531
57.06727219699789
55.38544245229475
56.43752356322655
57.98221589509019
58.13580384720314
55.0525704684425
53.308137450368115
54.750374695795635
55.75423567058477
58.62592617058144
60.01717347945344
58.78513140483836
57.372737164143054
56.848503868514214
57.065590945525145
55.81332769091467
56.34683593181162
54.20065356152441
53.60896929737837
55.110156802555906
55.60688672136781
53.86927884945271
53.98018768120171
54.325065477054395
58.959140853143765
55.395788894594716
53.98344050141386
54.06022084561877
55.81519014402112
57.54803466839842
59.01584768913037
61.526328898043374
59.7580744351145
56.174922231524306
56.865067584757035
58.70596769770002
54.83481674614979
55.43300277313928
59.68390509841247
59.02015619789671
57.29613641030959
57.16366742208378
58.28091995968083
56.67756648363235
56.74344701711097
56.69894383905428
56.90697718530403
59.65012898104132
56.64931554507871
56.86459114285786
58.53081525327922
56.76074417553329
57.75556511331146
54.86406982586105
57.40715869252432
60.042332781331325
58.322804629862496
56.829609294395425
57.34789464888879
57.19318497285074
60.08466006912373
58.41926273618777
55.59273871619716
55.77730497137526
54.419735518201215
53.563202029591
56.04274210202328
55.763341571713234
53.78794931263098
57.6833701410586
53.56336422060287
55.0170593357395
55.31731714882495
57.703020896289544
58.19999149186293
54.63022297582607
58.59493056598469
58.652070690358435
57.3671446540356
57.21756516270379
59.732230920756265
58.87424195398735
57.82433082056936
56.537751312492
57.339825843503675
55.31168298214018
56.1989416786686
55.4856709695549
56.935480622534385
55.09896211660337
55.828636434931084
58.834073019816515
59.69409015569532
57.41716572809593
57.63659710594929
57.17770477173231
55.585000874529726
58.63538245552681
55.72925242324175
54.80420599656707
60.61114519284356
57.6595337356674
58.70339748079327
55.100666708300515
59.07011669078147
60.66749058976985
59.608447113397524
58.9510667306645
59.94533156340418
61.08657379054534
59.21833875384242
58.35045528262413
56.6350696496262
57.0303251838941
57.396652815221806
55.49004253911977
55.84769279708513
56.52289858587521
54.82429754157147
55.34078530430852
57.7203027553681
56.5614669604126
56.46792653287412
56.08786438035688
58.111998485367494
59.63286768616583
56.568818871995184
55.8728745633348
55.60604139344301
57.66371299346452
54.89816864323591
54.454062226256795
58.01584062985998
54.524631678500285
54.60412158470643
53.18299208859094
54.01269574460937
55.36948279129988
54.199074831083124
54.912253607412964
56.07913404251496
57.317243101796166
56.27393282856585
55.621421699322184
55.465647179349745
56.45373099646986
56.75606034200246
57.495687253081975
54.10988231094874
54.688282120578805
57.43867826415373
58.20797417684461
57.324300549760935
57.21506265142005
56.79765399466681
53.97282754073061
60.682733658417185
56.1214480746484
55.75494269119199
54.63206516828254
55.01545671697977
57.94509074183583
57.666958555084335
54.9124546553707
55.00099610705453
54.69487528027062
55.49799449826055
55.26697711475518
55.31482836777607
56.330989026106145
56.79273926496135
55.68186294262039
55.74938081313341
60.309666552815195
60.32705958497556
57.150299557586735
60.90696658445345
57.4293564415394
55.20597024978737
54.97471025861124
55.04043889809982
54.41420673467374
56.8507768217174
56.52489433580819
55.15585267647529
55.75775086648973
54.776853484938094
55.31675971686378
55.66982939036695
54.31323809295478
56.404367234886124
57.10753620037618
57.570445431975855
56.76041513227938
58.4345943493526
53.755244262153816
58.318459855028706
60.01064286183626
60.561546399799354
56.28712378894025
53.29718525035557
53.40789051132999
54.47467909893794
54.60253010978669
57.63162040128216
60.758413514045124
55.052558949440225
55.84463995863379
54.18306416482015
55.61648898479825
56.99640070704341
56.88355681257135
58.320064256070985
57.11960819279582
55.324503370241416
58.348176038925374
57.84300897114336
54.79534037613282
54.594531762679296
54.02466352470534
56.40535081158714
54.084014848613094
55.44733980515743
56.09899521057636
57.072334826666754
60.36406082991574
60.77159652568741
58.63025911055976
60.90330491002618
57.25075321956414
58.69466553378996
57.05035790507461
58.29514118628147
54.50598415977362
52.638024311085
54.46407538559545
56.68615887113162
54.81823336328952
55.26049839541383
55.38393001777045
57.23600653226643
56.71224983007256
58.6419777269729
55.74097147038886
57.26557645950574
57.710706107635936
58.36121389050799
58.28440644250239
58.345196393076876
56.081221539586274
59.05605342491097
58.56725433158743
57.29127666344408
61.11030612758559
57.58801109208593
57.57851220530401
53.806805800186496
56.523137442702726
57.49163370770284
55.46942768534411
56.07166297246583
55.44735269744939
55.65870755398006
56.89092057102546
55.34422165958629
56.645209749807215
55.6796162927835
54.92901710675704
56.086735714905025
56.01969625164076
55.485504350831405
56.96724302438668
55.116014784989076
54.25195645626698
58.127014972335964
56.65228320254531
55.37620380953649
55.07930274050736
55.81502423012818
54.39550757976884
54.90349659985077
57.20823700340574
57.47987463299571
53.79013475868032
53.313455268612394
54.86188674775578
54.84503072217245
54.96750501167275
54.527775612442184
53.64671169403199
52.54915570775781
53.96646450937458
54.265973891726496
55.963207973098214
55.61781735289342
55.212543340665235
55.62180409086004
55.17604282337037
54.816124613970494
56.73202640382185
57.09429339704255
54.87566539320549
54.31464946812885
54.94675274011468
55.28145698452152
57.1318251087731
55.14255426698099
56.88674642637486
55.943279403213324
55.261824323299315
58.350447811395114
56.749259111815306
57.215695019694515
54.75959589058126
52.09436064468696
52.71313432128045
53.601692452683444
52.461958791412535
57.39159978197468
54.70603734010921
56.943116467150965
56.21642181132402
57.71850937718091
58.20432324279866
56.26380158480134
56.345995270886206
54.27038352413725
53.907153270953465
57.01237791237273
57.68814902844824
56.1580293490807
55.69179464346904
54.87757983924053
54.031497970448044
56.64378424728116
56.768887856678404
55.82210868611289
56.291237103103306
57.04370614730822
58.47309613595963
58.40225567915678
57.269748124756205
57.45282817231126
57.67958978505151
55.3424314246804
55.081001274897766
55.670041970242124
55.357898846954406
55.78356039431508
52.36558297160592
51.8001833114661
57.320311364554115
55.07176176666181
54.412570759785176
53.33489534790955
53.732320306945915
52.471837787663134
52.56573704661427
54.59130376034398
55.73162759710963
52.934960693645756
54.17863761893071
57.679919226827366
53.76124378011997
54.2576980489707
54.71954177698795
58.47675382683761
55.20149376064701
55.499063886527274
56.9883540366223
50.731732894880544
53.41002923048814
51.88260542000855
54.45965517498105
53.721905831445476
53.66415194034611
53.92175989523931
53.468633985742436
54.40782132747732
53.718496416718715
52.26848350488834
55.03193269640271
51.802457129881844
53.7400430075471
52.83108559377508
53.882442552381505
51.14068419949028
53.858008852124165
54.295179591641606
56.164278716326336
50.48716537254088
55.778691102660176
58.340465103900776
55.808058996336875
54.18285820492581
53.373103016694486
53.92244765080317
53.996063195993685
57.13820883586006
53.331843099496865
56.49897605245428
54.6776885118313
53.637836534395056
55.5328167534354
55.71602170070444
55.462321764035636
53.90249070292692
53.452671996425146
58.29662060281348
58.12706541206283
56.89277602778089
53.27325375530003
54.04282120954973
54.522088022081974
55.953266042502534
57.47086678070857
56.86969589564359
52.716979542372954
52.87432281244905
53.38825205948712
52.36138182349398
54.573394505163236
53.46573127473633
52.39339992455114
53.163020029300114
53.79199789131545
53.29578753866446
55.19044704851243
55.10365009048672
56.619314862042614
56.782818269214914
56.27118210817811
53.28658856150942
52.75833954310377
53.21276765875917
55.259837455322504
54.02168622275726
54.55201529649857
54.273503923579874
53.764998324292684
54.26821283247701
55.86815720424562
55.1661098540553
56.07100032276807
54.64174921872543
53.40695708517931
53.40519694243615
54.70665784231239
54.965348332297566
54.27402530528797
55.474466659682584
54.01747311244237
51.89891745263515
55.00824099304966
55.991298766308084
53.076457703649595
51.77892971924854
54.91393235321624
52.888702819798425
54.207036288660476
54.11496871596154
51.726474362655466
53.54633065059687
52.956702919140035
55.790761792505
53.904542496095694
50.27390383480666
54.19064542635914
52.69790334145384
55.51403108637465
55.8229659252012
54.775290077751485
54.48693452643378
50.546251785456626
55.718859899623475
56.26211006543404
57.579053747981234
57.37067523718406
57.02587724952702
57.81588051241031
55.97470847246519
56.1789738083198
53.03214400827979
53.89747326898887
56.47645301593284
56.60218766767223
55.100942165576306
57.83346451139332
57.38230994039068
52.31804160814117
50.875771292301316
51.423328815598424
53.61769657091182
55.61861325299693
53.681354999175475
51.12744639775444
