190.25974270634447
170.28325033938344
157.67999363932103
132.3542035526289
121.66709769279949
120.59836773360952
130.39492060573193
127.57686762182804
122.84017114476755
130.00980648866818
125.06257375594942
127.67666152120222
112.37080661087805
118.08022607785057
121.32100189211634
121.84791360846897
111.66630910338489
116.53741497373495
128.18632998830185
117.95485662612958
115.7495755680804
112.03647454675276
119.52349073378602
118.19668805158155
116.14244195777201
101.27571767685495
117.750717729042
122.39697774288776
117.7569040509954
112.94469724371127
109.42205245745728
118.16143072567917
120.24695940847946
119.79029327427102
125.20295178911542
124.334872472048
128.88963147258244
121.18244091476073
125.08833829553765
132.9106789830492
119.09983419290442
121.16698987782955
129.62556926216456
127.65936443486231
114.6970957046602
127.74361481499403
131.294228537944
126.28305868267017
134.0078115943681
125.32379412511895
121.31745611724371
118.207410527205
125.02425994107212
125.73601792127386
125.4237878565499
126.50103693856214
126.83682980248749
116.9893271618044
123.10710497547065
131.72931011126485
128.53930891117204
139.30688835639936
122.22295009320702
129.25204712887015
125.80117636702593
124.73900895611676
123.5660851516652
128.19700336413996
121.36966430049735
118.5835341615294
127.76203665275222
126.86763807115592
127.30161130120449
132.00712326202208
125.80808295428713
123.197726820151
121.37421820132715
129.0533320964114
127.53136968123889
128.7596803955832
121.02683113437863
128.584358386559
125.01535911129666
126.76797337978361
115.5776089105686
124.1976509793969
124.85172032479022
131.74220628151707
123.29629307060448
121.70618640156842
127.75559446134284
130.81353583540732
115.03423656253771
123.06589628357162
134.00800581460015
129.38594016137654
123.89097806427715
123.51943756310597
123.70439017715177
121.22299253703495
125.17931919372262
128.26038788532423
121.00957064463655
119.87872661176702
122.6648320846044
126.48026280719009
112.74639360695008
117.88098940882499
122.41168882373704
125.56477877999922
118.02534754877611
119.9752101571085
115.85404924556674
122.83237470739893
124.03612270983213
113.27403693469158
120.170444443595
119.06386207788852
114.32877041893593
119.14998100339679
118.09861753336627
114.81478786654654
123.44673345656508
122.10552663661655
122.30980513279268
113.23380778452427
126.29016502400657
128.97807198014613
124.3278964407138
119.07152378087522
120.0566139746798
128.72656858177135
123.04963017033006
113.93371284584504
117.24043423152051
119.96752444712885
117.99436471094693
114.25101471949047
107.23748082741544
121.77488762792582
128.0384768604833
120.99217767857344
110.74643680954625
117.30375702669008
123.0644469814562
113.36621340440594
107.49014575852341
122.1938254909273
123.02597671782152
121.8015686841594
117.94994702941364
121.05021943407108
126.11521289914918
112.74037019398104
119.65849578095711
125.40188487364256
121.15327120093949
114.07989768171505
119.53251235616153
127.74149332060784
123.71151862727584
113.88660186098669
116.36527361591897
121.9864354806834
125.82148354289313
119.16588564647613
117.55876733891748
121.06920020497247
120.4876288081892
120.85703404115074
120.60912996319419
122.22655306786766
117.78679712647212
117.32720365706423
119.78329729133655
129.0343943904202
122.93752667562596
106.27039461363177
118.6156986029998
123.94913657848673
121.9072728550548
105.6246037039384
115.12302376490743
123.00501101383827
128.0731082921533
121.81890731876967
123.5756729910554
117.10912455272708
115.56746557486883
118.49932467238797
120.85882754591303
122.5565091806561
115.26152080020609
122.38119669838436
116.53800902527452
125.23085931734758
126.27362307359107
115.71984443785233
115.73916980653208
122.33401350159012
126.32456079127942
119.1154108020366
115.4076914031915
118.88415668665988
123.51158554253517
116.84777658161912
118.88680446912484
122.35128738591239
121.34927758716846
119.34677850943706
117.14860117687539
119.23734352277312
117.546208336932
112.36627335763329
121.33310449300843
114.16037426304126
117.06130876337234
119.90186806936904
124.9007973277595
110.36795643923253
121.87499640670674
117.66117224117646
122.69668323632418
118.50250674595391
120.1783205849091
119.32159568834373
116.7181961497793
119.32890721242634
114.82153809048278
112.91895627764941
112.90797459553629
108.62413006532206
109.0238236961078
113.24363669409011
121.47766550442259
112.97657582907057
111.04055905764874
115.67207549041301
114.16943293710082
104.60786115357605
104.74036955422582
114.17133747009437
114.93160059995023
109.95529035982591
103.1931777126083
113.2317616562007
119.28257459702677
109.03937239230086
113.02252951292373
112.03971501207731
113.29022257029706
115.31643123963903
110.73040773238496
114.5312090320337
114.05576046991551
115.9823572835156
113.32264153654552
111.2567184419957
110.37982337707693
115.98330928975338
116.43252509061942
105.2943152666011
104.44107778639857
110.72137412953543
110.61566460262453
100.73206255618035
113.65652069969492
105.88591422030433
110.15981802724987
103.95917403596968
111.73977878212813
109.05690108571969
105.21642122639052
110.24280328597818
106.8733432899522
114.60694849022711
106.12984593821169
110.05705245930044
106.49176772174326
108.68885578206302
116.91758614737059
108.73772952434963
95.79675664315
108.48435357710154
105.15809619237882
99.44567311254787
105.6423158044941
101.8998593936265
102.02415265579737
107.62861907972099
113.07933181558695
111.55035801373815
105.64201703617324
104.45908708882249
105.04614239073581
109.45234043159158
98.62112016709062
104.80317052118127
112.29950644808986
111.72552542432513
104.52903668740778
106.48424739110058
110.37571461799837
111.62164559012898
112.2346499026065
106.41975559855597
106.34922906281565
108.39671689713701
111.84087269590309
104.42494203904589
115.47358281455173
112.17559960924484
103.97176053840627
101.9107238497553
111.53023573374011
106.73317715488974
108.19589144385016
99.52027720807675
112.42994271296946
106.76392679795492
105.28043028675776
106.70156623061933
105.19847393527715
108.63580902837515
111.7980985532036
104.37538868638708
110.46101105305416
105.09849604869206
104.51723118229849
102.48371675612135
102.94465240305614
114.06939272034316
109.34899518001629
99.34071682298959
98.84233539455929
110.20713691752273
112.5891375018593
107.87820914013996
106.17410177748458
111.86105728360413
111.53340825642667
109.3347034263615
105.856873093817
106.62257189367345
103.76766908260234
104.92686282181549
110.30411630738949
102.09654689862273
103.78986847430124
107.2040457317794
108.77096008692719
101.57886878446634
98.38669708816892
106.43064948620967
114.31486289382275
105.01357635475935
98.35257803968909
105.38199859393958
114.24416056156083
106.97912443650857
99.53211928635301
102.6842551405765
113.73076811237264
111.64772553597588
104.09153120114078
101.04617193823523
106.43445268717032
103.54394785715722
102.21411237896362
105.29930834608993
109.95517050165137
102.18219488156497
97.32310537144258
101.78814385455176
103.92414637862052
101.64570158520058
97.52206050064913
108.61179641628706
107.83636968259252
104.0993892435297
97.76198610139804
104.06489733271785
98.35329826382427
106.61585821373473
106.58732218661258
100.06895128996926
102.21689416170811
104.792612602956
101.39114727546865
99.78942153783099
102.59397550769319
99.81434773198063
104.21085778598346
103.13074420659322
108.64328453136906
103.02549958636791
100.0965547466122
107.49061666849364
108.39886567663132
102.42656068562982
103.24985045934605
102.75571103049944
100.34754077625301
109.52494401031622
103.63272380017824
97.94844542934003
104.63064335902065
111.85889367730513
108.43035586116216
99.72093433064694
106.2390892478454
105.59036759336112
102.29337858578721
109.21962129773536
114.27735034687052
103.51150750800107
99.34373424433343
102.775052369686
105.76937070236681
99.43636969972576
100.54403654368309
102.9863988200407
105.12237727152325
105.22599337079842
98.07066948338908
93.58107581496395
107.31657406515544
112.70544736726305
104.58203399648855
93.5582249684878
106.30347902658734
106.74442645814881
105.33556398449939
95.61584803487989
106.52672615949788
95.93654213712279
98.86620996670027
99.72289564066436
98.25363013139668
105.66072825605092
110.88131174261822
101.76194700818131
102.30715101187793
99.36621793824389
105.3596040182282
104.14440393201298
104.523463651082
102.11083916316916
97.04513117837834
108.29694799714584
107.46341829515136
102.9700175988381
99.11546541956183
105.17606367875123
101.21892615769728
95.4151029155591
99.59085421092298
99.99307486848355
103.55257390733263
100.9399097213196
100.56732356604094
104.4879677350064
113.97707218117493
102.94402462695292
98.65157003508818
106.2791975307605
108.34220365086436
105.83012251205392
101.0054223871014
100.56549583829546
106.11857073109637
108.46883842213185
102.78107439768358
100.66109819945115
98.05329781905283
97.26586177547006
106.45054393489612
105.94215251192786
98.16816592664885
101.2532412893153
108.34718240662595
95.5091610897342
101.15185963494405
96.96861119572985
108.70890189629354
99.24235041108646
98.16950817105045
107.81391539559655
113.82079673483004
110.40408227302044
98.33247333261723
102.79146847666037
105.43824034159556
97.92409328417753
95.109775877936
105.12289975667434
102.11036512148519
101.68613134967046
101.73790661366496
99.63021216120934
100.23462638828751
104.55272977962777
102.15853829662494
96.54875184078402
108.6427789830787
103.17280210475576
97.86970188201693
106.33316723798275
107.68657028893922
95.56457542308702
96.38799119244828
94.28300321558096
105.1134616439529
98.6299985456546
99.14079008210844
97.7309632544171
109.97685922958263
102.3068787012406
92.04837620102458
93.68199198969906
97.21846352603858
100.65252727753094
95.64304837495723
99.85428063635983
105.12347955042242
100.96405968206402
94.13364936010049
95.83421475165018
108.16448947826638
103.29124873696368
93.70954389912815
98.57365824302796
100.16560709279571
103.04946076626302
92.90705161794354
96.60310880811022
100.73094731139244
103.45875351642418
93.23612135122136
91.18996698516257
104.79785382893431
94.70537934639052
89.73844013107791
97.70432960524482
106.02860799991798
101.62658964748674
91.86750563609245
101.62305330712279
100.36727650972192
97.9536330545994
101.41288217425848
102.11009138633216
103.96155440390585
98.17383996466306
87.00125239836154
97.46369125447923
92.72513363290699
96.77148255020394
104.45350019010671
96.30095954033088
95.21950266926797
102.4295558527364
103.8300933799085
99.51342575688079
100.07016144766916
98.26442446695509
99.6166435112607
102.46414733583292
99.39891833098868
92.58355593144134
99.2576646257479
100.28492460447674
95.49175479524871
87.8957532376975
97.29550224235611
100.63108021728105
96.48031679609093
91.8338671493801
90.39512781471024
92.64573142911154
100.37219885218066
98.33427504935908
91.70555964880973
96.99005085353784
101.09486228671727
107.34773579306538
98.55116795244851
94.03596246545595
104.55220588802676
102.53387976483958
93.1940935615992
94.29726707912029
98.72504171501885
97.21721215891947
90.51619543424273
95.45369121707067
103.92425220732424
100.08473476951929
95.28496908455028
89.34761344120159
99.75771963456475
103.41972834020082
99.28823211810452
101.31376525812524
98.31622928977902
95.63446531232219
101.35347841058221
93.7447297225393
96.38584748488674
92.6634760133188
91.94847146945015
97.33213519409422
97.09511137807975
100.37959239516756
95.92449448875308
94.23727980631061
97.74555577851231
93.23817700990105
101.16194832140631
94.99666752348621
87.1759797214655
92.02255219487928
104.65796442751915
102.5513117633136
98.34044874524137
86.79741648761181
91.00043314969095
104.42194806222088
103.36830995951571
94.0398024660722
93.38801885241922
91.45016805497718
96.08115108018436
89.00840555819215
97.11628801907636
97.84401807227329
98.95125506118329
94.74406029312985
91.81579361784279
92.87895027950687
102.43238391928462
104.11336641371949
100.73204711267181
91.9241544517129
94.8279289995206
100.57582106738879
93.93474425380788
94.6431427261743
98.79631865481355
94.78273819378232
94.77163095329277
100.85479472541954
101.394306184983
93.35318774146474
92.96318668211858
96.70688803425406
96.57492036332667
97.47542165866761
93.34553256341343
97.43200188570489
97.7450839525021
97.0311624160207
96.48534756913057
96.63545798640287
91.91289897909218
96.67043194655362
96.30489043047093
100.43970511144892
101.68901021914942
100.18359067961566
95.75989371209782
92.65832569583279
101.40008778668002
96.35899734497218
95.11657426820813
95.08489884051643
96.62311246144021
92.99737915877834
97.46379772051135
95.78739835229031
97.95605454534287
96.7617979039167
89.78654160007922
95.63206695220201
96.92098862158556
91.21857807275443
97.84407302300122
96.3760776536677
92.96513585495818
91.03772397679917
98.11661395792272
98.82849494046972
98.34132395618079
96.3443632376243
94.73721954181268
91.6334413766047
96.40413108806005
94.03720547469472
94.38774207819134
100.94692665854686
87.88973964594166
94.99998295519853
92.12167635782643
100.90250074139185
95.25420666695817
98.27868639377748
95.66150850750564
98.34998838364733
98.02551842986338
97.39198415839753
92.13783791671345
88.12536674895928
94.0412695341659
102.02118355969885
91.09412421265128
85.74591994213432
92.26804111528831
92.8418034926194
85.86184431585774
89.82694280660635
89.90469680950503
93.13303243015292
97.31997417287057
91.71641873454402
95.40726450851082
94.67247283434804
91.92293922408064
95.23355440424503
101.12883100895709
94.92060938928087
95.64164097713125
92.69861113063845
93.56560447911052
93.32220197538453
94.72747526182665
93.04459052451323
88.3371235356913
94.89608414452854
93.87987944238539
86.21980562764274
89.21617497356492
94.81111781942346
94.88476894751714
92.13545503464617
93.11987271733341
96.35316551833543
90.04534290307822
84.27480607819844
97.91993502500478
105.77507125969875
97.93464776272016
97.61901668741321
96.90256900183809
91.68028629921292
91.5130928592393
96.80263048662363
93.53890852300682
94.52962511774557
91.65047167575808
93.07557795525805
94.86926691666841
88.22848517159733
87.48596118137112
90.66649757013691
91.57573482163771
91.37845306968386
90.49235455557317
96.98327885550225
96.65333845601388
93.72979116035607
87.08730536520955
94.26870047232288
85.35899069169342
87.290886358066
88.41635889843639
95.21714932238235
97.12858832279653
88.30417668209486
89.4986105746034
91.3928150705235
86.11420598895849
94.52955366485371
96.36266073886861
92.73658564444224
87.0491993699261
89.95675885366501
85.83120052599165
92.63414861629272
85.46687611330144
87.65836316632682
93.54947651720144
95.13746022244104
95.04304674821644
87.00255448158383
88.28363146264005
89.23543876702422
88.24560632957167
88.3267230327912
85.30059550399805
89.90044824465997
90.599052825672
92.78204477218345
90.18816087864248
88.73689622792237
97.54090076329652
92.0843385476341
86.59777054727155
86.28656699164345
94.3611218375543
97.82900310667901
87.12959887659946
87.81451541638097
94.46469041927121
95.75539280203486
87.31534186448822
89.13549667460339
87.11857931668956
92.46333906332536
93.43183109344056
95.0100423680829
93.50403843688918
100.80186441301794
93.58317013439279
99.52513854463618
105.54353880692568
101.26127443623274
99.35181361543822
97.38596686161546
102.8051098379357
97.36555375406479
96.69206539653304
99.0194340771141
96.75478738801863
100.69391835145424
95.0611069562948
94.47494133820663
98.90908374121794
95.8893974433479
96.25454678533858
96.49530133646488
93.86649880431366
92.20805153557168
99.47289577215794
103.55736971783011
99.99137255324575
98.85582198916501
98.31905847489517
99.64659620996484
97.60127001183409
96.47866568790043
102.06630248301441
98.0137010801874
93.64995372554691
94.13840125248211
93.04880370148436
102.60226430981245
100.53543802168062
96.46176536122967
101.59251489481079
101.8327716330584
103.57037035817925
99.05398523001526
97.24849559772498
95.174124388421
94.78666002061178
102.35684333485187
98.38661478144118
96.4859238238791
102.29351254537754
108.41300918829212
105.23811952257083
105.08992650928478
106.90626922394291
104.20213148962767
105.09289091003856
97.60957482869057
94.52383435034459
93.17865954722056
93.99728523342368
92.81538695960269
95.42268587520277
86.58130059786915
92.49971839690807
91.3538763424918
93.71493247663939
88.79783426389076
88.99078755815937
93.15905786286244
91.19686565478159
91.5735944704133
94.60420997710254
94.28164418381358
96.34428618663452
93.17167368142856
93.92777848608245
93.13329081274034
98.17147918207829
92.28036488052065
91.74982512391684
93.86933600270919
91.77185542391705
92.3876135484915
92.82141057810709
90.29739255400149
94.0175931110104
88.0642524613063
91.09058033328101
97.80944292971111
93.62510639995537
101.92087659440337
100.3022244357238
103.54378681292543
102.67642506944532
97.13160009787325
100.20563920370226
101.64666948233175
94.95068183292285
97.86557336913717
100.83098848856872
98.98460516550377
97.31141369370275
102.08841568768926
102.65837779379206
98.11457714773762
97.12337353316634
101.12715236728785
100.87750682014347
101.2116108133555
102.74892551635556
101.72957553233809
100.36139647729019
95.57740500298776
98.1871477371523
99.56886835175739
100.15442729159007
102.4408959641238
95.08628719750996
95.44045432766917
100.19123842813914
93.73400325617077
95.90726913541985
98.10966088165988
102.01901781112709
98.57340639683227
99.61292047874178
100.38052772496324
95.72751270067954
96.4682922769491
101.29808213395737
95.67480618780579
95.3128176713314
97.95742741043846
98.42070340504887
97.0678894197326
94.0649581815799
98.73424306555735
101.56237553754036
99.56269828876701
91.39909329247979
94.45114847380398
91.67446707188974
93.57853230826123
99.26159561768826
97.86835811135798
96.8253883511155
96.6196265768567
91.57275746768435
90.34674455204225
92.35350686520634
94.55993076236354
93.24450488189865
90.11190570952179
96.23865814518446
101.05614651834158
100.85614750806124
95.56231476271681
91.05800023964228
91.04128592211
94.55473210339777
93.21554775297655
92.92678555889853
94.47602454553693
93.57546604219999
95.99496899459363
94.7409345726512
92.49168303626506
95.55340813586697
95.19624648236031
84.60175234882001
85.39061495900445
88.51040803559425
92.31862814782542
85.70182683200326
85.04932240727913
90.66555279390596
91.96560384496702
88.86836763954162
92.58166157737753
94.15310696754015
92.10903175634823
96.15597351195143
99.61480606481383
96.17263029635102
91.79972656338616
92.11608348281248
95.39595314578993
97.79690895694834
94.93230775394814
96.06103313056184
95.13995590767652
95.55972826790065
98.1375362730881
98.68907711828899
94.25041295590707
94.02089725061509
98.4404349235419
91.21230452194791
98.60134706202284
98.26714143415192
98.32477561014043
99.80669456171182
99.42163298777079
97.4988218729178
99.97748586499628
99.00974035318075
101.39955553768387
99.18635794931618
101.54586537047962
93.14409737786524
94.36172902233187
97.65411796558146
105.92505102933526
95.95625079438352
94.225911310019
96.22919336481657
100.58147063464112
97.87155425879614
97.2466730360317
97.08346436824246
99.1609685441497
102.96997357844464
100.82559265596443
103.64551153969926
102.49095010944194
105.02059722169011
105.55947377072297
104.91248353419054
98.17480235415427
98.07689970333736
99.90758433971926
102.4505209570172
103.15918959697902
99.2947458975361
101.71843571892148
101.5527333697597
101.4907269184976
101.98919702651757
103.73116294862743
112.01439504426284
106.56997015305227
94.66286290070866
94.46388284360935
104.01240964628364
93.10339330693861
93.23421893288359
99.40505457655544
92.9857323547637
96.29594157209081
98.26816681779673
97.78950290096326
95.37682022828005
96.35656840662095
101.13359106022061
101.61548181775193
97.64945566447425
101.70196067658333
105.46274367836408
102.85078904934304
94.66796371167679
93.34803907535374
96.50366652168493
91.46277777415449
91.03608801338595
93.98260651165543
96.76816573788818
90.20958961001251
89.86901323939149
97.19691782496498
98.61093286222342
97.31775263840213
92.8876159574776
90.85436553644097
96.43927716269937
98.79030663140446
97.60578718880552
94.77503071338273
95.63651125233912
97.51675989438998
97.08021553121347
95.48493385992337
94.52072681329966
99.05465829276417
99.8993130055791
102.5391870896385
102.6823318936559
95.7975259614841
88.05535604052486
91.39199308617259
95.77910492565272
99.026954703466
102.41734815595287
99.89276756644792
105.68755386442345
95.26864244336329
102.43439935403653
102.94918010770427
97.9906974873973
93.92269966277074
98.82814579206499
95.28636668906336
96.90869971712507
102.24870854148257
99.22133679975053
102.30672896029591
96.89523324525057
93.0079777155173
100.04615092803424
103.19536825169125
104.42047555871133
100.37276828385907
102.15662927813842
97.69077073172666
92.15370852692696
99.86981997900604
102.4041267122568
97.75993864244104
93.19939746410527
95.36364058281201
100.33093036207542
98.73597071188827
96.09682852959787
91.00597389163828
99.76514813499725
101.8561912873721
99.19827382437316
100.14433926517903
103.87014318323952
100.54523470625249
101.98665016662177
102.88040505847275
97.92265167301102
97.64360135641047
100.66045737148747
96.94144207281022
95.44406596328756
94.32804265334609
95.14669452436658
94.61341237787232
92.78887461791322
95.35536862281829
99.36170074774992
95.39262991143802
90.02857930747126
91.16925487024893
94.96136719818307
99.71354329794154
98.04215793011186
98.88038798611024
99.49875798051244
100.83240222139139
101.58629828305183
99.1778149122773
99.95666300085928
102.90818577915852
106.30637136683538
101.03391733641723
102.32845986591299
94.60629109372717
103.8684808323162
100.84911589134217
109.09827604567155
104.95875992544372
98.40921010989945
87.58133054303525
91.46417921161617
96.43088195817403
88.0070318494437
92.94754997681521
95.73295370071887
98.33865577181598
99.44196302751108
101.11277286306418
101.99089389759678
95.73253800976826
92.66948714956351
99.4149114687365
94.75835119806726
93.09820905977155
95.76110109692392
94.07145841482924
88.43981968393734
92.61058367048192
96.52478233486889
93.66142014077694
93.92134397735954
90.92720983752399
94.68834234581514
97.60903921642247
93.62383085820812
93.40413084131939
95.55605318771991
99.17823346365726
100.02201296670852
96.78634677525744
93.50718328582381
95.66673575404651
96.09394377580473
90.27307467331691
92.92696172463619
92.68020503418174
101.38527189198936
97.31671652308479
96.55945855106359
95.00557446821182
100.14811605647812
96.37769489383538
94.3970392741794
94.63312213252038
95.43467445424233
100.33509333722428
99.90251587456645
96.43160535327245
97.0700419902393
93.60329588566653
96.21910540242007
91.07415205156069
95.20987348443272
95.84224632266296
98.69973169402597
100.67733777987749
105.53597969832859
103.9343402055954
101.8374943949048
103.19407264449165
103.75573567729477
101.72555086172243
99.53798928405291
100.12015526187756
94.71473833545264
99.08357101785059
98.14363275318192
99.3498790864891
94.77666636373914
94.21535223185074
99.94351791418939
104.4876231866511
104.4473058428865
101.3687231629685
99.12602064858896
98.62630962256286
94.53617100423645
95.52765517224697
102.14442483676162
98.87932745804115
97.04397216125051
96.21152660934688
100.36252255543403
98.08087198368797
97.21754506446082
99.18139074404371
99.27485543026509
96.54506548639621
92.88424864470262
97.97555949794474
95.10842092468555
100.80645406973704
102.6285647333356
95.51215763286825
96.3175887096144
101.68367002642123
100.68662517954039
95.5205754390165
96.57182985365058
95.7987919867635
94.17590708980146
95.40905048837169
93.62146007296316
98.1715816126762
97.36478523127018
97.27799988495298
98.79812510523264
98.34932631904783
100.37709346285699
95.46787174767113
98.88095136678461
96.56315536602841
94.3758106892175
95.0909781015065
97.16986750043198
94.98750938068108
96.39836019174145
94.5622012111775
96.60495325786619
102.05679152190027
95.67053368292814
93.21846765873464
96.4888416882344
101.55544790349235
96.11677192894466
98.02669450568425
98.17875987744017
95.43956139269083
100.36354272536599
108.22565149932115
100.2211456568058
99.39395135476786
103.4424269603012
99.08051472419102
96.4202337043331
100.23683080100493
97.37556442462046
99.34144112515638
95.65340364062206
102.7899070341946
103.4535338251581
105.44435989358402
96.19824738219079
106.25244286578177
101.06873738736692
101.03084337774371
101.212938214893
102.06412157086375
103.40740049964887
95.11876979806563
92.36708725412646
92.52336121806397
96.78271759450143
95.95927492806123
97.30292727550645
93.71688463105238
96.72688195892194
97.66801719664062
94.21943156692235
96.30682203694182
96.68922548906528
98.32854576343492
98.25375866727792
104.33045202363849
101.6549193928474
107.89504163371124
104.69808180620484
95.70689270701487
93.01092865591148
96.94281242105741
97.92060288390772
94.69880162838989
87.56884373001827
91.78946301045697
93.60369608457837
95.825318235501
91.73315515974045
95.31185566681832
91.9961102534458
95.33849186636915
93.62325681646249
94.40065758903488
97.7136838566259
94.19242721406499
94.81318047096174
97.02980839412587
98.22597609208306
96.38366302966861
98.7138671787991
107.00374205922883
98.44284253821283
96.66907340698717
96.86968472459735
101.8548053408468
98.26725395866471
98.66778636299534
97.25329257906188
98.47978012899654
94.81482288213148
94.66153100925487
94.26032926620648
94.47282478750618
98.61716614303026
97.535221283966
96.38412470583556
96.59234322791806
103.0526220487065
104.11599044120692
98.85850377266517
97.65780499194341
98.614405064555
98.13058314300162
101.20932629780793
100.81364007613467
103.31836303148496
102.38602627759582
101.4633757542839
101.3703529949006
97.28351762787094
95.38387927839489
94.18682971170556
92.92484991000794
93.61540606867118
95.87189041587291
98.24227410863415
99.31788564865641
92.89257268673046
96.10101895652271
96.44103053565817
99.98972688357567
100.450445696697
98.12914496910903
96.65278949747496
96.31598946659454
96.22573142157327
99.67621069645273
101.56102055989089
104.84554971374273
105.08363078539794
103.3511117077398
107.5226553178235
107.08143025672652
104.4235568013668
96.93721639864997
95.23859161654835
103.24634500535637
101.82119730806677
96.1843174393582
99.40830144857922
103.42221751059155
96.93754483761747
92.88391659952744
98.73121318941217
102.80497979364138
95.96425027133873
96.7690434384478
101.99806735228616
104.18637785037879
104.95566154693617
103.14060542695414
103.07870046593878
103.65926938386897
102.09371503721358
100.12737607345662
97.07815369483214
95.20617893746366
95.20939881652158
98.56735453460027
100.36675792006004
99.22929503742813
95.3943549040425
92.21153139370458
95.92947092898117
98.41817059321411
100.41283240371715
102.15646256030224
100.97888149254973
97.43107830796912
93.39809801540903
94.23441158431366
97.74246841551103
99.58187927135523
95.73596715784244
98.45510458221794
98.20534421935876
99.27834170638997
107.70610379805103
104.49819153180859
105.49408629284964
102.4363724640475
101.13205878384817
100.68784619120413
98.6693848968941
105.11156473092349
102.40468042918106
103.070230276485
105.44360004301976
102.8942136954653
94.54328979348253
95.49083478266435
100.72964860700087
96.11969225299424
95.5279057024518
92.94732194644759
97.73134306767795
92.321637112793
96.71034232580979
96.57373025170574
96.30374463354721
98.65734414874416
96.86408738028327
99.1489088621358
100.1272968937596
94.42492218876319
94.68194254028262
95.21858846478901
93.84135903639753
93.62097131689228
90.52514576938444
93.96307795874924
96.08544733750037
94.72049475736362
95.87632363483523
97.21656327673212
95.05328366964841
95.11042760197819
89.52573054716964
86.37148245778398
87.38838039512288
94.63193818092523
89.53745210645488
90.87437014909248
90.92604770907492
91.83484921630115
95.54336214680248
101.02624868899522
92.03052824038849
91.28827161026578
102.20462632396669
95.43520949847206
93.37292113326743
91.3940967812618
93.5414229134435
96.16516358184988
92.19899397706044
96.57910298103005
99.18086980567097
99.00661565352053
95.7754834284804
94.37469788718963
94.28252094771896
95.40971284576186
94.03844835613282
97.79684939129102
97.36109545022165
92.99409224530763
81.99984936311263
88.60576549994599
91.59559763047685
90.87047651733036
90.71300689904068
94.94143275876777
92.12765361972666
92.80419774619304
89.55000206234516
97.31467367940739
95.68930475392658
92.88129254999771
97.4013417032842
101.51712380257152
95.06940397784106
94.53154419508311
98.06908675084665
97.52563692935578
98.99828620239968
97.77989810705105
100.38376086857859
96.49479774443208
94.30173673879781
91.53112659077755
93.93544849676582
90.10785693002603
98.39553392341361
96.94682343765254
98.2102792580003
100.75011091028787
97.11340675450741
99.30596395121803
94.17739595064879
100.77254696100876
105.38819051413083
97.52667248813599
90.06363259802667
92.54693531917337
99.11185830150775
98.9596984345902
96.20139060475236
95.38090582064386
97.64492619955658
95.84992932101281
96.5516357176789
91.94214419912448
93.50322793019248
96.8206237497937
93.97747245198087
92.12301173776385
94.17166533572399
93.14646465432732
92.65774883766746
89.55269544292598
87.74117176366344
99.40666170815544
97.00694335788441
92.81198281631889
97.39796315307206
95.89042933402999
90.51536511390383
92.26726354733883
103.04971502481926
98.20207401540756
102.69054000681913
97.87308559004175
101.43019253898956
98.4771328469979
96.91215178464418
101.22132026794895
101.57837371717982
97.83670509240054
96.36761635537124
100.34490150516666
101.33543513752535
106.21847130488847
103.96150622669873
104.0503023723408
100.92458131287157
101.50835415900649
92.15156661635035
88.91513362480528
95.36690023824382
96.53482877693044
94.05201181768749
97.51461063012907
97.77052695353537
98.15709978951548
97.68778776164112
99.99246109918244
95.92439954053658
95.91329507865404
98.81759311690882
99.13336956782327
93.76811573796748
89.80458232574833
89.03241651919546
92.48292527959761
89.41507500739141
93.74317046557773
100.3441681511395
97.31038102410726
98.01680346661819
95.46177843979603
93.16305464703964
91.27992816215854
93.6164095458582
92.46021413455918
92.84131309088473
94.3471817181944
92.64282504705335
95.49137753587917
95.1692352347105
96.52205161782884
90.90658664918607
88.5791825113191
93.14984508027395
95.26792077085781
93.08498720873176
93.5817886771038
96.46906978960651
97.19208500131747
93.66142450659349
93.87804138994319
97.99668693135023
99.11167366760048
89.92886470558518
97.05059428788067
100.25090647725858
97.219607361389
91.39893117205256
93.87150646489218
95.9659510125433
90.89013883619471
98.00832667779233
92.80390636011036
90.66425841653701
101.26781840303272
100.01561635869756
96.14470190873548
89.49767449161216
88.5786934615412
95.4758713949595
90.47172816510346
97.55770854120736
95.12753836545212
93.12975170226258
94.34726766588268
98.99420679610283
101.628156598849
97.25394695139506
100.73542922964769
96.36111805060976
103.69104330309906
102.01049347405777
98.11237977116099
96.56362830853348
95.53255196094426
92.14579399326608
94.4684144453357
95.39328372302369
95.09501150590039
88.96835391164183
93.49335839459621
96.8728349937753
97.78826966271656
92.65306027149266
101.30433006374446
100.10954134233918
101.08884424981005
99.75450443418717
100.90342414636866
102.68254279474422
94.56382477509317
95.4933115248788
99.1044444399633
98.35681411951553
99.83362231053387
94.83061107840109
93.16261565196368
95.33776368796278
98.13465288695313
97.43687622913806
95.18541556888242
96.57108199452759
91.8650817386205
94.25698252211922
93.46948785518828
95.82184321201893
96.86133017321399
95.00903879178799
90.26014796679311
91.2911529185902
100.87376592279402
93.00344415855008
96.84722067171664
100.5886811030723
92.7987088881588
85.93709520723351
87.37832047099673
95.95099863709973
96.44702417967117
97.23652419908558
96.30107237059879
96.72560994873946
99.02122959086138
96.47716241109565
93.26300727529322
94.42709992441637
93.31476518823638
92.96101172317087
94.95072972603754
89.31509761879559
93.28066905286185
92.85172217679366
89.5496804970117
91.45892188729266
93.9115637232937
95.28825593021016
91.58478963887559
92.75450845897223
94.13679088091948
94.12882726842041
89.52940567558218
95.17826487233184
92.1594388652346
88.45578713016832
91.78142539736822
96.38282751952967
98.03378286600015
93.77465611383406
93.21724240880067
93.13724883768225
88.2217717816628
88.45680168400773
92.50810387813362
91.0632499157549
84.44997513494498
88.50733348088963
95.95363351740836
91.81249534392911
85.36258573871208
84.88111977595825
90.38404508755517
89.21256941173054
90.88922718392604
91.13960162707961
88.7857844922171
96.1595517701498
90.94229330187856
95.68007434023494
98.97575573820814
96.81532219750945
92.91399038755507
96.85553599615406
94.59486353469958
94.85783778580287
86.8541028086421
88.2934337956653
88.4600383851101
91.99650300751723
91.67709762445723
88.11829541536386
92.41068470714592
90.8611790158102
86.54824701751568
89.94890187403391
87.23496097069567
89.5101200681573
89.53608791524563
89.71171929612176
85.19424616841243
85.87551798920776
87.29865434091398
91.29242945944264
89.66001966157596
89.56246349166082
88.51712772217972
92.32696719612534
93.67341339411186
93.82358546763557
91.01161346993838
93.21224658707669
93.52063675690344
94.11907799605389
89.2423854710465
91.5435625812408
98.60073796927004
101.54172580755647
98.54704351735724
94.72302870537791
91.3881736628864
97.50135972299415
94.25031081651366
94.14942331434763
90.59604204641607
94.21801930712729
93.94890848932708
93.0418243121711
89.64307886435246
93.95155375384779
95.07860409439525
88.86797449701561
94.78174077303461
89.73906272076857
84.00797918032023
86.00634992793934
89.53815391225335
94.83586103051631
91.91888473647822
93.93682720070629
92.7229522798213
98.00460330667127
93.17307019639888
91.2644929980607
89.44979474789457
88.20658548263572
93.40168801310602
98.77785181185256
91.82899363704128
94.55049421500382
96.7198200922725
95.0078096869885
88.73315297516763
95.81125899883665
96.43991620787128
92.02484306749065
95.69471841607019
95.98325781152478
88.63127155121225
90.46401641354379
93.83174582553542
96.03706219759962
92.90292509249713
87.43379362490846
88.21306323598289
90.49651486411967
88.59833159994143
88.57360136188625
91.86488846783543
90.46701998718811
87.0244736503746
88.66829906586717
89.88372123812674
84.35642769831189
88.58995812919584
92.3571548731708
88.06110198084062
94.59118586333555
88.7661243783146
85.65643801039607
87.80195646480362
88.53821300073707
89.73253743397098
90.27790067747779
85.44376930726621
84.67787703689362
87.76804195958489
85.3895854886197
84.39717099521049
86.63049792345502
89.57529613432223
91.61408279164328
93.55995092682687
87.98301001982409
87.03711617082622
82.22343479308991
87.94016088239971
88.7387804396684
89.32751623377185
95.62591099595437
94.45269017203576
91.53568382440262
92.17853898584148
94.6100326005575
95.39708092957144
90.57027531489996
94.8377879874076
96.82031273371805
95.16329779126556
94.76557058893394
92.97713527747243
90.09752691451777
79.85636365668192
87.13150015548328
94.74287730854513
96.11851655387908
95.9499905341478
95.6029495407686
91.21937319971636
91.9845334712951
91.86581819224588
91.85090515613493
96.26743717309819
96.8736153443745
93.43282949280831
96.66899235972174
97.69437083843155
98.25171118604477
100.56902136268788
98.4363704899096
93.4883245731546
97.99315074300415
96.8146618406595
90.64751744467885
90.6968781889568
96.97828735021034
96.25996703962166
95.35455756572675
93.01862743305273
91.72513513294884
86.50461666425294
90.51561358548308
93.38907265892256
85.99293081382966
88.83072410467521
88.64097729609057
85.05275204910748
83.22288253688897
85.84695085562129
86.23860604285306
80.88509732008815
85.58841143024561
93.7218651013878
89.97784115201384
87.62610400016442
91.83802412663309
90.60453914121743
89.36406472271764
87.3276614388342
90.60457633594862
95.26517250251527
92.62884527268278
93.00856244406889
87.64417317050112
87.27365946978013
87.1073338096906
85.17626380688452
82.76066122944704
82.17175919603739
89.84718723462585
89.64536969604734
85.69596057590377
87.32109124203055
90.245541305516
90.93218974204382
94.409936128617
91.82955503703853
93.67269204652217
88.03189134251137
90.67265421788808
98.68228219079298
96.60698447997416
100.48697180945463
100.88593468315763
94.05914165652632
91.21420053946214
91.3427433657761
95.02100629376167
99.37723636196695
94.32161242074216
92.62438237677672
95.81999073961464
94.3930033050444
88.68658638960423
84.87074999295986
91.44879769019104
87.02198137661199
91.09865534669531
91.22731069674538
89.0257024562635
92.24355427747275
98.54672759450692
92.78857733972393
86.52033638459017
94.39562490838715
87.06282231292488
86.71466847960352
84.01940009252401
88.99392881778763
86.24049492256822
85.96132819418102
89.21464839334593
92.48664961216869
90.85700574739279
90.3699108765709
95.17453073412378
91.49328101449548
87.82302228573153
86.2042743389845
90.84024477612205
88.2396259542841
90.25504971618206
89.5720480134081
94.69498479896696
91.38126351958
91.80217050396851
85.55810001831256
92.48895954572632
95.81422329500441
89.4073113306861
88.09301694195048
88.02136542901435
87.96705341938674
86.96954723897956
89.45296632825205
88.49986843698402
92.25308329741078
89.41198115698705
86.4149051732743
88.38426927256388
89.17920777220537
89.29977233961499
91.0395589202122
90.49651391257301
91.33676509306964
96.47737773453167
94.01072763277642
94.17163207505077
91.6318162689633
90.29843172287073
87.60807570671341
91.20177762821535
89.85711571438755
92.48716566798942
91.35778627948585
98.51966621219177
94.94782552855504
91.76357277120945
94.70220952601947
91.69555734117672
87.71712768030233
88.38502276703905
87.91039938932325
86.22204299599471
80.11986040528605
87.08092936260697
86.19950738711974
86.63258521166595
87.9686018125607
92.70285497869521
91.49289605695863
90.99618504064244
83.70617557361231
89.74352114589492
89.80107970348371
89.95968809354574
91.9889229131695
88.7281721696273
84.45941034721463
85.84770700691814
87.7055097793335
89.91829308659786
94.4326469318186
90.70086593919663
93.47290246763144
91.53451645468718
90.25220119492016
88.40945372786908
90.16151880014833
91.32276305390339
88.40249929451474
91.53864377237441
90.9202058507094
94.87250432216271
91.21969931177507
94.44087338090216
98.71815791850204
92.32601709687864
98.42989793726865
100.28309426191225
96.2235760563528
94.8805892314199
92.59934449896389
96.65882497896753
96.61935282106155
93.37936956844041
94.50771801246727
102.28318421182284
93.49124826304445
90.61510938253707
87.88826296754819
92.180579816401
95.13207792649635
93.88392796160802
94.47404904775405
94.20582418957908
94.55444137952367
93.13621814044431
86.7026341478487
90.81724483246076
87.35517171125852
99.2460676232474
92.33682470441155
88.65708806682844
85.6678911604339
89.27389904560818
87.15679225232493
91.25708126959073
90.51188328119257
89.63325793902368
88.9424390900951
91.62955898572294
91.27677810407953
90.7829382455721
85.58126346153672
93.51796124170865
94.6785735337023
95.17787993480724
94.60232561720561
95.67550674077938
92.9201883530416
99.10838430175019
94.58462875041252
95.25278742729344
97.29476083661471
90.92455452811063
93.2413362226903
90.39257851960669
91.71207337605793
85.55437142856648
88.36084831198178
83.44759205549653
89.02946376365307
87.2518118846114
87.094374319874
92.017251703875
93.93190513564586
86.98084186635971
88.3151320017613
89.1903003966518
84.1257192115955
81.8503313575756
91.2470631841687
96.2252792756736
89.38798862622369
90.07961349856511
91.89905677563945
81.4401127317837
83.55220696108026
81.99050714917968
82.45592902036428
91.81227952628974
88.15822123052727
86.14053807116383
88.47253190829154
84.9987448116911
84.97471065390053
84.28486744420611
87.90298008260379
92.79958921062155
91.1481550601089
91.83327270457183
87.70904544126526
83.74739135145921
92.06087424233849
93.33938222014345
92.11218063050892
87.6985561933836
91.33449016324566
91.56279295740829
97.27792323061716
97.85018468638242
94.68757360660953
91.8882607005455
89.60853223914782
89.81457578116586
91.16323686518284
90.27533783544304
87.99071380762831
85.9382075392256
87.92845039124276
86.55715667139437
89.65696115786382
86.28359287549868
87.60488259634845
96.5635902353394
88.19262795996907
86.5337206454419
92.22879410285609
96.9687327803498
97.1988438985022
89.1682978911519
91.04459627328906
93.58928974762536
95.69819940165007
93.88633206288108
91.79474907444865
95.77536479125533
97.06719893529925
94.60305282836687
97.83332638467135
98.2984228509327
95.62460717795106
98.96916907193783
91.96681125282318
95.70383340170697
95.90231794923199
88.34725875881603
84.09272580313092
91.65281993741488
89.95625312836422
85.27160686513852
86.42840281205312
90.86664505662014
90.23563792665055
85.78008059563366
91.79759007792704
88.88888834055011
88.31661566132472
89.6839605491883
85.56835833566332
89.86803836960658
87.12008194612572
87.43073166494159
86.42672194652708
90.10199181394577
92.13003943545259
92.14187319068655
90.13931003808888
91.376201695563
92.57012546665759
86.39425884098624
85.65451692752772
87.46875676533469
88.46589475548001
88.61347844030674
89.17620746485576
88.39248802114123
93.2313883447774
88.2784538306945
88.27682761379224
92.07321321401432
92.49421016488927
88.36021539008085
89.47804143136054
88.95504311757631
89.85527547423627
87.04051632433537
86.66339839891225
86.65993080820887
87.88357632830873
86.4486561865377
86.0170707586604
87.93092038033883
84.78243120100025
89.44474578154228
92.06108583949195
88.71341065197961
91.19537981850473
88.23374554139912
87.75282275919075
84.16824932790554
84.74979097280324
89.61438373870898
93.66721662635027
86.83875642818438
86.80885371049163
84.54259738170042
85.26438384958655
87.24172443227853
85.26012613940384
86.28030738363498
91.93145314003276
88.48357846919258
87.75946694683269
89.90316865110944
85.52247929849582
87.79323973014154
93.31562123282663
89.52604846749804
89.82898610089367
88.06173432855792
91.54535951726008
88.39349869340931
89.19329684254491
88.57797365875767
88.75850137821271
89.69436355241436
87.6573756513939
84.79868112588746
85.70302281430642
83.86512294977767
84.77451387578716
85.23544381848234
81.91940978170727
82.79444336083876
85.60768592561062
84.21134261896452
88.2980876032126
86.88685486480662
85.72295063862805
84.4996464426249
83.72679519084353
85.61672138302994
85.46832264567819
89.37142129023617
94.70923004812656
94.47836938170549
89.88260127762602
89.37611813338579
87.4565851560777
95.33197476387741
88.42691923724968
88.11842837324639
91.38430155223803
88.42640418285548
83.21870869765185
87.2366654422117
86.77884089677329
83.11068370073801
88.23351331674283
92.07209334418063
91.76704759059118
94.81042398657104
90.93059035708629
88.45297227883755
87.79306664510601
82.540373181605
78.59581429893002
80.62230511901598
83.22164681004055
83.29231022422624
84.41879695089611
86.68745332091665
76.18999434230504
84.83881827809807
87.53425717005771
87.08578999079003
85.32957228319621
87.09913854282914
91.61405515960377
83.50952312562093
83.06735607937124
85.47883964486937
84.78163092854079
89.90027518618913
86.9230550053077
80.8582825725322
83.10130686465105
86.64576743938994
87.11021810902407
82.61066264377507
79.60435140828932
78.79277429650816
80.04883220931964
79.53514686839947
80.39809003629716
86.5514618523114
88.35760981891704
86.51148449698893
88.12025883456877
86.79589866330227
85.34120472500476
89.33790365458138
90.19518631078328
83.962997168451
81.95807948184338
83.9687352270332
84.8394832801201
86.52215971873115
83.83265628201683
84.49767647334953
83.74726862028581
88.12540869002834
87.08865266435409
86.68027480978927
88.3676165607142
88.14515373649367
83.80443793202957
85.98945651174861
88.97438329839125
91.03827969017222
85.28335683907159
84.22416102684798
84.80479514999803
87.2061652231726
86.4967398784121
89.9949287248301
90.13972065442309
84.65760980658197
86.08698097404167
82.47385809726737
86.93582088538199
87.32767224381618
84.3153734066793
84.51674678361616
85.51387158958556
86.21178352424555
86.75155782113363
86.23981062038514
86.05413254023155
86.16580996045298
86.15497578040737
84.38185017455767
88.83980535132514
89.2431090220765
89.20806937081062
87.97279127913993
89.98326567544046
90.58244159820032
88.48950366986732
91.92185646862382
85.60921105726928
84.93119253812773
85.20779724294066
83.88698425201072
84.73776249025734
85.43754761783295
83.04854925849901
87.29211258779806
85.22263652181137
83.8372055113903
86.3552908384892
86.70703281293852
86.54858375702158
89.18101548241593
84.94755536310078
86.98227782261978
82.02705799757868
84.98564339137396
87.72528661052402
86.90405023536049
87.23983323005467
89.17645400671347
92.27512292127697
87.96786687529661
83.64885224407168
90.1650946923799
89.2663708639226
83.25551727116661
84.8720554939979
89.4433536468408
89.91064938317434
89.42610459082222
87.0860563554748
86.48032613519244
81.56027260294427
84.91926728986022
83.83053847735431
83.20602995380895
82.59798426584337
75.7818951339074
82.21386689848468
81.48072247621407
78.26447080706926
84.2474290868252
85.57101137206328
86.23444906024886
83.73336328467538
84.80200246187478
86.92238879655918
84.75162484886556
83.32525536344036
83.5249120580728
83.96996915634718
86.20857178752503
91.6106579556851
90.00276266413032
88.0456968644476
86.98509427962465
84.60796914114762
82.39203328123143
82.06472045109335
82.54017283459143
86.42960958402229
84.84524738998341
83.34032674229842
82.17112428845927
83.34805029945984
87.39731640681022
87.11597188874057
86.70464905912294
84.65638581772605
83.45066927271026
85.90910755183099
82.59670062233617
85.72656401755059
89.63239133057142
84.95534382620106
83.41825007300724
82.11642893364245
84.87461732507396
89.24455863256566
87.04008936308354
85.43673502770635
82.92146404420633
85.33289891313687
83.12560975202513
84.7940724120837
84.88554565509716
89.04571966033325
90.36288011668643
84.41550057187037
83.05283925042568
80.61238376341075
80.12861190972735
78.30833891937746
77.79271323469146
82.3774084996279
88.01893796031352
81.79677759068564
80.9197220011992
84.69221903108945
85.29136511375854
84.87415990615416
82.09369374084217
81.71834556209495
84.93444457171994
80.2151323202635
85.84818500420506
82.11573914442357
82.36560653748862
84.58660046274261
85.49515882919059
82.08421373201527
81.01233644503732
81.57162958961955
79.76666890407411
83.06201530203556
87.9345857569087
82.61879963667508
86.21381068630602
81.12138111819141
82.63844367953556
84.41720204092839
85.01861147582902
86.37710088472937
88.03068478828462
86.78681783492505
88.06235047654278
86.95369598899688
86.68364676613226
84.89777933383063
86.08512231947883
83.81434980419624
81.23836169313314
84.02761112225231
86.34552319086805
88.58635049377081
84.0229413373495
84.35503167081015
80.57157527734338
85.73010075343842
81.4164758516082
78.86771456471713
80.93902857240852
82.59784287262003
81.22631042357838
80.2301052686083
84.30082851645955
87.59701003484534
87.35644614358944
86.2033531229273
84.8396077437813
87.99717480750982
86.49712552899076
87.57480808579854
90.90141115171795
87.69132973482301
88.0068677076296
84.99416329597021
83.72755706350308
83.87611995726147
80.31720258038287
84.15515957527266
86.94373510241147
85.02364082497087
80.57586959660632
78.16774402742247
80.88477709863177
80.25058971596303
81.3521892366565
74.67558852248114
82.03186207223271
84.88025257717008
79.66396467059369
84.49601085643721
84.57928424681933
86.27510010235036
82.29681551739863
91.17338470844471
88.59716164612273
88.49804942495764
82.98412620461912
81.31245515746025
87.78657858211638
85.37836170402244
84.04306725154858
80.85363158127078
81.77925054855797
83.05608070841737
85.88664250061923
86.07638057638432
86.0738505195534
82.03324975908156
85.24966171562954
87.30656423878277
81.50551837170899
83.73056613924354
82.31744102370195
85.4356903120677
80.34759215031342
80.38591909207486
80.46252386241946
81.60276402098208
78.37887215339951
75.87120151069938
82.86147907730317
81.61811669620502
79.59813904515171
81.83683343351741
87.16816961697745
81.33675015271444
81.33109985785558
84.85543975916389
79.95778323168165
83.27494392680005
82.32251283060491
78.0232046910157
80.36372315433074
84.78483667157815
80.43238797162006
77.51563555839462
81.85098917763953
83.188839055369
83.48774581198114
80.52058413669937
81.46783049860643
78.82848898049289
83.50512197700986
84.18317970146386
86.72491143608549
89.82732740423457
85.24267445973233
82.5217285125615
85.33781947187722
85.27153255666653
84.35615148707736
87.67416535513419
83.32974022063517
82.22262742003991
83.27734119866916
78.25171736085625
81.30182480156697
79.39842176743629
82.72591259518016
76.98606294000022
76.25449146108946
84.28161401332112
84.54643741455206
83.05975508950185
79.66729743528802
79.71060645206289
76.3247808640481
80.59364384223797
83.31434595354624
82.58529057731998
82.82324949750415
83.38635666617
81.07505888769282
86.27948411247002
84.31454901457863
79.68130085860457
77.11108790641185
84.31914571736205
83.45032102912755
86.2939183155973
87.91188541268995
86.11626281459608
80.12826333583334
81.67796340543485
85.30187986065462
82.41799927203056
82.32157908988063
86.54332252768549
78.52968743280157
78.44500743521907
85.11262254394289
81.93286053293878
77.98026154671894
80.22024113177086
77.39475418355303
78.1535169929603
78.78535184142085
84.62708161364836
77.94463504931866
77.37730626998919
82.43551016129818
84.61295613099095
81.94472717068226
82.8212296650387
86.96597556674892
85.27810143175066
78.97768415070121
80.7067808294723
79.26285325392345
78.956656164658
73.4446900433666
73.21078442016373
77.51604838594149
82.64417742041158
81.0176456788723
81.50653924383973
84.8945957242759
82.34782032533762
84.06651251630103
82.69235041637913
81.44917831994535
83.16233624553116
79.51875596238828
80.88814960022063
83.7520555383186
86.82205651053107
85.27311025317086
83.71813344578699
84.7490202317345
81.41077883130771
83.23272493578115
83.47757622670365
79.61351843489955
76.54100672084097
79.11582576408927
76.01645446557355
77.06184121306784
73.28649713701084
80.38982881731782
85.91162341964366
85.80668258708354
83.38133762848749
77.41701339573537
82.16468874333877
85.98393333339847
83.84309436857889
81.80786109846812
84.95834482478273
83.01529876528046
90.51406145203491
83.75578011638778
78.54733005585514
81.44591594632466
86.77763611844988
82.99883480581754
89.31034588296949
84.54294763086902
82.62967046056714
82.326206867797
83.3123721823326
86.28784595969904
85.56806445333638
79.40463357335315
80.87606567451128
84.89401145135857
82.141942606956
84.40455913069155
86.10737972648094
85.23573281023943
85.74015060971905
83.89709048671207
83.49612820561104
79.87973237508925
83.7021272272225
86.98514710315436
85.18393408874422
82.40536442765486
80.25060760136708
81.43744658494789
82.00116051936904
79.03523544323188
78.06637204691879
80.25058793233733
76.46380979421869
76.5386665663009
82.4485297882076
81.8638801787412
79.83156853038126
77.39631987155894
78.35906715106474
77.79000282201402
80.15229783068872
78.45536868932614
79.90000599740192
78.24115630052209
76.3498251444841
77.44147898559964
71.88010554056991
71.05582691747362
70.59711063882656
70.5582053459152
73.61666798480901
77.45697883007922
76.39541958335047
73.2157670869816
73.09496247344597
74.51319537229226
74.15462184629445
72.34952748093387
79.63204268159336
80.49160215335306
81.33581520354646
83.36194787649545
80.50319084545077
76.26997980440385
80.6546716880582
84.43245623095908
79.93623173375228
78.2292274416893
83.34044797686693
76.90347322903239
83.80674016303763
83.15067716553239
80.5643147976602
83.03051446328786
80.66130439509985
72.19485193357603
68.55773197533355
77.32355466804556
76.96903338513485
77.57226062393052
85.12521112589968
78.0223454337501
77.75408515857295
72.6219242159455
77.28521880718064
77.35188715377052
74.31588711192178
76.86470294881228
73.96349903976464
77.19128372704273
72.79811378578675
78.87827289221747
76.50090092584031
76.50620157900707
79.21284588485578
76.27974200163851
73.39835509422267
74.40753480385705
79.68869242545115
78.19640190150247
77.23388122028679
75.02648397825098
80.47010470647022
79.56696114592425
78.47917835941307
81.23390829183415
76.30181640222237
72.72781938752951
74.59240634568347
74.8678650250793
77.69800837363803
71.41814716918246
70.73409076747785
72.74767172281383
72.27431125254513
75.32431832568612
74.25410249655823
74.20668123508116
75.7183432792623
76.11234149469782
71.83120947151988
78.98450266689876
73.33433142468024
76.79690197918593
79.57799150923702
78.87879354456314
76.86188032591367
77.44345053584901
77.34906982491243
75.58784422261354
71.61807776077461
71.6089663044219
74.07049272273343
71.76537993135416
77.12283930050705
79.72758514934446
76.59474110636965
75.82117528892833
73.30748044562749
73.4500790714337
78.31260199762727
73.9929417620654
74.74749020576294
77.88407004230709
76.32336194913874
69.81911603547215
74.33127527617054
76.63122515012194
80.66976846186687
78.78748506442439
74.59661041410584
73.59344728533466
70.43156196718432
74.6203459321121
75.36205595151316
75.98316141860789
79.08604665056932
75.99378441128691
74.27050119428242
71.35152298552607
67.27933992772736
75.52911822130494
73.45587211256009
67.15763836192826
72.13605765166932
72.07604654622746
69.76437086249787
73.55440800284265
73.44902545697718
72.6683466921447
71.08999431049135
71.00747509927953
73.16096068031939
81.7310060286584
78.89740256467411
68.19468261846036
70.11552491216372
77.60579628938288
78.54433036576216
73.07213898893897
75.3751229841979
72.43833384805914
76.81553564959005
76.3296656900462
83.6174041009296
76.16739478604853
73.33562160829575
73.36202384413694
78.08061547227275
78.31486024941083
68.89670806646079
62.90478955821566
70.64883835402246
69.26407553648092
75.00849437802205
83.28347647956612
79.22898561332354
75.52843760112931
76.11221862545476
79.77595454218337
69.61760741907865
65.87184416719037
76.80494640882561
79.98926650048209
81.74166823970243
80.70427324925119
80.68081979924902
81.06358891416406
84.96326920540996
75.80538225224672
75.66453289436762
73.84732520635407
74.81805443532373
71.38082388448534
70.235021153132
70.44813774586919
72.80729117658551
77.99235188002251
76.21795713342247
71.58609323301802
78.91852501436398
77.23252652895499
74.32840518167103
70.4450170945884
71.21409538887377
73.09818997460992
71.77149949590415
77.36074992163074
75.1481896254493
75.91697036478689
76.60504586683209
72.53339354462788
78.40340522958371
76.04592309532282
75.09435324551286
79.69294634358067
73.63057619702342
73.49956684846521
75.77370184217594
78.39402031489143
77.63170320377357
76.0151752330066
70.68741746593643
72.50368905103545
73.36534556450535
70.20710695503298
75.07661167830527
75.66566013311963
69.05981479191541
73.89391908179532
70.57067561052631
74.68825253984971
75.82240157117302
75.8397992311244
76.92210368854803
80.22837671773337
78.96734434823607
74.16807743970654
70.93523010944651
74.89580891003938
73.00543075886289
71.57510743900481
77.21511638215807
75.05320286175079
73.2649500056547
76.90325695703199
74.68592128019583
71.67445726839208
76.51491974414289
74.23158676219278
75.25931535925226
73.79821270312236
72.71815479254037
69.28855564043553
72.77093995360045
77.40451417134479
74.35539970206136
71.72564963689784
70.60744358074783
69.92879044454827
70.64026539260443
75.04139461444133
76.86858667660701
75.78273844287688
76.04375164610747
68.99997962092081
71.35584666021981
72.63977088669874
70.30548325870399
74.25961721092047
71.98293317485486
72.38272193682775
73.47722255107593
73.25682367544799
71.84023901710746
77.03485081587067
74.59702709496167
73.54599692553978
72.18296424265353
70.23457595957433
68.13660058430983
67.35116964377346
71.37427306124471
72.23619022302931
72.49478360668598
71.81460681386638
68.37959612815291
72.48772198422188
71.61260875482527
73.32757430557136
70.09183923039711
68.8899349053714
77.2103893460034
74.1772974051756
73.80946336329873
71.10567212003465
66.85733207039596
71.07168340801348
75.13766172934497
73.44627373830076
72.263706877022
67.72162958080149
70.2473234469829
79.0439085787114
75.34582548071391
76.41396397845251
75.12878172266292
74.88767088704603
74.50010100434127
74.0494393628219
72.20899001653206
68.10586657498827
72.12290542893835
75.89977850393306
72.7745851160191
69.85112969544322
79.93880754069086
81.43758973466747
76.82133533023708
73.61641480784688
72.1004745506359
74.56943497661564
76.76228935730302
75.51401280574811
75.41790525483911
72.51517071215417
69.34120198427603
70.81623743702534
70.78191516034249
68.46059370742742
70.48046434520701
69.66331421551897
67.99377622014441
69.60829900629155
75.67074931534076
76.8750271739089
70.97103997323322
69.20769883726369
66.03621793316152
68.25401755220781
67.71108598400708
69.66627655270364
73.02771746279598
68.80873022995269
67.85112752282502
74.76306552731681
76.9010458958262
72.56139279073557
71.65982872123189
77.26835546627623
72.72211802613302
78.58468613599301
71.9823284628359
69.31518867723118
66.99464864362076
71.05220674249838
72.63308758445646
70.22475703770957
67.89074495980446
66.30790767761178
66.89953977472925
69.73306534529704
68.99583169214668
72.80650878286268
66.56408827003244
62.64013950385065
65.94985317329478
70.1255414270638
73.33398223025975
70.68303358480608
67.30575345167242
72.57643961602585
71.40965662133294
71.03419390452035
74.94421393723805
73.50848404350914
77.90551653924962
71.11970107035091
67.82568566965881
69.05031278082204
74.6884794896689
74.06438629317898
74.34180745662539
73.38932668906438
73.90275155295093
74.14075340540214
70.90675455862004
69.820701863428
65.51878354476804
67.71861559675389
65.74214200984149
68.674313676643
72.5635883883414
72.0359560887639
74.9155193843892
76.41574367679951
77.5839072111642
71.3598005218974
68.53727019585568
69.59868467752655
73.99678583611104
76.40903589339865
72.03004033488503
72.55681967034283
72.42878850960224
74.91918559720203
72.19144900775039
65.1170207034842
67.3130166460419
77.87065171287884
74.62327976320778
76.69494528961995
79.03061292589888
82.64134693093594
77.61720614716985
74.71595374823147
69.74278108701009
74.05678295861065
71.0277540535323
76.3153599289546
71.87608146497637
73.44687850408658
76.09981707942518
74.49014504288469
73.28646942986981
73.25646167629873
74.39779729919952
71.36631904134506
65.7377164708492
66.21079929439563
71.11612908973447
70.47000875268868
70.74774808537805
70.1585900881466
65.54524528739455
66.41604739164974
71.21474003552606
70.40025834192278
69.33422224158329
67.03509766831004
67.44110642248899
65.90505850962181
68.16252202912176
73.00024450000409
72.57012414755447
75.70563825702781
78.45083552530106
71.82420081000724
66.15643338315927
73.5181362500423
72.26303279938128
68.95581372863744
74.125021672415
67.60135419846227
68.42813049204128
70.91599707791292
71.69580343821984
72.9766579037311
76.33984731284225
68.57100141256967
69.39308428250666
73.90816347796431
72.50337322505973
74.9962705555923
75.79878609879728
74.61324801400401
74.86123081361161
70.18077301815782
72.89901732577766
70.38959360637976
70.98390846517727
70.2049024433228
70.92578183168455
70.96010176660424
73.04257239331692
75.00806395832653
72.7564685572794
69.60518146070049
71.76631820164117
73.27743009831596
75.5199280330939
77.81493884721985
74.35373673006359
74.5962735351335
73.37268979723576
76.00952209447723
76.39003459282813
69.02953563873928
69.48209428381654
70.04935218625741
70.23228726872166
69.82948925024844
72.82068785495497
72.85797646722132
70.74996838127859
70.5605899514224
73.28208971520283
75.4384354016505
71.53430499040249
67.38547444801354
67.18001632312418
70.78490424325452
66.91064911792554
71.54265306323359
68.08561372522011
66.03329047264562
69.31770494774861
69.36899567147923
68.94582414474628
71.89208450445196
71.13936177218946
67.40601915676528
74.82941125055632
77.99756364482735
79.17737298231242
72.76089988892221
72.94819350080206
71.83902176213367
72.46915282171403
71.67345120645243
70.18618635340324
68.47149064715354
73.02391688498646
64.71261100059996
68.72183226444062
69.2273035898988
68.51637860474493
72.90015393308182
68.89573620491424
65.28196625343763
67.3269152229382
63.28952229331434
66.09367825813013
67.35518878041647
70.32119494633449
69.27552622531076
71.51752107646487
71.18037092943514
72.45635521702017
70.22971312049252
75.69788054833282
74.34152002537994
72.94711805917872
74.05284172400947
69.86738887328343
74.29304832377305
74.91032638175047
72.44615289886087
75.07636641965891
74.01573626192848
68.37580053484045
72.02597951327849
73.53438449403387
70.97783347492881
68.4413727838161
65.82312263078232
67.92755207023258
63.4778299305364
68.46085808595063
69.60518899601652
71.44870253594405
73.07120831462494
77.0237758351641
76.25024972426375
75.68253426054645
68.8602709468605
71.52871460538204
74.46791027209366
71.6289490538533
72.76607735324335
76.21658608023084
71.85630663565689
69.8196623095407
70.29038190158077
69.28643471072985
77.1326694145671
71.25330969726163
73.99849811905767
71.32104119314225
72.15143378170674
67.62377477476093
72.01646200209889
71.0758615262922
71.53130663704108
70.57082560031739
68.14102086993678
70.6414446564895
77.02276827010644
70.84101824718283
70.84047565978577
69.1535237433256
72.12758667730546
67.73343999539053
68.0660048340553
70.5691481209103
70.23886649601391
68.88507322749723
71.00675857292097
76.10115902370393
73.5617736414312
71.4593412199448
71.45110978603266
74.32894986737229
75.17453657770871
72.58696007168913
75.93099548627671
72.62484075837693
73.10403806272636
68.94207319561889
70.54575755403033
72.1616968475216
73.07576954023143
71.0990657348397
68.7422264417606
69.02501263975212
69.6913076760298
70.66998131117938
68.71508110216602
66.68498402405795
63.39602501743435
69.11478181046431
72.42682170059146
73.20440094110603
75.16618306433857
72.53508006091312
68.26829538449759
76.85886289129706
73.31666027171804
71.26506509914033
74.99602415597515
72.8795878602029
72.818985385949
71.31312530027722
74.17988501514036
66.73426911591372
70.61880823995419
70.98149887133482
71.75949787325321
73.43243479164796
70.80178682773995
66.81491624224748
71.14039713219175
71.72015892915994
72.96349182598095
69.79286342614176
65.44535523333971
65.32383657585441
69.09703058353621
74.47199559669242
70.3136836040205
69.8836827059848
68.57931214553341
69.628858294592
69.0732867888367
70.76909244188352
66.7827105790493
68.01921908107472
68.20754570748429
63.4855324773514
69.79277386567357
65.79593830792946
65.68342916103107
68.81994705126033
70.09723912703703
71.33860451510598
71.10931545070747
68.10166709690156
67.64409192853905
65.11114410672532
74.82540867828332
75.77687904910366
71.21157842431889
71.88475166347493
66.90452086152017
67.87801000655568
70.47116384797982
69.24482436199689
66.39628945228411
66.38125077870143
64.30167835608974
67.57232743478887
64.05634408407349
66.20200433110527
70.49992830260398
74.34627162656604
74.91451945175668
73.24268953209904
72.46899453870185
67.41174646322064
66.55257458075168
67.57437490454599
66.11213788487541
68.31948345623155
68.65009023492335
64.23440676099351
67.90429338900462
73.25997441483487
71.61547221556148
60.74472009287616
64.1630421876109
64.0303222127157
67.93260746684989
65.24924650869903
69.03631650719166
70.55782960961558
68.83881328115436
68.91522302020029
66.57082983676837
69.58804948308482
68.13953647871112
70.97060794959535
74.14369108704759
71.1866801426369
69.82881517346355
69.28100837137075
63.48801704811792
67.87508634880693
69.36599080551692
62.85038831388543
71.06896069746156
66.9101416226342
68.10710991532727
74.2713372607129
72.87280351401074
69.7974897810359
72.50453624199537
68.9536804456623
70.05486683155794
69.02594699410724
69.78003651844561
70.63370906636072
66.62979825599425
69.38765090882599
73.81330362582078
69.6978564533369
72.72245054967586
66.78479358964105
72.17291388816727
69.99747592380714
69.1189006922524
65.49068414444218
69.04596748268342
67.56053275003156
67.33592105508701
71.00704478780524
64.19723738937816
72.4787791272454
73.22573500916059
73.06994598380423
72.74310326240524
67.2142532819832
70.19638758339939
69.20084256131305
64.16817967262133
72.46123688566213
68.81895421591247
64.66349689087824
65.56845603766142
65.30071620714133
70.87268305611073
68.41543310734227
63.7158833923082
62.946502141728594
59.631681586714315
61.082187652886766
64.58257359990763
64.78732520977204
65.3970180912029
68.70335491992823
70.12468660910493
68.41306306428054
69.46882566385639
68.35470341877162
71.65853334593002
67.18413336097369
73.661391035142
68.3499164996887
65.83948152785177
68.07028262756316
65.79575730609635
63.94527963063869
67.70218256364257
69.13321820131843
63.882053581498276
60.66841294992684
66.37422825375681
66.15163018585014
63.65490481279897
65.32863681928423
69.71551855224757
66.55250879121297
65.32096708857891
67.0663614909337
63.23596633178491
63.18705440423768
70.09038193928595
67.80244623445539
66.37963551419723
66.7302423761228
69.53021468565935
75.24625567482562
72.90823254750156
72.59507726913593
72.52314023398786
73.68472504237447
70.98339890658143
70.60588862860757
70.92099181297446
70.25214088240058
73.90047735582844
71.05323484882018
72.55616222224432
70.62664419828506
71.53256306528148
69.357914035648
69.45613080180458
72.94123582397032
70.7180213720923
71.43584691737017
72.36913645409678
71.03720559464277
67.95467774996881
65.11705782577151
69.49724539844482
64.46569186004663
71.58066307609195
68.99388259699712
66.85694296318293
66.97233955237641
68.66022404528934
69.4475374741282
70.51114122900387
67.79039641641201
64.6755998963077
68.31349199925312
71.7263135294919
65.85542721904245
66.24259622815246
67.28700415857006
64.47744458551216
66.94572262881913
69.58171968697108
67.45947264039708
66.57965237332012
67.32595125368519
62.480718247742374
68.94276589287169
68.68449633835338
69.80706841712532
67.55070158528277
66.00905099602593
68.6619834078582
69.30354249631871
68.31592092545955
67.98581341763473
69.20408916296208
69.85572437796307
67.53327850605108
68.47033056935199
58.269815363304886
66.82360470465737
70.17181792876829
68.14613400833015
65.84548653126987
68.19369283863146
68.56088518826077
69.10065398736246
66.48101924520017
68.9868988945415
66.32534476994302
67.05832292381126
68.37255796931154
64.44614262107113
68.91463236033776
63.54926736771585
63.24280806414727
66.10566537160099
66.12952380919688
70.34530676683048
66.06001483512681
69.31577261189403
64.41868946003775
66.56073341307247
65.90904046056944
66.44468801575618
66.72175877666841
65.20184512772501
63.10369013027612
66.93128026126777
64.13417958201791
65.35484926485758
67.5764313913204
68.08265730717548
64.45066779035666
65.35380809785568
66.07543411843541
62.92231473218748
64.60478666048297
68.04415652499978
68.83627627134035
61.48351039364885
65.23579905090041
63.41641491730066
62.343435459609246
63.75819577308402
67.7720063898474
69.06057140900249
67.70649864124194
64.48045812524367
64.6819385324573
64.81386025321757
63.048485514151025
66.34483431569417
66.331885334965
64.45096784340195
60.22255785758209
58.8176952544933
63.51383684255743
60.74972257488788
68.10464939530101
69.84184572535065
68.18870033981472
67.01900277494369
69.77538340738735
64.94236010954852
65.62419087852578
64.40424879456236
65.39219683002324
66.49555508367095
63.442965456449954
62.593500674571736
61.810635379108334
68.00241561310953
62.986840107125175
64.10780215418575
67.86764611769456
66.66651812263397
66.71433163680598
67.04763550400199
67.61524253348126
67.2643947627344
62.419031151917864
60.4462403190337
59.89941545687355
62.535186316008996
65.86630787681992
66.61165568796099
62.07544039347363
63.13614378063962
66.18477948184514
62.48535579070806
67.64971637857718
70.31982708040088
66.72482274835238
66.17049902787679
66.46540119586183
67.95113659968442
68.82307803002499
65.3572867022369
66.00702940603728
65.14345362436543
61.87124112043241
61.686419330302805
60.42121617858151
64.38383346915252
67.6767779517249
68.88408223841472
65.590947689488
63.841488046463695
63.84358057433672
64.91747067063119
65.21182054319533
64.0396942811913
63.16765906702565
65.58476889267493
60.511205422959904
61.976902584871375
64.25271638965945
62.9871781419763
63.43861234117451
61.13374090843112
60.945435434062894
64.53622108652274
62.589667804699026
61.526455613990386
62.15042055960169
65.73465615515227
66.29238366083987
63.33213349974169
69.53925084022471
66.65233739473528
64.85972806369823
62.68996363390957
66.70566898732196
67.16992685474918
68.7316694370404
72.36715949898772
67.6992281192705
64.59670852842635
63.088115699552766
69.17870249918609
66.9221505818966
63.81730101109184
61.88724368236324
61.5030058248716
61.557088868991016
65.82112094990337
64.60974587199935
62.66088769420445
59.37698435573708
62.76134587264582
63.983993026088825
65.9753227890052
62.60166831235505
59.97447478648734
66.64896714883467
62.63191055807891
62.35488594327138
64.16156629272602
67.31852222581034
61.18802204686182
61.346837948232235
62.83967143064716
63.63784971548157
62.803541336600794
60.98932654157512
62.057732401539255
63.064274193034706
64.2667116529156
64.4815808364479
61.89422415662323
63.04644788756725
61.941494798283365
60.75778951099498
60.69540048933291
60.09918210995183
63.4733367413956
64.1294423229297
65.9603413700724
64.40862561004919
63.955464798044765
64.53920681798749
66.41866985814715
64.65598550194929
67.974176932522
64.21805960175128
58.070093399505325
65.58213082998492
62.21633029091952
66.32353785213986
64.49301370160295
63.9427693155842
62.81827376898255
66.25953303664494
61.07479919878571
58.100686265413124
62.07129343658391
63.30388966585669
65.96678349837588
61.21681578904217
60.79948072996101
63.11530744832153
59.65765455640343
59.242258204299645
62.404080618512104
63.58993363307607
66.02019174443046
64.37048935604973
61.86905495161718
58.77418937450244
56.75047100743741
61.31365764849164
59.45120529559394
61.55991113304652
65.49822861786748
62.76617953645557
61.535639808969684
62.61920433641382
58.65199114246214
56.69673923989093
61.54199858123554
63.65491136579999
62.43278153243451
64.36670830642137
62.40949767114707
60.63970134440845
64.9993506851443
65.2480755473224
63.93476065058083
65.85896396444306
64.33780675260701
63.65774203926558
58.44042516315849
62.5084303332195
64.25633641200477
58.59452241469113
62.113323957643836
61.53210181761415
60.200428819464044
59.80208347815355
62.25406891299105
58.27131845671436
59.710854652875625
59.21552409498206
62.06111577087004
62.11185199135807
60.60323929424486
56.437551753992835
58.89894789209194
58.15729556721824
61.804819232234706
65.51312415514522
60.619632407970215
63.479356226674945
62.5127197917074
60.00970995479592
61.69928121333018
61.699677479617684
60.0743527416112
67.67159513878842
67.61081107485998
58.93154105277213
60.43298376677787
61.105111653549905
60.553298460651256
63.16515313751571
63.76231911647089
63.364044092993716
63.51832790320539
66.93299638983301
63.41162545523516
65.36642535529298
62.22234566381729
60.71568834883172
62.09634158411814
68.54346163340061
65.44336070292212
63.85807825895739
60.534699451774486
62.02008377046708
64.1238063823172
62.22019819262823
62.8631803657538
58.23401779416649
61.58501881373282
58.51793719038236
60.23960814215918
55.78352746051489
57.314411274403646
61.88608702435349
59.955288191782444
58.4049840056762
59.92150137785134
62.52255871784113
60.70920558471
62.17331273198854
65.05562958560371
59.60902659497759
61.4713350747401
62.263608562561586
61.88803501681299
61.402592542086005
59.62111465691643
66.23149802768653
60.48416456878951
59.86123989562029
59.7223869324358
62.74674822153247
66.0992346061001
64.77911211803489
59.67169170896692
63.18431353670148
58.79417808570734
58.85027296709895
64.05257431372705
63.593468953067294
61.924362310193914
59.82971037430056
57.72890616544205
61.28417593190429
61.45514475315885
61.975091286436616
61.01611793240205
60.31063004871145
57.76995128077966
59.576880502377634
59.26681089359084
57.63404113317013
63.29110476694733
60.9766778864153
61.97119309642625
63.73269354353628
61.069485979421245
61.44613962712883
57.995673079936715
64.94164505058237
63.07931977551735
56.58520508879422
57.880990648804435
58.57278424125709
60.315917300073814
56.61821151364698
58.42004943216938
58.708850144288796
57.52551717892408
61.34569375665378
62.88852086046073
63.2028970708467
62.22606942039463
62.42960353258573
57.866216366631235
60.063692175825665
60.943977837810486
60.711075971031576
59.15854281364804
56.40463674182057
59.68239373334589
59.62686443277838
62.527712202768654
62.294888022926806
66.98432975187279
62.83901020180809
56.952774690149035
64.43212033486817
59.288896841533116
56.68337504346712
61.08008968211627
59.907557785987535
61.88578624029381
59.04970087956539
57.67123582904353
60.41854272833976
62.55727563394668
59.16037148183088
61.997222304899196
62.71675828255388
58.76435920584598
62.836780556506184
62.10764749501033
61.751439350036456
61.43924601305181
61.23816451924942
63.41755602607311
58.65225270982621
58.48812769834552
62.997648953531225
63.51226253090401
61.33374275864991
59.804519996404245
62.925536944372524
58.260236649095695
60.68142831081321
59.79540047961871
61.38658328812584
63.106879013617856
61.7629534388972
63.69239428589719
65.04092848267895
62.54205659732406
63.11101959243806
60.71861017245363
60.89137915786392
62.5637872772994
65.55343042580121
59.59043069659378
59.77788622628021
60.03740531018347
58.6193813547375
59.78771602602067
61.15920118070777
60.29934444142545
63.11716108957958
59.315019320184085
61.47590212717014
59.11425434261369
55.07379635283038
60.96645114155963
58.58278550667845
57.29682153701366
57.51294845364057
53.50064181565043
60.49475788733278
59.54299956852145
59.656468896662176
59.418802471481214
56.57654302710505
59.17094383115572
57.00095570461928
58.904858455474866
62.50585095164424
56.29533964487404
59.45130921641423
58.50684283655337
56.96585065948508
55.75580452028145
60.90507564593236
60.32124288594589
58.2057980841402
56.53980376558251
56.35753290816634
57.1954618722701
58.95560759107931
60.82103431388519
59.02682146359415
61.24424102933071
59.177218692841905
58.65448787449236
59.737718102570696
58.90243934492684
59.565668520699234
64.5241035475297
62.41523928184909
60.0141260426961
56.62932448179479
57.31049881052348
59.22965100778629
59.09370042659065
57.60863782221541
56.5166735784493
58.48083185281594
56.641030784054
62.34014422295513
60.07913953271289
59.547804584854674
59.793693769821715
61.271343757562974
63.369208500958884
62.84072348699411
60.53827986582603
63.664276428328286
64.07317388605024
57.876591544277964
57.07419079405399
61.884830000789925
62.6622199007358
58.98267963197349
59.83653818384242
60.24928373240638
60.50331259524322
64.22087054779504
55.7815976243795
57.18379965620812
63.07234198916589
59.80258614330776
57.96916218199516
59.499436899868485
56.08745100386864
53.94022342495331
60.56530812239875
57.98035155437064
57.97797717836111
61.07073352474149
61.74914895143574
59.12731902617851
62.06429958436125
59.91162076506278
56.96400004347445
56.03711339367776
59.28733147958412
58.114868159589776
54.57737716660856
58.1797089579415
60.67528974919103
55.02007162504103
55.77150852738019
54.14708822340686
58.77403588195647
61.470040770230746
59.1158919017761
58.501376812877076
57.65573640832672
57.005759800930356
59.7501823663707
59.79899511425949
60.05608764908292
59.67484752203693
58.945590464672385
59.124458909218575
61.02350232910285
58.6643100006407
63.181465547435984
57.57977355529206
58.388233977824456
60.72120060533675
64.462180708166
60.802739756485586
64.36553901537953
63.01259423446618
61.78448378867169
56.41544880717911
57.719418184893236
56.250097527995806
57.640433877336434
56.615906069470185
57.86483818762567
61.711689034893425
61.51116828859232
61.805189982748765
62.162896592098384
61.76549865773452
59.80424056194539
61.50654041412306
67.55129672251277
62.61726756118257
57.94869363253043
59.70199659872306
58.80031323919342
59.99465398834403
65.11422618324906
62.37017197319479
62.489253898530144
62.04508939991736
59.439137016380776
58.09966896283886
61.07839341383302
56.69665599725255
60.18710708842651
59.32003458059994
61.00023233766751
61.25578867444259
59.31328430923024
56.39709341850977
57.29071093283368
59.766939991438555
58.22267484862127
61.08762064776758
57.30428413662204
57.877993644659085
59.86859364425302
59.24333892953626
62.2939713205466
60.794585363255564
62.102588051512924
61.50876521184271
57.51949679441701
59.36662769660934
63.47494479161099
65.5394534471502
64.43131715954733
65.52389013118658
58.590607552146665
56.20710200288975
59.39200263038839
59.349599204974545
60.22601194755107
60.199110718770974
60.18989670233468
60.423630044309085
59.66642094657235
59.42500846232249
57.64197618292078
56.32541526329233
56.895580092350336
57.057621132952974
58.990160857232006
63.07989507046783
59.61367464873484
53.38003086029672
60.872200115839135
62.509559836754754
61.16438952456286
64.26951397230526
64.78907069282654
57.291470608969945
59.6130510481514
60.2846158344516
59.910676435363946
58.71873357160894
60.11190565491811
60.38933260180577
59.07560198795225
60.418067790867575
60.182917581063066
61.23504534929127
59.4600720847279
62.98269811690527
58.94567215886187
57.87948589792988
56.18029876148814
60.56681269054083
59.5370076340139
56.70190987340226
57.92843047340608
59.86714555208514
58.14530338302001
59.348450291161264
62.26145444908721
61.9512604055489
58.50019929843431
57.929035032915905
59.54613683991542
60.49864739625414
63.34724122337695
56.90503264671105
59.59835985444408
59.02634035192519
60.11926330649122
57.50014011198869
60.80122723509348
62.00212052442603
65.23169730616465
58.28782181306511
59.87335898911494
58.198805080111214
64.19188291445204
59.713252383091806
61.98737522648401
62.6725245386799
64.4127614061139
61.39155417523912
61.733024482637994
60.39561771348382
56.47182806872219
57.031125701726815
57.52825025404524
56.38038168046727
56.138795690519515
56.836528656646436
55.42318317376984
57.04625217928358
55.83151326538836
55.012842584752654
58.494202596882
57.31748836346755
56.20518171909231
61.47054998488408
61.26907145866151
56.34733723363681
58.417082241103984
65.3657367171643
63.02767685976356
60.94991046329956
63.03645786836476
62.81482452080831
63.90742396364709
61.66925960802269
65.89858465595043
65.21332581807197
59.78563778605452
61.50773283661453
58.68496068383804
63.84519915199413
59.09743352292288
59.245836059198176
55.00105478525395
58.891545110060285
59.22840635942432
57.8147079121743
57.166117170988585
60.18742660048273
63.60342166903578
55.86189330285529
59.71390545065427
62.075001147175605
57.11306440679277
55.2457474901663
60.30887907628151
61.45377359399608
57.9318554848659
60.03787619273475
60.11683527557813
59.743649080921294
58.358707452011096
57.79810921057422
60.262347839278966
58.44802531115634
58.32092239961068
56.65408287004191
60.68878816006659
59.12434764029451
56.868308158993734
60.85334545303565
61.61657010204141
61.48228617877521
57.5498276953584
61.07958323653104
60.805870586788586
55.84207668837411
57.029891209642564
59.81779917210819
56.12814165014093
60.641020008391976
59.61692157254095
61.05847264684309
61.200142705236615
54.952741857952475
55.9548505457233
58.22540759493911
58.34066894412825
57.262019938097474
58.987090892879635
58.50819025102266
59.66150351263419
59.435029290047765
56.74908827730234
53.54784939800834
58.969371843477205
59.73709079094205
60.70921621982435
56.729551546928526
60.3771365220868
57.63316011749957
54.93341163196847
56.48797670558173
54.07978968892154
59.10884490480975
57.8398822274711
57.426840016285176
57.89192010259678
56.529682969575504
58.28103698004156
57.833714122504325
56.560379738497694
56.78829471919738
59.501970158247765
59.06446674456213
59.7626727960953
59.62400299515104
56.89159111611641
55.56876460845404
52.75854280460551
58.122084801663966
58.4146985777385
57.47570244037733
58.59024449584857
56.8182375696455
53.94924669761625
55.046711969134286
59.32995864536003
54.61439638862812
53.3103212523825
58.668852509011565
62.37843786788313
57.19118807237512
59.24137432696548
59.990511631583395
60.176344619295115
57.24792221569974
55.696153063502464
55.13324047609862
55.90557589237498
57.7222228423025
62.219183648689295
58.33695250396382
56.808761076079406
57.00173491066133
56.15913496356171
58.08254044882388
59.42191098998328
58.56782325847218
58.27772088385652
60.098039476665534
56.7569198267552
53.908788497674614
56.08267085316899
58.0180159215851
56.19934937806715
53.81898676664484
53.064148329050994
59.41509968798153
58.80867139371198
58.227821297465695
52.584555457328094
57.673453534317325
59.70225356033525
55.68578205753424
56.90013745987488
55.88076979684371
61.511836383094526
56.73994841599542
58.35686795985546
57.80543541341591
56.64928817241942
61.21705326474843
64.29853148678656
59.72588237576314
59.63265406922241
63.18106972706336
59.250566116658064
59.36004781333826
54.0859437284583
57.34763842048311
56.354121094941085
59.35565441667468
57.69726805110908
57.966754716658016
58.26786651202583
56.70257912641915
56.27027512310198
57.510044771257206
59.13556362320884
64.97030679103406
60.139742817325754
56.987047509699124
61.241851099448574
59.93464007014012
58.929236601183675
60.958003738075675
55.814087026712514
58.473551084674554
57.23121556006972
56.31338217675639
54.48951784002431
59.180479711591296
55.51630884353268
52.48582191962072
51.56830725000837
53.88052598003015
61.7505101712547
61.384067568476254
58.87050702365335
58.77718334197998
56.69874352348137
55.10183518731777
57.67574796694566
55.18507490989575
59.72370387501853
61.146827208711294
55.438928763454214
59.03949293474785
55.95018101549922
52.28359813941106
57.05853176633144
56.472909378567294
54.193048002135974
56.26052233792579
61.16916461395145
58.433676996396244
57.937544499972425
58.41984219503769
58.43570415906507
59.790630989327475
56.279480288221706
58.20662448674215
54.89966219352041
56.15126970430916
56.668329558476856
56.677727817863634
59.35960918360231
55.435580389210855
55.22368595803288
54.42713407895108
55.44380761879974
58.23219026943805
57.154552180151896
55.94532349182044
56.754880257499835
58.6140328487917
57.38070949688537
58.0260927954616
56.52086231151154
55.179302103903446
56.178747878621174
57.5015374813587
55.35957195133653
58.191810426695774
58.589028036997604
59.026234571257504
59.33165106130969
59.36960436303217
60.908025109151474
58.08073709768194
58.62259096040435
61.62968356902894
62.55125318063181
56.16872408912346
55.12983332507423
58.540964453802346
57.098720288815485
54.086129282907514
55.1311933058141
57.446431690879365
51.027806330905825
54.725100233057944
57.244912120032474
60.06713943804132
58.61507307779318
57.74181049063272
55.67565547423477
58.99621768092002
57.56312699296301
55.2947214381422
54.19223716170363
54.35554146151613
57.695988280618465
55.22107410470124
56.67663464071422
57.66018745203424
60.86110131339609
58.14078030028199
55.51269191248235
56.17553262595016
56.971282933061204
55.182425270657276
59.81999515534531
56.77160978324515
57.171623077068496
51.31047568731585
55.980983262312584
53.77815263010967
58.06867496972314
54.35807637703868
55.125374097419645
57.85616335681993
57.52120877273883
55.97972040097085
56.349086768772295
60.68264333170766
59.73738807593713
59.05415473605695
59.335761896371736
55.17427278907762
56.571397883185455
54.3466427988477
55.000729214961794
56.74691408848952
57.41948865687721
55.05371752533417
57.265957111779535
58.66042434797028
56.15402784274313
58.45587508118692
57.351944864072124
56.772935469108106
54.63197201149396
56.664955834733526
54.51948245813749
59.225913577179305
55.71583201634854
55.882563777396896
60.65871470625877
58.67625323178917
56.96076895061869
57.836457826478416
59.86622826887001
55.699115951403144
57.439606941785115
55.52868292839312
56.64211594257067
55.81580654350735
59.27520527153814
58.28457582922508
61.319379966549725
60.45674966267328
57.8059479479332
60.32570997869471
58.456611965015945
59.150072777017755
57.20538142731494
60.23048252643681
57.8908863967851
56.65936022011285
54.10464242167433
61.470647214722774
58.01740899888731
62.225991254029566
56.161078182857615
58.88970671529758
60.62301913099196
57.88790170916691
59.35974626058961
55.94879087626261
55.518834979723344
58.45179035323974
55.511851361919256
59.169465936806674
61.07314297536524
61.3915155906763
59.701771317550175
59.26853222184058
62.653283870613414
55.89019415107561
56.65276382903662
59.80942283256625
58.04825799193529
57.52597334066935
60.29650258537394
56.70901490562021
55.37946342867957
55.71840282506708
54.66914191426527
54.38254591636276
56.39071281179066
61.06002655856138
57.18541291004401
56.24141591225226
59.873326362744535
57.40705772471094
56.05505060189545
55.921250701382235
53.15818054780371
55.432521952819634
60.29461252497071
60.24247493949313
59.96786827304461
63.24978981908528
60.49997775196132
57.13195431232729
56.185593489324454
60.73586572095091
59.1891754135478
58.075985179427896
56.79578345005885
56.02657485527716
62.42125464160695
60.412266752229606
54.22054526652435
55.719858185960256
56.35085324092345
57.41152974527966
53.46116378668415
60.285386283083206
59.47291225819445
55.24781099457174
58.93491806417047
59.23751650003965
55.20594558545927
55.31872981526392
55.25402731459322
58.634402890786696
59.191321401342755
62.43209045628656
58.833809654253635
61.118877455058374
64.06269477894578
61.31564300229787
55.40142851924241
60.605754974335035
56.33955181953208
55.77972200001152
56.823247075978095
57.556231067022345
57.533623805302575
56.69156612356837
56.93902894629588
55.99476449974618
58.58547945730976
59.63961515030007
60.04690997083688
56.320889613714236
57.12270356788842
55.801150584913486
57.79800534411034
58.514102384673826
61.44439035839874
61.12268559724075
59.31775810214202
63.109478365259044
65.83396286234249
61.458237006425335
59.84575754447408
56.6644753694674
61.21243493162473
58.56839327390773
56.99817862153366
53.703610126208524
60.727590836459065
58.80037896450961
59.42438254326242
57.91445968929014
60.32260895743785
57.5351801576159
57.61124563588437
62.50218246722744
58.50126222111321
58.6266746190373
54.65313863102229
58.63219041496963
56.94401435828413
57.92853269763903
61.208633268426205
58.113771258890644
61.74517772156265
60.52310062228582
63.2184300977979
60.97548081647752
62.80512385698476
55.32731901914254
57.835508852626646
58.72455490712713
57.75087614096461
59.157450062307674
56.71771564940711
54.023432673681945
55.5789951781426
55.35039665114705
54.99640006789702
58.61813303738585
57.89547488548997
57.29894634250464
54.38112834063095
56.002068065884394
55.53117476912455
61.963306049030564
63.28242222803241
59.79367364735735
61.109605241196576
62.56984904110263
59.57092367495532
63.465858060395874
61.656964341814934
59.87953643002349
58.95812835160632
63.08426724944504
56.73544548693073
61.06203929518847
61.145381029912606
57.688166997396785
61.845338369470845
62.574055199097
59.28787630577216
60.64424380266815
59.94291906753442
59.39506015956396
57.707571491409674
57.885020052325046
57.6652958009006
54.47726936096822
57.94844973845106
55.87788217351445
57.46005268779816
57.07921576949707
57.131677449345645
57.94134463994029
57.77578109640577
55.58002003681682
55.46549048524522
58.341616288100134
54.6439271360495
55.52276941162416
59.19601488013381
59.99376742572749
56.83238860151287
56.09387611195157
58.61381988540337
60.72254372729998
58.04341332532613
59.95702284746485
61.33328514236493
61.3432928672866
58.396788890306944
57.230794429401925
53.64035959636735
55.621502366194
64.0432471286597
61.36770996890473
56.3637097914972
59.2609328361301
57.351175101051005
57.56472027201292
58.41974047562464
58.190050674813065
53.320683296893165
54.17859873868265
54.00843744852299
60.167891269735584
61.84057645664581
56.58145994567907
59.0353441332319
59.262112498176975
54.07811708779774
59.16861641959897
60.38680686024638
59.537096297015154
56.912640278809306
55.91058519190259
56.81722548131746
56.49913147334536
58.83170029083056
59.62874498350782
56.7945517450266
53.013752289580744
58.626293384412755
57.046647101422096
56.24498630922367
61.0604413930545
63.79171688732497
60.16780364491576
61.17231090155754
56.0605690629958
52.73335461871463
53.22829118828635
55.43029343591054
58.17423071743866
58.681699780570376
59.034809079910666
59.08259153513156
64.514063508993
58.549276480811244
59.26539204886724
59.57035333802703
57.32860046419173
58.11175978104451
56.629870894370924
55.781282399569776
57.125018766749655
56.67813408012769
55.75636983735996
54.72921134997061
58.7702601079018
62.74718772789893
52.133140908044716
52.24949995836556
56.18218076126489
53.86135556507888
58.478220909609774
57.30126289598535
57.79511506210679
61.618114105074746
59.72976422888896
56.85283735959078
56.50533035948564
56.80855653882207
56.04161727738093
58.95177072463094
57.5577855948869
56.41780835988379
57.53478086844193
61.82626481659805
63.4581875149975
62.83494835586875
60.10171855038629
59.26803631534149
54.67906368347505
57.21258253598305
53.86281923551635
57.463144360264835
58.80666690885781
53.241056979095426
60.16660956042544
54.77633899804316
58.5889051836786
58.2271292275971
56.450636961848865
59.24877524698317
53.83337130130722
55.047312192393626
59.7052571396751
57.85474391546204
53.553376358036296
57.46769112204921
59.319245322220006
57.513207849184326
56.3483159482769
57.3272134993641
58.15485895085455
57.57469904540006
58.17410584521602
52.62924198703691
57.01313898327424
60.06977828665072
59.24675366025505
61.4324335866788
64.7834395706619
59.4028366064475
59.17771886217259
60.177447147068875
58.044768864403416
65.69703341730401
59.093928535751836
61.30188437965415
58.10555962559989
54.50209516263736
61.529869456495426
57.357141383979325
56.00044155752699
59.86836571659653
59.67216837939279
59.96347623686372
58.45124290248005
57.641685532892204
61.358787118906
59.40124027987882
61.637447410356344
65.41964810735153
61.09392461821533
60.283011616468336
59.42797867179553
57.28858030376108
57.60004170974207
61.18022605935499
55.802715270741686
60.02035537916643
54.94922357360108
54.94037171668632
58.86200221068677
55.49332993546033
56.68996008804089
57.37038546998143
59.94832906347505
58.91096608216192
57.48873252786163
55.96164377258894
56.46297884209741
57.44397830755737
57.68527203728432
59.078631285917346
60.99426705297626
60.772267584784586
52.80583318682244
55.2205755850343
