176.7228473043592
147.74470551874776
155.47760090085092
154.07848032782076
171.69277010268996
158.58795243647208
143.86015924627242
139.4295021150036
139.13827759820018
142.14995378410376
145.6144424610942
143.59201994714974
148.6822419866766
148.52389779729972
141.9105684830326
128.64155369983047
133.6348915801692
137.00717329761568
139.53659368903408
135.29683120159171
124.10134623341041
123.24906682487187
130.1389958205375
128.4327744731282
125.18558652631195
126.09212844578764
135.08982616429418
139.58267256827804
113.18135791239911
125.40411059959796
126.30587654760515
118.12137596235081
109.64698075989827
108.05199303587922
136.29510130174714
125.9210600730829
111.7295332230601
123.46612193045532
133.498996541726
126.96964971669898
113.25393367721564
105.77517635161075
111.8027403090354
119.16927861507877
118.0124509403936
100.856912524574
119.05411004207093
116.78205365225415
123.78704123579973
110.47186684170363
126.2675326989426
126.03433153771537
108.60619286224093
117.65136014866584
114.92144153619813
115.27444643362774
125.11229827205341
120.26987058685513
113.54798909949193
111.20932444227797
115.06656388165597
120.14538627013293
113.93969114622085
119.87024344154764
118.05618658326257
113.85408589210557
119.28454414476874
125.97714710203887
114.33580490999786
109.37718220280043
107.5382410305874
130.92081084755432
121.44027788600468
103.13277790381262
106.23865706120381
124.11537212473381
117.63146521978473
112.37525148064151
113.69471312072709
114.38413518753357
116.80554300143577
118.4056632569155
117.85978540832042
115.92961185480904
119.70375111438676
114.41946471087995
112.96864039942234
105.37360498513085
121.00831500166157
111.29503632516317
107.69982582282216
110.79880506644552
111.64560589298239
108.83616502094104
105.88055571180438
115.7153383420934
112.21053284277146
106.5850423972933
104.00438368697628
108.48736638799949
113.5726242901858
109.30866027288612
100.36658048527988
108.44829001671711
107.81535728182632
110.474856631719
110.88570197365348
111.09211947554552
108.13695396458876
116.74788057535426
110.8071520000653
104.73529346109625
109.28263795371831
118.09049317812298
103.41676846308597
103.81841077870388
107.41071488599373
110.05829518086048
106.22476512132265
114.74326759298097
112.98135519453334
105.49541813095885
107.8081015484593
104.47790638763983
107.41222805306188
106.54518091430671
105.8877624446556
104.81731816965086
108.661470297946
105.84177203550762
112.73298778388894
99.2644770397573
102.92988622340104
107.61156194536558
106.77507317692098
108.71931864070197
106.65547831009565
109.46412926598916
100.06900111772462
100.71714328384827
100.21896812278789
102.45977700646688
106.28918569322778
105.9582307256407
100.84083152100303
101.17904890013608
103.86192675148162
106.17161368851201
107.85516447297563
109.29180111642751
108.92668133875799
100.42268150466597
99.70661409118178
100.63318330981423
101.05512867115998
102.72860885855464
106.3517225995508
105.8565989332223
96.68595304444335
101.53521103087797
105.5250314287225
105.74196328921859
102.9215793025466
103.57157365124884
105.76141204786583
100.25143778187665
103.09539279934086
107.09805017607661
109.5779934666003
109.48150301980671
109.24134227141083
107.04627051795498
104.29641701189612
98.4084494360019
100.33175567711
100.32659140496376
105.41275383393251
112.83744078195988
107.58742415610894
102.04670086397599
105.8751793915192
104.61869380955004
104.09019647342113
106.95394901463074
106.33180115423926
109.59116770426458
105.51687890648847
107.71175381102744
108.44897200348201
110.54032720297351
105.4266197250936
107.39846495038532
106.69711280314394
104.08730369226986
110.58819975716474
110.24473347107715
104.05795415411438
102.91999282745121
108.47256280774934
112.28134941474009
108.0974612042264
107.01608668788606
103.2679687021366
111.6716103010243
115.9488284988402
112.52555737046232
105.2054493267598
103.6838502687898
106.48692850976364
105.93610551337082
102.48856525756419
107.70773494778645
114.57041948945528
101.9304374285099
99.66412453997354
106.4470953753044
107.05694579031304
101.14117330353187
102.03765398112722
105.13526560684193
109.71079144803836
104.71570380355169
103.84397721701721
99.0415997376532
102.69855677422105
99.88262817849447
99.27665042940663
102.93388518434038
102.63388246335296
97.97165049658116
97.57960089753242
104.8425465322455
96.12693250479559
96.25046877665422
101.34945623709733
99.99100914678165
99.03562721399857
102.56374031991174
106.81163025795132
98.19981848754269
92.05070044500393
102.48127611264357
96.02260811931042
98.93920553183463
96.56266842195502
98.56676653317938
99.12978121210531
103.32767326639173
94.94948445569881
94.91198257168843
95.63801344468088
100.34122546089898
111.20166363663233
99.60678789697977
92.66022073091736
103.82012887337962
97.13211863880308
92.19284631763074
94.36634446875978
98.67698349304297
98.78467065362014
100.42910529473113
98.84823343766402
100.96823569871347
98.98458468182137
102.61713251668453
93.95440463056516
95.97874441158253
110.99151121905378
106.3449553546168
97.7624893414777
99.07963786679528
103.80674626147025
97.84913873639103
97.1713776198429
96.40131238470923
98.84612141537691
101.7557430380837
102.57181583534988
98.97880802895342
97.15488355823553
97.05086597399622
97.65981892854394
95.99707649127485
100.2020334354425
95.0977089090777
101.0809604840339
95.0939951182647
95.07804188227561
102.12158405580844
103.06511006318382
89.46028370558346
95.78364250084434
102.5881673958854
102.37951675687245
100.32476168265326
105.61090221479128
94.79966315222781
88.05781222757872
99.83889481999235
102.33625080344353
99.11911579519273
95.27995552033146
96.87630182536967
94.51614275931006
99.57008249925944
94.5344963127539
98.03566609479567
97.85893606728754
105.12528595330936
94.53875608413881
101.02195005351913
100.17114545956625
109.34865914226306
106.60830131166978
99.12600207988376
108.49231379914312
109.03567470142887
101.45533461924573
100.90092070882167
99.64562052465115
95.20112588744742
92.35488959337276
101.66863453595099
96.0076826978671
99.9309163146089
96.65316786114448
100.0314733831856
98.47899900435303
96.1994456248288
105.09119524222947
101.03114801305023
99.94190218682986
93.80932434842804
105.09103611203325
100.31206270190549
100.15098756809006
97.05244770898047
98.21943164059016
102.23389971703091
105.14164854500805
98.27241544836572
94.63556946861893
99.97910600268926
98.16441853342968
101.73919282797814
95.37925906993041
95.85843777078576
100.18571865207538
95.71799771185187
98.20162152830551
95.11681430813074
91.29956357878056
95.23198809119496
95.74257696592672
100.31045841842301
103.26948334705654
91.81565321454838
99.26872722691002
98.69046026653288
99.21628517209166
99.52066210596317
93.42340579348618
96.82785424035846
106.59773024130925
101.55528684259382
94.43002387882981
95.33296698367188
97.69626302060938
102.27945457009838
99.27424822841627
92.58660742721725
93.55718673150288
101.98029045857713
99.21591464718486
96.23260501593833
104.08829154666624
101.53225064856419
90.08924658614744
95.36109550421673
109.07063473061959
108.83225136062016
99.38305903481537
92.57161121882815
100.3174674025599
102.92935272157132
103.6506046107568
101.44756269532813
95.96844720796959
96.83765877027228
102.09418265216448
96.54745239235257
102.45540133672681
104.3491662711812
102.31059292760666
96.7134915297386
101.63476350876121
98.5328113041275
93.53313958443337
105.04531146080197
101.49107201199378
98.64264430398981
89.58238651181362
104.02936229517557
101.48813380917078
102.88923616690747
92.62280221104557
95.61159546352974
98.15249133398211
99.12780437763286
100.47474619521113
103.35288346817462
98.50929227060169
98.63207373142959
106.67908882701708
101.99689203280188
91.58325032396787
93.49941778938904
103.53548659624506
98.7413492070596
100.37360323684644
98.37058216411715
105.39336312493015
96.96454591547706
94.65169250037037
99.82791715002293
100.83704734101964
94.8960604915746
97.03354234437872
101.85853186750057
101.57621384373961
101.06588955570668
95.86787869556255
103.49948340614392
97.05022113790416
95.56481160049661
97.67705113942243
95.07292443880084
98.13995751728915
97.16536576687078
103.64650675575514
100.71767374698285
99.56631159368342
94.17102604589749
89.93634916806896
105.24896771025044
105.52432181573533
100.39153749846177
93.95238261738322
98.96320900275981
109.74262351493493
105.71780615544839
92.43954730049549
91.30804244617167
97.78269681532976
105.90728837892507
97.41021672697592
89.48104326418841
98.52912929514208
102.64606456245296
107.70501135116865
96.35461799546727
96.30636602302826
97.30961187031522
99.43408648195404
93.87906812615464
100.07006427530195
99.53877743042008
100.81399239338408
100.4116829812754
98.11053449270352
94.54587358193636
97.89023745747774
92.4563778986631
94.74679411729768
101.58285001418166
105.87812789884397
94.78112124266136
85.12356479564798
100.5166398592539
100.38703358252943
94.36810060218988
93.01661218637899
96.05501711056571
100.72662233739833
101.67798048364038
94.44958405801655
95.91348740327732
100.61255326585979
99.05301842788326
98.36986445282889
101.38797205753025
102.98963101178826
93.28365759138995
92.83142233185373
104.19215836925457
102.58869221592352
106.24290812820753
97.10701057420401
95.68492232149147
98.85475782702173
101.36449659773935
99.48264395747168
94.66844236103836
100.67700214881162
95.53172469958776
94.37569048199558
98.257645281938
95.94609331565222
97.1309292021052
100.33581108398526
93.53874073893094
90.99980942751816
96.68185319204296
101.17448207264326
99.38153482944944
95.72151237651956
99.55414885612899
107.76015500105139
100.53695923848008
93.93912832348197
97.66798963674833
98.10892347956248
97.22215277353429
95.34593359035716
92.11047206462918
99.26266253841175
104.61715892418721
100.23046798021613
94.57793937780272
93.21608300927686
99.62176114665822
99.02138325282914
92.4536188550111
96.20478933292571
98.33228259477201
94.60992269924093
97.02380253747756
90.25660444437185
97.31455830580737
95.20722435058596
96.63328020566351
96.2471872133956
94.00657627929247
98.92608926975345
92.09992706274166
98.28631444942312
103.81934634765405
96.58567894173677
93.64388124448178
92.66564095188659
93.47343444140823
93.1488459800195
94.2880899087682
95.71230229774469
92.30150796772882
86.2915503555887
90.91788652767042
95.90251149331554
95.57183718366088
91.26652266909053
93.62366370886701
91.4169700740908
101.11003560326401
90.7552043616078
85.83343214488534
92.302387403244
97.2714928293289
97.84887878703998
81.47630372429549
92.7805264260676
102.59793881739985
93.20292879395278
88.68527777000236
93.22675063592678
96.54847323781877
99.01192980768127
88.42264938445565
95.97026593720875
97.09459969373103
95.58328713535029
85.75138391692496
96.84828022033602
96.00128633340039
96.12662559670764
89.24774995936598
96.98075985242667
97.65776524150297
97.50383148071697
92.48516606935321
99.8152887434476
89.84494752948078
91.50534295208193
98.79015569985098
101.6801683507912
93.56683535683416
85.79631066608258
89.665609430082
100.54249554823545
99.4229015618567
90.80891931323549
92.74729510543452
96.65964106994575
90.46535517100145
93.41867682629048
100.14225231787731
90.1100577488278
92.24909468544098
88.8556255102177
87.6254951315502
95.00988231316482
94.4772694332026
90.32085801321603
93.17851081735364
92.13558027355415
94.89124875716081
88.79432663091957
94.49901383661472
95.63266056561923
94.22075629727009
97.25722333249936
93.49791821852646
91.22995442093648
89.72356324715074
90.54847274627622
98.49177762728013
96.88746744636968
88.6513656842403
88.05009517970744
97.90237136642716
101.11775828031914
97.96048376453977
91.68047693336001
89.41463759168956
93.57830948557887
95.54604798567358
95.31648079624294
92.20708769230053
87.63695555299302
99.62465509562628
94.98452906668535
91.49429363037879
94.79931550400325
89.21849195950973
91.23219255189255
91.6888572681565
95.97724225945207
97.32180582203142
90.86710684390458
93.97892000189337
95.78409082829806
97.81893960503429
93.09960468590323
96.54527268027218
91.40282586215166
83.62497276196068
92.23341581871838
100.67653786169248
94.70574073114791
94.45120601803619
92.95694526943564
91.93475497436805
89.46080624350304
95.07010404562511
92.58235949134587
93.44360485175446
92.74940070476595
97.51196770240851
94.57595276168757
88.69452762553709
94.15609977408978
97.85699270474883
89.16013122340085
92.71975414613024
93.12710330965984
97.16335094490555
90.3044976011824
92.55484989388508
101.05408496582822
88.73808960228908
87.67012537167957
89.02715808342765
96.7232159226164
99.75720793098728
87.50500783154662
92.47630642577442
89.95595336909963
94.9256504281463
96.70820490793476
88.43697267664511
92.4842145263093
100.94400553612067
102.45871145277833
94.70688436270619
91.58778887724092
96.97678651170632
98.08201874769584
91.90674212774455
90.21552909799465
90.2008852348183
97.73457522625515
93.8845596274496
104.70573971509913
89.64112522818432
87.20407466283977
94.19556537765202
101.42211207555408
88.67039554090948
95.34265536796043
94.90734792897551
100.47630935036605
88.38550455219078
93.36300096443082
94.88539535769955
95.59455192867088
94.26750984192581
93.92386965745419
100.2002172067445
95.87820589238898
95.04260388858505
94.75732599538965
96.07923903564624
95.69311558683727
96.20466047768227
96.04902452575794
95.37027406011583
91.7340640278668
89.54573217177087
98.44754125439675
94.9138070616155
94.86632017745222
87.69022186793718
92.50593314073733
97.54834953512116
87.38995967068267
88.8030698059977
94.6793236708868
101.78001382929338
99.15254762951665
96.3311882577636
101.81906200820862
103.69680286875926
97.33937982475567
98.64371501987068
98.30613049635751
98.0604598885333
97.26986219913162
98.36494189294672
98.58039893825482
94.00616468612661
96.35274966712042
96.77110796275863
97.65053735267658
95.03751758968265
93.129380054368
96.1301800118792
97.50198015760944
91.15911000791839
87.92794126447272
98.01739900915884
97.10619473041457
91.03863041655877
93.90218123973129
105.04480875021407
87.95752321467465
92.18993708784834
92.49272555898614
89.69831972467438
90.32676743382618
88.28667327216998
93.45740865749107
85.43804251046335
87.67580626997614
94.08488684837565
97.67685287624882
92.60385062557003
95.6692073566091
93.8225223179758
89.89159807576765
95.67173122070749
100.87445116502263
97.40599791744444
86.29047494799208
89.98706268473357
96.12035948512683
94.97490935540627
99.12720191152795
101.73543408883306
100.59975698048481
99.97086383238235
100.44729467045103
105.3772049133222
94.90725036631524
92.80707269560862
91.60211212252526
101.67412927911818
102.52423068541863
101.64258715805552
97.6819387702619
95.57977672039888
95.0090430573558
94.07621828641855
96.32540165051887
99.09970289216464
95.93272989748489
95.38631085987356
104.60757274589422
96.15262253479035
94.07135642868289
102.89103990776142
103.58788235758219
100.59666457020154
102.30445369696754
102.9419087029247
101.01342406155221
98.40554162318676
96.56629250869977
94.32268085812943
99.60285830661556
99.13612980579256
93.77058230543112
93.11005136833961
91.76278714229946
92.86762567533015
97.32319016206311
102.47697170276894
95.6480952822331
88.28318511342252
96.11120430782056
86.93104165478437
89.64733919681916
90.8050401444862
96.78004995005594
99.77711603534648
96.19683725377499
90.98262174814445
97.36080459277564
95.31661434010104
98.96457333642043
98.31744923857197
96.40552379299653
91.99532227916849
92.21079259007188
97.64107085110192
98.45932884558235
94.69242622215297
104.40204652213689
94.9139932629445
89.60263294413645
92.62337314556167
98.22694004041018
99.7319852142048
97.93511220260996
97.16379717403441
94.99726390473846
98.44793057708763
103.00787443566915
100.92698752164891
90.8109155909478
92.02772131431195
99.26147887704143
88.5036572865043
87.45364073982608
95.53846683052313
101.3020619009041
88.21500672802162
92.00678922981393
98.96998864812376
92.4616916167807
91.60322868555878
90.283417311256
93.19321137685588
88.35200455261325
88.56960427126131
97.13146873864771
100.61336859988165
96.95947478593779
98.27315585917607
87.65879393776268
88.93522319098105
97.94994290553029
99.05992370019769
89.37457574110151
90.95080510080021
91.50220661131871
85.73848479737691
91.99013017271471
94.32901738609115
93.43472640725702
88.1014856587445
85.99714517100037
97.13077500232525
98.67124434463918
87.82727364551354
89.7582502275554
93.81379808215797
97.23037759404924
102.32881533219508
100.69074050716367
96.61443150136361
93.5707392115509
93.8366416273026
102.17439050622067
96.17738743287819
94.44736177996614
100.68649830865466
99.32391880042455
96.90976519687806
95.36377510561012
94.53999997737111
92.67408464422422
92.95564994800542
101.41970535319444
100.45299035423865
89.65574192775773
91.3719346104041
91.86938431499057
95.40033713692864
92.5350964128672
92.36635834112684
100.76099273755302
96.07733621804374
93.9553129573545
92.50889971858597
92.56330719957027
92.39429073310295
99.19959048809761
101.07283167725538
98.33140754500896
93.11515976866795
92.83232968573397
89.35449579902553
91.68827630235255
92.601111023701
102.01882869118818
98.24672275091915
93.45124289532814
90.79890618365451
95.17441549371193
102.94562906487619
96.07777149617016
95.94605326079729
94.16662564657003
97.03839202794894
97.96339127576917
96.14037854314425
91.40387891156735
92.90518512987462
102.69737720306271
98.03381857275949
92.98382520417148
105.02397007865486
104.91903621698992
97.709510160914
91.46617286143675
92.00522286311008
95.15044803438404
99.71118906452622
89.78860591062632
93.82731263070596
97.7107273050764
97.9158130116435
93.5867871268901
89.27444960018828
91.58849628921963
92.1542396939049
91.92847718363276
95.57284110118162
94.88811091838194
91.72722819148763
91.96828878452423
91.12888542936791
95.63846947161619
96.59591370840535
95.124523319021
90.9800108450738
90.84857782592971
97.69329872312228
96.35758350482455
93.9260046193607
94.96615438490797
99.54959959182986
91.98827879751376
98.10839350566512
96.69582886638946
102.16585062725905
96.2516710827182
93.91365975173213
97.90336807612039
94.32563859802075
87.89487034290264
91.29423632318664
95.10984677470165
88.54827383616573
91.4451263518873
90.04654584436092
89.5228487522059
87.28793781142514
85.02869378963425
85.52625905417695
96.23835961763544
93.08840351099087
93.17937383583336
90.28685036046329
90.2779745008863
94.4565617315274
98.7394609789108
98.1469819933359
89.10118719539027
86.56250843396246
92.64422397183894
98.37192562347713
97.64430365732143
90.55965943153342
91.99965414535613
92.24971383826724
90.88099368264386
93.19888240202417
93.29400815607447
94.0692607362566
97.18457218428954
88.83539539332182
89.75791817027863
92.7115269812522
95.7993808173274
95.20982059586318
89.56225250884476
94.45014185677596
93.36339992090375
98.13917365696845
97.87693582574717
101.7618609307735
99.8813772289086
103.78450776113802
103.64541142463445
108.08031582334512
101.07866538822658
99.27268478564362
100.24912933235872
102.13743928710413
96.45039646791909
99.70368860158676
100.56066979615298
99.05611900191862
96.28533947038757
94.70754983092114
100.16762782771879
104.29476970132913
98.65276365536093
93.42378099311757
98.96997252578332
101.88386424215278
100.97793655169491
98.09216822404895
97.8500240993721
96.66570530162657
96.75735591091177
96.90268819328398
97.59111661342773
93.32580940566368
94.24296649900843
92.73576070803814
90.68517630099959
90.13952635110577
94.6113997218311
95.45862247241443
92.6040968926192
90.70722711813447
89.92322951181536
97.5284447021933
94.79354113526514
97.55287388835568
100.63977176591199
97.85118676566621
97.53329024041847
92.56919072658212
93.82423188761236
95.28751346076184
96.57837812835817
95.01533505059028
96.77088608599121
92.74689803794821
97.88604910576545
93.54576951477468
99.95482513787366
106.17604919526728
103.21833773699873
97.30098054120661
98.23160377218703
106.06132396098013
102.3142170862895
98.54721121959972
101.34343531130064
102.31911155693136
101.09013512713202
99.93393326362198
106.208771399004
98.11871226019574
99.84092617439015
94.34163061068863
96.64982539029248
97.51304849961728
98.86503907871091
98.5155872715549
98.3539865616975
97.97311540762472
95.87495912718319
105.58558425844494
104.8726623037459
91.01792481776953
97.59639690139724
98.83234749800543
98.84450344278656
94.30575019095879
91.42184366718045
97.29522517780995
98.22367679082508
89.741294834459
93.13507651558531
95.47715373681186
98.10276102276818
97.04838375157027
93.90209285247127
93.58844728903324
91.1922665999406
97.7593560249202
93.64967132255319
88.43784956230438
87.09242915598537
93.61695534215153
95.4947665849889
93.07088389629847
99.91031784422108
102.88034448128892
99.22016271134667
97.32547800801842
99.93891077002634
97.75318812388613
92.36259222801064
95.39628415249699
88.47188391487947
96.99051791449112
102.30099998483007
108.18368918150219
105.6134351454233
103.15600061132933
104.8945223776035
101.91722724617543
98.76155242166992
102.5747767839338
98.08131680002192
94.90074267990765
94.55721526041334
97.54972405595228
90.5441955782528
97.85293295121578
99.50083269578124
98.93124055821531
97.63872407495099
100.06410501553009
102.75298600664453
103.01226176570356
98.56890632671721
96.66013193710093
100.25402483929713
106.28323649086546
107.5951572595017
105.35627492158397
102.79919388248935
104.2629420486222
103.47077424372809
101.01170567022214
100.68167643928159
93.32994638075667
91.4297293598047
95.03216040011768
98.15276774929171
97.4762559515594
98.21766199904522
102.91609314065195
93.56173447577277
95.25875198829124
97.02085960269915
95.96751081939213
96.85415186752111
97.08864812607018
92.65417831511728
94.47145054287336
98.8848003400729
100.76806031524625
98.33924670512357
98.89606013079728
98.6876101063914
94.42287540282184
99.47295794141675
106.06057049016076
108.77281506518094
104.46123974732633
103.52597029426757
104.67477220823224
112.66370368364433
105.17305837946134
98.34320095939326
98.0735828326766
102.74896123513699
105.87962092476256
104.75731233474512
98.71077978347563
100.2995760497705
105.19268783970334
109.02447512203868
109.49052054840811
107.8127819779138
104.21495292982826
106.1011513986106
103.91943701243734
110.15970309359105
105.28528266634679
106.3461735494517
106.29110016407894
104.88892550730736
107.49564660815383
101.2117040680404
98.47598257179692
95.35786197866909
102.32548846663246
98.29752056932783
92.92642114939859
94.08131203689899
98.29935296120176
101.41107993597798
103.91736951411221
99.22337865905662
104.14547685422717
104.59235428524775
102.46890578099453
98.81317985996397
101.9316139279048
103.67454977594909
107.32465250914355
100.38834850375912
97.35350990187133
104.79155569894593
106.57613854202741
102.15569476251734
100.25601737373239
104.22395598068906
108.20102110520008
106.66606039036847
108.01321112873022
107.85178249101759
108.5180540406789
102.34893423529782
101.73074556257905
99.38174818516055
99.58776670071745
99.08865553006865
110.10197880904869
105.3208597019278
105.98977223569784
105.03594370652145
102.62646024688813
101.95529306938992
101.96053024066462
102.18738902297368
101.12862417253993
103.65042694534651
103.33176423829686
100.6418038497138
100.34600946234936
96.86300919011092
91.89032360653371
99.48604003101362
105.86808765899845
106.20592757129026
102.20273433070925
98.7766462433514
96.99764493478564
99.48791224881307
102.54094797541785
98.30850910912444
102.39152878440643
101.15075940033942
95.92328465349522
102.81145477757003
98.31610800417963
100.2321766484817
100.99483977195095
94.65866726259505
101.30862359383725
104.39890372617566
100.51358940544293
101.46613101448943
93.34955074573202
98.88764441046195
103.9283663554785
98.48801462516855
97.14236034568441
98.54132002729202
99.82176231394638
105.13679455394893
101.22045383921574
99.64340986551375
96.2941653256777
101.85094810688057
98.80235024258008
90.66883790797193
100.1061494278386
99.72801361145027
94.81988946408441
88.69675371635108
99.63920626701245
107.25996856047152
103.11352946933421
103.19417821094022
99.95898403651645
94.99675165689736
96.01456033320952
94.32737669343732
99.04996398049103
97.10185446532138
98.90931932628605
95.9543002712503
95.76900050242075
94.21127098647911
91.13381891540959
97.2846579104516
94.9307044675668
100.65304516325413
99.26673376328064
94.79630776393304
98.78225238429046
99.60150179014904
93.57166391812807
94.06756782763573
93.42781019033515
96.54323643555125
93.22321314530188
96.29234336776965
98.05901785310657
99.289486136318
101.64019106466544
98.19098097930596
101.0552855332477
94.3467443274086
93.08688300217021
96.7562550321221
99.76495664965385
96.54869685202725
101.06222018822312
102.44529555292225
91.68158790802765
96.95522465589862
93.29493851858253
95.23867001442468
97.79584492089381
98.08376777574759
96.59227782192119
99.96833963515957
104.0784416656086
102.87257571802475
101.56332460138394
102.75169272397923
98.15831866660618
98.9093376856497
97.84956109460227
102.30372003231741
100.21793164602637
102.9887096480783
106.2512845685913
101.80624791044039
99.46042318253754
97.36156355621434
100.8306786434292
98.09646425992435
98.51405641902387
92.58377065364488
93.24430910395299
102.05578020502111
99.38288637174824
101.81667579209359
98.77801573080677
99.5532971598681
97.78503549810797
100.21646831194045
105.06510697766295
102.72935742488566
102.17960608465916
107.24337306203577
101.04391026628429
105.93828259681855
108.73921795445135
106.8991538809136
103.21943767594512
99.25456490534224
98.48718539535719
100.10817277862279
97.5060835962981
95.8064015078972
95.56493981923795
104.58074859026746
99.71850933756956
104.10205249074501
102.49070837562398
103.15572959046091
103.08904740999554
105.56094820646125
102.4550705951535
100.61953252305953
103.42622998187113
100.43569599373085
89.12016523286762
96.42870457909008
101.32870822941823
100.49388285815353
103.24958901463124
99.31516076364254
101.47422065448708
101.59838763361157
108.81072061857788
99.48931544632298
106.10426177239172
102.742481373539
101.80137716522975
102.86875686532012
101.69177248160094
104.39021183317269
105.27484208685772
100.28146564730672
105.81823794104483
104.59565101426442
96.46482782896557
97.67588408046697
94.53944964451682
99.1289032347491
99.02886659263025
96.5596558240403
101.81941113838457
99.5810059871167
101.7614325421012
104.2536255517159
100.59808944725923
95.7002473068758
97.77858756369365
92.35048121767028
91.80744095541577
101.89118414010962
96.40580080587232
96.05587756904183
104.67351920127604
100.6017990219942
93.93390047370191
98.04963342914179
95.54482414373499
98.45188122218633
103.22384763260484
101.1644894162696
93.69026548193271
100.49306239311665
102.07498675649815
94.37100199086957
92.41486605029294
97.53004382088344
96.47460536633466
98.11365904762572
99.19994236278437
101.9657427126991
95.54118798106178
101.79387447376074
100.07858057413743
97.04714644254877
93.01459117762865
98.2424307015528
99.23427223780354
95.33497328909412
95.97963826457561
94.31855304713437
91.59215027469298
96.99278790320496
90.77032589349066
93.61880836565919
102.43102764991404
96.31212773936163
100.35842508574824
106.1159638821848
103.81972476255655
99.27465978017035
98.45557916640841
102.87689690301131
98.98449035214615
101.64708809300096
100.31920476405001
100.36506910525993
98.1051205906723
103.45445593532617
104.57472167860607
101.32929360894178
97.88726254140707
98.30144461890181
106.91799417235804
105.71043685264053
99.02295786231655
98.924248462566
103.52469233127866
110.10630201963347
101.51097161009301
100.93818611110586
98.37794440857397
98.78760931827266
103.42797382429436
102.25048595937183
102.52659087553782
90.14020002678696
93.0690568946374
100.38359810198261
98.93638060018782
101.38157781977708
96.01723126972371
96.88085324463133
96.12419985109173
97.13187725594267
93.1289957812085
101.9402211042788
91.97809461843755
94.73924090452614
96.95529049033583
99.71233809162308
97.08003017855154
91.51382754872922
91.46623141059246
99.20865459730406
101.77153495847357
101.76915556503172
104.14412168466504
104.22346136484813
100.58222014609157
98.78693970958797
102.95303578530638
102.8217622927669
94.9541333052087
96.23398143255352
104.88282743618703
96.20911643458818
99.25619679799883
98.60644575099923
104.0709581056643
100.78619474347335
98.7924922629484
100.84502438035256
103.08868410633066
104.89320943270691
98.99339897568527
90.21599474273302
93.11333094980574
102.5166196078945
100.40410698028522
100.73556604139692
100.66169723039783
101.28915741723567
97.3589732006982
97.54648662044409
95.54844964939156
99.87045591352822
99.4858469873497
101.03454651376927
103.31239203896516
102.6403519114765
96.49600489939054
99.78711221198638
97.9439439460884
99.38080869786758
99.23158122601228
102.19424914322113
94.29359402013836
94.55448059670086
96.95467606495791
87.51623698293054
94.25762855526975
89.55407467482428
92.91225336584063
96.42404449955495
95.38196250819936
94.05025612463307
95.40760126631714
101.61230443156782
95.90394675614512
94.5347553832085
94.09954822661037
90.92286549513358
91.0580258448227
94.56955130709366
88.2264521919805
87.99297137101402
92.34387033414205
93.5801804271966
90.73401471440295
94.69535369724802
86.85326201583794
88.69803028573988
91.5754701090916
93.33681675644391
90.9099177061731
93.24568829585598
86.06420501894722
85.29607486326873
93.77892303250599
89.30436770703683
90.8553186430812
88.72631820491155
94.0587531414464
84.80775040971277
80.78966322864298
88.77557013564696
93.82934119666504
87.90509698447555
88.99200773802237
89.78283467389797
84.43731742437824
90.54321532477628
92.50711112904766
90.70545272517582
90.37743112161546
90.8015956155703
93.58887043296701
95.068098366222
92.35126301273864
90.12155129515979
91.39053764446987
92.31886484455589
92.9327446906254
94.96227691272914
102.68662259899486
98.32698170603649
94.66270719611677
95.29003045298238
95.93231317079297
90.92899230260896
90.70658525250371
88.76805393986044
87.70127052449165
91.86266194018476
88.9301795604751
90.84063716681406
87.51156484955334
94.02594207437856
94.63244136298428
92.96289353883829
94.87810021170615
91.35577453195121
90.86934729863974
97.47050889806879
95.12514751134724
98.55383147043852
100.36306953323302
97.90145276592479
97.27808395059907
92.72370877682684
88.9063645976194
94.53232875891885
95.25235689830883
88.95791418907251
87.56518376516011
97.65723315791958
87.77581303020499
89.89917069415847
88.95333491861373
87.50634960753743
86.52538281390903
87.06077504362587
94.04535185717376
97.81965213924704
92.38486981724202
90.56788714481405
85.48177351560271
86.01885504809324
88.22927935735669
91.88216558411771
92.2927752715944
85.87027940608452
88.6559874531057
88.39022320900955
85.9892578505037
84.33991043257433
93.40879764377652
95.37210411112974
95.40406487374075
91.41519902232329
88.33147640327516
84.38797580416332
92.92585189535144
92.20370357177904
88.84904577461508
91.19107450898937
97.82781882720934
94.8352279192055
93.89405224080214
91.2118522920493
96.46843784499026
96.91164133338481
92.11506816911624
92.90006709532088
96.45131975372475
101.2578592827918
90.19520127666509
96.92881366349263
96.81494103084151
94.745922157108
99.02927102044279
93.49842229757894
89.00765079885753
89.74626212209452
88.85759790552473
93.76384516820939
89.7788298751014
92.79078868970497
88.95329009408928
88.8321358367044
87.36254105100463
93.81003137539159
90.36649018866925
88.16962315922214
90.19036671277904
91.5117524296322
95.85699410803346
84.42823968840366
87.46434514888391
90.90080340597713
97.32329733492628
99.0472927073617
94.95847575805678
97.26854315504528
92.74561585610323
92.41279791352277
89.87446807000735
91.5068225066334
91.52762264883236
93.48362570420436
88.8467927984586
83.83862903393383
91.26556663783315
91.64364929968472
83.69665359338586
82.99443313898935
89.2553100450899
92.82286230914124
88.69729822045655
93.75461006351888
98.2655877148278
97.06930219805163
96.04903017433224
90.8101989438308
93.730048761553
88.24918556082946
88.36342293273319
93.9293949437013
96.36406697768298
92.53210550426444
97.4208595974445
91.33469120578145
86.56220145861361
94.14024117456879
91.84632268401718
93.90174829762483
94.17652339290147
92.11596201627499
95.53590789839046
93.88143292744058
90.73019478151193
85.80731973575796
86.83189350505923
88.97117533141612
90.20986721941146
85.18701905405968
89.75912353884556
92.81001265047918
97.08032486728993
90.13943095036133
89.34813454961562
90.09525088135004
89.92310975711975
91.38968692222203
96.3721712872416
94.01439197000778
92.05073235340434
93.54218126909862
98.27303885355064
97.51879948168512
96.39112488120796
87.14982928247504
94.42939240593492
95.59821430008192
96.32895630410822
98.20633970999968
94.27692715446464
95.67763205498976
90.05288207839567
91.9818080439954
92.54428007813209
96.29353041463769
96.5472080587476
99.12763089002888
98.63075088097372
98.928496868836
91.63204343484188
95.01711280192524
98.90416452347414
100.66280832397202
100.97540858729984
100.7623587328496
93.05144076579208
90.3630178792775
91.32260539636151
92.67050197252671
96.06796796189151
94.54689588366105
93.12323329095652
88.62060933286841
91.29844893722078
88.42382429834372
86.03513888035819
86.30029597387049
83.79797824407542
85.48926075180155
87.75711429952567
82.10739898266172
82.32107960277283
85.719059731376
87.02548773406502
87.64806530710547
90.95325865463714
86.56895595481365
88.26253359184336
87.98756981588731
90.13750170633193
90.13504783651122
89.1505689112343
86.9518131890816
92.41252698583138
84.2264225335985
82.43343662468499
83.51917292357008
84.55221569674625
86.99950807226884
83.73760864360746
87.56186419075539
85.86119148692651
84.19878056996733
90.9106373175502
83.62196855392301
85.0781852663743
87.17178441918423
87.61562493689713
87.01731621423322
87.83203535652319
95.12000045501442
97.52269353258491
98.26872658084825
92.10071457340445
94.2264654892481
88.24716115769169
91.54183361388675
88.64044123650419
90.63217221520983
93.47053534199753
89.8357824944664
91.35636523961033
90.52826679200324
86.97129931843365
89.77470407904562
88.8755796328341
84.07099094306209
83.34021674901501
88.29763043641292
86.52696891697298
82.53457155128385
85.97725152878014
87.13408677658722
81.56551433011738
86.17184566984456
84.1541813184225
80.60096074694862
82.79512094259208
84.49141178142992
88.92082469426602
87.62758727799093
84.94220869768104
78.51635446775587
86.69584475049359
91.33108612827579
89.32376051351659
90.43001426538936
88.94805471304284
87.54775187212265
87.5115881667746
88.21264053273237
93.96199292885882
86.57954099299873
83.22704508678875
88.94232518926732
89.6084786512109
86.33922236222392
85.87212954361898
86.07124120523666
85.12105460018192
87.85794558923688
90.23513093544608
90.90435029709607
94.24755401693703
91.20813906778093
90.21512118972394
92.89311957103533
89.12366933071863
89.23396121152297
93.74363724613079
87.84523144563042
88.91590660125021
88.44518635718129
88.03850587212867
86.16510618336696
87.50704375470697
88.54230780587842
93.97368734203826
92.1711505047174
92.42086137380727
85.98627956386798
87.34326034499962
89.39333723806308
92.91435540013921
90.14446999810622
83.08029742009785
83.74638178080647
82.70255637636372
85.86042568804761
88.90415607154122
88.34986022448096
89.74869412711946
92.9912331053117
90.13925413747172
88.85197679922652
89.51420362741821
90.42199940758404
83.51659826697559
83.42180882891331
84.393439575423
84.14973792094327
82.92364299422225
79.58450868940633
81.98517204863238
80.8975220561191
88.02289307009013
83.39967279682145
74.67209660280449
82.53021490927162
82.76849211105505
76.6271746238518
86.45050919309826
82.620288762943
90.69196627520537
93.25084762383922
92.30900921380712
94.15407518771288
90.6617147457174
85.9370400600004
91.39644828174428
93.99903254253434
95.94323708751097
92.50537123408787
89.51644341552678
80.47003751439867
80.85647319182051
84.08228397362481
85.49029309774629
82.79859939927675
87.41568703447587
87.77874711063747
89.57319430089997
88.89030360911126
87.57403851102949
85.04903862159595
85.38492445975687
82.81728216827169
81.72062112615433
85.49097415983573
82.02667888187982
83.13284407710502
83.69962161511086
90.32396624144366
90.64474257564301
88.49980772324899
84.50134110185849
82.00820293258585
83.57473802565318
90.44684150089742
92.20402251594307
91.03594640247502
87.88142013283311
88.56391663485095
85.2098213371582
83.47123191163402
87.13883222971151
82.29037301774969
81.72821322303392
88.06698335896637
79.55321314252159
83.6930930016855
91.62340492098524
92.81693806553743
84.29286854326769
83.11191844637547
87.87468252169195
87.03920464520128
84.80174275501253
87.3827739330785
80.79251998585491
77.00490449144627
84.80606849225018
83.00463109858208
84.18624796515931
83.35773716231247
87.97572705443537
83.76859269410083
82.50634436379852
86.61220373966546
88.47608233782422
84.85043341015654
84.44002615311096
84.16474333513874
74.08612504672486
80.85692314094985
85.06318876700043
90.42941294292059
86.94795427553079
89.55803909546059
83.04368348881559
81.18669035223743
84.95372320400746
88.08477872686854
90.25143460418147
84.12451237202492
86.7808765958343
88.390113095306
85.15177756202195
84.78280645829085
79.89380564015383
77.44858479604025
78.87908119311895
84.02476300145983
83.58303321129318
82.16380435000475
80.37219190004734
74.51541710819804
78.58022534850821
77.92322873641265
81.29730026347411
84.9809718151304
84.32565670145733
79.95002635764806
80.98120756526798
80.23570753840215
80.8682221057133
87.01631845191224
87.36159283946901
80.1018622315887
82.82758924925334
85.17631873627532
81.33369852873122
77.93984936520648
81.97759172072816
84.41347176300626
84.75115723799789
81.25656208225017
82.33221035620372
87.66546300580718
81.6943031688233
74.49373138390312
79.17958105619242
81.34547101409402
83.04456632729485
83.06387841621076
79.59875754341532
80.45032062377908
79.78325414236699
77.53923606172657
88.5984324733453
87.76660169724695
83.55938147683311
85.60268274947737
83.87776357849921
84.98539386781799
84.21542501271514
83.06968954272503
86.89008086519908
85.81706091960027
84.82169917975729
76.72485204779612
76.20792392862546
79.48710850141177
83.73520250902415
89.28256691515793
88.477226789325
83.39827516718665
90.99408267298436
89.1817206447984
79.9499437752407
85.04891465145346
84.22049255296086
85.47044014309951
87.5982021718863
88.77970633783423
86.34088598818475
82.81874575618822
85.78236006851388
83.38149045904319
83.14356404974114
85.87686449087546
85.91508220796928
86.17720911277263
83.77900168812288
86.15474407652789
85.19005532388523
77.25716275178415
77.6614376670657
79.29075231834825
77.53185301624117
77.61650305115282
82.58823160097137
78.9582105113031
83.850440369418
77.55293059737879
81.03092083586439
84.64188698074591
85.29360094415
76.06104785733652
76.9009011899256
80.86638210086865
86.55000328616227
81.97186896412306
79.45209570896097
80.55705603494525
81.1310584450772
82.528948450991
76.01805688169102
79.62843827608049
76.13822967578216
75.9429099822385
79.29745019041042
82.12203930595834
82.19311794666659
76.30741360144468
77.5014541912292
85.01392139828845
84.64137614712736
82.39364485222573
83.69214357672878
85.5372839134286
83.32876749642719
76.73986827926788
81.13687877170626
90.9457297127128
91.33953807701904
82.00018435475874
79.48377710747603
81.82585965024013
88.23756981488378
82.84703819512539
78.03681219225808
81.97288693451101
89.33121442041109
86.94764431474442
83.76320881982652
81.71827305953357
78.64314197762913
82.727534774267
82.24973050511693
78.8286231108228
76.52243994411535
81.20707472990458
78.19148599920445
76.39304023841109
81.10358501886431
80.20299701233243
89.304395339339
83.53494511374883
89.31589202679022
85.72569992932841
79.32100892357414
81.72274092710497
81.74121106004414
77.73015652809985
78.27233283224611
74.18106811968936
74.64162310205063
79.75281852525491
80.3071142449158
77.3637387766059
82.74422806864641
81.13536393971448
78.04748309620659
78.71181502396466
77.63066468502822
76.71240746992117
81.01007573598133
78.44224558173913
76.08398989850218
82.39018847666046
83.63356753432215
78.3400848651402
78.101891072081
83.17510581160042
84.65145529959719
84.34957298869398
86.15514056879879
83.60245695999635
82.68674831564432
82.39212194667783
80.16145738410577
81.64638946773738
76.59349009834638
73.6325031463692
80.57552703487892
79.24112797605427
80.67143022563783
76.44240004329224
82.60292294320979
79.45446971885504
73.48822536973672
74.84113168552733
75.91255754643461
76.4536769483623
71.79992698767475
80.0395947201864
87.4128086449491
79.9633126380415
81.30478249299001
79.72790043202019
80.52639189032173
75.59603363562582
70.70412228167262
80.39385298950916
73.00609879986916
76.99536897731477
81.4503837389234
77.40729923466486
75.27010293052469
74.44746920984885
73.3732623522729
74.49114353700931
71.38840999716219
75.88378845597974
77.2242808044626
79.86312648060498
82.47295272287403
81.10182916974327
79.201317048117
79.24579262966562
79.74800848712928
85.36163419005527
84.60987220661596
83.50299582107483
78.68829333533266
77.02781309210128
80.93609055253843
75.93634820088238
74.98923855932836
76.02162999182598
79.0709774178996
76.77216934381212
76.1450440615788
77.98038378951809
69.76014220857424
75.02569546258634
76.4909401424485
79.7668933498188
78.95204274909852
81.89077251448856
80.45222833166703
81.36644702711784
75.27520231958539
76.39104025432583
76.75430024227661
77.40993882784201
80.33204765955901
80.85652040557851
80.85433876717062
77.41938173465434
80.32080297268331
77.61494373112563
73.39435648718654
81.42628625644964
83.34627163807097
79.25323214900418
79.55847642221836
84.48919725504702
80.30391013966721
76.76692874614554
78.90508816371661
76.83016864472476
83.65486035196493
85.45490831538024
78.451403871206
82.45907826949028
82.23755878232983
83.76055118388805
75.22134009841704
73.80122984960919
80.76226562915868
85.41140761391559
81.95836723865992
83.69508562599353
79.82221266801824
78.12777727138149
77.28469717937244
78.6183832356727
78.32622024237664
77.95890269468848
80.21224875485416
82.21934538182455
81.78830409579305
85.08834981826094
79.49358061067228
78.58681447204825
80.57951493071491
83.78666557299975
82.84779035322462
86.6786277489987
87.7594014638133
84.84980614244613
80.0755032906557
76.10045254024348
74.81318298686041
74.3628005539659
80.93214273601747
70.7270082956791
74.17654657411035
76.91821068151648
77.26810300987843
72.75647384520664
73.01551060552875
82.89589942172569
74.29011115638201
72.96462705475584
72.9921807951807
77.8411230009529
78.6240970004764
72.9566422905955
74.05328522717289
75.68831898123626
78.50267428746082
76.27689515753106
77.23324261184908
80.32287022947696
75.13924743208833
79.58251183177691
80.11891116880034
77.37009773848924
71.87891929139342
73.46526884456826
76.14494953043594
81.38401874483415
85.47694317452371
81.29208694848852
79.17411644096302
80.03077627179442
79.368674297982
76.3131368717168
81.74218412039279
78.34655669114065
80.66539265040814
75.56407275925281
71.70472873183022
70.7407659525119
74.27234641316298
82.12952112112481
77.73988163754699
74.88796562872984
77.69416638245491
77.88016012055576
72.09224701926105
70.10153919777973
74.99988587326249
71.20537659763873
75.92823933480234
78.20413493861082
76.28823791870398
80.60613991464388
79.47849076221512
79.22893777745911
82.297088845853
76.68720355709635
73.81032389383981
75.17732105499108
78.24897287192819
80.9627179653559
81.3957809720277
77.9469016703113
80.16713044990826
75.13686180562722
74.09201520379908
76.31887754234073
74.56679551861367
80.02661767670449
80.67899479961734
69.88209038124029
76.1677548025611
80.58509360692709
73.9668289972136
78.39494064681841
77.39197931579216
76.00627978890269
72.90879387029707
71.31981242117438
69.92834469139137
74.92023291032599
71.45834417077884
74.2098338018626
80.06361767319856
83.42108386359523
78.17697235003246
77.08147566848194
77.4038007605721
85.5303176337495
82.7160188203986
80.030011413936
84.49573534153565
80.97492306128176
75.5065643376321
79.60256604975712
78.90611418836727
79.8472206178083
81.83717120172076
79.8880249796991
76.77032717950897
74.22799465792967
81.49480850171001
82.38349916082123
75.00529207185721
68.58119417445273
68.24208689078438
76.5683321832207
73.00794273883767
71.46798537722572
76.33876701999314
72.91703454905797
70.5604797696954
69.54828420415926
75.19344094782429
70.32694268923488
71.72767433993783
75.50709121328349
80.72969594964208
82.61381389892922
78.71173327502517
76.19677420062561
78.86960928413724
76.35504934986352
73.2219335361987
66.74433650072874
72.27473923014104
74.7340463676773
72.94348883591336
72.9111359128468
77.08976352799104
69.34580087198475
74.79154146985844
74.09876291886937
72.05472986007075
75.3546042463993
74.35216195909521
75.57432722035861
73.89338279761503
73.8163485792147
79.41106447369316
77.4643517017938
70.67239479660131
74.24324257128708
75.23307505330209
77.20272407714144
75.97710684833622
78.36261063796933
80.1266492944037
77.10138142586415
74.72221036637538
75.87114769194956
75.57320269638544
71.19267732186265
73.62498539834522
79.76964780201163
72.39769586154927
73.40529758434802
77.97573884320596
80.77706071976885
76.69610844702716
71.84201311235874
77.73023457681934
78.68855252959636
76.61058927856952
77.27791997977646
77.87029519451099
79.12044645732291
85.41969504133417
81.96385110274096
80.71803439421396
79.07950754652404
76.36506020174
78.03418887471011
84.2008386901365
78.5039418444092
83.03295658539568
84.483444110345
80.79861257374583
71.54525739669666
71.8982658025667
76.67825010074687
74.06284658417499
63.54559007022337
70.9497659184007
72.20191792489278
71.75206915392575
72.07597764807359
67.11871714510829
70.53592740760884
69.89257949610503
75.95415924435767
75.08925453160698
74.08436811845493
72.13984572745099
74.88671395289069
64.89550405838624
71.73385942451536
70.58129688787923
66.65283863816163
74.48223714201373
75.92962638773886
74.72652157226915
68.781870294041
70.5635628389794
71.94609635201559
72.16400995991991
80.68124335896188
76.39270691172229
72.25760110897494
75.36532889787617
81.72087555382257
81.12448694415625
75.43472345240356
76.06978664259238
72.74835497480127
72.31553853265315
70.0632409986034
68.91454718893765
71.94648189590347
69.06548244531021
69.49241179777272
71.2214151837129
70.74302741937109
77.7076691759747
77.73357600524474
74.3948998247991
77.89310127198769
76.44318422457748
74.3422153602018
76.91897285150914
72.13156610350751
75.22702261948487
76.30574382050625
71.65740692981346
81.8508509838604
75.27161188830546
73.67855290200862
72.40165920519699
77.44234690279558
73.60222088183818
74.35267521888849
72.42951399804132
69.1536378146579
72.81133809939044
72.01979552758901
70.30900024203828
74.55429792677987
70.86805925000088
69.88646391697449
77.47502480347616
72.25804579628173
75.26340760960419
70.11489355915815
71.87955723342087
73.68839062665239
77.32929972819457
72.86706923562264
75.54794112225628
75.91550706418754
77.26371188582169
74.44014701801412
70.15468370294928
75.40555498550906
75.8984006681039
74.47012894535011
68.3955918613754
73.1442152017007
77.82997503885568
75.27389067643644
73.79012648797732
75.44302420634585
80.73156072690122
85.89385912139902
80.77517390686435
75.19026940676166
78.86107135884886
76.43520941360396
74.93299730616543
85.23633120988511
83.61479406154083
80.44826380112671
74.25200951157355
74.4170421423909
72.55573874662585
76.51758366409939
77.18029847071695
76.35003336891914
76.32650744918898
73.1887206850536
80.71660485460379
74.1222098402576
75.6403022455704
77.87864760450749
83.53788184591609
77.48093371191072
74.6162437812775
77.97007869359672
77.10764744300064
75.05635188044445
72.44813806657096
74.61210384615157
72.90584632538256
74.28652926212686
78.42966022113126
72.05502721697678
68.32061442439175
77.71735738883928
77.76957956953039
75.01893988811658
76.17404274270677
67.19108089946648
69.08892602866784
71.25078008869947
68.49192436367883
75.32869121764526
76.32405777140147
76.64877597451114
73.0236743490592
77.9365283452924
71.8375528824101
66.34068984482943
70.34979240525767
68.39999673391375
71.79275297580617
68.59256042026418
71.96807282203153
74.33274298674205
73.20068804613787
73.51657476182795
73.6515412673006
71.2096387513884
69.44155303735758
71.1389632617094
70.81042308215268
66.05882738008249
65.41861659225702
72.42995222097589
70.47554918960236
66.2431918306571
72.19554635219146
76.78192436403506
74.70986962372518
73.42056243171062
77.49088873670144
73.1386596438726
73.01104975704445
73.1641418272183
76.37382845736823
76.65578230230817
71.545944097954
73.33562952379177
69.17625732651265
70.65008834737226
75.23437693754283
76.17277379879832
70.51689200882075
68.45822142050477
76.52178659376082
73.67840433084265
70.29445932203002
66.65847147571363
74.96462804880831
77.45429179907836
70.17085012778446
66.78776951559723
71.7478563239631
68.77451033125111
72.90391385600716
70.66852623284979
70.22583930016482
75.73396230664008
71.451420266658
72.84773929837634
72.02168788988497
69.97559021457342
70.67343963934957
72.6412591129167
73.85349834455229
76.05949346675625
71.33333241511338
71.57840443706385
72.15967592721084
70.58582045825807
73.89019308770868
70.90592039471045
67.12997728402185
76.49522379862111
78.10564479299026
81.93569512617495
65.3872691836061
67.92406028999376
68.85967689184666
70.32936643560755
70.13867174134526
73.61016724810334
71.88054899931694
68.68548261112419
72.52343233453976
76.20814560671607
74.3798038439481
68.73083731549447
71.14347314016224
66.92204777279765
68.20290092856068
71.69925260238004
76.28824053599713
72.44252311724453
69.54347032886723
73.23203259429785
69.65876070938786
69.45203444116409
70.93465156334187
72.16262905275873
66.82484528339131
64.77256361310305
69.0564365587305
71.06313523337597
64.73325144589273
67.85382395196274
67.28747785278617
64.19750177538721
64.47874057680849
62.983739942397776
64.86958769661452
67.30118863551058
72.06028790184556
69.1409545577434
73.88825561266013
75.38636191786517
69.20485757718826
70.51799971414032
73.05085691707461
68.34238491589105
60.28232114067543
64.69248949925125
65.69787339818552
66.7821656625678
65.88871636363879
69.25152563995677
74.43673547255827
67.93022808083927
71.92784991002118
75.12685333264243
77.84046101074529
68.59684710941329
61.98795956069353
60.401925888388035
66.69012234833039
62.10073483791688
63.40859906797332
69.36032846316924
70.77571752231187
72.26293188448099
69.7050718099995
64.14170393628909
65.10964336788238
73.78436351362907
71.12782939491184
72.8426082248271
73.49793128540317
66.9843801383959
66.12416148775104
61.51488948577717
63.25231014666188
71.98239115587347
69.15070746204688
70.21339369599784
68.19567050118843
70.81325717008292
73.88267654915865
72.624050912226
70.64648283283618
67.59967647061691
71.42357434507639
74.84282812383607
73.1271970850073
67.24533153848927
70.96345016217091
63.096854031580996
69.80088449523336
70.4878049304191
65.55637395024166
65.51143692397874
68.82867974925111
66.8673949440473
65.09847084226116
69.13806901936329
69.48550138206082
68.12853648462364
74.94363973900758
74.70048212498905
70.31378042208081
69.06159469115374
70.20211428412584
65.85820922985488
68.45384708208083
71.44365538646176
66.6090216984348
63.35783668807454
70.51139203951851
68.44431817681804
65.79056175897662
64.09216103137246
62.003321912080246
68.82641865870276
71.37261874082472
62.97991710059994
67.74310940664952
67.73873402226809
61.31213919807075
62.64737435294403
65.8958218466214
69.6456297241333
67.25078162259928
64.61163422885444
65.78965524872149
69.00622314796873
66.92473079419939
66.01787626600955
67.66455412909686
69.99048290337409
65.21762392578512
67.98988693778188
70.38049393727691
69.4067401604976
63.99753478391521
65.61997407020586
70.47711259990959
67.74753072310776
66.62240276368108
65.62336445803253
69.39326228903342
66.63607620801353
64.85189829839157
64.24556086457783
63.34089558838494
65.98239843820058
69.799537550882
69.56399227877193
67.36580822579793
68.19648900010411
66.43009800073902
66.70262916425298
65.15967781245512
66.53539002976264
67.58558485084315
71.3486337709098
71.11346748631775
69.37997669253062
69.93287900262055
70.63898368334821
72.4804376603808
70.68650852716274
70.88768223290143
69.02669430892165
69.3131244554253
67.83421782744095
65.97214455308709
68.6601652532226
60.16851854473629
65.28642473290836
65.69145839787988
63.66599134620009
58.50695834127212
59.09692988527573
60.56873177774047
67.161565155093
62.659479799168096
61.560250605636924
66.46527518355484
63.82429425441039
61.25957459747462
67.73286932449088
71.08661841414688
66.58642530121708
67.71752834518395
63.98440361674228
64.03352428572018
63.825166766919565
68.27339676834889
66.79090620550785
70.15138133218812
66.60033033006158
65.58836346232636
65.54054302525175
69.6704455500555
65.51855802572287
68.14596953070495
72.1194020987738
68.95376585279567
62.75295986892415
66.37087447657468
69.30914846105243
66.09679020870111
58.60682919506453
65.80299016265555
71.61419452886312
69.99268636899117
66.1196606724698
63.420667508632306
66.71376071036582
70.4905096762152
69.26830774725815
65.21383622423872
66.40775769734026
60.20469906562855
62.539424296379345
61.26983038198982
63.76679884590656
62.83383553510293
64.41773235183345
66.27728274260997
67.80657423713404
69.92178827969364
69.00964435908354
62.826263995456294
65.3801607198532
62.95748745558403
62.79430823018588
68.84958247756151
68.29567600402044
68.22067362430255
65.49567760133814
63.45963881367559
65.70692609157315
63.840149835150754
69.48639936881486
67.85468256652842
64.87183478050258
67.09854688792616
62.96531196320548
69.78379171877361
67.55982906992783
67.52786530801397
68.20352216617768
59.821155832512105
63.510395248510356
64.62387314838674
64.51290816548195
65.07160139202878
60.54238027503052
63.29397471837599
68.97774490634566
64.33244092249218
63.57570320558824
66.07734614392216
59.974492517053996
63.642977226331226
62.39735646676254
63.47981389642229
67.10256268189647
68.57406284212044
67.65240781473884
63.70295159909706
61.95753465571393
66.63651071383026
65.31920142262815
63.826623868898835
65.23173578310863
65.9687468624615
71.20591406644444
68.69842811297421
63.90443192534062
62.351432621239184
63.999027922046004
67.74011387599508
69.73912633121213
65.0352684202119
64.50060941759412
66.9258869990385
63.4506891018143
65.86126853147111
61.873302919593954
64.90774652929133
67.6977329556732
63.02402320575971
62.695823150999495
65.6271634650787
62.33280818415336
63.48986083006418
63.72370551272097
63.519600448556375
60.13575015729851
65.89460339715862
62.45570234636465
66.3226382165352
68.45098786056397
62.25042722486449
64.00300371941549
65.15321695682046
64.56803883584998
67.74355614964264
67.17634908649119
66.24319766853367
67.59275535503862
62.06817570594374
63.91682746655486
63.293018248628286
66.62560995749733
64.03739119160366
62.352308299554785
61.40970285723494
63.88449716313502
70.87900065575158
62.84378719477634
64.02675725228484
65.77259196771797
67.87478513569869
64.04650297972404
65.36187549477683
70.10372028591945
70.01461353104291
63.16299953719894
67.00631641979328
68.6842344558975
62.67932248583287
60.12762183298928
62.75899071439373
59.146325342967685
61.66917507189969
66.10355130011214
62.59017531917502
63.723191920617225
57.8122723472281
65.87608100438212
64.29724443610614
61.95782595407803
64.2217681752408
69.03704376099304
66.33416789142964
63.704420945150794
65.43280313093514
69.02845093573708
63.73844478042064
61.3610360512414
60.49495925360537
62.18927053752885
64.04771452636629
60.37415003861807
66.98244466667897
71.89159326049534
68.75103641950359
68.20554085986015
72.53838983994837
72.9845629770772
63.91434609522611
65.44670138444918
69.86297405819481
67.33842024078511
60.63836667912336
65.28340446067696
65.57931311697226
64.5150646745042
68.38613840809863
67.637334249778
69.46290882116183
66.33012826449895
66.45691544703286
63.62896437307056
68.48434529585815
65.06359277066655
64.66757131697995
62.53422914161855
61.62709615564996
58.77216798519394
63.81352313647628
61.56018626771239
61.60695259056554
59.64899106625648
61.674988820743074
63.72843725682665
64.1962912987229
62.96878377999567
61.85585026513058
62.89997445231887
64.08037366178256
69.04891438993972
69.40254836401417
72.75214946495416
75.96963226474021
67.44440402089904
67.50007164466422
68.68904494896347
66.66249381046573
62.847675485006675
68.74473879004415
64.29850046414991
61.56107830162904
62.069094187028114
63.17518060317796
65.07266997924266
63.19484175808703
65.71706781079837
64.98156728851485
63.44034732447472
68.5435366030856
63.6651112742115
63.99597183915749
63.32789634241295
67.41509321157487
65.87986188561122
65.55136147424938
65.84707016446193
64.58038333950331
64.38075161845762
69.29187930033126
67.40251140610984
58.97103821104236
65.53715229576527
70.80047682687156
66.4634016214983
65.29439448897512
67.0631946197276
66.24206780951135
66.61936551443378
64.8052389716559
64.60207518714091
65.78198112883666
70.1135759248917
67.72153636778788
67.8289624146147
64.61693899906119
65.67833574246009
61.071150801299865
66.3634676309581
63.55756633744149
62.48569282552562
60.51460279420412
61.5334860617035
62.255889703628355
58.19525956454972
63.57497519467064
62.36308873149016
65.92100714617243
65.5158984552509
56.80798261698481
60.63924192148985
66.95888173684308
65.40983760367499
66.15875211386766
64.66844069433526
64.21618688111714
61.33579644417832
61.38056742071809
62.74759852592642
63.37708761539463
63.09503005024795
65.54152410605309
66.58296610382041
62.33896174179585
65.48267842150302
66.97410390526444
67.25067485127661
67.86134795845004
70.05548290987925
69.22270141341419
65.81247650618246
64.39312104788938
69.37939235976681
70.3884877935838
70.88407844608778
69.07670699028898
69.48328619592655
70.31560366158615
67.97055573721764
67.83650833814063
69.15114643042052
68.0804011507132
63.89597142416833
62.600170384641515
64.97652077367027
70.02267035561101
65.67878295408276
71.3791837829127
64.78438320711095
63.984190181489815
63.95616255413963
61.71297905436644
65.27283084523677
55.67106578600198
58.826880873119045
65.61115691543195
63.082453566531534
67.2710894497129
71.17111287647913
64.05543427529615
69.07313121202735
63.79970419036344
64.09062139391673
69.32293014807024
63.32545298236924
63.994687394599374
67.81927655041865
70.37737472083039
65.85412930095943
60.63983287977524
59.558047060500705
58.993745384280444
58.558712810382865
60.54777323838964
68.18457597336614
71.32362935379369
68.80302797633263
67.09595672976374
68.65456115991653
64.2652771459134
59.05232517459445
67.96384142559437
59.26758299413231
59.11093604743928
59.20079041536783
59.88685361501533
67.96701396474825
63.82176366083972
64.82144330422814
65.47444512842452
68.73112943873946
66.91888826190768
63.83563145160334
65.21599982840335
63.50213298247886
63.08230575713129
61.7892504890989
59.611333466273685
57.94726152724068
60.475427966897094
64.5315375627923
62.12797283961633
64.77246797636509
66.99378436796576
71.15599630969214
68.30099383434222
55.68291223138739
63.175525785222725
68.08727280014293
66.54313105934759
64.80658235147614
59.17364559474487
61.87739357032895
66.10633715264373
61.7510187950406
60.240411323346926
63.77310908073195
66.28712739708324
67.9653257417901
64.41557664964004
66.40318666950581
64.43201193779251
64.86190784186371
67.68940770785076
65.26670723717073
65.89451002630257
66.24233613175588
60.271759701847934
65.29780977329924
64.86367821016005
62.216379957144596
60.93825532582436
64.25898904927891
66.55337189069328
62.57391717139344
55.699516540890365
64.67825162662557
67.55657528049873
60.30149443723225
65.43610650285605
63.0000093012746
62.82710967983729
60.82734226076991
63.98301456888365
67.52312803215159
59.65293741320836
57.856458791622465
58.06670898651619
59.0731491673745
67.37193800993236
65.9270775771464
63.130129357042826
67.52072985618236
68.30416846912429
65.23933913668935
61.789025971924865
62.729351602890944
60.88892950228432
61.17139907727069
62.817828704096485
65.41591856672932
66.01936964384633
63.137891373460604
63.80936964538185
64.60839395173078
67.87010832086192
66.76206933130379
61.99586603593181
63.92099272759911
65.02770049988341
65.43959957077064
68.20712590846432
68.57319632570423
64.3015496904116
64.64577566951576
62.62020632997619
60.525818450929165
58.98403503666578
59.802975709552896
60.33873857560424
65.34791056934837
61.0846884908497
64.01410055605513
64.96302292030742
65.0079815016784
66.01179945302103
62.95762266491713
66.95301990385401
63.48373119437098
65.32802760763283
64.02595481436438
64.70021664704181
63.27063224491545
61.431314622841235
63.14398730670904
57.280641659580766
63.405758574755566
61.95554639970724
55.245345100517454
57.09050478167242
66.79791852048089
60.96965451111744
67.71847797725997
67.40633366463985
63.40923875132064
70.609591923084
65.7746937926191
63.18255738967684
65.43731500284963
67.39345728659185
62.719536430796815
64.71903980515073
66.51270377202167
58.10046215117402
61.67801167567242
62.812153738008476
64.04683897324986
63.92753838689333
64.69609427536015
66.75149471813364
65.63217794137617
63.2000149154102
65.07277479758464
62.02149652727182
58.834379651546406
64.14526453086705
66.50484680481942
64.6057405967036
61.95542490813903
67.69402604555968
64.86498936445531
69.9836856910893
63.67610170451537
61.11253744200732
64.08396652552595
62.60873007825412
65.38908036990306
63.352551206485614
59.55712884707074
60.40098558461287
69.9468880752252
62.18061592763216
62.02687965126236
65.17523959837207
61.326388597850645
60.9940603250775
65.02847800783266
60.77024867637883
65.55735636822932
67.1881564772115
71.89820554455167
71.72018814137763
69.59968159119714
72.05778783652363
72.16771160262444
69.76843348659882
69.22029587769327
68.1767496248275
62.17567286410145
60.86302363468963
60.74605876856051
63.5671345217582
62.5129489596378
60.27064420390806
62.619568029414495
60.80412047115471
59.52622819175382
60.892288579612426
60.50873723771766
62.343970274396455
61.68513640421847
60.56721440287171
58.3485041496562
64.08570372272095
57.77956547650921
61.75853973466687
62.56298578896749
68.50175751711161
65.2583164025376
61.37095621031492
61.19790152494291
64.03266573406047
65.10953814313591
67.57598915183797
72.27182078903127
67.32290413606162
67.43071735473094
62.409673048389685
64.36684970720033
61.70691959002277
61.250268746929116
59.62024595545613
58.730691870865975
62.804418274523094
59.96747591375024
62.8135624773103
64.66093667220763
63.24001043773919
63.24599288600685
66.34151063338581
63.05949025027905
63.495939589106094
57.654052194052035
59.344506231433755
58.50273819041851
64.84644655997153
61.12807912888541
61.20225923333566
63.10791164701957
65.46187952988728
64.33457412575436
60.95826564288339
62.07451120328021
61.39212232878279
65.02495948191688
67.65446251418307
63.12996147417369
63.063017130476766
62.441463335614735
60.67118680094203
58.054658116930305
56.84488703660373
58.90771596948176
59.88829238193443
63.740128594928116
62.07963224348665
63.62924519959584
63.30637759673554
69.68003259822426
69.1916312917263
71.78645162982416
70.09903275816642
67.35876424724933
61.59648711029646
63.0281580670173
65.9353186666286
61.31873412973005
57.21623246692792
57.485684251638524
62.07412837448589
62.648582499344755
61.47699228843569
65.71404054981014
63.80799692884251
62.060450600068144
65.18210770946428
62.38426681998248
59.25459427067014
64.2206925431215
62.36459028958074
60.021286038730594
60.15848749127713
59.75432279263351
62.87483063441563
66.60647384285808
68.91699505141064
65.1937852815189
64.2533711390727
64.6212410989947
58.32223034233695
59.93177028661487
63.38133960501309
59.310997799987284
60.94224596076387
62.909222478387186
66.5677637140297
68.24397910035947
64.27405830193189
58.43597258056164
64.94645460946566
66.60691160436298
60.27368684504478
62.404129238523495
62.759142898202775
58.47223952681129
60.66719043122114
68.14219941065194
64.81180793472399
61.10083321753957
60.62019846267398
58.26879350291416
58.6446686343789
62.9781255426634
65.49125913375651
59.38462196132683
53.829137740691976
61.082601698431475
61.003078638702334
59.77589259616768
57.735269983048745
63.08117098331168
68.18372048905512
63.87473324815993
64.91949341036876
62.85052127339862
65.2656726662905
67.30770999805942
62.78083988213453
65.61782227439508
67.08283159548813
64.6037653427112
66.91577558259104
66.58247871479152
61.363509785861226
67.89155068144899
63.357265147823995
62.222592100113154
62.94623663452512
69.37004154427461
66.9262145585695
64.96214937434847
66.81690842510315
68.29025028564422
65.14549178959768
65.29456537685559
65.48917603993795
61.81917130891712
58.90730634347499
58.77469262031547
56.149518332892306
61.009348601818765
61.15010586817373
64.23674690847916
61.68395208448671
56.71213297747131
64.51396357804835
63.21304291772971
55.80330678432106
62.5195537897161
60.27053731563552
59.865072171718566
62.02612170363974
61.613412695649785
60.518547971873986
63.790587868381834
65.82551518181654
67.22228117585534
63.020411490911926
59.13289684489584
62.83612439099787
66.38480413229775
65.4200890368386
64.00883557048432
59.94663949213786
61.841621265958494
58.95284780709977
58.185664358327514
59.548157030219166
56.41608341489324
58.10563972675655
58.57034348380366
62.331846400217636
61.100272862279745
53.90408633831439
58.94160300246258
59.98885947726427
58.428183207625004
63.45728081989055
64.21846143818003
62.440696788376464
60.63286655608906
53.68514746305053
60.281940865230744
63.93104628905403
60.319302640323656
57.41808405471885
54.84105643632333
62.03157879468325
63.060843637357586
60.82160328899343
58.61613948302118
63.38191315511612
57.63541039851305
58.88222915948065
61.00659426639997
60.826978480924666
59.199617539201654
55.54380802106316
56.34208186380092
59.62729496876314
58.21890208207722
59.06227083054222
58.27795708917804
57.983936456484024
58.517308757689335
60.88072895817312
59.600570078970435
57.67063061664358
56.89534604625834
56.15718318228051
59.32520577787478
60.91658718240812
58.50237637452915
65.10308383661707
67.36378491906522
65.25249674906976
63.87707641315109
66.6011571886296
59.196897259567834
57.40366981635984
58.7298540793223
62.90531566343848
61.89163527325517
57.53758709156764
58.91982829133395
64.62476318283136
60.88102769959356
56.7894142144617
61.95994208346454
61.68498396957467
60.969215794414495
53.773102580549455
60.80892730098205
61.11638231843088
55.54901261706995
60.95201158875457
58.03702338201831
57.432735870570525
60.729931145043075
58.01817196153086
57.220669379552895
62.94526258962529
60.05389942969268
61.513198344876
58.76033886125199
59.91755034281411
57.929590313751795
57.288286651053966
59.884384925031
62.85860291670936
57.97157568286385
61.839176321081325
62.11722845045024
59.67248444935541
52.2859674612161
59.23437109775452
59.29846567055396
57.751390445860224
61.872324672701346
60.814271676165426
61.190536219855495
58.606789093782844
56.898995912946724
61.209885648293366
61.70366841509897
59.7549834838889
57.11660919835296
61.98463768488833
64.78133511673033
57.14621932540056
59.18516707096339
58.1771751851332
63.52651159012703
62.624830451802836
58.392171299564346
58.02348722556242
60.840600244715304
59.98525984271404
62.27397139654165
62.68597063351892
59.62772732679939
59.15178133605777
57.25715492361874
55.138150042558365
57.87621599992627
57.61209865540536
61.15077656871952
57.717223542644106
62.83930793857027
60.826756282036825
57.057142728696796
63.51167047043827
63.51697513286503
64.68927165630541
55.29180490092893
56.01493807441195
57.55572967316042
59.5055829444996
60.58056315695723
61.52782555296761
62.52532761829112
59.34482529162028
65.34340423006394
60.16064624605624
60.82556109131195
57.32320415402848
56.00994551199089
59.54416501003372
59.96009274242705
58.88096456488639
61.53519150390792
61.36409852448262
59.816307091195995
59.81174331076872
60.501384597810436
58.22241035977041
57.71804040101116
59.593514151270156
54.9135247983809
55.10092345739256
57.673673720121016
58.379607387527955
57.88258262899989
57.154846101908326
57.91923377759363
55.26484111223038
59.03831981574171
57.265140034369026
57.83434595664723
59.59546790685804
60.73798529021573
62.14801974485414
63.22390988452856
62.78796787550145
56.52876514711245
60.52258538165279
54.52793921719544
55.44186307628561
61.078574064016635
57.49705337688927
53.380918283614776
54.96529040598793
58.76652110539242
61.051309828027804
61.5201464060091
56.17549567977554
59.41005658690671
57.06943207034706
58.70672623011833
60.157300990136875
58.81484128080596
62.8601259813159
57.85023900625627
59.42858485882133
63.49091720802233
56.411976889948065
57.793438895431
60.6372264960863
56.49368603621179
56.28186225786225
59.220562484531584
55.46102378753312
53.24243323286837
49.2987025571334
50.40835949219927
53.528261810869324
59.93503018938854
58.17818265763927
59.510356226428414
57.62836512843985
55.18545454577433
56.99385815432512
54.71467922052118
55.821861198643894
57.82587500899028
53.76582748627461
55.733272103469844
54.93844719433904
56.429853197085684
59.71129963945312
62.0643834542059
60.69078718950108
60.04660880168192
59.59077927684526
61.80008531987057
64.60710824521112
61.99950209450652
60.08667803907519
58.40438941959679
59.13273462187808
56.52563540443808
54.64352329768797
56.2287177238742
53.620341027185766
56.73166746841153
54.53726454712924
51.749855241463074
54.12030577304629
52.76247190109454
55.7918510634116
54.68949454677256
53.35104268575178
56.459226546108276
61.22941122886945
59.926149200362694
54.96531541530193
51.75837708708381
54.77291661392658
53.5152518437577
55.487288881652304
57.706075492491536
58.023857827530556
58.52307967784662
55.38788496824232
53.802722925059605
54.08960774564339
56.35849833664286
54.83022616123155
55.828624995227976
55.789627998304375
50.46187956073757
56.98784845040217
50.27875545740046
53.53358622097765
54.75480561678339
51.511687656342
53.179001620321486
55.90871143006873
54.075768877496394
51.60158928241904
52.147422256588754
54.31948468150033
50.985818597042446
53.679506226985744
53.00123996505097
51.534017298546296
54.61365250414985
54.71395910827944
55.60346621538801
54.66221224986687
50.51073062405099
50.55579349311777
57.73580499275622
54.875579013884455
55.549729104806595
57.99725218026319
57.34499467217481
56.55824556582502
53.32755846024836
55.22076619232916
60.42680278379655
56.593640727282285
57.75739108914817
53.33122464121817
55.06891053034473
56.17113749929056
52.46456178391006
59.367972998573826
57.84430689417295
58.1257860747575
58.15000686560148
56.802246315279056
53.082441094640345
52.798060332496846
56.84709561777401
54.85675659355974
54.88023770329472
54.8809330154633
56.25484311454973
54.50189352582278
55.281262773351045
55.08901360989999
58.14158884987703
57.0519546911398
54.22367966523738
57.29528782070705
55.564134666692155
54.01303758328443
56.50851515255055
55.51990310467879
56.39585185732095
56.42381110423568
54.43511008194211
53.157407726763275
52.65765726507764
55.52350508936208
58.04206410126579
55.664409123708225
55.906012537683
54.762652756376646
57.706889922316385
57.78010896623993
56.49022331712376
55.66745006966258
57.06975487565739
54.808095089427155
59.718366667012376
59.67971269624832
54.14773991050662
56.78052869144274
52.73874200191778
55.50624469196182
55.680898938084994
54.517784694025416
55.03635441150134
59.68190609272113
56.89481062072799
56.20346635332405
52.71506353420951
50.98348797504865
53.65232747653903
54.96326571826932
57.928803239482875
52.88265821936066
58.615097188764864
56.621231290683205
55.49275396942959
55.802976918695066
57.79488484516364
59.93769821096952
55.76554749733367
50.48204258955785
54.71387409374585
56.7185694703761
57.13002530665573
54.37430796827562
55.90623096657116
55.01343374140657
53.714071827974514
56.84367931302856
54.01850786083323
59.68927788960254
58.64042056125547
57.76801450257729
58.090850583478506
57.00367513618574
54.62100239078598
59.18614035409087
57.48500510441576
57.34255028320254
59.13499804333562
57.09772570886737
54.41379491763474
55.740070635429944
59.17493387801183
58.15128920987602
56.99991632482342
56.01254224401189
53.22332715586279
47.961578120217446
53.67438525913336
52.56379506838445
52.7510603545304
55.477166170371945
56.347088343017255
57.739371366776105
53.4777935607164
50.415464518803944
54.03446963328514
58.15301932031237
53.62105036563573
57.45112261314501
59.12358960976448
55.06659531320082
55.29164499592172
52.34237081118734
55.05600180109097
56.30705316513993
53.55517701545834
56.179077483232284
54.67852088191491
57.29076005873668
54.38995007418002
53.36374752393269
54.780308815118644
53.6364615976833
55.266439731333904
52.415171332809116
54.07071179039917
55.919419894187996
57.11269072642867
56.94197380944659
57.981041792245776
54.53521277260145
51.64712536482681
54.66636586990544
53.34392649429905
51.91864664085577
52.531881550584295
56.84704122258596
49.30342121911598
53.47330286883829
53.18720205839225
53.586166493175405
54.65465295754957
52.007751977545794
49.47402995139774
54.98693031356629
51.99827468722441
50.434232462609316
54.01787684902498
54.12109408048014
56.12229939793976
55.73778044409623
59.238731646411395
55.4613760875365
55.19000752505157
58.204559862134765
56.75752882894927
57.20856961575533
57.764680148790625
55.581907971368366
57.26161345682645
51.308947779618
53.91415451094525
49.485538708232454
51.31572655112839
53.6888668329396
56.51097470953353
52.57247331720927
57.07646301542052
54.414002640215
53.78302275395165
54.03560585231902
58.74621901745236
58.29348906591054
58.373011389891474
62.47172341860398
55.854454506265625
57.899782766515784
55.863552863663664
54.90347915817396
55.36821710684966
55.12503361471634
54.71036958642497
56.519490720351854
56.76953066347839
59.2936635387639
57.912626687865526
56.433332548217095
53.773600141471164
56.77773418096707
59.206200192920136
56.870109106311226
56.01442758832261
55.602390330844685
57.047520591036744
52.356130625173556
56.48406227818034
54.72834228084401
53.781836981922226
57.155371364458844
55.029097952732364
50.20346634508655
57.649717606008515
61.45935584170707
60.39609551879983
62.29033307953832
58.55194913942552
60.90744325191215
58.513188063289036
58.4890360180877
57.103153078481135
56.53125354769129
53.94701156611504
53.99630559668549
58.14718360903951
56.85267832454832
56.982725959788795
57.024830829875825
54.857916409314655
53.68368732091794
53.91251865925726
58.368174961491384
52.91374099385298
54.215194329512826
60.060552377761006
54.41211090520498
53.93468555214025
54.54845800701597
57.16507199741402
56.48880240703618
52.37792658492427
52.3429612396782
52.182348444846795
51.84250843576803
54.44257014600644
51.14744263003957
51.61960390763231
51.52697363936307
50.11853053185605
52.87317663366339
52.13516860642805
56.17561474098397
55.883017491445365
54.34432458066292
55.89657292338997
56.79601912000628
56.0155385264799
52.78683582486452
58.630873118626106
55.25118515922797
51.1400660193232
50.79860951915971
53.234303073739596
54.468115277689655
50.80403110599935
51.84054443238739
53.46271722833341
51.827176089132635
50.56352869103113
54.88761083592844
51.922985604346835
51.133660467684315
54.75352214052666
61.95513215234284
56.550806512079944
56.27079031188698
52.465294154667305
53.058434062795804
55.62599340350737
55.51199519262014
52.789982780355295
58.28850464737756
57.55160508683494
54.38099190367546
54.31934352528165
56.95710097292382
57.89966588397818
60.373552724842305
55.84428362608392
60.06501925384266
53.041167290355936
55.04997156329961
54.8727745062913
48.605473750992886
53.17134702941128
53.85687260122803
59.40588634654175
53.34920617054582
57.36663735130822
56.11475599649244
57.24599642013531
60.911794324896256
59.97478980211183
52.23989934297637
52.7028851169087
53.44860739560441
51.08887830510203
53.875687890274
55.730218811962594
54.848224714041464
55.160696814931114
53.53470315901028
55.41234460915952
56.121695840086566
51.35482594170174
50.92974806979185
53.10475838801682
53.69410411074756
52.11354292140854
56.294073327943764
52.49175057100531
55.11994766408452
54.180093606614754
53.27274733471208
53.35781015382852
55.646487254855636
54.58888089937536
52.14275665945593
55.863660379548584
55.096723513091035
56.17026942395346
54.97896584962313
53.41939806743888
51.37180221674178
51.356189467244
54.68555923472793
50.39507814609809
50.86764766452646
55.61239515391002
51.80053429982793
59.212265063267644
56.55951360339281
53.077437467585206
56.20574980762324
50.2167327522963
51.12906768722807
53.44116315236699
53.76263876391911
51.9588056345724
57.25771813880309
54.712514846485064
53.20098242452643
51.61083923435503
52.60196195550296
55.345348174077465
52.11240621331221
52.36518290137942
51.99697970468335
56.393571347225205
57.88039662876493
59.27062709891769
54.23584315026541
54.71240267019336
53.79675535475975
54.314076736942006
52.47155419337225
56.491792893060904
55.54274188190669
59.22473402243054
55.64731389312132
57.07505665215747
57.1275331325797
54.386651539820505
53.11678219806363
54.39854908985529
52.03245011176287
51.407934159752
51.01569955696192
54.01223296911979
57.61418575543276
54.972043481459934
57.76964512689899
55.86707930034805
55.20758099530236
56.23649516460182
53.81858011210468
53.644253149492215
51.41983758071466
52.470138197988625
51.298488640101425
50.82874115186762
53.04650055234051
51.01161567403635
51.729559034784764
51.91292912868644
51.99377627497208
52.8212132655955
51.182834751307425
54.579378663059146
50.443522216885206
50.425921197644904
51.131153819494884
53.32820111466404
54.301267018017555
53.544995814622105
50.50888262695915
56.11877169871573
58.11891501047694
55.15102184334656
53.75388173316559
51.22187308770503
52.90727299132276
54.66081645387596
55.22517685961195
52.84516569371714
55.54080086865513
51.37523717811132
55.99619880299197
55.41597295127327
52.16862902201646
53.558502225011615
55.41692460669008
52.620364757498685
52.357280473504524
52.40432430655655
56.38819234505536
57.45506306027261
56.94182426579644
53.630030542942315
51.71894256431222
52.35595560069626
49.763921067200414
50.75855591514324
55.820428420386776
53.46769186562287
55.83006476851737
56.87155362362643
52.26647722555432
54.44972754174325
50.85295260970881
51.492525061277064
53.75090222513703
50.31739757566145
55.09395671755592
57.84863664038348
57.565177931206975
56.85835175365759
53.93788971793225
55.218399108214726
57.68416103557327
52.52666830924841
49.9025758906894
52.34948109375237
54.746193327361325
53.918424699017244
54.566547872234295
53.47404149851716
53.80137037103399
53.21066889579008
53.38032895862004
54.984513250009655
50.428012466849886
52.937715580946936
55.32784690727316
56.83766384116402
55.25887963276602
54.69217456660812
56.498019185044605
54.91600355428913
54.9553110465809
53.03371721733724
54.847528573659076
54.64745017064931
52.181465351776886
55.24735509803086
55.90436094800752
49.69672624367095
49.73184314041035
51.37217690837395
51.94716834813481
51.08965362648201
48.61892280394426
50.28937441378695
50.155624460382825
51.153222889645605
47.97855664633334
45.10871167206112
52.35757409091197
52.08425192468079
52.63233917293237
52.335341770420754
54.652229803557184
55.870677870269084
52.06951394739228
49.90347715958192
50.23826266014843
50.776740951465506
48.378808953897185
49.40407630301117
52.91870293959737
55.04792449587279
52.42761995988624
51.94619357296078
53.346400643744936
49.412150433473236
48.72976598723246
50.67477930570896
48.410345007286026
49.952091407833215
51.35996634235998
52.68694680089643
51.317822557986894
50.006867402955734
51.24108848864371
52.23683198168493
53.11166440638239
52.32409203352151
51.23555534231484
50.497229162107985
55.91177743707547
52.751781944000996
56.25450134424589
54.15972459819298
50.26080492431272
53.956147105289766
54.71064116989751
56.76953692758927
53.214838271213374
55.219485621629794
52.65626914117547
54.41625067138067
52.572481495805334
47.76098138479411
53.552762016056185
51.14357491781661
47.07532991928423
52.29266099283275
50.711633356061036
50.417714718631615
49.93487627523844
51.02313172544328
51.675192753682374
52.627044859085096
51.99686480841713
48.82806255935309
53.65145492574184
53.50379148589482
50.46401962113869
53.32041736588315
50.33089920509614
55.19433507216023
52.36392399787494
51.808301023215066
51.935973656611516
53.051494356275505
52.5976843202013
53.40888756002083
53.28607315393434
51.6995234572051
54.60840656299762
50.57527445418165
53.2298779914746
51.161360326772304
51.78522118248977
51.17086272820212
48.83445082972867
50.16827149233946
49.199071409999526
56.44486396974184
52.86616767179717
50.28350560749875
49.14072023213346
48.55985942687224
52.159003928652744
49.215365439770295
50.91011642889418
51.06553257657636
51.08590769080765
52.220579819781854
48.36073467935146
49.201716094053424
50.40588745203764
50.22923621200487
52.16162736309063
50.290337148419546
52.43404961231343
50.83757015413405
50.07772375297651
49.76274165368022
49.81574852031323
51.547030353533636
50.05793563724099
50.36816201317135
53.431958982409306
52.82723310940611
48.097218195325624
50.494453585447154
51.99771452908411
50.737774867434474
47.850318315343905
49.54775860091126
55.34610474318997
48.72410309779916
54.237992437475484
50.948157378530496
49.09986435008802
51.02032062724352
51.603376546010914
50.67717157105797
52.7495089730385
52.69693829312535
50.922768401645236
50.61751215450442
49.13177971667679
49.11816117119863
51.60666954984792
49.47060240825462
51.57748642312238
55.64393351811677
51.73565291616997
54.873238042581676
54.85099816489699
55.89702560191891
54.8490929832833
56.51955958395771
52.01783687616771
53.54666649865724
55.41432188918641
52.824571213787564
50.274978578003626
50.01394526176078
51.25532509746027
51.73583385389047
50.89348355132428
51.32850105046727
50.502543006788216
50.526598379222705
50.36333638756525
50.88168008738428
50.90802937719441
49.18722546375602
49.726069222043535
51.69727026800834
49.856587175670136
52.19668802522623
55.191579907667844
49.805399052400865
50.727462749888254
50.381023845407526
52.34534885803817
51.74352236145744
50.11076825789431
50.31078724624444
52.00470685056371
49.785127186110685
52.055530585344584
50.37745546851371
48.65427185693656
48.65192886721279
51.35275347616629
51.10615749715206
47.65933779625438
48.229730183014546
51.25090442763875
48.79310060585878
50.790423299046005
49.802946569853404
52.652944803371255
49.445401711559846
49.881856594290475
53.422455247444304
50.32889386275494
50.93299883406589
48.41299660895194
48.80728866203958
50.44118869259695
48.636421999679186
47.52347188493186
49.48320007790877
48.65003634374086
51.83520976128502
49.38840606426753
48.22568468098928
50.299031745977636
50.747936373694955
48.46757237651767
51.5596319076486
51.683247536841954
51.922049899985396
51.680422385421096
50.66096634174594
48.761472625240266
50.32509999749166
52.81940744465149
49.35062501151605
49.229323562533224
51.768834013533336
49.614889785333354
48.00862721771829
45.85923708424006
48.554153780158174
49.94582098992649
47.02337451427318
47.84193331507359
49.67355690900324
48.894721017242574
48.23805161618413
50.00974663652569
51.25726676420717
50.68430732901063
46.7375713213242
49.75792756585574
50.09622129272897
48.3394543707565
48.3830294336583
48.54739116324796
49.20166961068348
44.543613999534394
51.2821970034594
49.27345822948444
47.479725846540674
45.39451086371472
49.15070969991786
47.935294272938556
48.178279969231944
47.36285044115799
48.05349677664104
49.29356132067144
47.515751214160424
47.46611207727912
51.18155121275244
49.46446533890188
47.71991635978824
50.61624231192329
48.466999667652054
48.540971103156245
51.03897713135595
52.090876683329405
50.94680328943927
49.79897739247944
48.11595658333632
50.562383267826945
46.197683556741175
48.880238933374784
49.0520666355609
49.51005912911358
50.08209115543264
48.81128775234201
52.51818555708363
50.038614069864956
51.577305147968815
50.798083968553364
55.70368123451172
49.843066440202655
50.16124499820782
51.89926447328192
49.17880908396491
51.343006182988184
52.0306350722734
53.26633463043682
51.30829383206796
48.21094999605362
51.02544536098827
48.9948872211647
49.45141228305529
50.48432131783468
50.19834340742857
47.73882653600221
48.55267113344908
47.64810817658574
47.15198298344909
48.43481703620763
51.94759489762626
51.15940723189104
51.59428941896711
52.70516338586556
50.25829907612288
51.39710984882864
51.225495182391725
51.45789892649045
49.276372984803366
54.98840227501424
51.690867727685344
52.09505288696866
49.96926737242013
48.10679749463148
45.5010033385029
51.876489558223156
49.92182085588851
49.15999323080623
50.06361901045288
50.14359141483681
50.1523725121204
50.32975250161913
53.13567577746016
50.71422732682777
49.115192294540705
53.95624951398976
49.554623322166506
48.75902476917163
50.580011223063295
51.16070159931271
50.2973357432306
53.217275579681335
51.78783308574313
46.11059655522502
51.429375026152755
49.893294180154044
48.19221826284558
51.096701757138675
52.01379676454442
50.07856711477794
50.6682079443879
52.896834905941944
50.003657503328995
49.85716864877619
49.298560148884754
49.54883514205099
48.536396683899454
53.356955241197014
49.75255709648873
49.35395907457132
48.58533503544189
49.572254014123224
50.22702291650827
47.52935374014663
49.6899822729441
51.391189077150976
51.11343223177641
54.99067232579117
51.99721889708871
52.20759072816787
50.73150217134091
51.85197570900898
52.65297152807616
53.79295214106325
52.12266709864089
46.65535438178303
50.19049891658264
49.425407024444894
52.747093801698405
51.149156696291385
47.510680825233194
50.68474758920197
51.096717566049776
48.00261050816101
46.63239408652719
48.14925482003777
49.09051570882564
48.202349748682515
50.90387041345746
49.24494423831067
54.19677059088264
50.97837142421753
48.92162874979632
49.23492655721363
50.989360657055
49.670228916068645
49.10965384079684
49.64852295718389
49.62355933771383
48.833517545838596
49.202339746301185
46.57480732299349
48.839737856175525
48.36237197588909
49.85644157592256
49.95705999552452
49.110459372284666
50.63511888805095
50.31459966426048
48.587494180015376
49.008860048612966
47.301611799183995
48.53457844235338
49.04948479270353
47.42884866118825
50.30252133680113
45.54519582528791
49.86955438684215
50.446837562737386
50.35766633491657
51.412255622780265
50.92065812958408
49.09740003195582
51.17657945355517
51.802535920857146
49.96300199417961
46.949468523477314
46.69547031958671
51.51250919265607
47.93082327112341
51.787451728019725
49.70773691173568
52.905398298884975
48.87199836306673
51.72015014387278
53.70328704781147
49.55759883121236
51.22067348381358
53.42827881013871
50.33930742235952
50.54682265702477
50.230378702467206
53.39138068112938
51.409446863980556
50.298109789767075
49.58156354168537
48.44614449894705
48.63793395786077
49.20175240837602
48.43436291968167
47.35898393621827
46.83124371859774
48.63595258072091
45.062875725877035
48.88814239801737
49.93505944469407
51.6881466619534
49.1534597789121
48.06507300121937
50.02139903796095
49.71041748632426
50.72229017232407
50.43220435492629
48.162429802383706
47.3105129881615
48.05177070585217
50.44554119244009
50.27266563354555
50.469941856671085
49.350662046044135
52.90061485113574
54.254149914749156
50.73605648148679
48.31541899988346
50.600883670929285
49.94428253702962
48.09379394209541
51.741863369417075
48.56832864389746
49.98968067002351
47.90098456634945
48.87764736181135
50.471010444809735
49.86161729115389
47.66709387523784
49.894000978067226
47.301059894692045
45.42877375875719
46.79968553029194
51.60573032505953
48.54869257508777
49.22812490321167
49.269814465831715
49.29405951609089
50.453974294712786
48.26104656295377
47.98790990116136
50.34117944419151
50.834574379021795
52.45856069400539
51.839189691373704
48.155630660237286
49.7801495911501
52.0157440465721
51.74713502568
50.617715553414236
50.78433730295914
50.028266952588496
50.404659078539225
51.53269431245885
50.08640602275449
51.72712101086929
51.1512894296354
52.30952530619954
50.6565032030353
48.85278922856535
48.35204383369673
53.5251766906896
50.67728412418913
51.67891060189673
50.399462770437886
49.33370811972506
47.86181731943909
49.999850369030995
51.70127188029093
50.00536454018274
53.435887012525335
51.75558698254965
52.594571637929356
51.54930930879609
47.90766434662324
49.994705988471964
51.09135804290548
47.68484190548011
47.51267822026126
49.993776206649834
51.26987395880619
53.39954199513109
52.601243632169755
48.85183469642159
48.49056545428409
49.37410812662567
50.75783205716997
48.96653082622402
49.924584725380285
48.2338902182523
46.13055489027856
46.977779860615755
51.167586776780006
45.354409728078345
47.94314399296993
48.33038176811293
47.45434364228309
47.050161196604606
45.343965347245174
46.52563744585191
50.099186662378145
49.64445317437212
49.735804375956235
51.990860864835646
50.315205627271304
49.96863294972707
50.282526242508396
50.33752280909195
48.11460657736523
48.53495995047983
49.07721398783585
51.80294038213182
50.540286949434666
49.142715257372565
51.838559356699406
53.454734349945646
50.66835503841616
51.2452557484942
50.50855395168156
49.03590397983054
51.20480732991515
48.04974657152407
51.937256274229114
48.10645214909609
47.48742956088024
47.82701410376796
48.322078968522575
47.017971656679485
47.22254698686493
46.46475966347433
49.19746183628054
50.277021629886036
48.97944756925341
48.373505177781624
49.80466994447249
49.87454691831974
51.57195960982241
49.92979804382269
50.30642970531799
49.06308505586795
47.55505522232508
48.97758173001225
49.02970820898125
48.90476304918152
48.53033468618371
49.36456618328322
47.0592180586302
47.56298511618045
48.23438370616802
47.29698620991163
49.80425009347013
49.30017413520629
53.27238738328077
50.45629201134488
49.95734888363853
48.848272530991636
49.292953634115236
48.34432692710946
46.51083708723645
47.91629936712076
48.223843517684735
48.23284448865927
46.61017259769677
47.36112263373052
47.44175712955037
49.67513274382055
47.112976907077226
49.28261989921335
48.777839780583015
47.583380271325915
46.36879080881001
48.65922156038261
49.09175089271428
52.97106663268736
49.738678989236995
52.36836856206182
51.1421381811358
49.77974052210062
49.747005500659924
48.187674444362074
50.59429300082548
51.78043146464348
51.589486977899305
51.175141725003634
48.701156894514135
48.94785402358659
49.97025531964199
49.19336327659747
49.43701624090954
49.19846625963523
47.21137034562376
49.08797438765452
47.84404243174722
46.62371223329081
45.67226462478346
44.982824512728364
45.33018573501323
43.794984003982826
46.311059322622384
46.007055355980334
44.85780561184077
45.335997351759815
