172.77442867581638
147.14242339237134
144.41250749612675
132.23492377603108
117.65925852525997
118.1497529032563
129.25836329248202
126.34525944201974
122.30320408772306
119.6479495925001
136.8330297885136
137.14700714904535
125.8840433164346
132.13613542346084
137.80631166295055
128.91333533322683
122.30339937829342
127.39188213245352
117.68534657770616
119.9655488339494
118.10872993230268
129.30238712839025
129.77076547835534
117.82906013443136
117.16172327728295
135.26380226318608
130.2402560678904
129.0528122348802
125.04838785772012
123.72040513289096
127.60235614850957
131.86631055898894
128.39860794892027
128.30387954094715
125.88305635979015
128.4869181743584
119.14298038410809
124.48966249335881
140.94159789679566
140.81421328175935
135.49397219683632
133.09149760328728
136.9529616334106
123.75537955487361
120.16217917621461
120.90284468017082
124.73260993714217
134.9956891787466
124.25521633899316
125.27715527015351
120.09104729648068
121.30819915092107
125.99420069586591
122.72823889351562
124.90025802875657
120.81349029039161
129.84311409342723
118.25141094834221
117.58451848733286
119.75688883816132
116.91223629097826
115.83517260167861
117.74728031993168
116.28739470715948
127.09683647686758
120.86933037140793
119.63995705720104
118.95034804683611
122.05050547939963
116.13790007125661
113.07822358546338
104.38168222090619
115.12254068028669
120.2835445935169
122.7975609240655
110.25274264471759
101.42356926870686
111.45678675379295
119.06171418628357
118.77021239312643
103.76938491511046
112.31309350226279
123.37058167186355
117.90947007773539
111.09231617058722
111.8538055520553
116.86971012380158
110.33512920284942
105.39530036930073
117.3981069757343
118.61062760689929
116.66047763852308
106.12884417394994
102.74519261098202
116.62948558679636
119.65900831543408
111.77758306017546
119.42425332995343
127.65417151700699
123.87697439714441
120.81171839795458
115.90599144141568
118.43174391802802
119.19247438512737
114.82602238737967
114.77874581161959
122.36451340964717
118.50129520237815
112.72485123595105
114.07408510834222
118.51182913572192
121.78288382936927
117.90860985030656
119.87845795061476
122.60327757139801
119.14147691060876
112.22909337343889
114.71653351020078
111.65987737121539
117.12259340638926
128.40614958890808
108.7214654573653
101.75777182486232
104.9686343225564
117.58443617389021
115.69922466846506
109.66525736419997
97.96891454401324
107.43281150066005
105.91530563140797
109.09916996198828
110.78055555181334
103.99312714960803
114.92629165723044
109.81449383069378
111.2294642055365
104.16355480954054
106.28344438186656
106.70824459860239
111.93903167133624
107.73116370926272
105.28164784431465
104.34740376951977
105.98287292888953
105.28641063960713
100.3874695120284
110.199478270628
103.44650816988788
102.48200521080712
104.35380208566116
103.53522752776891
103.5529145605683
106.53627539325608
115.90614162070679
114.07775989621418
106.96576282879745
97.37838349865932
106.31012541112874
102.82347503553812
105.91189007491987
107.44102609338641
104.74896331296907
101.75182226371432
102.29670437390567
102.71334287476304
108.24912971334179
102.67176255218754
99.31317893803343
93.38240279450505
97.5433353974734
105.64997363892734
102.54127743300086
95.45113158038566
101.54206008385977
98.26798774244038
109.13110842797741
109.6859631024402
101.9681728048401
92.93972515078708
100.30566231646495
105.8069685303126
99.93853228029002
98.55527194361576
98.04145332810849
105.68030840527608
100.67756258669954
103.20340963436816
107.63587675300145
103.62144195142201
107.42094251853833
97.97677706252607
98.03333407403505
101.3246645812169
106.72897634931165
104.75142135115352
86.1248271015886
97.08878225369237
103.62885687168699
102.50311115644509
102.25028854091158
93.36014689299854
96.63556128539356
95.34420928967778
96.8718405570796
94.40405209718236
93.70741507413666
86.63070090290479
91.60347291218172
98.10589148139239
101.04625401691268
98.02423144119781
92.75505743666527
89.71024222703947
103.6090318999454
102.63916328333634
87.27068807390243
95.49779490701604
97.24405898097054
107.42073520902791
97.58643266006943
84.57184623273771
95.50479528453202
97.4018670977038
102.62073952319281
102.3078999667838
92.87699355560005
101.64234694698665
102.92050146478873
98.1946859941155
98.52372416630013
97.04701495458903
99.9947938492183
98.29031107901992
98.86175547331165
90.48560509048932
99.83841588449012
94.02147480243814
100.23954581076505
102.69631053569759
97.44443326243571
96.42052069917048
99.39596183268739
95.55697816740886
102.32245538864275
89.12376918697254
99.09017085554635
93.75108286264636
99.96192107627834
98.26178310493928
101.33394621023476
96.39445995137605
88.63242388298988
97.23587570254986
103.96442329883544
96.97707178382545
95.88791054998174
92.99922205684003
103.66211858758652
102.46418772138998
92.76255631860293
94.11620296519828
99.48276398436818
101.36029195125589
102.34910414357786
96.0253812861536
96.31770311253658
90.94436709198597
94.57473325994339
97.40973357161096
100.22605215311519
90.84679784105913
90.17905353383043
96.0692139942259
108.06465818813936
100.37283527724796
94.8634645429646
97.62918486689502
95.31501310184423
106.56115625028043
89.39783410546399
81.55907337300218
99.16711010141397
99.50169490900967
97.26876910785157
94.04341445594413
89.16846900590896
92.37209900183944
96.75196522198225
95.03572100526584
93.34541556026834
95.26215041848553
91.00291282904527
93.67899412413142
97.76323109835656
99.48255765007492
92.0642291073648
90.05586154325054
95.30716872488676
105.80869894187816
94.90808407926484
94.30817975341868
91.9778743909406
94.41356334833486
101.28296633042355
99.90420042421374
91.04919583451374
92.91995131188159
97.14978095150349
99.7204622046609
97.27813940498771
95.93853448425754
91.9638717111977
88.03573570369046
92.20280030772562
97.55840069180836
95.2842623167622
86.96763975429295
97.73899138078643
100.19011815012242
101.88657377658681
101.60251088059886
101.10343873497688
89.04358497786632
99.27171847240315
98.40795063277002
92.06526132134903
99.07106064992695
103.69019019345191
99.66339231192141
94.57454666549533
102.32702241453808
99.77395374599692
101.71633689040924
102.5340954133719
107.67571995520103
98.05374862639147
98.38519694145026
103.41774772600508
102.53216996676905
98.25114523954511
99.74285704214593
99.2157906525279
103.75741240841722
103.03013312110325
97.86792196267106
99.14928105291757
104.35359511841993
112.94048327235876
97.21205676610724
93.87901153690693
99.11806716613735
99.99161557185978
99.9591427249784
101.02196084986235
100.74518606074142
105.63757011383169
100.71395699155184
102.26352980304132
100.94163787912792
93.48498237777275
94.67105322023632
101.95729717004187
99.04629192247536
92.2044650073794
105.43017897783464
97.76980400871693
99.51634553250149
102.62992682233408
104.27440922284995
99.44790188824118
98.46692891849757
100.24804471584966
93.63650933228949
84.93351533119467
91.81402805339367
93.86702934218732
91.06375571494591
96.20089902166863
100.27027098157627
87.96019227242952
98.14621108469382
96.59359987295994
93.93107575643458
88.91287458216175
89.26094328275576
100.73945832365014
95.32786740202708
98.4653444963714
93.30494883122627
90.22737235983999
90.34034983451753
94.4802826072057
98.42739979180584
97.50925352134185
97.54042684419335
90.37991372035705
81.25335241106376
84.08055537252596
89.54280061682758
92.17273133993213
94.2948381639722
90.40665304570044
81.38917340781067
80.90526815877422
91.95681006290921
87.23563073636655
91.12732501050516
85.96280500864682
88.56242662458882
91.50184798932463
93.33604427213629
88.68271377800403
83.25451997570322
83.96098126814266
86.58389229043426
91.23948828782522
98.29998484479228
85.17171235812727
86.10073043324104
85.28954186649415
95.58292224654899
82.92687036655661
82.31963923555936
88.53809754432334
93.41415948156471
89.20114256784305
89.699838269171
87.20033686641544
89.2158237385569
91.71303387120341
86.47784071043003
92.70915013776631
85.02819311126034
84.27766842688672
89.1839595584078
89.23070964626582
76.75612933829922
89.21239642410117
88.72953602700771
86.95704357396323
81.3662166389582
88.86626002359175
90.24205358360913
85.19354957836543
94.63445726650475
88.11635199098022
86.74132178592598
91.50450998340428
92.90402264132267
86.41528065162852
88.2977243375016
87.72572092797988
89.09772458693449
97.70632240388062
97.21811975913623
80.96369879106273
82.39187612137
90.55270270200057
92.98947471113213
84.42173480200591
86.11985689007008
81.639316217715
91.51978287653077
84.13308107443767
87.7513031403495
87.0913896770759
83.4966441014452
85.36283955706116
93.70125810455146
91.47117406223322
83.48165060687242
77.83469255958644
81.15772657826467
88.80232258461365
90.78300110789068
93.26437135352926
85.89372338820914
82.79846286270153
82.20791052687106
78.099419934644
94.71698730198095
83.6810666291064
83.7784672265465
83.65361010240693
93.5348396069983
86.2680436421663
78.15900346851213
90.29477068255599
91.04682343574657
91.29260284011355
79.07348095845273
87.51645497517431
90.60106952171027
91.06198390630921
86.38308320326847
89.81667619553919
90.23014795461302
86.79383162388046
84.25778951804469
81.87038753223182
83.57280450188613
86.95784986547643
81.81951411335632
78.30725426684654
89.2983611382197
84.07606995245735
89.92402488838042
92.07439727819383
84.54899707682411
88.12375172965022
85.92883734702755
86.3187914906138
90.50422795139198
90.38375922937797
83.03357334938966
84.6803595953433
92.07292009486697
91.80323086297234
80.49319723851346
88.49710355400413
88.95038095121899
87.97793929130243
87.75586067363311
88.95642645621756
85.11115092401742
83.75300138392144
89.97315399443819
91.95157751971482
88.15487965773212
89.71770160998723
87.82945988026474
84.4368469022496
86.37950901143701
83.1041265369422
80.88345980763829
81.09858141247082
84.0085867837964
79.66577157473095
85.57790157477393
87.46334130215037
82.00726017012734
83.75300233640488
85.04119999725404
81.74988385060057
82.9141098650577
82.82266576634474
83.10327001212134
86.47677747191808
89.5114091682919
82.3727822888035
83.60898695795836
82.4468397332254
87.91583683769754
89.32996305900546
78.8129877031228
85.28494127165769
88.04759660516699
85.82730628760096
87.81163996354313
91.72282556413516
80.95599080340222
84.62662233147392
85.1478278043495
77.8537069726548
79.996945631575
86.14337563926196
81.6998905154497
79.21551163364497
77.17846716171523
88.95462637310888
90.88387113846477
76.11619147926855
81.54742487174248
81.17773391186567
86.91110329233702
85.6423208816559
83.24835698430415
76.54514193866218
82.89624534483288
85.63154008901238
81.86239540830071
73.69419108866076
82.03352574766532
80.33088922812684
89.12047171097855
83.69993548620101
80.76611512196367
83.88032756279799
86.08021236215147
84.28934381995421
84.35692136626649
77.22236738666426
84.01943336931652
84.10413562277863
79.88158120494295
80.44342718592753
81.70600963261325
94.96184947469614
88.8973719514165
82.23404740890852
80.68163943136994
75.54180170100125
86.91887792414992
88.09024224607344
81.53550480499244
80.6619066358585
87.07926636977473
90.5013347761829
78.81511316091435
80.89948944259733
78.0311661740804
82.1052859845593
93.02150258953529
81.21416799447573
84.36765430620807
88.76059159433913
84.68633080339474
79.32306887970135
82.45524677049549
85.42164988163226
80.0772757552605
79.46324482457015
82.26859997331783
90.81778992045443
81.15408576328531
82.34679292797344
78.63207451678713
84.09211469257205
85.91311929213043
81.51420389269366
88.32197248478829
79.76110574944832
76.56955858582548
73.39502923747145
81.81869933494816
86.77986413105172
78.7809518093647
78.26900829277314
80.28120523402696
85.55530797432506
84.57957056601197
84.03342969694287
80.43538471544719
79.89632919705129
82.26710928018194
84.14359098286268
85.33067251209258
82.8088867894189
79.21795620060715
84.35225895560566
80.76675286476839
83.51639926415807
80.15824308869551
87.13618656289891
85.3225663632985
84.15054701624909
79.46119811401921
84.04454312423013
84.56500281787244
80.01919242796595
86.98828574856732
84.93104402471882
77.24245397287159
79.0384939077676
86.1013245204306
84.12101184017222
73.8973810108401
80.07638113081903
85.1302630044286
87.18090564530931
74.65672580669057
79.71192028944414
85.4296492148936
81.96695991568748
88.41984125743328
76.32105004856243
87.57344164145195
79.3839492854826
81.76248724517049
81.58495260275937
76.62760654474108
82.31705675781508
89.53163826194945
95.57277909729794
79.73739578334366
77.40604129369842
82.64339746084906
87.42783429210482
84.04796749916106
82.67471902929948
81.93596237298952
80.86786063800933
78.06784224276139
76.03370772572026
83.27377629140652
81.23259127146304
83.06172181587118
80.56176435212058
75.09332544678797
82.29953714394107
76.13796936812882
83.066506544964
75.58373963345839
87.73177669198503
83.49778132421831
88.18112276019428
87.4751875928201
89.06154993535911
90.98506166657951
82.90618877726035
82.39063730178479
93.48373594788549
92.84290275529082
86.54643584844318
87.30283612562846
88.48644151434578
91.26565280642515
83.38978010857583
85.35010198435688
87.95240583606545
84.3956618181122
87.80468613085623
97.76433292469963
86.6883044807396
83.79805383136532
84.65864337907207
86.34634736989007
83.66709199967441
88.86424966582923
85.84511175721394
87.20174641187137
84.56989810869965
81.34542091770379
94.37140870254035
87.28118686663252
88.04727248932373
88.32124953005864
89.59277832856559
94.74721145060386
87.70564575766348
85.90988308085039
91.81345105138945
89.13644508500937
87.0424536627895
84.63613297610253
88.64466288411255
87.10454348281081
87.59778334908853
86.93362931329288
76.55691333568356
87.94755596135091
85.47106274759575
86.68593990004436
85.57281661193512
84.172870820024
86.72542102414874
93.61160970593664
87.40463570931698
79.97523217893729
85.63486744763169
83.00820902569168
86.56317543663194
83.01068269130592
88.7954750556768
86.1092013169019
90.52982425765843
86.0269220195689
82.77658594618377
86.29481109256791
84.61078260239253
86.64308246667002
82.72339262664393
87.42871152329637
82.46483947336712
82.55517724024804
87.22670214562778
85.76888801161073
85.87515166147523
83.00874093262298
79.73940893295925
86.43700215177542
82.81700498751056
84.90234373355568
84.60333128746949
84.53463181674334
85.66807480962123
79.65710481880177
81.56231338243562
86.60634987415858
87.39522625847708
86.43725706900639
83.02550572746917
87.16655161621901
86.12549937502816
79.94354942045744
82.28808204573129
81.10566696712661
87.50854903991144
83.65388701366763
75.30100361127816
80.8317826159261
82.83894526288194
92.12223630084591
93.291043893973
93.15184252787815
95.61725364216541
77.62744625405145
77.22451488149112
74.39795942733248
79.4189095689811
91.9534982065242
87.83237650011695
84.58525592084825
74.58848065921033
80.99087860512859
89.50834180515982
81.91819617002574
79.66047574837104
88.79564590850609
88.70344077272813
85.89260355466442
80.4950576392366
80.01994234879182
87.98460962020096
86.54085302477544
78.64899303625961
82.96361247899499
90.64774762729067
84.95649853469142
82.86205120152623
79.97300162938767
88.35026185790036
92.77706861079027
86.3886015556312
83.03849836653932
83.45617783528355
76.50042172992575
83.85376826842077
86.72225226682582
87.9786703455817
87.20979009326655
84.56869146724848
93.09599775116146
91.87507973651729
88.25218282663853
86.01624700845859
79.58593903091318
80.3764120891908
80.43160367744366
86.57655503019654
88.32390273543902
80.35196296139911
78.91627565391697
82.87112043267156
86.57861750116317
88.47938606811553
90.81516770625161
86.96667066200676
83.79148500070296
86.77586620784128
90.79983535067149
80.66473157063778
82.3830019799997
84.32063433827
92.97235148986019
93.13794005355643
86.71682466665568
83.83898830619277
83.58198389027893
76.69100966103997
85.63734306511122
86.56856494179796
79.93228688267214
86.90459980902504
87.07714970603536
85.91391938615281
84.89761537003935
80.85833720871166
85.36712870899453
83.53094175101323
81.23048858973686
84.35899930228199
83.8246941916463
88.68310862528242
89.35917846001044
86.76146097773938
86.61144432224792
93.22565624223444
90.72737035708633
84.87568776066324
83.16771196102742
85.87071266646566
91.35429581348829
89.39144553809366
90.8847037686185
88.11196513870681
95.11414180233656
94.87709054218865
88.12563646851454
86.88981805330009
85.37845981790579
85.05651764143198
86.99285263343143
90.84868796736814
91.37011385522233
84.60267104187129
83.15838539848681
77.12500139531404
84.1237961828172
84.08866615448042
84.1698259082604
85.46757557590678
80.79573376422431
82.34915665287974
88.71580178312706
85.27100155447533
92.59465326663486
94.9711776791
80.70212694161974
80.08714074736639
85.83182237747417
92.36307158796721
89.75004131868323
86.98466636365647
83.36012585414623
83.99079848416022
78.60370006344615
88.01216376594408
88.51390854655455
81.18400641847862
79.99499782324858
84.37321761715519
84.39474002189772
80.1223028120214
83.09716787682613
80.17958828402782
79.59658328531953
86.68841207258797
79.61459544240869
79.9998309319904
83.62944503201436
82.80634101087615
79.51347712354101
81.80047159030656
86.44336212004484
85.34672184671645
90.96472667609513
85.71487377341936
76.69297964049304
78.35901110465275
83.21849307269932
80.19797021839808
83.15113741433092
87.29007802272409
88.39549307555295
83.23288993589068
81.63209898372371
81.49132355909661
76.83571009758795
75.52639774322625
79.99524264444632
84.11915349041423
84.29134610289917
81.12590476111103
78.7729101374103
81.16056638569074
86.55282769874262
88.71643098041126
76.08670955119418
76.18447184719649
73.53984432546208
79.68408177234971
78.6019307526001
76.80000273029374
85.88894705932918
94.46391589216215
84.2750600796976
84.98672724477143
83.09268706078987
81.39631807216908
83.78400169412808
85.420566398811
81.36585042527786
82.63116447775387
83.24539166795257
82.41399810504831
80.01523399775039
76.5745794177851
79.72204152825607
79.61374246215571
81.16714986662872
73.97679800424075
79.31103717432572
82.82143737088569
86.47838025693844
81.07658816494623
78.2687159933818
81.72979702587872
78.33124572444339
78.51106842154178
84.98516306197422
86.0778678163993
81.53368228839297
79.25145547507573
82.20790360396724
83.25529902134204
81.58063708529944
81.79782770323449
81.0544264862023
80.58228687183913
74.29756420166179
77.43543086976666
77.64964738733407
81.21976485689729
88.47733526622547
86.9690346050735
84.84519832199548
89.7653663322839
86.36995699430717
79.09343308525956
82.4347135030737
80.93966530021576
75.55959840211975
84.80666057002614
89.00239575463337
77.22662063597294
74.43158444429123
84.17780836255893
84.41139311381434
78.651070800115
77.88232989367731
82.68961543919355
79.37810127605951
74.69710270799824
80.56941902880159
81.27831709659625
87.83867728778824
94.43310500710133
87.99355405914913
90.33207261193849
80.46264446016079
81.07599578677451
89.32168029431568
87.47867713764754
82.85952510162625
79.21167716236616
84.93874354311676
83.27168974789583
87.04941500654242
87.49842044000016
82.64726907617882
91.44463862863645
93.72386257683185
87.59822409403873
83.59886672526744
80.05892995302676
84.24019528148678
89.90486483955192
83.44285894850913
83.86028783439968
85.57500738522067
88.27430551147368
86.39458625269043
91.84117969093892
97.93202274669682
96.96166855279309
93.97412427933179
94.63255144386403
98.38984645656085
93.8921196209947
92.07046408300437
95.2516913432936
95.27165379305583
97.01603724214664
88.63137793855627
91.37714189921607
90.5860198518863
92.34677278469209
85.24892872646498
89.31849705858767
87.71978775290961
83.7990679752781
83.15702641092302
79.28390732357063
84.4273318784763
87.67502246614177
80.14383525007457
85.09574378034377
89.33517652470506
85.41960005654556
77.80887234830608
83.42140689157874
83.21206504605594
82.31560731605045
94.05146427601599
95.63438632683204
88.27104215137653
85.12767197011566
86.87516280745552
84.46515872563693
80.68812269775125
77.25603485869338
89.61636387713426
90.98441723514145
95.1252726171669
94.46228552930825
91.31101807151954
91.01015498807828
91.62313661148147
88.8062330383464
90.07236663127806
85.51407300009834
83.84212031117154
90.99810208082715
93.09256394185901
93.74199092764074
86.58598243235573
87.90246953458863
92.40386833553814
88.13007411266622
86.54184102761363
86.28144091890637
83.20513485527634
90.06635829137822
88.32709849005016
81.91666525142388
92.33145488787348
91.63656112553222
94.26770774385001
86.01100728203433
89.47754755080179
91.05790195842377
93.62299865797343
94.07322837169869
87.42805688776997
83.32518984752605
83.76098073710635
84.28011325884947
80.73529814671596
81.72079360708696
90.55409305359738
90.7262962338002
92.61680044290833
88.25760084701777
90.2117520855493
87.71661534108738
90.85812829048977
89.12784408554722
88.40815655310213
85.12555202244249
83.42597620908819
81.61564289203707
76.91884986056783
84.15898581856611
90.8818631707727
87.18509217219719
83.13734436293433
85.49177607989974
84.50527625466721
89.6632597734689
83.63057270582286
87.68456773399201
84.76101273343666
92.03357214769865
85.2865265427507
84.52464676930082
90.21506573987266
89.93727053294026
91.73896457564892
86.04937496591448
91.33841179183675
90.71527970118099
87.56689905195981
84.38695776155778
81.31942684802947
83.34436399157177
84.4833024278998
80.49094718674324
89.59732992172997
91.17391992639428
91.72698077639532
90.77115009204408
89.87457239416172
94.83127586188404
86.79879270344202
79.26741639707765
82.46222709758096
80.90513667146074
87.84756729792647
89.81658667191503
79.20118567550563
81.9839544539898
82.08892311423247
91.30428182849879
92.05461154397678
91.07437293755748
94.35722077141322
92.64518854431442
87.56861810040643
81.05850456722561
84.055749074251
90.48227240993837
94.16908445021883
93.72675944908919
88.80116830550233
92.26126782929197
84.16190588187042
77.68054217341667
83.38342342184063
71.90337430242495
78.20044925909332
80.63207170619965
80.90184390792295
74.44515716271876
79.77646355527237
82.3309064602458
80.53731820487174
81.5059166180734
85.11226265430163
84.96726856697386
86.34044174424027
86.35842377596977
83.22008326418923
86.3065981736686
86.34174623467338
85.44108206877216
81.68433116359164
82.34219265471391
86.22572212303585
84.32498164138782
90.42113610430697
91.88394335893682
89.46142425561877
93.0167504462002
89.33509259889124
91.6981282312363
85.733598422601
91.63080714122898
95.99631355460434
92.5446176746428
88.30650038178648
84.18900244764335
80.44875655826966
85.72073018050334
85.29948201383087
82.18198769732507
80.89818844236079
82.31227866178742
80.86804708031806
81.01289825472536
79.66193936639036
83.7230880293866
81.14988908855462
82.55376898821953
80.32141352040331
81.00415717497295
79.72216539237209
82.33175128215403
80.29987555365746
86.4991430296118
79.9986286150866
78.96251621498736
79.20961712961162
84.39854110079096
80.56458105245119
84.44135716781085
81.67095270773383
81.9535763626817
86.54472372413045
82.27276823462998
87.32043958342761
85.91719704905921
86.71991284658277
83.66124141993014
84.75408604040013
88.58257508983162
84.24051425884933
85.82286198733553
87.19754110225625
85.91919140064711
86.89967864845727
85.10673236671659
84.59188790448533
88.07636531567285
88.33254266084897
85.49112261621565
84.30412050161631
87.3127261358365
93.76318956849077
90.36018394995594
88.79701073322572
90.10404205485487
95.1059096212704
89.82522770460095
82.41643886261518
83.28251593114081
89.37212337251492
89.48126704707629
80.13680039095799
74.8631076798226
81.37200421229852
83.08393058323853
82.22515659057608
80.57966768933136
83.6423966688179
81.15798390787349
80.4892040602903
78.42876286000556
84.65352616813036
89.015232725976
87.07067252669613
87.34155558627137
90.83252983466227
88.6267437813519
85.41850355796423
89.20366214699865
87.88008812014824
87.39791758507316
94.05483910033018
92.17697036575377
91.54565036540497
93.07975110967821
90.15408101183935
84.07290175686668
90.74731603729036
92.0250668581566
89.88893195563091
83.99821609427077
78.6333765961404
81.75084035682738
86.39059265411582
87.0735835394511
92.15277204794751
91.27942123329092
94.85695161653989
98.6568498910268
90.42866950249474
94.51486008075516
93.59646361567222
90.92079719209514
83.02007636339157
88.26426761798503
82.52618447674274
87.35008584548788
85.46408324460175
87.40642156224618
83.57351205238308
79.83183940306715
83.31746370111613
84.29419761079484
88.74539349889632
86.2608431557029
80.32184993622394
79.58767065950924
84.00472534012312
82.68808436526142
79.08583815509448
80.49634945973767
79.08396298129998
83.28093166214069
75.6595252523727
83.20730207155364
87.13063718203226
85.52928082454414
83.42480848674549
86.38564989068084
80.36877921719362
81.77949685785842
84.4561972247835
84.52077644253417
83.89453139552683
91.90665691775365
91.78739787439008
89.52691418757233
94.41458191557903
89.27776971433768
85.43820480747394
87.21962786182551
83.70743667277061
85.4505110658245
83.9124533397623
85.76270233292897
89.88350570045718
85.16782411765995
78.28087099640582
80.46826994032214
79.35761854923035
82.8383074429058
86.35221802461204
84.41493592764552
90.7827769198632
92.51214168949292
82.88563214893885
87.46733729652544
87.29320793370867
81.37860790106981
82.57041005455862
87.74327206589201
84.32274726769369
86.56373288655122
88.18399874757752
85.92341545255276
80.959915853275
81.71638841704868
81.58484776894295
86.41007605788516
83.59365941938853
81.48340034686849
83.50839764311864
82.0391096090251
80.93878476087754
80.41426931379289
86.92227614390808
83.26568210939364
81.89757160918055
85.2641333475063
86.02064745850315
83.16527501889428
82.69086815588435
80.87773930346836
80.77328739065096
79.31124028610243
80.7268146446613
86.33653692371036
83.22260366142011
80.15415624615235
79.48346518470991
81.55967360885501
80.00007293688009
83.90672085770755
84.90823775717432
87.68329992400152
86.58896493205364
88.72245626348587
86.44273121946812
82.87660461345693
86.6433580372854
85.0194072603642
77.79366496252574
77.10962192736652
74.20217019995678
78.87438899598902
80.98403546306938
86.84561173403043
84.7306910371267
87.48037789801718
78.14102380264585
78.07305268144177
83.12294216959681
84.26362749885021
81.44608675577142
80.0127774897408
79.0315911994127
80.81612194492999
81.62813477499861
76.8448785956708
80.66380618856567
78.32181636678622
76.87879116877949
73.05850010284244
81.98827663613687
83.2389405215426
79.5107617058166
81.86985052300774
80.90033586811542
75.29191196039562
72.44223795534144
76.78935034063305
73.71826226833409
74.25729897383042
83.60816752855706
83.22943615888839
82.76267440021307
82.90830878787074
78.72980610389395
77.44878214927752
78.93617317183333
74.50557491993294
80.46418556025475
80.11342985134462
76.89555965950343
78.99704439989027
76.85794823522764
78.85613142964658
77.41384749252009
76.83769540097012
73.08668290840691
71.56092472971623
73.2955111937516
70.80095419515159
79.25501259906449
74.77014179773889
74.68898885385484
77.0165394698577
74.99380362902781
79.45749899915349
73.53742709451143
72.54392936741648
72.61850264409186
75.58270008796468
78.3062228668605
69.85095332848238
70.05048307985493
71.32062700536076
71.36888593928387
76.59075324185946
68.61075507930572
72.67876425392032
72.01131521925817
70.4940357290563
75.42436480384983
71.94841676563063
75.72490077991566
72.44275343413595
76.11041669244919
71.51603407966051
80.58171483880356
78.5476878275375
79.22886517276339
74.0685763842218
73.2620874122162
69.57740386255524
77.48636748412325
77.39660452629533
78.45566625458194
82.39210753573856
75.36655309318802
74.14111256817041
71.98698622138151
73.6735054136336
81.82940451280837
81.59134127137202
79.11159186303692
79.80655479644787
76.21013509082553
80.15320699192085
78.60407951752155
79.22442327141187
82.39980359387613
78.07227726395413
72.69257502872318
81.90451552575864
78.61393685929853
73.52395710936179
77.728678152736
76.01755671154588
76.52462557192356
76.08487480970703
75.82852214747905
73.79781973942156
74.6663568190031
77.25179769652532
79.60335263631403
75.90482466190736
80.46813464247379
80.15475621418807
84.86227137945822
82.19365235641237
83.92445179826193
83.58236580728368
83.48013634071665
80.61648052381544
83.75287908570783
77.84788980905924
86.2580373006353
83.67078381316905
84.3413178435748
87.69896642403124
84.73343602807019
92.18143736459133
89.60297890622275
86.59338651843187
89.0892661785324
85.25351816693184
87.61584285697883
83.74138832798546
81.19922903897515
87.0492217749747
79.95825212790271
83.99454465405726
87.49326560231503
82.5543471347044
79.57021299262722
82.61785268056306
84.27362099401776
81.7782245965109
77.92788378001207
76.80166237628566
82.75054929482704
74.59872952394284
73.81075250343658
78.36849445394503
85.09120720983381
88.89414611115633
82.84237073972074
78.50708429482425
82.82479736754848
85.30300001616179
77.62098191918112
79.82574740401905
73.20281356383936
83.77682198343176
80.07747716338226
84.05758968373647
83.61174638584336
82.65013147017432
84.72099327967945
85.87229031079849
81.6838245517244
83.19673774055644
76.70574027110997
78.54023517244612
82.67670369090142
85.34265418497748
79.691944771342
81.1122538447503
79.49006006177106
85.36394726332557
77.84264617002026
85.5613258432214
83.14687908750435
81.58625356298242
83.03363246464745
86.72401327724214
87.07610403244857
80.827531551003
82.38750792565145
85.64706985123993
81.59372541629813
79.53549132914017
81.3818264974261
82.22755856408087
85.83725965821573
85.64259055523193
87.21677613451234
77.39423860712695
80.21796159896464
84.07523182160553
85.27829828389149
82.8729929852442
86.44548895426207
91.91775142750183
92.19233675298653
89.30762334632747
84.56595606612744
81.93819554684086
86.04433783694644
86.57146859134751
81.8870728680282
85.64398598152236
95.24234035161498
90.29141021588686
85.21631696887886
87.1828382649554
87.41992444969732
86.33346013802479
81.21613926078976
83.27063507137656
80.13903772831748
80.21512348708264
79.81257631339426
84.78033093311282
84.95172395207621
82.32228007346315
81.0382636157455
88.18648412720489
89.09796901332267
87.25518351086383
77.29156408663995
81.04329696180929
82.9085803957444
72.56589004388387
79.97210733166595
77.88869786234062
78.1829756018606
76.61524073700137
80.70448615976562
80.67921434626267
78.20580346347789
73.85921994601483
71.7208386132457
74.03413844546712
75.97823270974587
75.8963539940344
76.0126345046594
76.70381303875338
68.32123878510123
73.11493811874985
79.15783310411742
76.30543492297393
77.23232095673049
78.82578432891869
68.60854397148466
68.63377900855748
67.19723684682475
70.5479386138691
75.35799792216922
75.50697659233826
78.01391965242398
75.64929337435996
76.49776766529585
75.57564368089997
75.43964425790665
79.53206598539848
77.99075502842946
75.65731788697009
68.38916620020991
74.8356664325288
77.76856893718904
71.9328896594694
76.10199061508692
77.29662493111158
74.363804016389
72.31334707438296
73.4064714492742
73.68871622209738
74.45890442069836
71.86976459871032
79.04696326925246
75.63558065339734
71.38947460157519
74.39299800917803
76.81798591503147
66.91832874914839
68.11699594371348
72.26399752971624
72.913201380369
71.58312848621692
71.22364901639338
76.81443906265518
75.40904660302448
74.08459873881898
72.58842218494225
68.22113643534487
71.09531451552715
66.72119325362672
71.02230908043944
73.7835041593375
70.1154649038661
75.33942677245655
75.64596366327675
72.13576589533128
75.80446119887745
73.00466731540452
67.66607252153757
65.36704507436039
71.88318647806936
67.67835207373297
62.43907585768891
66.09924746532229
63.73913377977144
67.54621878315496
68.14728728767405
75.56089262953809
79.98833648458772
71.38743472137273
70.15824847097615
71.42618694584526
72.54430143737616
76.35978866044326
79.88696951458328
80.33638214324532
72.08279650831615
77.39325514449172
71.24989533055688
74.64359987719729
76.91250678798689
80.73019187790884
76.15470909331799
77.82090423110257
83.2051716665299
80.08231052928741
79.23309794896394
80.88745359799815
83.35504809237995
84.78426642956096
79.36496117295479
78.94411002347782
84.9494266276158
74.2850265686688
70.25397910011837
75.88588948571272
72.95349523912736
77.63068297569158
74.35859488264566
76.14745032884301
76.60815162711764
72.60493189445684
70.8294438625103
68.24385423485029
78.00582741687282
76.24417833269547
77.93605522085284
74.0659285409003
72.01808276738413
69.42366728523945
76.37888139883079
74.03715313086921
70.95419848516576
71.57022375911416
74.83142413551532
76.20148976245184
75.36144932222622
75.7994916990356
72.34331524733483
71.28197526701102
73.61516066735695
73.28429476572863
77.71038715652836
79.46371350743387
78.06320884289889
75.99368628553178
75.70236739343883
77.00214497248156
79.5782110616476
77.43059625045639
76.75464073599687
76.54171124603218
74.15433065029997
81.4738436758815
82.32838664937418
74.77520213029224
76.88665387744112
78.61829170838986
81.89627422322432
78.16495538459847
77.97612032750027
75.40778002528727
77.48712470030901
79.5984467313733
80.76895553407559
77.74054781186462
80.9478090284449
87.94166918576721
84.89413360370952
80.70489633585528
79.45965246775779
82.43737397529154
76.76532806802585
81.18999172929404
81.08698281407847
80.59359495243878
81.06874590126814
80.06080867133367
76.2745354979546
76.59231678088561
71.35147468140558
76.05103021882348
69.19037164610869
67.38331550056918
70.86871990223109
75.89257186180295
75.26819394770891
76.99585449165403
74.63415272719286
72.90819194553792
71.57737680663453
78.55203976153437
76.89082885726305
74.03904747237748
74.71589623330445
80.16541575959992
72.34527467273118
70.22868739428806
73.1746360750991
74.084516330603
71.55228436698837
72.24866304707288
71.11364161995215
72.66635359210959
68.57302399241902
71.41546146080839
72.27990880620987
74.36739834729252
72.8847279411468
74.88909319659324
77.01727920454283
80.62466133780234
74.26997995952298
77.48120305925494
75.73209939504528
72.6539592435145
68.35085340811752
69.89246360731482
69.62217453275683
69.29274867468564
72.10702278642019
67.74503996368436
67.78363091037109
67.48718988096466
67.408275195757
69.99619639229132
70.72122231026539
67.13185298968962
72.51984859696077
74.8832265797767
73.22662669039853
72.49133892985265
71.66158441215943
77.86838577871328
77.26424324725966
73.83616767496443
72.88023258964695
69.95105096030683
72.40381058653016
77.73087848126981
78.6164750239438
76.77181934338375
78.47297668804
76.15470418922646
76.21100892300146
76.76832654330275
70.91818102278484
70.85980550130574
66.42285986193504
67.85409625405786
73.7424425818635
74.88096278865368
75.5970034020682
80.08758664379661
75.7281665251203
78.69058010078484
72.37528000183237
75.01886839655404
72.38136354510347
71.38481697594227
77.06452350724912
76.6107196583703
71.47472053252464
74.0398157246304
72.05671040762917
65.81934433829832
71.11114608056465
74.71939718868985
79.24027952547756
78.0651446777851
71.74460449792313
74.01903165482064
79.22213422411296
72.6437135850274
71.9639215329597
76.5191519519888
75.90311541576952
69.22417969711269
69.700783726214
74.26627717712556
73.04615384786759
70.04137473431902
71.02047449111485
74.00799058193304
75.28842683893089
72.47032032875228
80.33754176750706
77.47170526601805
69.90358306953553
71.00748532767186
70.86171273176367
70.79350548656838
73.06378177033429
74.20426149650068
74.07499313356587
75.60801184409117
77.74743310347205
74.98703559233924
76.70240673778044
76.71942786410145
76.22528833018833
78.40141297408924
72.90706658149468
71.50833968191495
74.57759497010267
75.00554534695682
75.28268465585371
73.96169490795593
74.8235667464545
76.54417035339857
75.01410256845125
72.01259541858406
77.19681247194849
80.88410925394453
78.07471485007468
73.46496023699174
77.54157138244425
79.01002085093299
79.47915434360534
81.76805774080614
76.1346487562991
74.39171914622818
71.61106949704647
72.07692980807113
70.41593340641057
67.40643971249465
69.71585354728516
73.68175614661536
72.17013608556867
73.64462262028299
70.54513695671162
74.28030210995742
74.4701862004269
71.1691716105784
73.96793251031063
70.53030721638657
70.89470941995413
63.59725980053246
67.33194438287723
71.65821495462056
70.0202191765445
69.05553049933141
74.5143324048415
72.34180280532235
69.52624582934985
73.47961812432425
70.67071900532662
64.27442220832535
67.79874073534768
70.47569683036086
66.26576224882989
70.00469665466427
76.77949379383418
70.95394270825247
77.53768061135928
76.18449957029537
74.56696837751925
72.4609544296558
71.27743464142776
71.61567708781755
73.5537656031
77.43846588849456
75.60652050608125
74.74739840986734
75.68218002639469
75.82430332907103
78.9380999968661
80.28399110654027
76.22929735471781
75.51058420301675
71.96238899342303
74.92902873421524
71.87491369158143
69.77628694336565
70.98608792418658
75.74633851829405
73.5002859920044
68.83950267136392
69.45388465937717
62.59552305125686
65.9723896408973
69.9331066125405
72.93252170438406
63.22000849737595
64.94755056276844
70.85339753315736
70.59378031167918
72.27998813908313
68.9704405115007
71.38751860944713
68.24364646398637
74.26147274125222
73.52313678321445
77.63919914384738
72.39496453680307
68.45253661930931
69.04919603767135
68.83112693956514
71.57868979177823
67.48426006813501
68.61793478517212
68.7732223420507
66.17871361280551
62.453669354096235
63.690761730483935
63.733994966433094
67.0002681854026
74.39691962449874
71.45182876448561
73.93643910402157
71.01487617536111
72.3964916713367
67.54014241329308
64.9662152215594
66.22286755461425
70.74798536061705
71.3101786064984
68.34250582490903
66.86993411119401
67.85274303647434
70.64944328427622
67.19526511690681
66.9413292294184
64.89469898880711
70.30004618304804
69.4327550527581
68.0823096483816
69.70862048419522
75.54693343281909
76.33591006906983
77.27605479357136
78.07879706728112
76.49442600484203
77.0033400085064
73.78777837741096
71.81199596510947
77.95910296810938
74.33712910649021
68.7505877375154
62.23315701266005
66.24703284148549
64.08256076911135
67.24160005933521
70.76787721962152
69.05706580844726
66.82994509558169
70.54162732321348
77.06798349653745
77.9854199305888
75.29098179212244
71.40274635854162
71.40547662585875
68.20850732756128
70.96497694497174
70.65898262507574
70.06918847831044
71.01254248881781
76.71695263192193
71.28527189833405
64.29865419154831
68.07318452337547
70.07099941778671
65.83087498826951
65.1479039518602
64.38652605265813
63.50416511101314
68.99155264242249
71.50191093638172
65.32289360862136
68.65365593983618
69.50765337846583
63.48373049464215
68.97260546003777
69.54442099654848
72.2602298140676
58.989571199920995
64.77012937984085
72.78755263024908
63.74520680140187
64.28242489853683
65.98558981118758
66.29732610130671
65.41038835548014
67.2965074949195
64.02127617012412
67.86895012419762
65.8435509916103
67.75501095538772
71.00166140165472
69.36093216857218
66.54758588444895
68.80972864175075
69.62183026140283
71.59125118981852
74.9769254638875
76.17285071244491
71.32956102357855
71.72912842793362
68.58998296396301
72.31576123266196
80.72629640362862
79.38429591714467
64.95182400401823
71.0625895771203
75.93459360913143
71.90058230237916
71.4464966780097
69.08288875023001
71.51220451482094
68.24805560415149
70.7237807292003
73.25506916490849
72.14311476099958
69.32731036669739
65.52752879784552
69.67983343741999
70.50446025600887
70.85850569237897
71.59551876291512
67.45521535228772
68.46895277785876
65.13182805182231
67.1740484722755
65.20814794067616
69.41151576688317
70.01539176211728
73.66899126043458
73.30202132284177
70.07297823281702
71.69042601181144
72.90288369648698
79.0764524522281
73.46142604443442
76.80934001360758
75.32214052867386
71.71333846544171
69.71269753944026
70.7127617969598
68.68561486938793
66.08860672495844
69.72174729228672
72.43602157044
76.35371699471042
66.68167780318097
69.20193627804248
65.46281161782939
69.87514901455268
74.83685770584938
68.46643357709661
70.35404530729548
71.5374346615644
65.77249009199394
68.96176964837585
71.85674149874276
67.71251168372106
71.40454413399385
73.21531585413497
68.88728048588659
77.26177773903152
72.9040961658871
66.25991716696478
69.56856171544698
71.21670100107448
71.82431769997703
68.54637983258883
62.547875774713496
71.28999053535347
69.5804882627193
70.80339321354971
75.32317795405372
76.24235059763194
76.51936520723706
72.16283638942795
69.834071799352
74.89604334843932
72.90261326064775
70.98474829448662
72.679755223846
71.82542919181915
68.89400397067979
69.91019753282788
67.56198827006648
63.475223585598435
71.97096808055282
60.6420977526915
61.9443895290862
63.10919384446583
63.250391743846485
64.38951846562732
62.90839948638769
67.85082620575712
67.72537690747951
69.95630182570184
69.85569926901631
74.2354309312998
76.11512592896379
69.11992309093463
70.56782276101123
70.97912478948786
68.8180146606779
66.72992881538073
65.32888883030093
61.029674567095434
63.07625648873467
65.1954791991314
71.40071350054093
66.1205758189469
68.90749013614457
67.78101886739717
69.98533495865166
69.83818329299129
73.98877446282967
70.24550680312096
66.94014239157822
64.62524828006633
61.82401524390378
60.84455748856395
66.35613963975361
68.62627369796235
62.49609899330116
61.75385449446222
71.96442328261702
70.96751842663005
69.16615206397053
69.07528721343559
65.44351634560438
67.96385710742916
67.07190070294365
65.95318674295108
68.51188753780706
64.77913369543407
67.51987231988221
64.2398877848313
66.39498683103902
68.49112191852362
65.01658639109085
64.83053511214231
66.68669907053987
62.95369783513683
63.15361420139275
64.14472221502287
69.66975480189902
68.94355111850106
68.28388228418108
66.59204708821538
64.95841940759047
71.90175876875408
64.33819796393016
59.595689698785755
62.24318327368967
60.09907908323642
68.27203416616703
67.89735192914874
69.53441336311843
64.91152440426103
66.40278101822705
64.46551051276494
62.82412575843995
64.66520528510605
67.44577166425026
64.7480774228651
71.34638389462279
73.45402718310426
68.14216440596336
64.41963114652053
66.28327197866984
69.93922225757287
67.58037401210699
70.02755687465262
66.22095928951917
70.00955904916891
68.15213393387614
63.191091467529866
61.02770026623184
67.69218737420982
70.54118953630085
67.57822129638124
66.89024937046158
68.74790138932512
70.36082232665072
69.8340795954766
64.7341472118124
71.98772226141593
66.17005879569926
69.54737731095479
71.5219062053417
73.90998102018692
71.87631239540934
65.0353927909123
69.58978117859353
72.42104739033391
70.69976294126737
69.96720411802141
64.47246937349738
73.03702530595015
71.65239160696805
67.03273300970153
63.89446256328801
70.09971739947436
63.43982838039294
70.32830078949029
66.56299327207115
63.29842799622719
71.18016658534196
73.57842608786991
67.17714432558691
67.0202536334195
70.75170094382892
72.8795881045919
68.32375412983572
66.52185394351679
66.04815767627868
73.98878704930343
68.7919383658439
69.90009134699568
63.440102010634746
69.25818386943571
70.63880700927749
64.32530766663245
66.35118735603791
67.93996860489956
70.4935204137172
67.27441688755579
68.63419851107497
70.16324396619694
70.59449983929564
66.51447236128008
68.74085193441093
65.75099999761701
63.11804392376921
65.63504271183358
67.80113474498961
59.15899240465713
66.52207684346672
67.4326690973939
70.15307709862334
69.40491267993023
70.24021485318987
76.6971114741018
71.59360797176053
72.39627700319629
67.76139992002804
62.64485160605668
59.81588152327764
62.96963267300179
64.50873068184566
65.2969479878215
69.43947317527036
69.50050042035272
64.16142595797788
65.10607316542058
64.97401206655806
60.773653932854465
58.062042565918944
65.8507377383
62.32522265609573
61.952148060771115
62.63200734717512
63.66910394187994
62.89385450844063
61.14898490763534
68.2206137640779
70.1812171991493
62.76267240907991
64.79962950294352
65.8631050398751
71.80972751106393
63.37212306637674
57.908530137967055
61.15345909339114
60.81265511751171
57.9375609078932
61.06303851986432
63.57421104550475
64.93196075619264
66.03301971835778
61.20570778607103
60.71658841993367
64.93975376325616
62.11419769445829
60.45039664773365
64.96764063141843
65.2447251735251
62.802525536290304
61.48601091939334
61.04960045382966
61.935142894917554
64.88334626492508
67.13077347537714
66.87765419764094
65.5874386406077
62.81852129173822
59.875557339461714
62.09740983624966
55.50709973144887
62.2521886121534
64.34296948150653
66.8807108430041
63.91323094763655
65.18038745912462
61.60482514900193
58.40320184685766
57.90609379432834
56.66663770985615
58.778867093088465
63.8619879318431
60.0697138842637
62.80879997540146
61.19107120303433
63.419207891885975
64.9205704003262
59.94696307661009
60.932354957954
61.10325540353786
61.73268570070974
64.28954624640943
63.951651756760064
63.9291986613526
64.78783897089214
63.71418091601601
56.63754067394308
62.96044462868946
61.587142422590986
64.09795133823371
61.91388375156015
61.90625434234074
53.6129337325814
59.76096844060064
55.586449066304134
57.98965892782475
59.775129694712156
62.87055951873663
64.22523779427294
60.55367575055827
57.747725171101976
61.303576095608484
58.328413747172156
57.3912886916814
62.31808455652285
62.27100793558219
57.06636553788346
58.09699295264383
57.064052907282424
55.428261848040826
56.55634479984912
59.874558207192585
65.74759345765362
60.52735302054618
65.27876648037528
69.01537770580406
70.75745948709918
62.13648721622449
59.177539259062456
61.28247819153204
62.068071351105836
62.44905838606497
54.71906484122153
60.633289506635556
57.8449266435552
58.719345412287915
59.7829900544488
59.560256951100044
60.94963104530023
58.42069161562154
62.3975132107159
62.3838125975171
62.19433031509229
63.50241869687054
65.38834861143438
63.83185105432558
63.557761456649956
58.19056644858697
60.75491574923265
62.6732259956057
60.43611233978976
57.04415159719107
59.35428967409734
60.66230718015748
62.894232742931784
59.72323104864008
60.83534675604327
58.06408599834198
56.654590550154005
57.323005917626354
58.893078165975055
60.59228847100498
58.41407889182121
63.49770633337026
66.3840309270548
55.21767391007661
58.1277049528607
56.671415429169066
58.949952622092425
62.591483186790136
63.97745048272759
57.14319996540413
59.06437946203896
64.643572204556
60.02499206587634
53.405085504914005
57.17660703794253
58.83122712585851
57.69393482918988
61.86660393641348
62.13616574146847
58.32033146361382
54.663403907549935
55.8754100385785
60.83798094539099
60.15481178035394
58.48813280882414
57.689597830465125
59.62301664404566
54.55623304485068
56.97138037644079
58.974547268983486
54.84241554867599
52.391035112194714
57.932681077024235
58.56825077226018
56.520694005854374
58.77889735835156
58.49083913014803
59.72900951558748
60.06594019068822
58.12074060111681
59.42551025499866
57.7024389085065
60.4098470498791
58.50052847616226
60.01773311585771
63.573399543665936
59.44887834508408
63.58903647531708
58.439246346296876
60.857877827308315
54.249964555012326
57.27955681979527
56.251843269896945
58.11610872893187
52.68434199680105
56.65217107474869
51.764423038886704
53.73960122255194
59.77624886605119
58.51722235474452
58.73721688130945
57.79034678344549
62.5911963226604
56.236989652466775
63.663123757069094
62.32468453856216
61.22023565139134
57.602723829569534
60.1938090253723
57.88292057349153
62.49570830472716
58.65524523285376
58.01988604659348
61.215644559998715
64.42303257176712
62.75214877046525
60.68079108754875
57.33524195586012
55.91167325427128
53.64500981597975
64.79768239977629
63.81791378861688
57.505178026581135
59.80864539847866
63.3930698996609
56.963937737506896
63.340441733806635
58.362044477496156
60.12676979553124
65.92022075376087
64.21625631337709
66.5056139232968
68.58624951492433
63.071458901425295
64.72584245712277
59.83670466860569
59.28799098615949
61.66508275894981
58.19109296816807
59.40514539623404
63.6723864760657
57.61854498348199
55.20574736591281
57.217724043756895
54.79709094488797
59.563982403646975
57.39707987810714
57.70188841992399
61.83010559542009
63.60842461772798
61.302868808567
61.39272769421912
62.10919745337349
63.5635526366578
61.206391984629356
59.204225806472934
61.73498343788153
62.619663431347725
60.9566394797665
64.20909659820582
63.07715756416357
59.21453884863556
60.25885884695863
57.16454799834837
59.533390260971636
61.84988628750743
61.355971419078195
55.73301701334889
58.37121685316569
57.40896557267044
57.81211018361589
61.763749593368004
61.85551908348134
61.037372214005444
60.872436411087826
60.213221450423944
60.037929897985386
58.95287103690065
54.97183319214435
53.73934296710189
58.22691775548205
61.7051408898853
61.1099598134067
64.08722296750311
57.989176348191776
57.791060200440185
59.06229978381875
56.034346579539594
56.9437975191616
61.34881244824941
64.09251407356687
65.13673880378501
61.5430560634269
57.93095529178382
58.69433887116772
56.826918551109195
57.879847436361814
57.52682707545166
59.542937094969496
51.91071155055258
55.02607424819401
58.76235174923713
56.319249340158514
59.200309762230916
57.50150311375295
59.91334122445973
55.53149478678115
59.55288670905331
60.15754683452333
58.30732699979686
61.10660173812763
66.70671848633421
59.59674576443174
56.75722342924233
59.624425989156265
59.57233330888639
57.24928204583593
56.2764682622324
61.051228461473514
58.592617615652415
55.946548492240815
59.38321974686045
60.281226046260514
61.6277434256372
60.396697584796975
62.837480601871746
59.922365889556325
56.283415178148836
51.504143905522135
56.79330072996705
56.98601685129899
53.63518598350788
60.71799536320743
61.254149652224335
62.451993589556295
56.86760154494101
54.59020309841636
51.71972271407477
54.40206116294863
51.695818739789026
48.58470344904181
54.667631938572896
55.454855339850354
60.58071417130909
60.700123125924065
63.58300600814404
58.849572791099924
56.33867140210191
55.60822793823932
48.97783462113448
48.973682892335056
53.034014138924356
53.14319757903602
50.59420580872041
50.96465735742692
50.42581971027377
56.26717277076974
53.88034276180159
56.57696792638755
56.032948032482246
55.38002789325725
52.53282626755727
55.878132067213485
60.74607297488349
52.76932043098162
55.42816319902861
61.61817415811503
58.78935737012429
52.844463612873476
52.53425210131505
51.42555964395273
56.432085881894466
48.55252370311632
46.60416527792784
52.6463039041567
55.73844782576078
53.89924435779783
54.76969884182774
53.36467173717343
57.13411632065006
54.45081496553878
52.6878916296303
50.138617996457384
52.877352887078885
55.933757957608
60.56001248773295
61.06127102045693
62.96551139285841
60.338266799654555
59.795746735676765
57.19037254850079
56.55650486376756
57.00627419970631
54.98897611810029
58.632241188596645
58.693413150914054
55.2763842125546
57.52045057911459
53.759398464205354
56.80874537236835
52.06109779919264
57.03611091958194
56.80843176276756
53.69771166681718
54.66749944266908
53.35984484955705
53.236344238804
59.462000283011186
63.78593457126882
60.0757000993301
58.94629554961817
57.70896344202807
54.748670991325234
54.14398579713601
57.030744185029334
56.923858288649974
56.18687414896044
58.625000623424164
54.73545715613786
55.8965746511842
57.33271208709961
54.06142586141944
57.724474517081944
56.08308632573991
53.389958989316455
55.4637811903635
57.88292933883202
54.27558229420128
58.028199479875674
55.6933560675915
53.206340565625
57.64248154153322
56.88135073974368
53.715927484593266
55.03104368781993
55.51525011622032
56.75618970935624
55.20338233952124
50.929338806395684
52.33457681098646
59.295408323193605
51.61314969444386
55.514236616497456
55.7616634342985
57.260139352392905
51.609251076080035
51.69623190342183
54.53115810101684
61.39438500088377
57.99449561875284
57.61358926629444
58.163887665814876
58.91579754214372
55.541955435253264
53.141861726747614
62.78709208519792
59.40170752108326
53.09753005297735
48.48331928319371
53.568460336260316
53.65132501185204
53.07623833693498
58.94155013332725
56.453873405834244
52.42245510919663
56.38283408328354
53.25476404972491
56.87347020002751
56.58244315906817
58.640828461474754
51.30956473583879
53.13053502645684
49.86228116845282
52.90583759286645
56.35258023634408
55.5736143581028
55.38543733577978
57.45365071400843
57.57988953106957
53.55783119052837
54.12304626171184
56.76552429488811
58.321013648991205
54.19505363740228
55.22056805186994
55.72256750625611
53.184694110731364
59.540771320195475
54.01336272628323
59.77012752869383
55.54456564794531
55.47915040459493
52.88754861479145
54.896836282256864
52.71575398582658
50.513890789173004
53.39093548106091
51.726619391315346
54.65712377906497
56.02501759540159
52.67615225383975
51.216905147260114
51.37551901387165
52.911791444552165
51.10199240504618
57.66405406171972
56.130179121481014
55.94784154833522
52.438591725549934
55.14595620286198
52.70629465505443
55.896716603797
53.337685468943036
55.73241718267055
52.704009648176516
49.912703522319276
51.50365804430945
51.97107203893
55.00766409296739
51.724461717263004
51.94498571164131
55.20071483062018
53.36996533809932
52.46542749822191
54.70701978587633
51.50994869639162
52.303433069101686
51.66815024266683
53.50853893361254
56.94795627274213
55.420361553813585
55.22001634025377
58.96793926943013
54.69668933554592
53.099798865953034
54.603006850175404
51.89508105406519
51.885174482009425
52.355855849375274
50.662883959747624
51.92614278540587
53.36265070839778
50.95896078355794
52.86160743601181
52.71473235869152
51.54461198080951
51.82741986796307
55.21329648128358
54.02802669959277
54.82116837785378
56.577407514087916
55.222594020344104
57.91449716310253
60.441564525291
54.93579784920488
59.363359341060715
60.024933471899494
58.60395411196072
56.751877868910924
54.76209074990977
56.026200504454984
55.382725955996506
54.12650916770679
52.921643313014904
52.6923352035175
57.057026922740405
51.933730099452724
55.93914345894873
54.78694279470121
55.369874503465226
57.23995747697648
58.54264537141837
56.78659778806292
55.493530627418814
54.624470655247606
49.67072650049627
52.67969144342945
51.188200288804055
54.106385034221915
54.64827423022858
49.30540989634721
56.33425045218947
49.714252224293496
48.67285352668712
51.702471774394056
50.39512469735298
49.17196594687413
54.20568656816824
46.42784531989199
49.46410512267221
49.197787790483034
50.941293826283434
53.26818541019534
54.93605856596516
56.00124247825423
50.43160009217334
45.58629175898669
48.85836050366304
51.059662111362
55.205587043900486
56.75254858540895
59.986516473455495
56.0918864190103
59.99777207601141
56.83823914204147
58.35075116340311
55.81495649269144
58.62916024967688
52.96427002075529
56.40462443571244
58.66973643597387
57.86894782601084
57.58208625887031
57.773838688520556
55.472090603040535
57.33585891055791
57.25279135182397
54.25902851619418
54.561336353154736
58.2747850511281
53.51746773698451
54.97029053920015
54.465875242252025
51.64906510753086
52.390987022954214
52.54691701261199
50.24388687124626
51.64319872726437
50.76936331768236
50.46817662863058
54.550925912303676
56.28342620246972
56.752438128155525
61.1355602203342
52.75024501385269
51.609611184166035
50.900621374407464
55.559452793474854
55.74615203317304
53.80525991207713
53.683798672463396
52.81995627858462
55.65094325753032
57.94822672087311
53.959353252651326
54.628664441378795
53.32061486813631
56.306747094550225
52.63012451018513
51.52698836376609
56.873372756698664
55.7269190872047
58.943409291801714
56.93539140564819
58.639877661285844
59.609265875590516
54.215611967508266
53.99373807571965
53.68579047698749
50.21716439713321
52.48615744209281
51.39929801183558
53.374081102982565
52.67872054758767
50.6375659986252
51.829947877870055
51.27334011303781
51.91260774802004
54.67997811093539
53.30781983466848
47.34257159466484
54.0692514040053
54.87589331515071
53.35923307106039
56.02301215192378
51.9318100895844
53.822759119658734
53.192422420229306
51.29078638289191
52.06271728180839
51.351414898269695
50.83438671866115
51.83021014168746
51.78369345926341
54.25274558258567
52.900584472645875
51.399257838805624
50.52699067042917
48.93471560993773
49.67364901106066
51.97552127591143
49.04396246979904
47.99060390678458
49.65069301492745
52.313425524062566
47.33812306142181
47.82261620280065
46.75570869707245
46.965762613894405
45.41063555651937
54.47008661413077
51.27930593815505
55.00544572706569
52.769308812086585
57.323318134745314
52.916911877941274
50.93274613505715
50.09125588421842
47.16549218907266
49.607842770469176
51.58185839553485
51.541524167933986
52.627289919346474
54.40064593729331
53.889853065243344
55.252595006688374
50.75798997912931
51.52771800158198
50.875470797282205
47.50612834679286
49.07484555562012
53.92851479055116
49.93213542171786
49.96802878392099
51.16558875890804
47.63758765912844
45.79740288492705
48.17622397732552
46.5446968335011
47.56322132751066
43.3271064258948
50.832829844265234
51.21329701884888
50.36405913019311
45.920198951312344
48.836576920312474
50.39815587253196
45.15947748374113
48.174319639167116
51.42228833979412
47.677238571141615
45.24234888997625
49.39062381277687
52.485362103743164
51.43471390870253
51.213979509215534
51.12490768973325
48.30844397710666
46.966516763461804
50.57397847494119
51.05401600089079
49.49817354158121
47.91686614908762
51.60175922416754
54.469578144409645
52.25404280921837
50.145868542867895
49.307316857062354
49.455744576448666
51.08834608056273
45.615718955831305
45.23731215009791
47.866826229229936
48.15829106782985
49.81710690766775
49.35021570229405
47.323824871521026
49.02747126613736
45.23113197187304
45.296989952288556
49.80707294514715
48.81893193335607
47.010945785560764
50.82776519337203
52.14196977285104
51.03254440259801
48.217420588812935
48.52007405628794
53.23723572746051
46.02935562279978
48.74664739824429
47.05418006700098
56.21743878064979
52.94381898982111
52.18262027288793
53.82529956670526
49.60399604284928
45.01886085497747
45.22168892058241
46.25694129361507
43.63205347148167
46.986624014146365
48.46890932243186
50.56431808511295
50.72406165576101
46.13446261165621
43.48602453900081
47.10430604353447
50.25649555166556
44.39733149644615
42.11655133143383
45.85472101230669
44.133239830820564
45.58589271332763
48.242809585674365
49.3591754580791
50.514701086251726
52.18944421465914
46.3082283777915
47.95242463055425
48.16294455340662
48.25260976011625
45.89307274767978
46.58244072490476
45.29430193032468
47.14871082330231
44.665615201659584
50.36632933361914
50.23952766938801
53.32676384376873
49.487943439473845
48.026555655647
52.804195562276654
53.88197153932033
49.72719512374161
52.195367710140964
51.02778184108254
53.69399278705676
51.78040361240561
49.38844450607861
47.393020509024424
47.77702306662295
46.98151320702955
53.45736847628161
49.02653601744825
49.81172674964633
47.729962744086315
51.102312815197585
47.33658191469275
46.42242090145162
47.821987262803525
46.19534728309612
43.750125928407286
46.21215661673546
46.50612963458308
50.840454091524045
50.46002632098478
50.7134416793864
50.9140744804894
51.39292235870767
47.283166955969065
50.15068096133079
48.899681651175484
49.064188307608696
47.19846376925366
44.74339710848193
46.37521286410226
51.78959732392404
44.85759001551064
42.56182419702449
47.81030316854832
50.9526957300823
49.51269908725668
52.184708529408525
47.45084405355701
49.65082052507429
52.94447804448921
52.0358517670764
45.86691188148987
47.63259520993441
48.59388157823949
43.37399151315676
44.570172225602754
50.15636584711564
45.10248829865546
50.38053145897262
50.30071507031339
49.77367480464965
49.208263709019036
51.82686089171811
47.60032981635395
52.265433458781956
49.0542719559057
50.19691737541563
51.3016182320893
48.71480753382252
50.25994116644522
53.55313768184636
51.450930908826265
49.21166287587959
50.187828272083436
47.33155927900809
47.71724013770303
48.53233053767046
50.44327930612359
46.08029750863561
46.40692133717353
48.28457069730471
54.18786688360549
54.59404059261694
54.8437444961826
49.164364151901715
48.69453574897206
50.42814698150092
48.57334005473821
46.345112026615986
45.56817791708576
49.77998245745724
50.79031099932676
49.636438172390974
47.775896970405235
45.07152662925782
45.73454160216569
45.248509228103394
48.337125252743405
47.945111046950075
46.75853866759565
47.072137298923735
49.04927739677145
45.070970025554125
47.98071736634874
47.138264744032696
46.943329577212
48.062119831827296
44.90126754151257
46.602486196042875
44.399006905206925
44.76199896074511
45.44321212161993
46.29641105910169
44.480084824075874
45.09741481560069
47.37390610903801
48.0037901037542
52.051031981215594
47.500868291943355
45.91484538379824
47.62869233245461
49.46396382993868
47.625488100783905
49.97502032516093
53.22652780931094
48.10798863838111
49.7395843685429
50.20876666643665
44.62633145578901
47.457332193720895
49.213014184122315
47.818160995564185
45.45854838101037
49.29697256452678
44.48776748981306
44.831085299930365
44.38705327970458
48.51749040623421
49.91949229185422
52.62133472351197
49.35054359120182
47.82757180824566
47.505495337844806
52.31890044858583
47.3904532676232
48.9368799297772
48.564352077310396
48.1375484699834
44.33271125002978
47.11582451256636
48.42026124618738
44.951547624245926
43.950090381422704
51.91634834490034
50.6314662628461
46.87559157710183
46.302465473223364
49.604004691080824
43.07905039310062
46.523055950752905
48.787413343460415
46.513302864758
48.227572228781966
46.289035622388184
47.82105551668721
49.86987520219182
50.948243962331595
46.04719918073221
46.402648015999674
48.590956898128
48.55531544674699
48.80738595267637
50.50886615077039
49.1937396420506
47.366632095620915
46.89992280648218
47.04573090791565
48.235845185791824
46.35199007202902
48.720695486568374
54.995857882255585
50.60174865881449
49.86734659320171
45.14703878735839
44.03836341935348
45.48368860184598
47.66877918810103
44.59448153938255
41.275879681812825
44.45075198134042
44.966509987622864
46.84561230289429
50.19612265545942
51.04613557619522
48.67158640904156
48.73899284043617
46.613189033706384
48.99309791732553
49.100391563761974
45.648401918838005
51.5630840950273
43.18256463555701
45.527998608597045
45.99184591420443
50.38014024354188
43.775262654328486
44.75198277152358
43.09414411838527
43.57624409536593
45.68518269530771
48.0115392949804
46.14162134005789
47.26407648218969
48.43268073455872
46.91733086608816
43.75692020631777
44.62985979218037
43.68940079452655
41.52135827011166
44.0148755753236
48.68899403386975
44.36789498623506
44.399306858116304
50.348862014185144
51.09920942809442
50.27502042691725
50.57697659401461
47.246629420780955
49.667912286618865
51.11395001706014
51.17448746822631
49.36367081537975
51.80572105357627
49.922125300039696
44.13780204892074
40.91674235447039
42.782305167228145
45.0981952769685
47.02693175905646
49.3923623190122
48.39110173737791
45.4970796055122
46.29346249809005
47.61702940688418
43.92738947568754
48.74591497374213
47.77498365630192
47.354880790364426
47.48329977989395
47.5471659580923
49.06854627786802
50.404369552542576
47.444078835693375
45.20909801913436
48.787195158047126
47.20107156605217
48.98548869565704
50.43817240585771
49.40939456984366
46.384553307067435
47.19373924985288
48.11122486085631
47.64637363832373
44.856156964570275
45.105200588161026
47.24894493774437
45.02781910997418
49.32389565878146
49.70444328075083
44.54920864015429
45.193211309936835
44.27102629254445
48.41844686404288
47.73539800226701
44.40401300320127
46.04267906025009
46.754994320720606
49.03828763655375
45.62035099841251
45.77625980547458
45.0324572446144
47.78008318644782
44.73906563737717
44.993814300258336
46.893022967349786
42.06287790181205
48.04866204193575
46.64341242501068
48.27852475283413
49.13187347661707
48.49228445081187
49.81110262524684
48.265018452131706
48.65927270759363
46.380268906940366
46.6304487763431
46.584777861375606
48.11032517170727
46.28781045141317
47.68904312484414
46.169522446615154
50.276625354280725
49.60910773925061
50.539846389884914
52.138281597081914
48.48828448674856
52.25434320222469
52.24578904078768
51.14169966399669
55.122017434206974
50.636744301012314
52.72451599603832
46.93008526737207
44.74558471035067
45.247426094628466
46.58526053420363
44.33781608237163
46.166386296779784
51.42499792372374
47.20356914513441
49.37692857792619
45.00380505757987
41.98500771176213
48.689420113020915
47.66788689265537
47.35312988150567
47.10591196945051
42.84974014530904
46.739919907034334
47.29307071784982
44.37605727712393
50.00534004386238
47.25337867317824
46.03742329134297
47.61917914039054
46.517920027057635
48.5307705658871
46.49547359307349
48.093500816994236
48.45281086570172
48.28491747882545
47.22972274752698
44.770840595020985
46.65717904157861
44.06076210410084
45.693447643345245
49.48550063332553
49.10733915439145
50.64221127090235
46.98443319666523
45.38354751633735
44.37040826372537
46.015672109918526
45.899056578827384
48.689128947037176
52.73851830411015
52.76788340411894
51.56446182891968
51.50146104624862
53.23846487732833
56.37678419418697
53.97422488574873
51.9333817572318
50.754470003799725
51.855435673672
51.64455633161912
49.65480409839924
49.61857974910014
50.15826658986375
49.62183761504215
45.00275928408589
47.378271177348
53.595211068679525
51.898554483417364
52.32094435514529
53.10303418840684
54.32483338032181
53.51075048993358
53.27191091967383
50.984283141231536
51.07224028675536
47.14338673658703
47.17380740242119
44.193727819127055
44.22883846147438
48.1493539752995
45.44498672799509
43.44012736900299
45.14447752595217
46.90027969339225
48.54557786624099
42.0223029058291
45.38090468623899
49.25679506319525
49.363885789984245
48.145818355133855
48.4603991675793
48.76837550662539
47.42319813651608
48.33476770613516
47.570140826793335
44.75272172828065
46.90842029585419
45.0772514553459
46.34670130380522
46.623525125103406
44.98504583769264
45.424769247168676
43.213072322565225
47.6082765554676
44.94674669383374
46.16347668800352
46.652342609749155
44.93107470828106
49.79022142919995
51.32768664691468
48.5520063280279
50.06210330202432
52.297472186257245
50.21210470664931
47.49535204851763
43.43778819670106
46.537721965006824
47.75421872654017
48.671042750043206
44.43682413233348
47.24524829551446
46.08873523758194
44.75303127885902
42.612462434936205
47.20759525264598
49.83558095955037
46.73714374609138
43.884356794621326
49.17276254858864
45.355445928894554
44.26036507521919
47.53818911462076
47.32334044088492
46.53294203844511
46.8969476610792
47.71592019308982
44.765871231610646
47.11223876945846
47.69072426515856
47.034488818553136
42.90518935140826
46.60464739023814
43.67800999141471
46.31893582763987
46.462810761186645
46.74952902510411
48.91250038024769
50.00765416371889
49.44571349426126
48.50815918928953
47.93796799309894
45.61465937424575
43.52311063733595
48.7375481359191
47.32846469165493
50.079033915794774
50.37226882394424
45.44356741657378
49.575758549523144
46.50784713973228
48.337961590721605
47.235815692489325
49.65036549695462
51.406134177280066
48.947506102242414
45.82873768359936
42.98750899217317
42.07545464125522
43.80445513935485
43.9237276036206
41.28329612290339
44.75627925222765
45.340554894008434
42.815019200361974
47.984465531044464
51.47745332178803
49.15514787108421
48.0899828996665
48.605980024909215
52.256110909205816
48.77438367321652
47.16026546858315
49.10912005187625
47.04040389820504
46.747586535813454
44.419675883845045
45.15441641248504
43.07838951940546
43.55344168002563
42.48446378013361
43.04249590632613
43.79373904099602
44.096352530752846
50.35411266040466
51.83385855185361
51.280334138276196
47.71347735287286
44.70832112997599
48.24436787327127
47.97442357857936
50.653425653479225
48.050182083893084
47.011889355373675
47.16410682911273
44.154581932872134
44.81768236173744
45.25813501793859
45.15207362381809
44.19616766447264
44.716420637772984
46.313429137748955
44.674218986332875
44.41995038854384
45.60898858459843
45.594585044344186
49.863668632655134
49.26872959540342
52.58451981962908
49.94889289428114
51.30284397771648
48.13722146472788
47.456600403386936
46.43288354105543
49.75217742702327
48.450528756155144
48.65807445831551
49.60915808400529
48.578958324408596
44.743359669421665
47.969728416571215
45.66837547739575
47.96166044855301
46.392836139996206
49.731112121441654
44.86981505396183
46.32345316406498
46.37985067290381
42.902348293143824
47.66907955299585
44.768191509812304
42.88081398856314
40.26434210018576
41.070317039568565
45.50896071746645
41.99520605208523
40.68536117139893
42.809229748334836
47.70364677743366
47.19444225576886
46.79930925298644
47.88417442510562
45.33308211410673
44.094655411775804
44.4672720259977
43.361158973385756
42.082950724187434
43.705610733367955
41.900084339854054
45.06374297079647
46.12526579907447
42.56315293597675
43.80761392029809
41.597587152444866
43.517786770906284
45.77530562877024
46.659502021256
49.427448017252885
47.525943238494094
43.746045899980125
45.56128041629546
48.235866420032416
45.401635170827994
46.239685825630225
46.09349135936149
45.10878818611889
46.00633000742811
45.02658684550472
43.83577518441227
47.34709938891898
45.76696823418522
47.43584136833004
44.58403723439338
42.88766546319851
44.417528989214524
43.627573886895924
42.86851012123996
42.482168878656765
42.79553212846773
39.784176421858675
46.59389815640367
43.81997903753943
44.450599417771194
43.62485124588489
44.64860862072735
43.61700081050931
46.04213405460576
49.452534057113574
48.128878829959824
44.45704777058394
44.46863461573756
43.2570750204235
42.43946889056957
43.4311110932194
45.49383737907676
44.98779456225651
45.62501558861749
47.00317543180094
43.972426415002886
43.917803761704256
45.56707689911628
47.40401342810521
48.65341941832583
41.96954414130963
46.336161847912884
45.9503345495349
46.36760304994604
45.37728562774658
45.22213781706091
43.64803770578876
43.14508199234933
47.14079009983298
46.67410603421783
46.67868849587048
39.64934201760862
41.7339038009754
45.94538368694179
45.49525099593698
48.09520003503751
46.46395010518648
47.564205466741804
46.198048998588895
46.156642957659535
48.248142595321426
48.262448608035655
50.35068830880278
48.85415878733406
46.28135650511231
48.319937326838044
46.778774449881915
45.333508294798285
45.67149334703574
45.60655592749981
44.955814148760055
43.07597402957221
43.533729096369015
39.235595792065965
43.110745663315846
47.08780731573005
43.34456316115209
44.404516537584406
43.34317017484702
42.33012854736886
45.70782395617179
39.45895858060187
42.079085116350335
42.55048142093383
41.47977312015581
42.63751131074976
42.28891653519144
44.69696898254701
42.639064213316686
41.37987052085965
40.97697440677274
40.59994606415066
44.53039436126496
44.017350189746
43.41086860490877
40.25398117153085
41.05058065326528
42.8242529806764
42.21257689565127
42.47205574257377
47.12005138336696
46.575323245491724
43.50333313223198
44.42569369944509
46.69052962906943
44.35399509135362
45.28358816878475
45.50681104069423
43.10912919504715
45.381154395929734
43.23928087115797
40.95294933401131
40.88530491448516
46.72295107117328
43.699882879632966
39.82322023655563
43.30504000566265
38.404513552216116
41.27587208333316
46.07971002137077
44.87713240129158
43.71734180696096
47.41526960323823
45.855231656742
40.986307865080654
40.34065963711975
41.98261301578765
42.81464971440646
41.771916926600916
40.90625841418952
44.25586409801482
44.052063726377725
41.23826472543731
41.6398858206164
42.64677267051674
39.979651200960525
43.07971865403295
41.50769352815197
45.64344510404815
43.47129249013611
41.37746679156251
44.24130171231547
39.90422715426526
42.68660720016826
41.59401744658037
39.59737988359089
43.95989975029487
45.14243552771184
40.725226577388625
41.97712950395051
40.21837330635164
39.38351372682223
41.8208634964517
40.68774372917292
39.968291149792506
40.02127424191067
41.427394024108395
40.72255474613519
43.50516369337356
39.437311339386206
42.17292236702819
40.32060846036338
45.2645150617823
43.101206783462686
44.736754197634056
41.14455562382633
42.55887425628018
41.18912363405444
42.52143039581856
42.19062177509357
39.06998286650644
43.330410765996824
43.485683342216795
42.50470887296465
41.1293504687933
42.34560726557896
42.54370223599804
40.71009503766856
39.416532742931714
40.77620260900969
41.501287281781536
46.70962481439472
43.79348809716453
42.49794710114597
45.643043918650434
41.88199307219955
39.998494565032935
38.79185316353612
44.17372697958409
40.63613084078611
42.60408589426236
43.53170191589278
42.24797373776726
42.31450311638156
40.982559075028114
40.93926135669414
38.07690866171915
40.20263565105128
43.64813797150389
42.97925634346213
38.392411069922765
40.715204819806075
42.79931874006542
41.882073335507286
40.244166104616234
40.69165946276742
41.97515629659687
45.70589152439779
39.34299321540587
37.155704235881075
43.446679742986795
41.08495100254516
41.10909878015148
42.328041909464666
38.459019366505444
39.67300061211843
42.99215943801248
38.867984134561176
39.97801311208714
42.746081011132574
48.657317336035376
49.60436189371317
46.21408589508033
45.94816043250142
42.150268236872435
42.40976810724559
41.70277758065011
43.28018839843059
43.37091498742113
41.31516790018119
40.58016745796312
37.330761628476104
38.781795254207964
38.86760744313911
40.137096679166945
41.37245302876977
36.2782063921079
40.4671067857047
40.88803298710053
37.762346308734436
38.01942565064949
41.65252720128177
38.87758071484118
41.472733776120236
40.56521315637144
39.678407225129824
38.68139197216843
39.89105411234564
39.46256930915842
40.23822283107265
37.85531421891015
41.89426205897146
41.16493455587937
41.23504898109426
40.31616843299352
41.59058971910101
42.23594334895668
42.113757744046126
39.29900446294751
39.37747138624149
37.912776528504054
40.20663958697126
41.84121395504394
39.41596168460012
40.00013096240721
39.43149507655079
40.82006794725075
40.45439504528734
40.18721639008157
41.28970728315344
37.62622251674097
42.46817885624873
41.34478198261919
37.22067494299842
39.78377194230267
40.02477589289716
40.089401388442575
39.65813110652369
40.20793759158948
39.54951011682252
40.49710225861362
40.93497262595146
40.668034329178546
41.78665390942735
41.542812083367515
39.42875237531197
39.72037828019254
36.8619448362067
39.05224604046872
39.12328880986577
39.11199881197379
39.20168228824427
41.3819546019119
39.291770940294434
41.97610265286309
38.77481808574183
39.599518888253314
41.64595466382467
42.04570459474906
40.54602764536473
41.16021214129789
41.69417682113382
41.208400530784395
40.37396552826779
42.48478780255417
42.064702823644446
45.069771374769246
43.42863959063921
41.3418976855974
40.851634876807466
38.807008283578924
39.85304051514839
38.838206085801914
36.62051284835071
41.46900336952795
40.080493908344486
37.71828641498254
41.32567308970991
41.310606527421726
40.14881282826864
39.556021695874364
39.1790978577839
42.09218899125982
41.99433460845799
44.991326060277004
44.56602813216703
47.80123225346584
43.9658222322395
43.78858260079832
42.88219605528418
41.51092477373008
41.26964144148015
37.929367927674846
38.792144336444174
40.209073200460274
38.395811187393846
39.25554342829143
42.69151630161601
41.19448971070996
42.47165749564163
41.253777449685664
39.19637039479854
37.32885808562458
38.97198109213182
39.41071966581435
38.33409428347968
39.52184808139213
40.62829371089847
39.62832517409013
40.46656503658292
42.06167657904556
39.42919770923417
43.94705463930103
46.45979334306782
44.02717448696185
39.28819201350866
42.06969146477936
39.63163027968583
39.448972723735224
40.306820035034725
40.98260959996384
41.88645625327948
43.175446144477434
41.05437943240688
42.875003458601014
41.10941228718397
39.37792480800482
37.820862732090966
41.502924263667246
39.422699319604625
39.20230027157485
38.09789739250192
37.73363607733754
39.48623634852721
36.87464828580764
40.575506699809964
41.06137372433061
42.68625844203063
43.45558986035881
40.20973375677057
39.49356270629253
40.814776978729334
42.38508344849789
42.669227455568524
37.85763169936733
38.572364604401926
42.92056110993721
38.677700974838764
39.104896841592506
39.50639728234648
40.53234384347891
39.613651671981636
41.785801789686374
42.090790586301516
40.831798260704545
36.791339223353496
37.2799874025278
39.66831101756979
42.25082536188036
39.3679324957446
41.59348002780663
41.6313710509872
37.23334319459618
39.10175685095358
41.67031737856162
40.82978513939642
40.19333842988203
42.644028468582945
42.964765562387136
42.41839412065312
40.968393925611316
40.13564752463892
42.25859103602107
43.99424281343708
42.0590336320833
39.942457354965065
41.66163539023635
41.511103356482344
44.49668826369709
44.11858649779693
41.73861967931185
40.92460730493372
44.605816580093695
36.744049899797545
37.49710923244271
41.56600371412847
42.58017235391389
40.21436328594683
41.64254581872849
39.01320143398181
42.57227703476644
40.21541650184549
42.730569636428484
42.81564761036961
42.71055727335513
42.615545226666136
43.06902607758134
41.09513954971264
39.485259434403
41.30821338774992
42.923514046727504
41.250509928267896
45.401101361958936
44.629555538419666
40.05139119500487
39.93811750489069
40.508359361105406
41.90431009218007
41.52270728228168
41.93401128240099
41.1704694789891
41.139368935717236
43.356985402953306
41.302031444690854
40.27724516397486
41.410307980697425
39.11973723122177
36.0142103531651
40.743370497572386
39.99987015818247
37.1495979347947
38.75592873241162
41.33281360642658
39.93222323674045
36.02249913918073
42.60013534732532
40.95748380966492
38.87373599005245
40.17279752558873
41.74468778346578
40.11426568274579
42.32713873336169
42.38420763622973
42.27522667931898
42.26535360094989
43.07834387001387
42.25833037378462
44.79951191273176
43.20283513179678
42.51882528506737
39.932420829381044
43.10572681279301
42.376791210173614
40.93323841260737
40.84471138565374
42.05366177134843
40.47362197581211
40.97005610104224
40.28368579570151
38.97240045906663
39.19421325176307
37.2606666604398
40.54047382873822
39.32147660706545
41.75022147467731
39.96867286987137
41.535016020029396
41.05329951715788
41.60443996871504
41.8625854378564
39.9137950962552
37.493870023462705
41.4321806978655
42.54869117095246
43.595809331941844
38.6187522895527
37.974147170132994
40.91323906780208
43.56522417954813
43.45859781341278
41.14041305500785
40.60930876369961
41.83956880598447
41.68963313163811
39.76928186585281
41.42183112603138
38.60631652065223
42.36015279709363
41.50261546871485
42.96974606107561
41.533381771165594
42.91274436766881
43.68671767012951
38.901997194229004
39.64205148281829
45.27843232732952
44.474955558804524
42.47108869881178
44.89808520648987
41.95139266133893
39.57916186498635
41.5894628132844
40.3612260625049
40.827362695206396
41.390935557379535
39.613858017041636
38.89865417814359
41.49236848307488
43.0099093125271
39.055024733800444
38.29149156042561
43.59557272022642
42.55022887314316
42.917155612647264
41.00539307670404
37.89329501695907
42.02846027600441
41.16073308629176
41.203205978699444
42.34947254323327
41.75258893888538
41.42138476196211
39.96983589502766
39.8920146286638
36.942247813107514
43.185007457534795
41.312232569414554
36.91546448349484
42.56613465892955
40.168325302418005
39.038359786637145
41.30398573629304
39.96857311807049
38.83461709812123
40.19710676082759
39.600844910022616
43.0205769706343
38.55376895319162
39.67721347552199
38.41943316662257
37.03214874809308
40.93738757629275
41.91938232540437
38.5880632622993
42.432495325652226
43.38258717481312
42.78858388285299
38.98587125823952
42.830439143957236
41.17336679750624
41.542731234267286
38.01931301314418
38.596195224951664
37.72438846038663
39.67855388241876
39.244109302370376
41.792556616334686
42.85920391486901
41.63981959509885
39.93916276340213
40.259909714582
38.070551151201464
39.57273692455661
37.778855106003554
43.19641865790861
43.92248855562557
42.3034784887509
42.07473718165934
41.245734291398875
43.63922800931806
41.49585227698493
44.359253162654824
44.54543666011563
42.375786668751935
41.41377028858946
41.672008622712546
40.953627916356226
42.78738712752453
38.27890541281956
39.64917038891157
41.14573835608894
41.22757711148864
40.15343568654825
39.738523793956304
39.63955257077505
40.75459502441462
40.00762212722685
41.491980583475836
40.456608563325965
39.66018979030907
37.35515475590696
41.66684673204209
42.86153481470578
41.440785747907306
38.77122241328812
40.74913539406516
38.27722987242916
39.50015727286066
37.75612346417354
40.55675544908508
41.49128234736678
39.54285585386636
42.76808336730902
42.93240506823835
42.596091384268696
40.45958000033474
41.743524148679626
42.317050760678256
40.91824647277947
40.775367177070045
42.15274684891044
42.30015882977348
44.41517150219563
42.82574208783808
39.93891331058944
40.100028474872396
41.42031691779288
37.78534379308701
41.3007954620672
40.58345696475789
39.95366519834659
39.029864694040334
40.7328862499344
41.39456735616506
40.412858285709774
39.95576626588409
38.319100336037735
39.114741964631584
42.60973928230785
42.03260095529269
38.38592756211481
37.99296953699086
40.84488343942903
39.45784568851936
37.80813466724869
38.50910780635575
39.68012533586694
42.99835884698369
39.76458773707057
39.94549687784213
39.55803815985129
39.13285854531371
38.52169572871
38.72800021932066
37.12694480030802
39.507528887736285
40.32796459694145
41.28299094753288
41.9114140865741
41.36481724340985
40.722177976025655
41.30238117461491
43.06222634910315
40.406086187434255
38.97984634494181
42.73512693314631
39.42284325747339
39.42445531564347
42.25572064147942
41.36018385695589
40.307782153725164
39.143647270101994
39.824921681239495
42.36379085587854
39.71776748040753
39.51630122371652
41.16913760074515
42.43626390224211
40.69030819506131
39.75928139099307
39.75881515465915
42.11301363705443
41.655842830718576
41.71826567809518
42.21309023131269
40.02239779255247
42.08301248141458
39.50017152774
41.87084769096204
40.69709439649479
40.5812695256536
41.777769372476705
40.708994123616726
39.915213411006604
40.316296755630376
40.661507167042686
40.82324462732915
39.55391594615728
41.19115834223008
37.07962285058889
39.28199414285497
40.430825916437904
39.60768011689338
40.1772264205983
38.54959743967102
40.16896708210294
40.49059464117023
42.249834025261144
43.035071800623776
41.304200845924576
44.359377405669164
40.75421494598434
42.82833741558307
39.132020392455914
40.80521325044459
42.09844566774999
42.005800835148946
41.34731760500591
41.71382299974565
40.48558216806275
39.91335918804833
43.35767850111492
41.75637452008745
40.97330980587299
39.226473124299346
38.35954943356747
39.9253237938661
38.40776425362748
38.91415351032398
41.03913822943115
40.58488245492751
38.78377267591188
40.12432555106218
37.56617970508253
39.797280598533256
40.05074213814721
38.28986191431963
39.92396437108673
39.41277187117563
40.0101122641903
38.57597082388802
41.45679217401984
41.72954116942999
42.58563548610715
41.30463868992463
42.91697245937805
40.985495958946395
39.22986205564611
41.89798222050929
38.3418172434512
40.461589513711296
41.447017040201374
41.23212062826786
40.498931383235146
40.48350132786885
39.6073579661164
41.47768201641141
38.75813245898584
38.86358027123346
39.54989904133394
40.49863813011
42.396810529360685
42.5330177783841
39.612431767358586
39.01348712766414
39.58669353201514
37.98675356288697
40.42571652242265
40.68920570454862
40.736944702476364
40.6549000969212
37.45026714570593
38.33401448435803
37.25975899436331
38.553022236844974
38.18155899634828
40.252490048174785
39.61434631426188
43.42538307721921
41.36670503148746
41.38170320044046
42.91853368175605
45.835948572054406
42.16938422480543
44.883214028133104
39.336400081339704
40.38520967568515
38.40097483887167
37.65038432515925
39.68316990160717
40.62769948429067
42.28879420865814
38.40606578962879
42.11634905903774
43.40040000996039
44.32949381051345
40.8708175424512
41.317748225789785
41.25626200842353
37.98052491699248
40.22386415472646
41.48359699631407
41.46029879807484
40.55579566120532
40.97143199542111
39.902627346147995
38.13309217842101
38.50728399529246
40.863241274230575
38.64962230159881
40.57646800897974
41.58818398296498
40.083697414741735
40.0125306883856
39.004200912746875
37.80330990812447
37.61988332632675
40.35488119245493
41.719030015508395
39.55463338985136
41.65062094353505
42.13423500862466
42.71525283297503
42.19470909378641
39.7680812281298
39.63741679645157
41.72496961969738
41.37163053829347
38.802970744304346
38.92196519777559
39.78426480193343
41.60245928895336
42.426605321452236
40.92793567366195
39.790163188679706
40.43184236329316
40.81792203643158
40.390345859750376
41.52045425839168
39.52025195975469
41.07272657511824
41.54684503193235
37.1911618964914
38.008035603216875
41.46028717924663
41.75852671321878
40.39799922185022
38.972748851871174
42.150309832040605
40.84651033910286
40.96610227561874
40.01421950458354
42.23558859694426
39.855256273181574
39.205935046003894
41.834539113396204
41.22800017826379
40.535334318028944
38.842709761679565
40.74325735527528
42.201365458834644
44.243476759994316
42.98502984790619
38.92246815107643
39.01609856964487
37.87634177320603
40.73979507809265
40.736965886855785
39.73013529496672
41.61357296590247
37.57844065404502
41.85965119007432
42.915458487904
38.65771526285325
39.21073114599238
39.78553900682769
40.704723627248434
39.63732246753008
40.434432903855026
40.183365161308366
39.796689736707584
40.03832014410215
38.50545654098332
36.90095024556933
42.50659898176107
39.55305215492967
41.38052273516437
41.71631105377657
41.89627930460711
39.318511785389454
39.01643503661966
37.81412797240941
39.65386800077953
39.35980633564301
40.2181730837303
39.14324060762795
40.72359554591265
38.608076698350935
40.0808992923134
40.44563232866189
43.1462648652981
42.223257442171544
40.008440701923256
41.26792957261761
39.929135498893714
38.84067845947149
42.52854908335361
42.651691882041675
43.781717493363956
40.24039840979656
40.97768543591406
38.15171518581378
38.92421683567746
43.100023954088556
43.780885065016044
39.8323846178108
36.79076216027469
41.5732053129596
39.43286298884988
37.921542859744775
40.47030641690916
43.10183423588676
39.95063079115539
40.760528664036016
45.03614272096924
38.65959182370062
41.914330571810005
40.786351379449655
38.86726770083576
41.06097690503151
40.774114091909034
37.772277943651396
39.65429200052942
37.87373277090193
39.006504434717854
40.12365500985481
39.05262591952871
40.21913394431275
40.378532026749845
39.32297989755675
39.72759101317522
39.90636067267535
39.73654879687892
39.57530241120516
38.81877258069412
39.972493038476934
42.26968552023736
39.465833909941836
40.7503490626245
41.01552376154098
39.257330366789375
39.01958883924453
41.52163702418446
39.09976477700759
40.405544511063006
40.69712265093341
39.84123720299554
38.93326274945816
40.71474634732899
39.92227609419584
37.48673288532482
37.08466809058883
40.668314355527535
42.71877221239656
37.81668413136638
36.66157775431849
43.783657627465544
40.47448213360109
38.03271762016984
39.883185395976255
37.56134744778521
40.04872116402932
38.41432463427267
38.75873437180218
38.92108129845503
41.64197608351074
40.767011067005235
37.88489046321153
37.98307575011388
39.95705223900494
41.582516237013785
41.576206862588116
40.181466006771835
41.41201942417164
43.17347352024115
40.71513887674983
40.402274397431356
41.44426726503287
39.217725094360596
38.80626161432676
39.29218293886164
42.86481698928843
40.01533405853394
39.70720415900957
43.9039381037155
39.938459175950264
39.542364233589005
40.329505892951396
41.173015464700846
41.069686318235235
39.45399025238555
42.89985824479969
41.353540477926344
41.707752034214245
39.99298602811226
40.91790420690554
39.782405697578696
42.37788115340711
38.694032407657566
39.64889906488551
42.37595934853043
39.70486608834788
42.170926145184765
39.98547132327524
40.47359307708396
38.88153201684027
41.110532933928745
41.734038649453126
40.87198704397995
41.99673178130746
37.72593976193485
38.834149402160655
42.459729869463054
36.899943911470224
39.731789323725955
39.4477210147202
39.00580548946651
39.687744094800394
39.26419499350786
40.69620868644859
39.089486213074935
39.92736632118939
39.46316239774753
40.90436569684073
41.2125113564022
37.68516379745026
42.32679160889296
39.15625398784548
38.063995445304684
41.19219268963771
42.247563893294355
41.22937191053184
39.88844262610002
41.02396964253837
42.16536065267723
41.70015502709972
45.097503865738574
41.0911010048616
41.65479782172082
44.16083955829285
41.606773996781776
44.67679669330395
43.120469666682
46.498829404642784
40.882964743559825
40.02124027414759
43.99607712826689
44.182003294563785
41.12323354799228
40.15320651726284
41.64405884071341
41.332955608131925
38.816254743093346
39.147153826118206
42.00963312489402
43.04495256514423
44.242979367808275
42.03858072854362
41.96884290109794
40.69726463386157
42.04313098181452
38.165781579796075
41.5041183176517
43.81298423613303
39.35764623557694
42.26180261845714
44.0111361809544
41.03932672424965
40.43050067139256
40.95672268041895
40.60771455503981
39.23898771668155
36.70986940386468
38.96153168914051
39.09642244392489
41.87401924994703
39.80448600678232
42.19547038709892
42.60160823671584
42.9925645331865
43.392457185930105
42.664341786312036
41.78716894468049
43.2642500939249
40.17477546992252
38.97446836193941
39.84578886912731
39.95367931525783
39.38220278525823
39.39137272838953
37.17259067536677
40.201083388775395
42.09585293942544
40.12880739683778
40.07314465501628
37.266690959425986
36.95360997831912
38.82158263448847
36.63876442724554
40.63774404205982
41.84965837121083
41.245138833868786
42.53292934663285
40.644681780334224
42.07041364603207
41.26251783704473
39.459656601584896
37.47980587481441
39.382299076375396
37.267653332498725
39.54315011853074
40.166465804198175
36.86553540061724
39.39413365702254
40.21709306301143
40.39802032941434
39.33536517398544
41.79857630962344
39.65327274145043
37.52675812627555
36.96925883731317
38.38703704815611
39.0651263098246
38.19612634852235
38.17616815472656
39.81958069569967
38.651531851302664
36.122423457971365
35.84980821558134
38.36058440527648
38.98158049447115
37.46221071747769
39.699370976085184
39.84891989734944
37.52358577457046
37.29641716133061
38.67583608675839
39.03326941758401
38.307751105947816
37.61641696762442
38.72919836512238
38.29911961526815
37.60485011344294
40.21476704489412
40.43514846521079
39.31438127387084
38.167312082480606
36.30711470895491
39.066232547778235
37.708202828060315
36.15073323010859
36.233426739072975
37.7632260381543
40.30142179316477
41.36827998314926
35.245996313836145
36.22621648610739
37.280885171309954
35.658682491460944
37.70735654090628
37.591728088231996
37.542780535484184
38.56025331388747
