182.61445820549181
148.4877801931439
134.33962099391033
151.4728796717133
139.5531889265847
142.82830282488206
128.74888328127375
124.42575039626183
135.09808705988067
118.4001353049301
115.48782481751152
122.33864837646394
135.27018829466422
126.63244263873543
111.01559164482967
111.96353060597816
118.92906974500737
132.5880509845865
114.43167152267164
114.0561440722712
115.445426005184
123.90452796289635
105.38433274224502
105.60640750758799
103.60746191753644
104.64893048591289
121.77768458534798
117.31719913547342
113.2689712066202
112.64249005393398
112.42772078770913
113.23480491734298
110.44713456431657
113.1470503713793
114.4230281480108
106.80993686388027
102.71208390775656
106.29007869247783
126.61907252818396
115.99581911695375
107.98997228305804
104.20316786504199
108.41537161757988
112.97783748953469
103.98830474655878
102.06442996160312
107.82743349393252
112.38932277346045
111.12136145453151
107.38689970251227
109.72658818020129
112.44671850526363
105.04029220853751
105.6929765960825
110.90469582207137
106.60351929110202
105.52655419030289
105.02001250134715
105.32214500953154
104.37218752098619
98.80574505964563
100.54416292089485
111.30698226019096
111.00127356780969
104.85339013866975
103.44637153599633
105.52830240521979
100.47435297767672
103.24560191256009
96.23302330266655
103.18260475840518
106.57177718918996
105.34698783754615
105.87022269977169
100.81745785782023
99.22651195812574
104.60781742517388
101.75101443216857
106.42453442072292
96.03128799198139
102.78075072997716
107.06671169074362
97.65961121324854
102.53400739833023
105.1269064366161
99.1822367810209
101.80304433522586
96.7221274606349
107.1455737859605
107.09705618760526
99.23349077134455
102.2203034459194
95.55830351467266
103.42712246193759
104.52220419722867
100.54489446678522
98.93830118612783
99.45139109954576
108.45749752952258
105.063732222513
96.69887251678567
100.32871671046634
102.26119401679829
105.3033650483618
96.32337132460954
95.33283568888572
96.98868954216451
96.49742725805227
102.9241117572421
109.41533336584034
98.63217959750375
95.64458586653666
101.30282795259575
100.65042223161548
96.59853472919717
100.89385496987336
102.17960786240319
93.99929022137705
104.99329409318831
104.03877628154576
98.62549606134701
101.60684100071038
101.30131289717437
101.16106276003083
101.02107293651119
92.20833117571647
99.70756735398213
100.97388140814694
96.70209958788172
97.94982277612289
104.53256203763347
108.11745476691267
96.47193952418829
92.97744488554456
89.0615478038726
103.60391915888277
113.32367340332146
110.19519265040654
95.15570627155616
101.68194483781474
106.90207937220045
100.7450937955697
109.1714391132391
102.30248364274944
97.07703781275842
97.38033634665746
106.5276749341458
103.98869021434497
103.77847618771361
108.2036355176326
103.05877190998726
100.45215741953268
100.92237597814682
106.71527255606685
112.30113545973705
93.3598486748691
99.99473851949985
102.80155023467219
105.16459216627813
108.10766505350773
102.97544490471033
99.56544554843755
106.16942713047054
100.41636369980772
103.10995897256161
103.0833257495869
99.36033968247979
106.68093304285797
112.06108818675298
106.74345343565822
91.75615285027459
105.91340949726073
105.41111534308838
107.04466876083457
96.38050719583207
102.42034444782263
102.32938359660665
97.7427269942904
93.36865015367209
103.2894183604979
102.20573340634877
102.09294260651744
97.01260699670871
103.35233894953544
102.91884555335928
101.04376695332734
106.63145095526093
104.56779762589316
107.65452588452489
96.63117780550213
99.14723658558285
100.61554799403427
97.32697132021569
101.58988517707712
100.89590892592146
103.9698620744092
94.4690963071572
100.98478097277086
103.67491284049294
97.02102634617512
96.17287272782232
101.19953428098037
111.806262457663
96.79423155816018
101.77000846307028
99.04021373440096
108.28881469471304
107.13253397085482
96.78715573582323
96.93760193812291
99.48260657872669
103.63986178003586
104.95823366804741
97.49056911331755
102.63711882739356
98.71584668236176
105.16888752842522
106.17533891681899
107.74815140845548
99.85092606409997
101.99756426242169
106.19548212614187
100.81297883478699
92.97831414261076
99.31644974301484
106.67146080583258
100.4558519732023
99.37868727780864
107.47058477823386
103.28515810613997
95.8706890747283
94.57915248774003
98.8089404535441
110.64244930765551
101.19252161624347
97.72848818904356
99.98711666121582
95.96602560779883
102.71377128877106
102.25191285910556
105.22104023780074
96.9243963369558
101.3322538220177
93.13605100137309
107.01830382040626
99.73423103043997
95.07127607245238
99.24214069495909
101.66599116962205
95.0820177042387
98.00201510812563
97.01403159038459
104.99531750727577
102.62436159800829
96.18847855876419
95.36800278477996
94.64414608229288
95.92905084258923
93.5589677018581
100.44460020792827
100.84361819098632
101.32736100641668
100.62308745127353
99.83072560150823
101.57473005694939
91.08880747080988
97.58933303519701
96.83246554390261
101.23333886980389
94.16050089483306
98.36228189824156
96.62987581400856
100.58974371788426
93.86626815196222
97.74969227862968
103.39224879367117
100.95063838055907
97.15845352758147
98.58178983174956
103.9580995626222
100.7767749552702
94.76712522774316
103.20948302961924
92.05359208772767
94.01009544350373
96.19283124635493
104.7333745146211
94.45387645052391
88.01012382263933
94.4725699743913
103.89209508667915
103.60409512390244
98.42601131257969
94.37334737898404
99.78092896242926
105.19783236774556
100.88715221087256
97.00920223917747
102.90580204533919
96.63626863026177
99.65952114318601
99.63649861150792
105.81534590206647
92.00642159195525
103.12460769422961
105.6656536842073
99.37270574004663
96.4615452987555
97.5033846007405
104.3909519231227
109.3876320455559
89.46046653991509
95.71333809613395
102.46912479839582
104.89893037582057
95.79088795738895
91.40739431433298
96.54099071886847
97.41907992093599
95.40674978306893
96.47021474403762
96.72946711644904
85.5028237203168
101.9779510781288
102.21745936285171
89.79887158385165
92.68012636438372
100.32929167978163
103.17073415421993
93.70622749020339
92.73841874535822
92.14219465189774
101.3257321517379
96.45756644203844
95.42431310621033
90.66420431331622
103.48767761213334
100.15884104026976
94.57214141452921
96.72053735826017
101.00997949384897
96.80018039504324
86.02705449258434
81.5681353343526
97.17799745998418
95.81589624254894
102.07294135711119
90.63268118041101
95.91121422738335
99.22582945598585
93.55120745150855
96.41507172657533
96.86422606027513
101.78527985882896
97.17717142828945
92.16875007100457
91.60877710516019
98.24264681858938
101.44657022053681
89.9255699437601
88.28579693203912
106.6326005678597
103.62822217241514
97.13098403060029
87.54618190546371
100.52405481711929
99.99321565546819
98.71679750429887
86.82714699414663
92.17218401172536
103.1183286253791
101.48645239569183
91.19364390277988
88.29795356144393
96.1081053937798
101.31324500333261
94.98159362045371
89.5693143920067
95.26600201287751
102.83838418461234
91.99351882646395
92.54577835288626
89.8922035122726
98.98228917094671
89.66320304212019
87.30059449744513
85.45340304386362
89.28115013642282
96.1446804572023
95.57589599804541
89.2967141664139
92.10366236376407
96.31577718800374
99.96601045797026
92.94895262993953
91.56907701687786
98.95426360482547
90.28120989038892
99.051652694601
94.68356128843676
96.23640062863684
94.70956016026248
93.80821354128855
102.39693625625681
101.15568591498717
96.86994618152278
91.09859278454776
94.2900559179665
89.83216820677139
100.0832789152466
90.04152340383726
94.14955335426808
93.49605827448691
97.93380269940762
94.11700938347752
95.91862321524873
97.67917842684633
95.89776033979165
100.89720183289919
96.4217326819584
97.29320991020529
91.90419871354169
97.89079846652075
98.46030745742829
92.61177888246631
91.53240533413413
101.69263980482596
96.24235815081224
90.30945832293291
101.18726462621369
91.57369237685242
87.73083745731498
94.40248803365925
91.93751780737642
91.11970766365559
93.38151532832771
92.74796571750845
96.82065123541328
96.09607145677123
94.01048519122938
101.24434409088488
101.19801782967626
90.57936879108038
96.92816005958173
105.69051895931035
95.01010867695717
103.0915441950429
90.76181613148714
97.81533021589394
99.87863852173963
103.04041881234657
96.59008428897594
93.81048996056819
104.16347538439015
105.11880063070599
99.91262181533386
92.32883627233768
90.70043811255127
101.87526131092673
102.74419182831825
90.95071834781658
96.5546926259662
97.0497459129843
98.12000459036439
98.79027549888822
98.72625473797547
95.74040314493544
103.49747647988357
93.88758700483476
93.73106589645286
104.80785685912895
102.86994031477329
96.33652431514275
93.8569617186823
97.52612775030956
94.23553743053358
97.63280592820581
89.04175427106615
86.95580737365708
95.70727373742601
97.72634875428744
91.51521049953902
91.42412601817159
89.15176335167403
92.9563733430996
82.99736524008837
89.97494716042559
84.28107045481792
93.40811430610118
88.90343284328006
98.99443510453126
93.47856708737996
90.92527755130283
92.14672298038029
88.18705564569906
91.4252793524065
87.21332521688124
91.81630121738482
85.8597375572054
93.66569779547815
92.70148520200387
96.69429776816027
84.61243722436892
88.22366496699539
94.6429866802012
97.5650752089802
92.98103986991391
86.25699529458379
89.99623854287228
95.89479929329525
85.6327808698035
88.3292365209326
95.57702462243365
91.89093728946031
87.15169033517105
88.05111443700531
89.50870565403687
89.59773077198842
85.39828401528092
89.50123653700875
90.73428145217837
81.4254884603563
87.21713036686302
83.38884757982098
83.44711183524876
80.44273586213627
88.45152724597322
83.93067615962498
85.7033857122249
86.01390689068604
98.70189900832447
85.29958743390394
82.41434539860856
85.70703348615216
98.05117734460774
95.02630384213371
95.0360814115648
87.687759361448
96.41861439834629
97.82403673501001
88.71379737109652
91.20268390163353
87.30364339755943
90.2578456378606
91.1306753390397
91.18749044871409
81.22188851077408
95.24726461553482
88.80707566001816
90.20989086719595
89.43784315165394
93.13487055731817
95.34854773155337
82.76876589993658
88.61846720811272
85.81603431767995
86.53992569557255
88.29202374974471
85.69655870076882
95.53433335185815
91.82974408122983
83.77653256802171
84.26039394994652
88.38816337237948
85.49939261415076
88.23459119062554
93.20929075963393
91.95875620605096
89.72820562143694
92.59267102698081
92.091997701621
90.21733279577839
90.00963674443021
90.17724436282168
95.19485338859076
97.30155730695274
88.57967679954416
87.44660691663735
90.38001075799491
100.01083983986565
89.89481947061788
90.77042347754293
98.52283818066377
98.70162655175174
89.29615691579393
95.43792840919149
95.82221148376924
93.10982593337732
92.59988684099146
96.48530881360686
95.17491020623979
94.2892562971674
97.51979429732963
86.79065932697748
90.22826932961054
89.1424177614796
99.27032046930881
88.84617880745594
87.09311709644315
83.08613305517503
93.20112900969436
89.76155342554257
90.60098014948431
95.74223817280075
87.55569505361923
84.62233159490349
90.8329919578366
89.74361054040082
84.25627618552599
90.79547169314161
88.32592327384549
87.23553857239746
93.43691998191822
95.00456268820973
90.00572011035723
93.12205208339545
94.6116250515093
86.35212027375127
97.00851118758865
90.17034280547244
83.45056008245348
81.68281210270497
91.98589280162909
100.76535295374879
91.21407941368051
90.33845450491943
93.2325401638364
94.01490420566115
91.669777463715
91.05111691564721
96.10974371680426
94.2185220787025
95.17200858343408
95.02981097960162
92.06113474512036
87.0336213593735
83.38708458471409
89.21572282840333
93.55029351410977
94.71550128029354
94.12304906563897
87.93993531245174
87.00567605991273
95.70150423368355
88.1333180421313
87.77860490529571
91.70678886764705
88.87636792459158
96.13051005500648
88.23453164117403
92.14234206055859
87.88000869885484
88.69681914745142
97.68919799165228
93.22761274476412
90.5607208262688
91.8088422992534
86.30167180736258
94.29437801090965
93.20785264256126
89.87353265491225
94.8403436635471
92.21736166978152
87.43197858685318
93.08872337415109
84.5388460437734
92.26086846556166
92.02129725425493
90.31151528621817
88.55916935195798
90.64604083922775
93.31587550549601
92.10876208488007
89.51190895673784
89.78582704365114
91.53585789027453
91.0730857017823
92.47865560101138
83.42798660756536
92.18038053044768
94.39416213206005
92.65723032722306
92.73361217577055
94.54840902835629
97.84974794602327
94.76337765221038
91.97195333682184
87.66955155739424
91.53485379611439
90.97537621451164
92.25752703484996
91.1719694361925
92.96075973972937
95.42529392360275
94.86790220322361
93.73846767176333
87.15753036084075
87.89564449543555
87.81327487036178
97.36390367773525
97.74433276755681
91.51326568110892
86.02024563418726
87.90713161052184
91.15307982060214
94.73003681379156
89.5421785143059
89.4777608840819
91.23775364631217
87.17217845483927
81.54542949022628
81.12615978667662
90.53263478090031
88.2295635941515
87.89434679475242
90.17898637346603
102.91069205164575
96.89316641895786
92.17684962397851
92.93984782555852
90.29653314474875
92.85854411317396
93.25606544179081
94.32554403979483
93.50931060776482
92.20019471482479
91.93300260696857
96.82085197012279
99.32503257855893
100.05336849619957
90.33103539468556
79.61234329708839
87.04059282456143
89.21451935580185
94.27842820862381
82.26481331813012
88.19954923350797
88.87518804344727
89.34298787115672
87.98507957333953
86.86313317808609
88.23536279826357
91.79879890069553
80.9576744201812
86.49637723313226
98.42674881318308
94.22907557090014
98.40029352098153
86.422884986045
89.03070082277566
91.60350635444526
91.3378713321537
95.74342034053912
98.08577179940865
91.62884221701283
93.62078248919163
89.80339926995818
85.27836006013793
94.27909133808589
91.31523143526769
87.08860532616265
81.000739132829
89.82485330145106
92.07908316751347
87.44332360930024
87.52330264903607
89.3038238400446
84.47043024838408
82.88166313662676
90.03530917831885
84.3757905226585
92.73983317470382
87.05826142868118
90.73272017003906
90.60435432584252
89.70652750986613
85.85557056385142
86.49403404703774
90.10460916554257
93.86188698309967
86.66287992689222
89.49009542821996
93.12770680229423
99.1723731236768
96.0379089115984
90.90570257258986
89.7370643346382
98.06120173509186
100.92290899993027
94.93453057956295
89.92868894040573
88.60727705983103
94.99581818304301
87.42312395586472
84.19801151891828
92.35961020397409
90.81713262941061
91.36377739774332
86.24701667281629
88.61404918213259
88.53105125762039
91.28413423657192
92.94036058544516
89.36567155671851
91.5514565897844
92.08674279212403
92.1585261304473
98.11812677329313
94.47383805595192
96.03236457125047
93.57671296541474
93.32012616274842
90.16113102014462
91.97853198075016
90.54109905101562
86.9416481114355
86.04928970446515
93.05337450935512
90.08235789255141
91.13551333259801
90.22150154386628
83.16346260060081
85.98544382264298
97.2070894866964
91.34684264999294
95.3709609237713
96.46818450696811
94.54436932644765
94.82676769476333
93.10322069289948
92.85819337289831
86.34979991675552
87.53147484838748
89.83944829631054
86.64989715971986
85.83176923679692
89.44648106056309
93.1492259084111
93.66316842696956
88.29861759078344
92.96232507892677
92.17949425385082
93.6435208900716
101.33670376649748
107.48468414755615
101.37445909261089
102.84373098254652
103.22513369682794
103.71362171036985
95.638423949403
96.94558139401389
101.14798706222459
99.87727913799996
97.48829371265771
99.60051308515493
101.15448384240648
91.24620147008696
95.53462361118491
98.62052639673806
101.69179460355893
95.48310822075
96.04435114511747
96.02963979107489
93.8482745162317
97.85156460370392
97.49442980404307
99.88109066524689
94.03835826999793
94.9180580887334
92.12336622444623
92.40392007020468
92.879524030244
95.84704897764058
93.72408323054853
91.60107928973572
91.49526854028005
94.25025619148877
98.08863424385775
97.99010935178147
99.12052444092174
101.12356768616499
100.49408125631297
99.01609446560528
94.9788985565614
94.21982350890111
96.13240415045485
102.102730865543
93.12756815653204
89.86628035312711
96.72656612294752
98.83039274943876
92.31182806883744
98.38964865498507
101.26786754508755
90.98474620438446
94.83903921422285
95.57193296120306
98.84293308505228
101.90609270820225
101.47186708360408
103.61056494307161
97.62840582138637
96.61757405893742
99.20988465868129
95.50639212088373
102.37666072591679
92.3655996266994
93.58979101153174
93.35972107549478
94.14732308192781
92.8803334282387
99.75838915569933
101.59689159374025
95.89043983740129
93.35248518369878
98.7751059446154
102.4171705579626
98.53553643887564
95.0744749057487
98.32514401100993
101.33882173265395
99.15039349484447
92.92486271354436
93.06356350780108
98.8916913057584
93.97920363542012
99.08099354500195
89.84081361088711
94.00545332167303
95.01799717491315
85.15858349609483
87.19737752308029
89.43925101806482
96.5810113329703
92.14355370131008
100.43780933448586
96.9370702970363
88.09748094914943
90.14074317129935
93.63560837024357
97.93416729101835
95.99346151777225
95.70317675449002
98.22266570526959
93.0577184496967
94.20336549830193
97.32738657402555
94.52268320030733
93.8376365796215
88.6420571765673
90.47964300683256
91.29055956792858
90.67874601311728
93.29527352079263
94.80651423272171
95.70999648029827
96.16373430272388
89.69402237123639
95.41015356573125
94.61440046285692
95.1143154441733
97.11587164515015
92.65246061584028
89.53857136653173
92.76337807669948
89.35625602147094
93.91903093636618
91.48609140038667
93.2316348205616
91.01062692180675
95.52479932929063
89.46840358172486
86.65695700547256
90.16798420385385
92.02028903412489
89.24194116594421
81.76889546861229
82.75615719060835
88.36984186260737
91.14016654921298
91.95335103179417
94.39335594030524
101.30704619458557
101.46161389254175
99.18753502301107
99.37944556306036
104.7565840046815
99.7209231905817
100.62853244081751
98.51626350683469
94.8293068023942
97.24748612508407
102.50035270901304
97.8472484470722
102.7236991441389
100.24488950343189
94.755165659972
92.34841046821653
91.38903576385945
89.63064305462314
92.23713400674929
93.01456617239396
92.46239587360306
91.20725695632458
94.7403307542148
94.6348854110965
99.2744197153676
93.9225999614676
90.81763198250408
90.79101471833972
86.94701950808431
93.90533974113511
97.50138396424744
93.06084197114946
97.12058298863317
97.87567497379749
95.05703969262647
92.95563025416122
94.37582500724085
95.4792410238481
98.53478656590246
97.09295308177153
103.76896474414185
98.41830964423552
96.13828574206582
92.45049934504789
95.00842921153755
95.62976554356317
93.78936291050037
93.229979275066
96.1458392244871
100.27147939485265
101.48346825078588
96.66265743880166
101.56139259382064
91.77487761318508
91.74198303903006
89.24125570750351
91.31280648550921
96.62340001034926
96.1236197774977
99.3781893211713
97.61607280592078
96.83203439024958
93.0266619565687
91.34097751530075
96.27458550993951
99.03047779649944
102.71109247380792
104.48227807183223
96.69729574943779
91.2625549966492
96.41829228064002
98.97703573412582
90.30263426162814
90.94288560968315
103.28481559807726
104.6334315280147
97.37083767899975
96.81847352154011
99.74703172686796
98.13002514571389
94.04555730974042
94.31869375752557
93.30338944397933
93.20183384632382
95.46409168420534
94.5318368100239
91.012834821389
87.14169753113976
95.15436278760968
97.7086691425604
97.36631390146842
102.42219016289943
97.30170783363843
98.88281116543578
104.51130247458177
107.4293775982462
102.00843737211639
102.68049887275838
95.30893462252912
96.56397236025572
95.47154302232994
95.19616058912783
103.43229637452781
101.22807899584517
99.2910994123516
94.61746390352945
92.48731295172301
85.6298013527758
93.01854193561542
91.66496599863203
88.73088733398896
96.00331722954674
91.57528933587972
94.76958179422118
95.172319041687
96.48745995302092
96.38668689232775
97.94021197949424
97.99366729421075
99.01514995480083
100.85730158379349
101.79905215431113
97.26495925307103
97.34944210144022
94.30110297769184
96.32928986797393
101.51774945426793
95.2221369541463
98.02549605966657
97.03038884939495
104.41596600324723
96.72424826260567
92.93421716252512
89.3216127235157
94.21731744577541
90.89189741384378
92.02141061797084
88.40373729665458
87.37338690983027
89.67598956222814
92.04081409752519
95.35295107607868
91.64585294091079
86.94659915330045
94.17660169586954
97.30484839661423
92.06970906873659
85.89227531609257
92.11859041254066
92.11743931958821
92.22071745668545
88.12310925639558
88.45649160734851
89.33793116416138
89.25939356396754
92.01861833254785
88.37033839505354
89.06769399869198
92.22005561827696
95.11476523753694
99.545772258586
94.54139814524682
90.74319637790042
98.60488568323983
98.39059749737143
92.47773630473358
102.21459117805861
100.21064175128684
94.65298791275283
94.63419092180882
91.99380868524244
89.71749325910791
92.04379395950167
97.3057551300824
97.48907449364698
96.12623066546931
94.57711846784427
90.71283389027828
94.24512421631174
91.16191997016632
89.16942412000245
88.80413392665436
89.15600130882969
89.48461247060973
90.12490034493754
90.79061355957202
97.28017843476675
88.85407375636865
89.81395388688688
93.76800208275465
95.08372691747729
94.7614075318748
88.94764696299822
90.47300289673181
93.71033742042809
92.85348836780636
94.2367537003698
94.7337054955347
86.48738465326329
83.11290285957517
89.56277486240961
88.52411919515518
86.38285200664659
85.14499386162964
84.30932532971059
86.98434085471916
88.78621435443735
89.79008308302353
88.88001034438659
92.85481679400262
89.6490172714633
84.53689939912387
85.74956673007138
86.82594512366711
81.39665136464008
77.93496151609433
83.29164338195591
82.62668681969416
81.95659332885582
77.736026308583
81.08485308805407
83.67680720389014
76.89462302352584
74.37707406368736
79.7089361245695
82.88795292135376
83.3089149691076
82.19917489676442
82.66071131377703
78.93442711644266
81.93242885224313
80.25708748742372
80.55937863338676
84.81842692923694
81.9317254794945
85.75876528599227
85.24248418856041
81.24975625545326
81.98815412967966
86.06253931209481
80.71573582825043
80.59165726974088
82.07474991815772
87.8000769739314
84.95812102364555
79.89390976433532
83.53095873683405
81.00552581330922
77.0904921268293
80.96856746978112
83.07944618640452
87.09310472038483
85.89290183139099
82.52016958179014
80.081283478858
79.34476693256842
83.66366042670091
80.39690329475414
79.85591623111634
77.45582542004246
75.00124894941098
80.01325689226405
77.10761583885714
75.43840557413756
84.03404607018892
85.03885531216655
78.53194133474634
78.21712365801885
78.73373663322309
84.54648965617926
87.12150323455307
80.3134412893389
82.1497516893116
81.87963609338172
82.60517430738342
79.13978812589477
80.93875795367877
80.50283143092662
83.50110859770135
82.70719078823699
81.22163024799569
76.50148085971989
78.35752962265336
83.34347421948384
87.03379027865056
78.6463861618528
76.81597960959499
82.02928831929268
82.91902715590336
86.02446930100105
80.41054590163189
81.2384265216057
81.19176911601791
81.95228880449291
78.22190797362026
80.36048708172605
88.58727182830191
81.63072033057666
84.44368740952679
82.62986655108358
84.24696351760714
78.2478851080437
83.19848996007684
77.96480036737091
83.53603197962799
83.26204044449328
78.07608102904305
84.8538613611699
79.05618956387788
74.4025671491345
84.88301169493283
86.32873859513886
79.03141876328652
81.66719503656391
84.00566152965943
75.06150015392241
79.80544809598678
81.54516769991253
79.79108140259065
79.7136478760281
80.15291974577764
78.62075095053909
80.83336017583127
85.69684865550582
83.7543372904671
78.9302445812649
87.69259647525489
87.8601827480363
85.63485551851645
76.99670515647654
76.95199896498735
85.33176635140316
85.38381072006734
85.33387892846692
82.68480371265447
80.34560686735412
77.90690458489215
81.89851091247866
81.45728325024565
79.78955400521332
82.29224441404698
82.24958349104631
81.25135716525652
81.20956805083065
85.45852997210054
81.48660830595644
82.11217351274361
85.53519391051746
87.59743542175217
83.02082831059168
81.02493777336926
80.21568348334254
83.82396401054571
81.60121311758031
77.97999418827554
76.7468100165879
83.04939903696044
85.4254087895773
80.83727073808508
74.14707991385144
83.53322247564014
82.13433587231756
80.17281297150956
86.18240455852587
84.93753558348897
88.00357565072073
83.74647116847045
81.76484231388484
79.65109613774425
83.27971478719297
81.92505447846594
79.6540091614073
79.46871257614181
71.18080396982981
80.66645380227743
85.26460468203695
80.26613025421793
78.04713553868626
79.68561017297621
80.55866030529376
78.18519033969292
75.81918658943619
80.13681638073245
80.84585709476633
86.09398409078405
83.369730246697
85.25511592972398
83.96658102099788
83.14642779912792
73.23564850143963
76.25471765807944
81.35413061145653
72.19743243958638
79.51493494753078
81.01077390618838
87.48820184053513
85.49319614514903
75.33706390635125
80.06396729577956
82.9263152031886
84.7000437394441
83.76145157289102
87.81673970333927
85.92234653695883
86.41003307794792
86.57050794579872
82.6757630537239
75.99931365540297
85.19370176877159
87.47795888039232
86.86782934133016
75.99461401614293
84.41481727447399
76.9829143760996
81.80930136590405
83.69078809732201
84.94035993052377
79.88766945198995
79.52071287382898
87.10285012356573
86.38472640846959
77.88554322266569
80.56195479529266
78.40998903569141
83.89753807946596
82.29071094126085
74.99031869847029
78.9072773107023
78.07291335454237
79.6371768145856
76.0025677139044
82.63255159269272
82.09452170896272
84.90666346147773
85.86171577231582
85.09778262380195
80.32821722313727
83.03655547603259
82.73641545951101
85.40476217554635
81.852775157353
86.5238557854457
91.77483048345528
80.95763675580159
88.90042438115147
84.88735879599373
82.60109861655692
78.9758267304967
81.02204981337353
84.06772021899796
85.4292619017524
76.3804505240439
75.1182961731755
76.10366038921097
74.52449703905181
79.5029982723632
81.43851841546473
81.47154916212664
86.62331046010615
81.72775356671426
83.18521136885305
77.56246467351185
88.04155707883896
86.24590027022175
86.133461084506
88.13647763815821
78.94900451757574
80.77757848061023
86.84893284703845
78.85106205052419
78.20730558519828
87.90215613721666
90.8473162359754
85.10502827836348
85.23012599164369
78.37656837698017
84.64915704903493
86.42590708282674
81.7523192621559
86.09105731313358
88.57230604854831
85.72855687365707
85.14130162552749
75.75798365162566
79.68757946066043
79.72748831542178
84.62859433049672
82.88115977099774
83.27533071138572
86.27365192988258
88.29421138583996
82.75081551301714
85.99478832990728
89.32416250374658
90.58987870974732
88.95322740389024
85.23897758151782
81.49571921427216
83.76365677879593
86.1255837650214
84.58152621509772
90.84189900780453
89.97219785105892
88.27193425091896
84.84249635354358
80.61217646609859
80.15285165558727
78.01395229538637
82.37032172092027
86.69344932841963
82.7484321383973
86.45607157717146
89.58570645682983
89.42379319844427
86.84786241118898
83.99937356565441
86.9946219498356
84.1269309046947
83.29739666697111
78.27509205730574
86.77698098883698
83.09021715544466
87.40363711728769
84.99243066598444
83.37324735018612
79.6723489675384
84.98724077039995
83.21635714803902
80.12258436233594
80.04763425371699
83.09025136432943
76.19120766050395
82.7452139751786
83.65298210742353
80.72546404552186
86.79922936845705
87.53209242642387
79.59560838879281
81.60784036121157
80.70965095614726
78.97430327904826
86.87227679578037
83.82972063882855
83.6615987957496
80.02338642522422
79.95389957373371
83.48290441021622
84.487820580722
83.33719636556108
86.65249284543265
92.12865399011018
91.97817696037245
88.34722382015863
88.36793809061055
82.24873126456916
79.85440334412047
81.8498901764086
76.69107037063488
80.82817033968614
84.03479629092507
82.95054853290272
81.02554380124255
86.79623142576857
87.71075446439038
84.94621585643945
83.72084187561991
84.2751338747757
82.94046705470983
80.29969721197266
88.28712825901505
84.02934653009567
87.83111584311803
85.09649754511639
85.46111646553709
82.02198065829323
83.9682829084041
80.22404611678922
77.27608107408572
77.93832325726557
79.3215987415847
87.52103589501039
90.94621670002265
91.71894557003895
90.53760801976685
86.0359595946838
86.21946597743086
83.02521609565648
85.74134275522701
83.67165186568099
86.02348018050034
86.55444459452208
88.83298227585576
87.04101786579615
90.55313690421306
84.19996617470593
85.74930697517738
85.85467533180773
85.91966879028679
83.48683296876996
92.13859123004505
85.07436207094034
86.49609945585044
83.93938667044932
79.86714888375109
76.31847664462191
83.87498673915809
87.72638161618664
80.09055790263858
82.99276820254428
86.79024400600548
87.2921959121944
82.52269517165632
76.01222715638703
78.69182667729609
83.43864881375268
82.76024659730221
82.5114564039016
86.50251762258064
89.66294321187465
88.57372333470879
95.76544594187573
91.78134026503831
86.39102690131304
90.04117605044375
86.02831586065557
84.60640262929952
84.96353984713419
85.25690680974719
81.51346799720397
85.13165913444038
87.03290085046861
83.64817731112663
84.16631030074136
86.56971601403876
94.16459477805995
87.05736611704961
82.77374539388371
79.01416177899947
81.78456631869363
76.30259194161228
87.67615639836283
88.03684057169791
88.71756973193007
86.7282966921121
86.04394031355372
83.56578695852458
85.76519862651206
87.17255239803767
81.51341687118287
84.27565510894944
86.47582692985237
89.10082024683918
90.90212096775691
91.40168780431286
83.01598043520171
83.12409733855644
89.5284891942386
85.4196680002477
86.83396534646161
83.88869743815233
85.12532194401149
83.8701635679706
84.21659283317038
82.27295294335963
84.16175340081469
83.85661117713083
87.35952105849569
87.50191876324712
87.77931110903508
88.36845764997226
83.10192365611769
84.4727837169642
82.56837928864832
80.17508889311149
88.85984748665746
90.56367186638447
81.91704399047623
81.69512784461044
89.31867995089488
89.18990793744362
85.32231088135974
82.52617563999185
82.90354080226425
86.8920120701884
86.32340424832674
86.93185845113872
87.59091854776852
87.14665465062522
86.67310939595225
81.80791692755857
85.46680813992931
81.19110593854151
72.53024023523524
67.15277711102108
75.23361867512718
81.37489855853819
70.92288516756032
69.07962241843305
75.86063659245356
73.20794017721768
70.04844600665882
74.33551564130414
69.60120756978678
72.24965715156311
78.33483072774355
75.5538029780834
69.61553436247709
70.11784529467671
82.83965154112234
79.07634479266721
70.0981374228531
70.5159012356722
66.91693600964162
80.76198814704709
77.75927578760552
71.40608140645305
72.36712471549146
70.11293025432279
76.44898445976031
74.10458519769917
70.93599776052713
77.97312418517795
69.69596390517731
69.99263606502588
72.51355231712665
75.14668602964711
68.61378830560298
78.35355709655977
78.64537692706602
67.2021223181135
70.0159387707245
78.53168188356999
72.16987833017299
72.85394199800027
73.3531552151954
72.94683267305811
71.8305556944838
75.14989683759477
82.397933199421
75.41284475202208
75.98094101225662
73.88439978735032
77.7748766598031
78.05450934514096
69.23681951600359
74.95213267796426
73.56649133639739
72.35972131504819
74.40646108613386
75.73746315115157
71.33437648515589
66.19791028231872
73.61129464807613
77.02808823086039
77.21650537527786
74.24141235646199
71.02950022113995
72.5676425414286
73.12690707628582
75.8801431458019
71.65901596615166
77.91488742098872
69.13283182637502
72.70325036215074
74.15451743682553
79.72204235868989
69.05524903131757
73.42271339392747
76.03091720250812
75.8531465219281
77.42678902915448
74.04084079454672
81.1784736534052
74.06198230461261
79.25983000299274
79.73094448373433
78.2414081182323
80.76918381170934
80.26882942026536
76.78412037162056
80.06017796895321
85.46539876598226
80.89267366342715
72.67165401761739
80.02740261098896
82.26541792749671
87.22069506837856
81.2123030847576
87.48883569962821
90.161100297978
88.2177128741278
87.36883799841331
90.94272938499167
93.77314613671152
87.12302008725256
85.35564811206957
84.94882201051165
83.63006317815794
87.27881699290451
86.47924581244635
85.53491122424487
86.08125889102382
84.43774310515676
92.70980964702197
88.96294372295525
88.46026269750688
89.56449099411357
92.90668031176536
86.24923129091042
87.79428954379921
82.66613195993551
86.67630509525665
83.35599534963232
80.47861575172203
83.84673911292215
83.48894074033193
85.0137940762746
79.8562605825396
84.13716488709167
84.90725312706542
81.3543861019698
80.96656578074504
83.71585650157608
79.29348605659152
75.78526731020773
81.56512026381563
90.43383678455223
85.75572245969164
88.79500344670407
89.66490952489093
88.5755202466686
84.85507774479923
86.12240542720303
84.91788897610087
87.63592099206191
81.14128660715093
82.20967504868818
86.00959824694965
83.328502056756
83.28588957118673
82.81420021871756
83.06927800118825
85.23830685647128
82.03775722877849
91.98441587607965
88.14194155466521
87.38731983350591
86.04756600957774
81.7773737914999
83.66472853727286
85.86171725917687
78.31290774065111
75.48250526759296
78.36806721770694
81.76164278972979
89.2120615780506
83.42459450452017
84.3275468818552
83.98090368180725
80.13338279587201
78.74370927043331
82.40501017005786
78.98665705078443
82.99115551193107
76.66830879090047
76.91096464986074
77.52665634895129
78.26895344798103
74.3422424381717
78.68556100078781
77.01659781067156
78.96964479988512
76.14623406696832
75.48219446623902
79.26219847817865
81.58620726408365
76.15968869634216
73.45354024196416
74.35185714774614
78.91978210237238
75.69292491952005
81.7763949392854
85.1335082923684
78.34396650106892
77.63004098406549
81.45402585472154
80.56479813556398
76.223238404518
71.71764281662107
77.29691112942109
81.78941245395447
76.05444129328491
71.74026619365382
73.74691149983151
75.96063207304806
77.87008743081185
74.23623046316602
67.97648714148346
75.65201550940706
72.72121052371139
70.05834535272348
74.07379870616406
77.26479102892782
73.8922659191795
76.27134136966241
77.73638428364674
73.39441855873496
71.7325410362887
69.46431646842238
79.59341893141689
76.79236957322618
72.07607407359737
74.08636542130911
72.95572909105509
80.83033610015119
78.01249839128444
75.52652452943687
73.50326441601271
77.17931512593482
77.14893858618541
74.12091739577676
80.76716135483957
76.24660188415953
77.00851416856132
74.18200978111562
71.12257666641291
73.32980498465835
69.61728472426245
73.97995890756705
67.29306447208499
72.2148938320332
69.77667260093857
70.17773397481436
70.02672465496082
72.29857655553168
78.12984005049117
69.27719831507932
75.41916720526785
75.18655682040878
80.72450628444011
81.07304553280446
79.88303179824145
75.59613280657847
73.44538725354052
77.47987501809867
83.83144690211103
78.90138355119379
80.12530076397681
79.90663785592838
84.6379198517908
76.11317508556654
73.4646809844299
70.68927989199
78.01445270664038
73.4551711389376
70.79959002910309
75.13486621089571
78.07534319421032
80.79796591769987
72.02634429235545
77.32625538294349
77.53063851054732
79.44144394220783
76.36577197918773
72.73231360328813
68.54376784610581
71.43533310683908
70.40654751718388
70.11158596155019
69.39724499572287
70.50295097194113
66.00889070054022
71.11773000591575
73.99397841361578
74.27212664711782
70.5566544234079
64.991593620504
74.8491577384807
74.8695597563152
68.12837682583847
74.92716227031895
73.41430605868196
76.8524964560332
75.11354172503802
68.70720519843638
70.828923943101
74.97304855540969
75.15507097115722
70.16750949081471
73.61074545578467
71.28148855010915
69.5372223549842
74.9128743320944
73.40484191143123
66.52378874398744
73.51282913485312
76.51627544784618
78.90970220474581
77.26377361402403
71.72706375448819
76.39255626458821
77.85356207474779
75.50969771214373
65.79981650750679
69.37850211596877
76.50796316621764
75.46124276822508
73.51581604259654
71.41961895385391
73.05990598489906
70.77685827797724
70.1932975343263
73.57910650789029
73.40773122641485
79.28517474080337
78.03800004481621
75.26751267116386
76.95425755429122
74.94350854713862
70.89332883965496
74.33084612878842
76.13379597581634
76.25945976269844
81.52394099143743
82.01948753068044
81.94107177802846
82.83145807029712
78.31827193064035
78.0050016239719
77.65766318078981
78.81481700251754
85.6603069820242
81.91456603355248
80.86498110894934
78.51652635751076
78.03125843602986
82.85154491200105
86.89520491823346
83.08168934666224
77.91618730897785
77.04744240942206
76.31880948711685
75.93455406607949
75.0835457212638
73.44435115585567
74.27070346773145
77.55859061693035
76.71790073709451
76.79336232644476
78.39960369164302
81.20375468761483
83.88096378603721
79.80775164502339
74.70495707792628
80.43416994762501
75.47583575165845
78.64094592254077
75.63698842598437
72.8772759344627
77.34377523718595
74.84375064989894
71.38297733763824
77.9707328198646
71.60268028912716
74.81809701687388
79.9357268735741
79.15144492999238
75.60623213522416
72.90759476015356
70.46198624553797
67.7310523967061
77.11559050533405
69.4246395688255
69.52497648504311
75.23564632760286
73.50472060716874
78.43741070480868
73.9451579398036
77.23763486945631
77.29608242665073
75.19034738246118
73.69755839452073
72.09373399225773
76.09169509400935
77.26862022615816
81.83891570593569
74.79075644335349
74.33456440659512
74.1044875296326
75.13074689200626
73.92357678066162
78.85134447515762
71.72865693200897
71.82827323095229
74.70616272938061
77.91722163260172
69.28546904981692
67.2666738125946
78.12193637976428
78.92504265898519
76.90321980235866
73.89402079487436
69.87681976142699
75.51671004909097
75.80662703723776
74.25351394793915
68.57677671866352
70.21053853006164
68.30802480890276
67.63083979296815
65.92469788461165
67.18393804392619
71.72128862589247
67.25552286027502
68.61654827241954
71.45416241863218
70.94388581457528
66.49894334576875
66.9590885648969
71.78455800454807
74.09285264437776
73.17933945048699
70.91023065500025
76.24091093529792
72.94380041515801
73.67386425010174
75.13518406373603
76.32510837111215
78.8143182902127
79.7964068044945
71.54379555523288
72.78122458012966
72.99096562032972
69.14219706703939
73.6195032033683
76.8778791471172
73.4211889701402
74.92079294840569
72.44848643452707
74.31861894690644
76.55473071070814
76.92819791610543
73.94636516418477
81.34169235810928
84.26661314980079
81.27200584586788
74.94897011526888
73.91167876742529
74.35804735794436
68.91486649237096
68.8951046311312
73.59752577214945
72.31960898596436
71.15671627133834
76.2067811734944
73.01826383391023
74.9386735505828
66.31462088859637
72.57150683561076
75.17583950881675
74.98683136616141
69.87560318287346
72.23347299064372
75.36023645964985
76.31073030281942
76.97502329713166
80.38667785834876
78.23724658362862
76.18525461499642
72.81086776827325
71.65996518449559
75.13328494526267
73.81553793580251
73.65060236627434
75.90945442375875
76.3270041168037
78.71058321096962
86.32040886920134
81.80826646303359
84.55420068258198
85.18033349521643
79.8311535152178
84.20831969510047
82.07091560916712
79.24472978425881
77.06834409125076
76.68039721100106
74.59557176582076
76.89536348530771
77.44201657183075
69.84533834254238
69.28439487514807
77.43279579157786
72.8444951827767
71.35303842394937
76.065831425542
74.11463117988413
73.22201855257116
78.99962820662111
71.12831333955015
74.62398827578413
72.81681463892718
72.91512807169732
75.52115775619659
76.94898225906083
72.76763374207373
76.63365814730835
73.09981715050537
74.55441350453508
73.35790575061839
74.93629157560734
70.2059730851648
73.39636582777757
74.64363132813354
71.71896854396681
72.39795693683402
69.37202245738261
74.09324178212368
76.7471033560536
71.18550872338298
68.86422002857397
69.10929746255555
68.19725248625656
70.47625966576281
73.76899782649456
78.80026926003873
74.09215444451398
70.7281304476392
68.97749751969454
71.82218491556246
64.78114857606393
68.42708688058485
66.55880250520532
70.64288139571956
73.26757007819396
74.18046967378454
74.60800570365755
68.74520455303697
69.47920430721769
70.03076238037161
73.08158751079478
68.61855803670488
73.82203852304413
76.58839459493902
77.75563369981883
77.36383239071489
78.09461317660487
77.97512140868584
79.01504565419253
75.98137589454416
78.92910917281834
74.91084153419816
76.5660408933409
72.25209649388275
70.98619182121786
68.96786388410304
72.40597879409395
68.65118750617175
73.05051794549418
72.97703545790564
79.61652070448697
75.57519137137726
71.73646417132345
72.86634781216529
73.100623335309
74.50948433213742
67.29351013309359
67.64092092128438
73.75647160931662
74.19315254266368
72.96022118314742
66.62603001101512
64.61410822904352
66.76083916888378
68.15160331462151
67.34356995528387
70.19042946087482
67.7876301384537
71.38211873951964
72.16311755525277
68.38021861434906
73.35281798503445
73.62348236129425
69.8847598263658
77.83842365130353
75.50663578148014
67.50538690104558
73.90698015811454
71.74897964229844
71.52180548924261
70.23710949978918
74.93802110076487
68.18485864971244
69.38083668314701
70.64653192987159
72.52624465483152
70.76585579466045
67.49849189434958
64.24509644803676
63.838922074038
66.4399782977037
67.51395072974651
71.16215626729944
74.74675620647523
72.8869105399129
72.30605567311378
69.77412472633854
69.30974644640278
70.34002799511879
68.65454314804838
68.98544650417192
71.49673467954888
66.63197100611156
68.40613365840937
68.60455652822476
70.25078190273564
68.3771785805025
75.42144056706148
72.17278438749186
68.76227214511331
68.5257593478279
65.92005082402106
69.17444099081378
71.10749554655992
71.58690510907647
68.66577178155309
70.69934313570276
71.98526615914186
73.59582126813243
72.14833144954626
73.0726091780891
66.8744120560834
69.07378559122832
73.0139699190474
74.87099746066083
78.38463470660832
71.75537224645406
63.42458422370568
70.65691956492377
74.9874352074456
66.11718441917041
67.77407158461233
70.7534188086026
75.7315562550029
81.26791839997686
76.34520978456885
76.3546278371933
68.66831566668554
75.23411098428346
73.19235530526922
71.7979434700833
70.0875298849243
71.33375131013156
72.21430018452766
71.48434402730089
72.30960720942093
69.4627512268266
68.13421101570961
69.17723183713555
69.97329632323458
71.9578064538512
68.23108612843964
68.79393222967154
68.78486003800082
69.4847226690816
66.862180296372
69.18744424353753
68.1852980688793
68.13409804632525
70.40549872167173
69.91470918803815
63.57742874142774
69.5790193927606
70.99005703435205
66.94559572387105
72.05779585658289
65.46338131137368
70.04681413519154
71.41252453488383
68.10504841149076
70.80874900538964
71.91113188509343
67.10458751588878
64.70262001852862
70.65280943508657
70.66501343744498
71.02172766185473
68.31584433482939
66.64816822376471
67.4600519187478
69.24997174016453
67.98412298797093
74.63241569870243
71.41494983881734
69.1210394294825
71.04582489236482
76.29925050109301
74.99596674079014
67.52548817198887
70.66831978782363
68.58551037901951
67.10923025207907
64.90180652564524
67.6311184867118
64.75167024154825
61.2501784664865
67.08785688660222
70.97884490755877
71.19044336355033
64.26237877204304
62.53669210974172
70.83611198815593
70.51309944741632
70.9878847577433
65.45077386311957
66.32355523294189
69.50811634114535
70.86540894103122
70.57979187639835
73.47445066021143
69.9422343627373
68.77721766892893
67.9156931756347
69.37558696208123
67.5051450057134
66.60727142976916
63.91041559382813
65.46772559668194
64.49625351643436
66.66713605572659
70.72806641715454
66.74725279226944
67.71670716374565
71.58462981884117
62.41987513798842
64.54029093237607
69.5712984616744
67.2750753318786
65.87045457270443
66.18618269824434
63.98690621601941
67.47628446085581
69.9897835243407
66.01013523200807
63.39553843936908
64.91471920646808
67.33135974990265
67.5892777092479
65.83927857841955
64.81518469564166
73.2128424903999
64.90243491911372
69.41790389000599
70.0182774972001
68.27170159059537
67.93576247928593
71.81569777357271
68.84414159224823
63.90040558748388
62.08120042030677
71.87197206265041
63.78650928646699
65.69175405449211
72.28524288167053
69.37880109822748
64.22848649205794
69.27456679519098
66.81666903289032
68.17128598983545
68.73597964228404
67.77792019604422
66.01057339978152
69.84926135489971
70.43185924738356
70.23222577175079
68.97955931559903
65.59928414481827
71.09191209976649
71.54718840789155
71.5845657288672
69.69977796246376
72.13385476435735
68.04202447714562
67.9584902714899
66.86821379576075
62.243290954630595
64.489306428598
64.46719022190264
63.86709474680368
67.59312588448527
68.80476262946281
68.94741039452526
69.05686265187809
71.04322740589015
67.46085303221157
66.48690609235214
68.55737992672128
65.54007378040278
61.26529024538977
68.21061418167366
67.85919589288216
69.64665966864574
65.56993206469559
66.88338453416073
69.76356999246086
66.58069823617286
57.37986271803515
65.70233639153433
65.71084348924289
67.06744003663833
69.7890950277842
74.66107909062941
69.91036650982318
64.80267065709236
67.58249973364836
71.69908611813695
71.81908747435264
69.39080159204286
70.77058092894329
69.57931041929842
66.39651698096121
65.82754575667039
63.387818393173774
72.91821398997699
67.64964934233605
69.05867966864835
68.37699836459677
61.23770642403143
66.00183295723403
72.19308456132211
74.47963576507665
77.40556343548072
71.16131869426759
68.91628352634775
61.187572522541
65.06779863273312
66.11169793257697
69.1254588437645
66.34086173376711
70.11991904375256
65.2935626411115
73.20230596372626
71.5021409112679
65.77559553781596
63.59652336492662
64.82164902641185
63.66183061296701
65.21958640397165
65.85283261256923
67.57257194515586
66.65775427184366
74.1282400983759
67.52225611944506
68.13071036426872
69.83431593507981
66.59035412895399
71.21815070099514
69.25918628701695
67.79443229745338
70.67386809379339
66.22899387661067
63.67466258713876
68.65548340393119
65.79740652793325
63.76631211254428
68.45450623450319
66.13182108397831
67.1195777512555
65.48524816666468
70.77193651378566
66.57305662406581
64.10109968019223
68.5154693850335
71.36448578482994
66.2464217907418
67.55505709779924
71.35017763942547
75.22738733953123
67.66592163821015
70.46675964040536
68.22614317403846
72.04794515552902
71.50741769385367
75.97085992543472
79.99720917338223
75.88036909118154
80.20692836352251
75.01568419209774
75.84078890636181
72.49259608544223
77.21031291215974
76.94845137327394
74.18621873730378
71.38221330681382
71.8478920164485
78.20995100039706
74.79905106911183
66.852208851847
72.80248494719096
71.9385807227032
71.41729335283931
66.41275568669101
69.35880245980472
71.18801657760714
70.94650208038111
68.44093807265327
65.49552867353377
65.93264185617201
67.83095053560888
68.12631033949046
68.55996717089333
70.47011668390637
65.34126717689766
64.12087859297611
69.72366872434414
67.08239835028513
65.50278693971364
59.798141733062714
66.2625803347319
72.84421408222903
70.08103649904217
71.54131941898936
69.41086816231062
66.86181514161439
66.54144703018807
67.06614049362139
76.49505052873822
75.01442158914429
73.10685979200082
72.81892914582737
70.893734293793
72.97034807233089
76.49996417726119
75.10845240202543
70.67751980099325
73.61410907683518
75.96669724426548
73.29204461389253
68.32550777640634
66.01579200020338
70.74029245676722
72.64466482685336
67.0215102168522
70.7895801822632
70.68553408293182
70.07530824561418
66.27949728870779
74.11717300635596
70.28180039211254
71.27033078851414
75.16590944598768
77.70491504383172
72.74607342722014
71.69770169409901
72.96339783652377
71.61757716391658
63.173376103794055
61.008996148897886
67.33909783894116
69.49352017573
65.74414274789356
69.45483397358417
68.08741860994625
69.21665415732461
69.6816598686622
68.29999278314568
71.36061326816657
65.26470960708417
70.88976482374794
71.9518817159489
66.72331565682231
68.59514748180953
71.15217277875982
69.27010378529081
67.8109918500698
62.022677181408525
70.01487295873008
73.31614899594564
70.10611412231043
63.248654059232464
65.27773777200603
73.67143510926785
73.33468299339803
67.22873374013894
69.74443318022455
69.77524749320665
72.11709445378384
70.3003468377695
68.75538247926525
68.52533620229164
69.92451661395258
67.11205990521944
67.19493771801278
65.00374369083563
68.59192180977129
70.12153625422258
70.96222334314412
70.28842508125113
65.97672515917577
67.44282280419384
68.12996654911218
67.57100117840659
70.43879052831615
68.91314331573722
69.33230992072167
71.61837155902857
67.03162911301895
74.00172451017957
66.0350425311395
64.00849432895008
68.9897548064939
69.78293135246345
69.54721649276756
70.00799263286767
71.39943577932326
70.77977747331151
71.60962517146697
72.50638146402152
71.04564769314803
70.32834538749354
73.53561149625278
68.36832306227946
69.03941114693707
71.3573488614043
66.4559390469009
62.2068639802913
64.33357944764201
68.9612953574093
67.6080354307851
67.6948889148405
72.36206973109343
72.73583137604119
74.94481098676671
70.87541692540464
67.75767057147361
64.95406431513062
65.71216223014136
68.94090782350627
71.65196710332584
69.20812412918353
62.27356934567235
66.93761126386566
64.29861715474973
64.95666460665024
65.55563795291302
64.1406778001984
62.45500799573197
69.28825988840177
64.07411890581999
66.21009621146688
66.22627656336368
69.42985350368618
70.12449245383922
69.51338802089217
74.46818486561767
75.11675650105103
69.39934255801532
66.09654813925857
67.12436304240906
67.33201029797243
67.47147112110791
66.08872063933775
66.41004195544272
65.77735663760015
65.98122606821504
65.52695022230199
66.1746433343215
71.17924310029406
68.28490002326583
69.44802914785723
71.39387106779634
69.12019429668278
67.13062770516345
64.30449922488866
64.19346699244693
63.68953711291305
64.71085490631141
67.87570722812767
66.5146718075357
66.21625455258035
67.9573155151251
61.6566210315448
63.769746763453774
68.32248954276919
66.60127979641157
67.56662438916112
72.23218675183851
69.39206887253717
65.87792159153788
68.798260719034
72.69550623148409
69.06774660102377
72.46539625788937
71.0064667599823
65.45043266446952
69.91321262220988
71.59719554052067
65.26609175903303
68.57879435218034
66.4286004201338
62.644992391253545
60.84085148125282
63.31444467829501
64.04680888999498
67.21517012619644
61.103593859172285
56.76638030160635
64.40902810300717
66.5214474060631
66.91935719072738
64.51006661223717
66.90541127466555
65.33410791251633
71.99120459468878
67.82474735654054
68.2899649308349
66.0226883826797
64.44958231868999
68.28656722973774
66.28610340611813
62.750721101447624
66.51353667353479
63.420161566225886
63.563220987154274
64.28672477062628
67.55839816424329
60.047888948979924
62.66454076975953
64.72633653731775
59.18537126146549
64.83054115834965
64.77791879289934
64.36749564824314
61.189148764549515
62.790564375411265
66.78882167536278
65.6361707117173
63.873752554519236
62.1604010145672
68.73063781176378
68.6122562539527
67.56379842839443
65.19024965241671
72.27334751348437
69.37304210150788
69.18178371317383
71.49510806559012
71.04801489985255
70.04304649466786
69.34171184990109
72.2725521770475
71.37046189539844
70.89072903858803
73.85055628902005
66.58823052585028
64.52826093201512
69.66694067922282
67.01567599664767
67.78224754357068
70.4879367710082
70.68316960694145
67.24920180631538
65.67416033262994
74.1324490177817
70.3808961074173
66.04638142949786
68.13064718408528
68.9736475971176
65.29475238040538
67.46176361428167
66.78629219052752
69.38734934465343
65.24258516297732
64.64252259185042
64.90963070926131
61.9944378367117
66.62708226856851
71.47055969143015
68.87614321594202
66.18857399403083
63.66606155173262
68.40984798274872
61.01939853471579
60.40409528061595
62.72324934168409
63.632116440188355
65.77518341299402
58.66013234746401
63.415945645701775
62.75876303506551
59.96079250178318
64.8863811089614
72.97996829984922
67.05161729115105
68.9905475541229
67.81556091050984
65.92314278051616
62.64474772532249
61.255450425514645
66.68708032085713
63.51027505624912
67.61061314500799
69.47656909192267
63.72442418360895
63.78490029526965
63.467345086390715
66.17193220034234
65.30526291178572
60.423724496254316
64.73556670868784
65.54570457372743
60.778168766674504
62.875513548793585
62.93202021333075
63.244826573880765
60.63409444351997
61.51775351226597
64.17093517104833
61.493367729281815
60.743772153085395
63.12014855932228
63.8689098674534
59.797754713493134
65.4990318304519
64.07557196028583
65.25617602795248
68.61518674654748
63.479391683718305
64.52332153478102
69.19274831948734
66.95729480226797
66.84825173526889
69.13996047120341
65.18693076079917
66.1063180476587
69.9148912477
67.03604935481545
65.55852987740711
67.88462812044331
68.37623516247919
65.44952045843539
71.1350336019772
74.11381443540543
73.70576775241449
69.13865980263944
65.19133619717324
63.10112309759434
61.08882514974912
69.77926790036209
65.18961844514789
62.84584440961643
64.66930300452799
67.73502856466163
61.28841479079743
65.34650953654562
68.52166593481991
62.19293173599079
61.820613837067796
64.19377737021532
65.42193188434892
64.02187738078892
67.2249226582735
68.30561323161015
61.54990487696368
65.75894239477539
70.57002413526823
59.65709288835731
59.8478718592735
59.77645133520148
63.66609342387951
59.48984936829068
62.616606588944165
56.18495767211604
58.247999256218215
63.104394400498784
62.29584655839735
68.26015147929478
65.80888757785944
59.925140681848006
60.49230919593811
62.98779656971335
63.739868615815936
60.582026571321215
63.45693631965258
61.22374781897527
56.860884166567175
65.85442810984631
66.52138727686133
63.28652705990895
61.25070802856849
62.37159191374105
63.39735714620467
66.04352240341032
60.486662077263425
63.661807025804684
67.51598308664558
67.66444085905668
63.789003294600974
61.82688015219558
61.88933111393316
63.72828305739201
60.06127417797496
61.937825603795574
64.43450985143734
67.20606752870242
64.71052840684837
62.659379972825235
63.88137192893083
67.28561320771696
65.72735295344201
65.45103549938078
68.01413050081737
66.87057801279725
66.19234311024489
64.6444998945415
66.9155503408561
61.82966936506691
64.3189060733415
65.8770545368092
62.30487782575519
63.89812083295185
65.63149836737784
65.68975384356308
61.775860382420305
61.75251121026297
65.35648788337552
66.41776651443305
63.29795146334744
65.2485774540352
63.87064892602899
60.52878334380934
58.90747012870777
58.21759710270901
58.7928303319834
60.66544728140639
59.54942060824085
60.37703210026988
65.13039942360125
60.6017685894513
56.83082712487774
60.2946982506134
60.85567053759716
60.05666035218636
59.7218441488892
60.14130633055928
61.3395182397839
63.16197969979491
62.61017890876731
64.16315575873861
64.12571257108108
63.695921744307505
66.88175835876451
63.442745038686446
64.31452320707963
65.16104369122787
63.28798421337797
60.96102925160506
62.28120170900681
60.5025248968081
59.82487393828802
61.446441947215405
63.10980817232863
58.66552261214999
62.07871667594314
62.81526759061005
61.184911998486534
57.63849208145503
58.187053777289655
61.88203683028916
62.61613228322612
57.99336356384819
56.57223142041494
56.29081981769998
58.17081661083372
63.26129741123256
65.0584018770971
61.398607297854376
59.52549935246543
57.59485320327411
59.06379953537649
62.36323061743895
59.65033631773751
58.59705400378168
56.60771321994445
59.03975399342266
62.61651080868147
61.33893096607666
61.12198406720121
67.20817049054533
64.06796646291241
66.21687915531919
67.13087681681417
64.91172708726636
64.75112905813518
66.97162107584997
64.10726143873119
62.91103102156232
66.29228096014486
68.53175541929016
75.26861647787415
72.72719245876165
69.04273687024684
67.62995728611578
70.28587464030456
67.20457373889582
63.12682833494753
63.18953702473085
63.159197922684996
60.91688909982501
64.71890399356502
62.3495054802654
59.146682663786706
61.24652159317917
63.60865163111846
66.92066869219435
62.60637955553746
64.66680364951375
58.92533861438669
61.22860319029498
63.62058046278216
58.70557988977759
59.58865314918155
64.91406818687302
60.63007286346838
58.540703906792544
62.1613621627415
63.973383821622484
66.15805917662216
67.30280056504976
65.0497351077732
64.72405400777369
65.64092780691303
64.95467883586134
65.04847652715648
64.88337465762424
64.30228930566149
61.08349640391224
62.27319178923553
60.41203882506624
61.44438944537855
61.321578138538534
59.202391406669655
60.147971747213326
61.74328690368998
60.988243726575384
58.69545951752153
59.96253594404924
62.77345424477694
66.22125720673863
62.83047922239557
61.81126652201753
62.9417326343316
63.398534359935454
61.38464547509103
61.6864695478131
63.56619090913266
66.89717499081154
65.27551545778593
64.88283291365495
65.26487352956718
63.01543128919008
63.25924346497306
65.27177144885155
63.76239706242215
62.89440091746311
65.75260631213943
63.1869073429069
65.08352311004639
59.88204291580411
61.43345065594822
59.84205445684289
56.58059247452833
58.09417981247901
59.42164952602134
64.76864019373346
61.60388362762398
64.34707284119526
64.81677503259561
62.34590469155358
66.82397862637103
61.83893971760271
58.59241772211229
60.52773972490147
64.8356124655464
62.722705664941394
61.379579963504284
59.07925220590593
62.58909233641536
61.49639684254124
63.43807380573416
64.51261667601668
59.476308357046626
63.00448024984681
62.445713746110215
59.111306140884174
62.56281247215751
64.4531007431528
62.04612674846849
60.87199330849663
64.5139110845187
65.55548014300051
62.79703463474487
62.163865625207464
61.797030355244324
65.24480584775881
68.55602192662155
66.61445344512406
61.98080049524576
66.15292171316003
66.0440668375902
58.06797805629334
56.171442427969396
59.497207391002036
58.45857732994786
59.28390706167387
59.1156870173892
60.610229947204445
62.51077265557101
61.21213116809081
65.64452119651527
63.10795721774652
63.169768180585514
63.41295843785532
68.12834436821483
65.57342489486221
63.70690408693264
62.56593487337211
62.82825179048713
62.97094809403101
61.80521525735241
66.93002958969355
66.67420438324245
66.31123630476371
63.22294753594274
63.807979478854875
66.63229725147141
70.62884287482393
69.83996582572807
64.61278860250559
66.10723586802033
70.12352865494235
68.55434412529246
68.7777800644519
68.04218567004018
64.3740470427413
64.32987726985327
61.21575187069332
63.42017210665781
64.11850166614121
66.25256168442273
65.03035350954123
64.29215669474596
60.30150105692792
65.97603978217786
66.75175681226646
63.91697168525785
59.92108042264313
62.96601144083712
55.557566563125775
59.11728478206233
61.56425932046998
59.927776602955944
63.362484603627784
61.93608943777262
64.88004533295035
63.848778755791024
62.3376849394148
60.342356943365395
62.380498231728055
57.40017735407609
56.68064142944777
59.75208311326357
56.036220327441896
54.096425559001815
54.949866913912814
64.54396182952634
66.9340586336304
56.910634201853014
60.870487664606856
60.02912090543048
60.82507413328354
64.81760291909774
59.30293010281505
59.14369668078236
62.539495398963574
58.88663705326614
58.41941687427757
61.85051452463265
60.35145528938917
56.80039377339179
58.242373774619544
59.50617705411667
62.737927811991
65.1322048228254
57.70108121307066
60.223216015015204
60.67628911816102
54.50740380781197
59.667905427784596
62.19538494785139
63.79322622456309
60.41709633084284
62.26500112234813
66.5910936617863
66.45031889973558
69.24798354791929
62.51936358462026
62.12876887379635
61.346188282586915
59.79619658329113
56.82988421988979
58.516282314835415
55.980577630961925
60.161278415777105
57.87939305111553
59.227265025935594
61.92768720515694
59.606525617428254
60.37175365462209
61.342817716741266
60.35880200237496
61.181446650435376
60.91160615514766
62.90684562995222
59.12610313698064
60.03653321342458
59.14486117986271
58.08654758014995
57.40466101081821
57.43361961631872
59.2904590969968
64.06500888860108
60.636645738121445
58.35924159897942
59.23493740916767
53.69815075941544
57.859518913020935
60.58657870805744
58.13415074193079
60.10614717820048
58.46349867238987
59.66634800614547
59.43503676581576
59.272678855196126
64.5968983134293
59.012962250204694
62.12036035179755
56.75802240465299
60.77458677381944
59.818652493998094
58.09914378498771
58.78404265404668
58.12758299750085
64.28766493144825
60.55342131828301
60.34489880919432
62.46317918421369
58.62705731755601
59.89523816399637
59.09978574187595
61.587457893077335
59.0687408115166
60.45360952934827
63.06769066506983
60.901303859633174
59.20094030577155
59.01197954461203
60.80300260608008
59.51561367848468
55.20556629763771
60.82705736708983
58.169398591535625
60.09304312999434
58.61433398382587
62.862962284632175
60.112291590062085
61.59563435429001
60.814693809194665
62.5033378900537
59.93564362208308
58.999693980380286
57.27620743403175
57.99992244919778
55.51733063093184
55.55691162135699
57.267412554270706
56.60702919432557
64.989241139261
60.145461390581424
61.05916955178851
61.96566596189434
58.54977218763468
56.20948992885318
62.16980796268856
58.739924432219944
58.71782649231447
58.219595794004434
60.576571114267516
57.54768742984438
57.31449634552704
53.14607983994477
58.09401940462134
58.91400072256588
60.270098974068226
66.51066221652789
64.20730731909845
62.01476939994889
60.56385804654636
63.98016659554483
61.21430977465385
65.42485686125414
63.37944743990835
60.19242217930242
61.183555447322085
62.52510862356677
62.46039417697215
60.24486450956547
56.22067682916131
60.142148847052475
60.69127583307857
64.20568107809119
61.786474891231016
58.287995854325274
59.72378798338958
63.858701704518346
63.987623263632265
65.96609939471578
66.46014502073473
65.21371235543268
61.70456761216587
61.32873260241169
62.74019638753968
57.37125915808117
57.68822472790145
60.55927595583856
61.60376387320914
58.4845590033352
60.32904583996213
62.20610660157616
57.36758980699957
59.66528164093944
62.082725315247664
57.02342816797874
56.29370121834063
56.40830306309424
63.43996552797188
61.837374877489204
52.979902094936705
57.087707165595255
57.932602262233885
57.36910164369938
59.78123293321681
61.23794547574394
64.43320628221777
60.82309514103953
58.452660752490864
61.9427536440354
63.57004104378438
62.780945097871175
65.00795015497165
65.33532074903263
60.82496242246183
62.87388829799901
63.068066787456445
64.51848689770713
65.84523065206835
64.57242126025966
60.35488732418213
61.11180952962562
60.73262480371464
61.51881272782212
58.069240892646675
60.05123023619668
59.99931444251886
62.05862090694704
60.48840197986297
60.73708098862171
63.30722003162542
67.57295290557039
63.034020634781484
60.54858506155195
66.09987869478678
60.87312556009756
63.34912520242446
58.30742674082326
59.30544658141989
64.03641385248646
63.776432450076044
58.19110707761606
57.67599702992367
59.72143217729048
61.64951852008182
59.25660361596604
61.01835966756637
61.126150580084555
58.446677647943986
57.37660072795792
54.19889896757618
59.095212821934474
62.3956874592256
62.896912802953956
60.28939511581175
58.353179143540665
57.94202133823459
54.66818362482902
54.54942092034029
55.42057985163673
55.12801764862938
61.11105251670899
64.26107674753789
60.92266083171389
61.121083357508724
63.153797202080526
56.96510067191354
54.69658065221372
59.45697503663045
59.404047273340545
61.64830058723746
57.59942392430882
56.817729029578516
61.362562629223014
64.20898708851112
58.852810040483654
58.313683013127644
56.79847449010824
64.00798965768534
62.30999181332475
61.92566533600709
60.5591359930087
59.75078252334608
58.10605914212807
60.142726163719196
59.70925287707968
63.001778506260905
61.03695392697913
62.66485273604671
65.84380274367196
61.602219715988646
61.3351244089746
65.00657896364717
61.69646885691711
57.034869603878086
63.87672297594391
61.79480946977527
63.8284775132649
61.91057795680061
63.138960556152576
61.00614548668171
62.52293873677108
61.740525486239704
62.39022280928234
64.91654614093362
63.50518248297486
60.5981219271344
61.625081770288155
58.583719671050986
62.13123124468735
58.14497666843144
57.14437869882584
60.67264014109485
61.642152171411034
61.845831000957205
63.818716434059226
57.09531498156397
53.39235136061087
57.395727505504354
60.97262925133951
57.31416220507858
59.07667367529702
59.95237016144476
57.30857903990129
58.26430210045763
59.10659439446235
58.01897872160145
56.29950532800704
58.76960860296871
60.6045941732055
57.553415208791236
57.7430708611822
57.30236510391849
59.27234037963539
62.40796920027001
57.9537442687001
55.48984051679918
59.43774117823084
64.74259798820015
60.277045824102586
59.639670195082175
59.84743028453092
61.46651008025887
60.47607143523905
60.08988323185975
54.54392109490173
57.95124315193477
64.65831580927035
60.928680206461976
60.37546669912128
58.39201422527003
59.388539950991245
54.78329485808006
59.62485168337562
56.11453860165157
54.02092009872598
57.88533894464645
58.227465293324684
58.058172542740465
59.55711789656922
62.739097843600646
63.424011372961196
61.51250947025444
61.97208261377521
58.95696768674121
58.82557233128838
57.8657288892175
58.321506227474295
56.04871418929545
57.2697492405117
58.597001923250176
57.882752202841765
53.476224459772205
58.092597098504754
57.43066741834432
62.55342094723672
57.59099110642776
57.120143820850956
61.121907164115875
55.873167189877876
59.270449390127794
62.32525987883875
60.56170779539765
58.80022045065064
61.556641825365396
63.33494035959233
59.11101196640526
57.129663293984905
55.091478858828566
57.3642989580234
60.51767302733514
59.13184104653195
60.97748431140861
60.18116351319697
58.177180067763175
60.573215779451424
58.17244959458136
58.769294049508915
59.998558401539725
57.73364665538488
59.506909005900745
55.649065758661855
56.478365343537504
59.30030110737743
59.79906093476342
57.168972779549975
59.09149201174309
57.13208397023709
58.741246876164475
58.26135659909561
58.82761580257633
58.35708143817808
56.50116436483247
60.455824542060306
56.49736179059792
57.8596747496341
60.83457699388619
56.70396438088505
60.909424299284275
59.81350714607396
62.6298267269733
59.19122679361162
64.01942147244031
61.3023374367601
58.5156247071268
57.269681775879235
55.69885587362087
56.33084279126004
58.43317713638503
57.21422723779606
61.293000156962556
55.515044421808994
53.45981342898634
60.134611269807074
54.24407648399454
58.2750646242413
59.99762178916948
59.4579908346501
65.1925809037167
63.49761420701638
65.1545315351878
61.654016486418456
54.363192065203606
58.791160949984295
60.037248977431254
60.48895524693049
60.975493937968324
59.91827846141947
56.942593051571436
58.759805173664645
60.73845519819328
58.53420935673992
61.39968431643122
60.35648929530982
54.611042050552726
57.308814472589226
58.79912533315282
59.32469849072544
54.222499357283844
58.77339993398644
61.7814958260285
61.247067840467246
58.93089985204171
57.13725477679178
57.042224038947005
61.24755147646383
59.43354842041925
59.66241254166634
54.10778806041928
54.68945997785364
55.72517748235278
56.29724179543879
58.555005795012576
62.163347695633
56.74743433448206
51.81767841963497
58.163310798772066
56.07235958061749
57.0006236706207
57.93820804146775
55.20985559644831
57.97869499771972
61.68316549891064
58.74023035299622
58.20561514236258
64.46204905654429
59.73964371775033
58.13726819756046
56.87421301350604
54.624840387392524
61.430529626032694
62.07012042499281
60.81869582394138
57.61980120771006
56.36278788687425
57.28584852808177
57.37788075710943
62.42992528785803
62.25001853831328
60.155595011467994
60.1723807678847
58.58632728719248
62.43931340829564
62.064704069361795
58.3657097376535
59.437549532049125
60.14902242238273
60.99801926102371
61.58327060094476
57.608763217835076
57.76578530260463
63.063422092170825
62.99921152353207
63.63911937331351
61.19228833287882
62.379539866294266
58.987329891874715
58.170608353016135
61.35310827329531
59.72519342520956
58.848748627667085
62.40133346942968
58.16169084141575
57.27989278586994
59.64313681695514
63.11642691004032
66.00882537548205
65.10161154405978
62.09258003364759
64.17514225385472
64.6572624610828
64.55129061152473
66.2139264122411
61.735788808314595
60.42779867741476
62.86036512038245
63.25129793451375
58.72819193825936
58.937260450360576
61.61978354467711
58.57976983788164
56.55105136788983
53.49770618374749
54.039262109988705
52.7708791197309
61.20669858017725
57.95231965494551
58.09582444049676
63.94419365870561
60.20840227996849
64.7839751561071
70.49723778265992
63.71366774178854
64.7406492301986
60.467733393405005
63.33367895957257
63.649631512493904
60.57715001516779
57.681276719040454
58.52816693812662
56.164364359738975
57.75326231943902
60.450439234273325
57.275828974747135
58.884876331068384
58.90805054900571
60.70929344011936
56.33021042455866
58.58283039751024
61.963764300087085
58.41642707283429
62.79252960117615
63.54589355574619
56.706441393878464
57.940194261053584
62.41099263641007
59.47998931211416
58.96156463138501
57.836250752608976
58.98977343750818
60.531112461570885
61.936858632132825
62.13471852673454
60.94002248080282
61.07609470272906
62.147106898413305
64.37021061269611
60.542279176710835
60.39444149128991
60.40966906044932
58.810070567719194
57.000425012745474
59.45580481214289
58.59170996624025
63.06398151777361
60.965563342676326
58.26282427038293
57.861220239377126
62.99150530262421
61.14818048171515
63.10392425165534
66.25424714733265
59.48898455825501
59.122816487017815
58.15097493912016
57.62026286564509
58.03422921370633
56.900878391263284
52.630419028124706
54.48403479558128
56.29296639382326
55.74632510199346
55.39427113713749
54.40184114045343
58.02303383869246
60.876093265254255
61.44863765918686
59.286340703283585
60.922437922806786
58.486287962595036
57.36457379707103
60.676061464960746
58.50560078830137
57.916953940879466
57.59534488512927
57.37117513067797
61.26341127926913
60.8417534979877
58.38578985266749
62.55589595991641
62.29609863013395
60.95020305399829
64.11069497949471
61.629353906992634
59.08710424322467
64.30785900279315
61.67409535578654
56.73511511850637
60.84696574666074
60.849179551007325
51.332954387490524
57.67920588945744
57.41075081045362
55.52551304477642
59.99901461846609
57.78280978079836
55.56066778687147
55.78819344482034
56.864480772071495
55.54493375450195
55.5178474726851
56.10948182866718
55.25524038901998
53.90789197050068
58.00420677245311
58.8088049880334
55.06451017915905
55.87842342181886
60.31088637811061
62.60516791528686
60.73542442885398
61.214419709604684
56.54629534643456
53.464062865124454
58.0621679301157
60.72669830428899
56.690739456008785
55.343796873077856
58.77945128640256
57.528847980765
58.52429199086913
63.44250544765822
59.309707426775724
52.821524901200135
54.998629536651194
51.078324539910284
53.54980592120503
62.73667332104546
58.73174611793758
57.29017139909141
54.73735092189667
58.240502010698656
53.398243013494294
60.5313170165389
61.71102141470994
55.2912838064885
56.87099888901903
56.336000611800245
56.12763325491732
57.464002498925986
61.21625127514446
59.59784039938075
60.037632842587755
55.173358865235976
55.08768613172089
53.91416488270188
52.729109544577696
48.521338839899606
57.14855196972491
55.94244328109655
54.25004795978996
54.72039006629866
57.48571249361579
56.058015241677865
59.13656580122206
55.372682787076975
58.3757119543697
61.16683619605347
58.5347110836311
61.84269804902715
61.607726127848764
59.0813264480193
59.99640848711506
60.9506615602491
60.44995773324515
56.126305453486985
57.17165414354069
66.23128728085574
61.59581436332863
57.808353381698254
59.02583432212723
57.072675754868634
57.55153008361865
55.375381522418564
56.45607017195727
58.030393151512996
55.998748374107564
54.572223312919995
58.91108604852132
57.42203877328802
58.10107889025256
59.39058631272895
61.157785947075084
56.998884871904394
53.2398368355537
55.37430085315662
57.697632733570615
63.34521974841989
63.64577792274678
57.2251512337214
58.637632995999155
56.86547559145576
60.68367455002992
58.44613919318541
61.3498835793766
60.38746604021606
57.520857781431516
59.084463273833805
54.438032429749185
55.55538256424283
59.45079736358055
55.33398048168069
54.832468844300465
57.5652682260665
53.602996861802595
56.61069777744622
55.04840015248901
53.098478731412904
51.40576677623816
50.489308012245836
56.77117008459957
59.98618255962203
61.35169405972162
58.51043797826502
59.66459418775281
61.82855369689135
61.91227525471807
55.555099899718535
57.146912759737134
54.147447475264144
57.327077546010734
63.833830897066676
57.62653508920047
55.55277333207752
59.344735682506546
59.5532477889148
62.88618146713552
59.78878767512372
54.870923907389646
56.44250692698182
56.391403694445856
60.1335851448219
54.10830026036868
55.92416469338754
57.172763004567805
55.383694523031835
58.096566169970046
54.863068054405694
55.83657464314585
56.60803156929247
58.38001985534944
56.86067193963149
57.122381130653615
53.94008733992107
56.360275352139624
56.32979142909808
57.69475811826782
57.038752215078674
59.25463046986893
55.71633606011911
61.20020999784978
63.245032378854994
60.628392416478384
57.17374627356463
53.839704737853275
57.19604863931849
56.11621047778989
58.87680498593076
56.95711752433648
59.58870253061045
60.061026115346614
62.18765126087786
60.48179362203745
63.29122415376885
59.25405970224724
56.82901886485963
56.59081274855169
50.5840174078677
54.95312334477201
57.25968505745177
56.50588713011224
61.04568518516017
56.357234100862776
54.41525979908289
59.85059856808815
58.17478608521797
54.171177352435116
54.625352766878486
56.51454115672151
58.01976396447995
58.89110920800766
55.79676065819856
54.97311666708944
59.16012107031638
55.112142517363196
55.47332663255113
54.01341365216999
50.596920294666305
59.42109068454023
56.34952123892985
59.49578982972109
58.41741806982563
61.61613237986944
58.59523098635796
53.96565190834174
53.94499062091941
54.87690301874369
52.41790094842836
59.035297374996006
57.80680474703367
56.73275054081145
58.48206741719164
60.69246305547591
53.39898519450913
54.29339058365374
57.55928242963886
56.97423805425815
54.90782695837646
56.40364875008206
55.482502225254414
57.76900568386918
55.56972425764336
58.671787753212755
61.08001233450402
58.14614745317152
57.92054193315448
58.49588153928251
56.70984320331581
61.37956025823432
59.651285954928156
60.89217109513379
57.363291777460944
58.14351572895328
60.990579705906356
60.185268319977624
61.460607168375624
58.110924788429635
60.31593545809707
53.80841319674021
53.169141065487786
55.632717786642154
55.45511960899253
56.37099092452252
54.91230402269022
56.22851803928704
62.29252849849139
54.51807341803185
53.91485967922124
56.601708365690165
50.93039706665264
55.57298946413488
55.510873579585386
59.416218360922045
58.16813161695649
58.79268310450536
59.49595607915089
57.808772444361715
57.41990093430279
58.45893146678112
60.12549440133348
61.7039787822175
63.0409455142322
61.75151868904299
63.58022828821082
62.16324399984971
59.449358434736865
62.147640689977386
56.74586986137898
58.65655314653649
58.06561388650882
57.359116969165406
60.766059943966226
54.90600481776259
51.440360005846685
59.29895254789153
56.809038480448365
53.02343851825117
53.2508970578481
59.52413840504787
57.64287679724932
54.55305547313814
60.55085249405768
59.5687739164993
58.05147232875986
58.05414906270326
56.9706672399359
58.19086608606372
57.727229771365074
59.3863572452798
58.341157969036
56.0019823481536
57.89627115747931
59.33312437580782
58.405666955549684
57.37263617115079
56.11440339597374
59.839515922367156
56.57100799322139
58.768941399030226
60.13983803000636
57.353397853996114
57.22279314816553
59.79195681377576
60.32378163999836
56.127360222206335
54.29603374103586
52.149343851548856
51.47496472671248
53.9628174385127
60.52566849959014
58.850693320764094
60.72704973834226
59.67977513978457
56.7075045264513
54.66684656715208
57.46488570955873
59.405521351557674
61.09278848473423
60.27641055109105
60.14726425386948
55.89764798397496
54.80833932842992
55.15235467602975
49.639726846228335
49.98701580487139
54.8909751757514
55.23201093612544
59.926538069030464
58.46063047652566
61.34484968207484
57.718376549054504
51.408450497061395
57.06799715483638
57.68804227140037
56.61259776944943
55.85423479117896
58.001590780910234
58.65712068467205
56.55846653826633
55.1320616656514
60.6984208545195
62.735884810637344
60.291637920060566
61.129104307140416
58.75203571648701
60.47291750517794
59.49704197707484
58.12366911953964
54.91781967141306
54.85489256510693
60.929106154860364
57.0598938274856
56.26824195898887
55.46412566242903
60.07699085056024
56.75076676530727
54.744407923701345
55.26756793896115
58.43819932755234
60.99456431743267
54.858053232413134
53.4641980934074
55.63328502270383
54.816617786176195
58.004904548748236
55.57174390274922
58.927840839556154
56.80809097576575
61.41028375083426
57.64577874592107
57.851565569233735
55.07068833918654
56.35596637106079
53.26351537204624
57.74392529958031
53.328814931920896
55.19145697852868
57.13563274904885
56.815075873501854
56.41053086228431
57.41809077231641
50.22800013170824
54.20283345909865
59.33187587146342
52.51387780300908
51.338066368285865
55.445483489677784
53.805798191575924
54.06508472792879
57.219714814649286
58.45337749354459
64.88816169468089
62.9030384104919
57.470022858978666
59.235321679600766
58.92873709351354
63.95686365490238
61.56838643829371
61.904408939389086
56.90979895548445
55.68352816391406
57.69022033506733
58.418473905477384
58.89822505681361
58.371917507072524
62.12725981943968
60.56228984362775
60.5961137215742
57.68689262375931
56.43090625848088
57.560016777612674
58.49983640059523
54.67134360889092
55.38054396593092
58.73138365075407
56.38095648139432
52.64258591179766
57.46553805328606
56.53228548335206
56.5468907660939
55.533810658766996
60.46907558065026
61.760998780833724
59.53253262579462
54.36718374900203
52.641523271836995
53.08487522635285
56.15335942200044
54.85148619189265
55.08594224236722
56.62240129076907
57.42672359260091
55.242885905072654
55.797760191540284
58.364035644273116
59.22917705392865
55.053999298959845
54.97370653981999
59.49852867448317
57.57412206424088
57.5850607671674
56.95788714715065
57.13352326856618
51.81353011610388
50.507517190988345
58.6571562640097
61.277504947612535
58.62462551663184
59.63479985995794
63.72081791980412
61.91663736302014
62.228850297986334
61.85010574843277
61.38448509134193
55.60387858806482
58.2292037716304
58.82147328638582
55.573673352765674
52.28248228012339
54.55113274625332
56.15349431975828
53.360829003910965
56.8547011568875
57.98148959414182
56.94151550780807
56.011322686894765
56.040088620094764
55.98399837267447
56.04443645904754
54.721714991665664
58.462330592970794
56.93827896410649
56.400307543384315
57.681051499311394
62.45503074323417
57.762785481514896
53.92592121199225
55.020039742751166
58.357599097833265
56.871586516872775
56.567262218989434
52.42552834557213
60.688602652951
55.30085470377941
54.02873210264641
54.72794859497315
52.088609734694856
56.577381077849786
58.012430485144975
60.39763584325049
54.7808656506728
59.127405322792484
61.39874844448644
57.55030895893061
60.81019550178924
61.890410073526375
61.234202537070104
60.225936720252896
56.33723113929594
54.97304704762926
58.4373103513241
58.52221021384716
59.53534387954309
59.21382032292954
57.88350230255443
54.888935986226485
55.475252458433
58.98738135210287
62.21591597408122
63.180138578440534
64.09018475483454
63.40360147670335
61.56456783798834
56.99787687945754
56.839228511719995
61.265581478708626
61.594726912678745
58.42341962416747
57.18675320272651
56.10789680101783
59.117363953485075
57.76038794889
53.3722681216489
57.391623278151165
58.96777353607899
57.61486017916199
55.29859103884612
53.550448971515195
53.75801458212698
56.854039636469416
59.882670146231106
56.676340941778626
60.789876706300745
60.90862499590244
57.335440771805246
60.405333015608036
58.30740536345096
61.290168850697995
60.72145771652715
60.340886368998625
62.02799474110137
56.30195483163789
54.34108313047293
55.429501193004846
57.2134732365825
55.01958814813768
49.957920167411864
55.977531525959876
55.20504200235853
54.69944595399707
54.78601981065398
59.588599331154384
55.11210545132778
57.33312958502773
58.413795677446295
54.21890081116553
57.8603946947913
54.18403106952828
54.19684571166029
57.396057593105255
61.99857894089333
59.23642979803035
55.16271369704611
58.125950625611324
52.91479328146303
56.390203144242236
53.62238942575147
55.73250573438581
50.6477019932481
51.48894412134989
57.48948933031663
62.180611368173885
56.34902455307763
57.07562403274284
53.735476251509425
55.85443396662907
54.45135309386625
56.66162535614262
58.09716343512766
55.65763670295897
58.825404406647266
55.50386866188406
56.93270076132912
56.79628321326388
56.50453225872068
56.568006850668624
58.87108903619169
58.6969387254773
56.520566086002056
54.7249199865745
56.194462778458565
56.08549031649514
57.8997063421896
58.94821775688316
56.24784887200151
57.65390519251508
57.85244818244365
54.52766889602948
57.11124817171829
56.4813412394037
59.544443229242006
59.793736148965365
61.68148174245889
56.68251372275936
57.115009353365046
60.615620239716776
56.59673277671463
55.098178603262056
56.63963339622034
56.79676260266527
55.42729089522003
55.240819135248714
59.01221130274751
60.71370630150675
56.75713768542685
55.74531305078031
54.10443728594
57.634642966800655
59.19048026522456
55.968473202260036
56.898301864194174
61.54217639655343
58.765332728703406
55.41352623699082
54.349601024355145
52.632535042362996
53.33004386255217
54.4115431946413
51.03482851449555
52.066726219894754
52.41457342979762
54.6360036663367
50.32317265432194
51.24856360548013
54.873193336635794
53.17119988391482
56.94515120223108
53.60270041168073
55.72524232461137
54.84582533610908
54.76325724514258
51.522520253940804
55.3420465443379
57.19474099772177
62.14914431621411
64.94363070916025
62.32571823104861
60.248716743669085
62.31809942981737
54.72668265333612
58.66719996068375
60.08299164621261
58.54541934940065
56.42202152184258
57.22734601775362
58.515220278312114
59.236927810704366
58.46846589032862
59.39572668479902
58.39116561270206
56.66043195980623
59.00946164696968
61.32754752625502
60.12843447319985
58.48454432864567
57.887877841382945
60.40442617970735
62.48336287407136
54.6874878166559
51.95674115899043
56.59252012244402
54.4609424798969
53.96338272079466
54.89597538299815
58.873351894186314
57.523891403019825
60.336749931821124
56.80353485277537
55.46150061860275
56.06321290971524
59.16102699644139
55.788355334564265
55.80975123188266
58.22814070426253
55.35177566026221
56.877206385363586
56.17689027188079
57.896248255104666
58.4457799255771
54.925932849247125
53.499582239666076
55.984902730639966
54.26376699378681
55.88048785881796
53.32791374490012
56.6365965242137
56.485017389081015
52.5979172352772
59.63022589547598
58.94794067483388
60.60927628663145
62.739987180569166
61.16607201681234
58.93995733637143
59.21130406718845
61.73650385177623
61.721390228201834
57.694830164378175
58.928460443941574
57.071843220007615
57.11287907792705
62.37023046489338
61.44430227737436
64.81547255676305
57.734146515260974
59.041056128905566
59.19548829897785
61.371794187187845
59.411855611354085
61.367157621322356
61.915438340026974
63.176004564309224
57.42037535259504
61.423734491232324
61.58458743836405
59.33340284626574
63.78839210657177
59.63562999723266
56.62409343234751
59.6766167754878
58.37063946113917
57.13083974635279
55.95579696430494
54.12272678251216
53.242484881989085
53.92010610623628
59.27665503111183
57.29219577966507
60.59454288600774
54.35171957161681
53.997200033061766
56.84227722084528
55.657019891557866
57.108148708903016
53.772270535198544
55.62351216582425
56.03950805727465
54.863976604866714
60.06153701467645
62.503679462163056
59.21796718901796
61.040238989701756
60.59454936855914
65.04687533892788
58.55129275197738
56.77732962449142
59.4261982336656
59.223970934446186
60.87312222012033
59.22152785801276
59.00106209870685
58.97624238748968
61.01495384601942
61.406375702971545
57.96738887634828
56.68790321477418
61.77765175785504
62.02984668653905
60.11935051863978
57.741293320879706
61.2811293353771
61.925320242089235
58.30317728575214
53.300255533261634
59.84134744384323
57.24747866947002
54.85672200750458
55.74387706962317
56.72936422319725
53.022561074722596
58.023943200532585
57.601300261522084
59.221348360205866
58.21269128304224
59.55689410253926
58.918474043600206
55.79846082351796
54.53839904627983
52.81344664319099
51.77612556410649
57.016792971217875
57.77698991808149
55.39949221596507
56.55648544004713
54.274526517721846
55.49327662896851
54.83565142075376
59.759145837600116
60.25193373979005
57.19269900989359
53.99683416766388
55.79074539253812
54.5565870682577
52.320870746923795
52.672621929158716
57.34710929208142
59.76190657031861
54.52147015897574
54.46797202590906
57.853989203562925
59.08991222434256
57.6400880733164
54.54949080399811
57.32665375957766
61.83462013338566
60.06517721605982
60.56703427982669
56.71160384308912
56.522441639016485
57.20492741048448
56.60294994803162
59.7170366778608
57.57757521562944
56.425231714543386
55.56270889417692
58.05091546541549
56.248707428066574
60.619254909360535
58.75456001393672
58.03293583564066
58.45538746167356
59.51892914115244
61.28607092447881
60.30834246503336
60.410168299154314
51.02062096853589
58.08331439817425
57.542046628503066
56.9599385147105
55.40890281967952
53.344001322611675
51.475319204322226
52.72614823864758
56.811530077784866
52.35207709367014
52.935849406384804
55.48930765026564
53.608606571436006
60.44476172383245
62.48222228537017
55.0363914178712
58.8386955905065
51.34760835150143
57.22942480995176
57.156591435518
60.196776418418125
59.47177802838989
55.47558745659222
53.47457235262269
58.193654543612226
57.617277391383844
57.06059602258441
58.69836556376349
49.05363557053354
57.26743513736427
55.02675969163466
55.258701052376544
58.73881747341242
55.99987907696696
58.534249894264164
60.69820391677358
57.45331903533188
58.2756232505738
58.99656455420023
60.22294806835994
60.89695278662552
62.510667952258835
62.09992818881532
61.24485643224407
57.567044952816325
58.00796105038181
60.4699763579761
59.81412660460011
58.41288472955623
55.65202441808973
55.9676409591174
60.42651131980725
62.795080319589815
61.224145059807604
58.70660793201271
56.96844600514432
57.317120611636525
58.781581545422824
56.474156493359615
50.21943352969291
56.34688583612628
58.38587978444215
53.43009160629757
59.032194154839566
58.578290590347
60.118516883375506
55.65201976825578
54.74721161912655
55.94586006155774
52.8876343966116
52.43778080500948
55.34573618951483
53.452611903683916
52.21707707634241
56.796548759658435
59.41666643944821
56.3156405748175
54.63189995969612
56.21005007483369
56.46523003327322
57.56276685035715
52.26660069199461
54.044979387788146
57.10240364985473
55.42617338460315
52.16814299493231
61.05823159662643
52.62176266150893
54.76383508793811
55.89422936628558
56.341233890950996
57.92891555200283
56.97646685235028
55.57294036096931
53.726789702272974
56.86045773430698
59.45394979932057
59.117791032506354
62.61014313513643
58.09466990366936
53.73488101798122
57.025625481631586
55.35407215722022
54.27159865567308
59.04279568316266
55.57147206100822
57.322553563932686
60.244939113528154
61.39805540716841
60.65328513660218
57.93765540701898
58.422857705027894
57.886609813585146
56.46222242588835
52.13168109703464
52.96047081233353
54.43477180881593
56.75446466225207
55.380645474844435
55.12996250201506
55.97228203817098
58.77611116880338
59.03699511172805
60.239421959409356
57.325057595965916
60.57718794959487
60.98420460267972
57.96101314889215
56.50934623609603
54.03865127926338
54.56064745087399
57.72196114841077
55.28873270931574
56.043938811608676
55.87902611996704
55.30443153736272
55.98232289173308
54.11873979488887
58.84195875808346
58.855128629367975
51.26450077191775
53.43318277738321
53.883718994798
58.29297321151876
55.9040703176016
54.76652619244539
56.61692362009302
61.85173636005253
56.49091422001713
56.3384066482219
55.909749181478404
57.98192406629713
57.68858550040386
53.54098301063148
52.60743243258363
54.38342406427779
58.01779126381589
56.45561472731418
52.45563415959695
52.52475476427999
53.64546838725642
55.05540847833965
56.16061759981141
56.80106168115251
53.46792323765816
52.27516729384377
53.86650732896065
58.264815413532375
52.11397363235795
53.70532882018526
60.338824225965055
55.74959851468027
54.758055411166254
54.56841750719888
55.01654304681706
58.64120126385671
55.97816923211109
56.40041959179123
59.23110598064293
58.506849121099876
59.99638363339568
57.21996100321085
54.62751575274042
52.69374818969354
55.45080903465179
60.973702450386426
59.52423965650783
58.778283075696336
57.004609675008744
57.76057889756441
54.784231233187604
57.47060839721776
57.16137996484333
56.895210992430314
57.12095272226185
55.6279415695336
57.24501428779295
58.44552479948389
57.50108341030014
53.986777366614184
53.31255602145
57.13867465127285
58.334859835960195
55.64659887653065
53.36017451641144
51.36580656126649
55.92170192023286
55.49888880617356
52.48250314896551
58.123737740771595
55.09407782942957
57.262344543083145
57.18259275104022
52.36484216198147
52.263742979128644
54.187671601679675
52.17807828362263
55.75470619768308
54.340858816885195
59.01261132345238
56.19031813454132
54.08907039788704
53.94508667329201
52.260383133851974
58.086840902075465
59.35320620930504
58.662921090604925
60.19616543796721
55.46398493103174
52.4192694258015
55.568438638862354
55.56187451269226
56.132250141596835
57.53053272740657
53.1639134989432
55.19845740522012
55.12360760709215
52.690762582853296
56.14635612211309
54.621681650863714
53.795072800171766
52.14159933543186
53.384714542846886
54.62057126264894
57.53660899169526
53.74171726156501
51.793790684179456
61.390515507320806
53.95030496369393
53.846647629358486
51.93060698655829
51.966574436886624
55.399919716234706
53.76008049086553
58.0957022881392
54.0209322412974
54.12940256189751
52.724944703039476
52.03957025919167
52.43102229499918
53.19357432510716
59.600767995757195
55.35821411048688
55.81347487052286
55.29384594936715
53.16159985186683
52.05771097968386
52.87415720292627
56.63498726439433
57.52472515775948
55.23962212436814
57.886790213332404
55.57277626533518
54.829950117218914
55.96750960134682
54.26566756438404
54.96858041424164
53.7109100441115
54.54340134765244
52.15667384634683
56.73231699105041
54.64640009874809
52.906081551677914
53.720964289140646
53.9935031446096
57.289910676907
61.86374229082166
56.93378543518349
58.078315804487886
55.902178471987824
53.68195893326407
51.24578337411637
51.496009817433475
52.579288232642284
54.73480310127192
53.88478507933858
