190.12232399173422
138.84085233834986
149.69360007085194
129.48908301737808
134.36852850570426
117.97125765231235
139.18129275249717
128.0113693187486
120.3867714451789
104.56590209126956
106.27556567563666
108.82559284423161
109.61294842845533
110.52331530073442
104.65323106819451
100.86903806410099
96.17045999112287
98.2037633837534
105.18604335610391
101.6623293785741
95.17498212048915
90.93390288744541
105.97962647278273
119.67592941159427
100.93926777022847
101.94899816551344
104.67770178218403
99.80668539190812
106.48440717639568
113.87094620948312
106.35592095455358
88.09883088939274
113.98422619894556
109.40719251864658
105.93533601146055
100.29641578395466
110.36134056086874
104.29052736421298
105.83148364126544
97.08097562444325
106.27384321075617
103.48291678370286
98.80418662322394
104.36602034852979
108.0799843810351
110.15636398337345
106.69784354887544
100.37057307592836
97.12658926105836
100.79518147143389
109.79985879809452
109.35545324036521
103.06797842126413
101.47302334610224
109.06897196208068
111.04253024170423
106.70389141288064
110.34237761768932
107.63455974218017
103.7644734379392
107.49474350021927
104.55587271901972
112.48697016552109
103.39420628067447
101.05477985670183
111.46052281459893
107.72602555885346
106.39057531529572
103.4993166448687
104.23154520762787
102.81166342470398
96.73166047796605
99.76854138979336
105.97066768935058
96.2837366370375
95.1874352234867
104.41005238469546
114.01708569202168
105.86663501431823
97.08041227421214
107.59089464709439
102.45583389873359
112.49878773011682
101.53140781937212
100.48388306684936
101.91827471837483
104.77687168137656
97.39501005570492
90.8358663901986
94.01308422207487
101.73222989986502
105.72874204596894
99.95166977155277
95.29100039451647
91.89530376877157
103.99134271600197
95.51531718490241
100.02779430763498
100.68966760661365
99.21992925970406
93.86153190025172
105.03680705390039
103.08278156023776
104.39102669563188
98.83618811538658
96.6541466316419
108.83285461622312
102.9230170455279
96.99844932965127
93.27008873501237
94.20582952295486
95.64934328188727
94.63990615608786
95.41184768025971
108.36529358109001
101.82413156253806
95.32082276517427
99.16412413428665
100.44059368341766
101.35802604715226
93.84624553942054
99.00140438471594
88.13710558229339
103.09881532597268
104.84421238177434
92.08577272259713
93.71636213141454
94.06566208265903
102.54927906246172
94.36523269057419
95.20017241317628
99.46827251117553
98.23350194872779
97.0284754910926
93.68048876580582
89.2999700093415
99.58973400125
90.94444925671
87.5958600052706
98.35591824913776
105.08972721154424
97.97518565139926
92.37690371058733
98.57908234277018
93.09367883800374
98.42905287373105
94.89042433978429
99.35737883701995
98.82907055589773
90.47654513344
97.82060871290159
100.00020340796067
88.67166085437697
89.88714057925499
93.31315512696871
94.17274359071254
90.92307227661078
89.20852188030723
97.47777500842061
105.77096248010147
98.75660225301007
96.29199139363223
102.27465885022292
99.19457899829311
103.62152186488798
99.73651241582112
108.68950604364738
98.07363527657058
95.76624133665192
97.43630511838997
99.570433687855
103.33076065370159
99.75856273586268
93.47111581418217
92.77730493304858
101.33462424151826
101.89502027844861
96.33788852331821
108.22870009739971
109.48708125180384
110.43690580484923
111.63137786575727
108.50749944991009
101.95528644572013
106.19539489338214
104.68661288728762
107.67479223277995
105.37094406126768
108.59934611237539
107.97761226401671
107.08135820409126
107.93273268045037
112.54369880700666
102.51358340285827
96.70957545413586
96.99725207014198
98.65358865804961
96.04655021677667
105.24664003509204
98.05268620818764
104.04085562285516
104.64935934162513
102.32823940032878
96.54048254336196
103.17444177281952
111.97864450189459
108.59307163182439
99.91918291665526
99.06246125522237
97.88767432848846
107.34064106591536
101.65910321384222
97.05502505884061
99.75317468037738
103.82071332925672
98.87814493927999
97.15178867544155
107.9651783663331
101.78413503060074
99.40215974524943
94.36249727197107
102.48449942902586
110.0858987584565
92.45616183244766
100.13720387602949
102.42273057780065
102.2502821336974
98.31642723337067
93.3811764045568
99.6885206095463
96.33688071213543
104.15831429068172
100.78875005524725
95.0068619978931
102.36506856753341
102.35331416181093
107.56408049796319
101.92126145552017
98.13045722294653
94.9036222659977
99.0628617315596
98.33294048998039
104.96659105802799
102.75900766116821
90.7682042518038
93.56228880291138
102.64070660756988
95.54621924829988
93.45017643791053
104.71548632711855
108.46245370558707
108.96833033750488
90.52196253657925
99.1197896962434
101.79562939114527
112.11116576130762
106.09621619891251
106.31645001686964
112.14131848990601
101.3310757360718
102.77066003383453
103.16042127215906
95.82868279708985
108.02312371172258
106.84708072341724
102.99535270104096
99.32597022187034
110.06278420657223
99.9550966617653
98.13043866563038
100.12725143323846
104.38091253206956
103.62098533964755
100.72320241149254
101.06373002222816
99.17677534948993
95.60897878000516
101.51389151851141
101.22354434985039
100.40144340967683
104.02820092357797
108.13997707875212
105.10188275294186
93.24733729687115
102.39059467638148
102.60223543809897
103.8499302050006
100.01964862526111
101.7343502075195
97.72634859103248
90.86092979568653
98.86831751355487
103.77813006216118
101.40641981709527
101.0204746907229
87.64637913140231
104.8912834683983
101.42433020557841
98.66394982443501
105.3439864628477
107.29519258219152
102.432933155449
104.40003697552798
105.78580931774384
98.53872038017298
91.54463859138346
97.55205003432664
104.58540649861644
97.29444161168874
100.75130894121867
93.9737607887945
106.20754410895408
112.99330978306416
104.35287554478924
93.57875620186591
92.59960744299774
98.8123548032102
104.71058960213595
104.1719370921804
96.49949515207915
104.13652187376587
98.70907485006956
102.67163479874282
106.0810625080894
106.82949237322605
100.96622083416652
105.04017909068938
107.39554244213811
97.72049045740441
90.12707318805548
99.6587695269028
104.1125776543433
98.57541572825748
98.11769251640175
94.09362883393041
100.39955678914197
95.84216373621405
95.92409055067543
98.38409954567888
97.44498305887215
99.1067348840971
94.43175883571486
98.628787419233
96.5843715644554
96.87237711414323
94.65035441918782
88.44878039709366
93.09203494824145
96.61072022214802
99.3544309273503
102.54137512728126
100.35144035468747
90.12030175219029
90.62230537644095
102.73274143032685
95.81718294243223
95.97930272444181
89.28827470960331
95.48572632083395
92.88149928834551
96.94512453866355
90.80594647317488
94.31463781411341
100.762970529594
93.71528493422025
96.65141022601848
95.94792437187444
99.09246725856998
95.46687522697857
96.00433870658797
98.41384591391825
96.59288357338751
96.91010146667291
97.54809841115897
94.18820527602314
98.8210833822381
101.23347757111263
89.88943213901563
101.01047421503733
96.09247346149543
98.81951439144149
95.01618664139016
100.88529445026693
91.29832241365875
92.87305074604872
93.2120301954302
95.70389111081208
94.40483777701782
95.35799002056054
99.47867855374278
93.28349420703957
102.42627867053328
90.62331263318454
100.01785215236521
104.80640299931537
97.78378321500608
91.76273128491368
95.30492958924792
104.10328767127368
96.0320333471713
94.85831535599664
93.87592899328406
105.94283716377207
93.49015277479451
87.93609921518153
97.2840718679949
103.9985204730634
91.1906073424753
93.18061442607073
88.25598921873382
96.4971582185942
99.65613867271495
95.80117595711344
91.9993027222655
98.44944575987248
91.82971021081099
96.1858770166168
103.11725755494167
101.18277415554063
98.09163788886657
91.74505606469661
97.60902303395335
101.77399264920761
88.93745096248405
92.94644443966735
97.45290662320163
97.66434582161641
91.00120576024185
91.41871160956863
91.19846227053772
96.73132001984251
97.08215628838556
89.14145159716469
90.34573263351082
102.08516140466743
99.52599532070755
87.24514735065434
95.87566965900066
89.45927458403277
106.2813244849467
96.39939466751854
94.13049120762872
99.0063450370709
95.65805421510991
89.28935658322897
94.15268555425868
98.16761052261376
100.40750558016076
87.84109896154982
94.0458186361171
99.72524174097198
98.03107705448154
84.48601435434676
93.3805293152779
91.4499007492453
93.55576093150397
87.66317320373005
97.71573716214913
94.9046804551992
88.50060384716784
94.45262473146111
93.65797258505717
93.66812013945594
92.22716016140454
93.03656714698565
101.02356855883627
101.69065658751202
93.93997475298791
88.96500586130556
100.6682870623759
100.85142782600356
105.79481751340317
90.28160633270909
97.7947135828574
101.80628415831184
100.44556474481429
96.25057885624462
89.79730582673595
91.95967245069122
95.22510014546242
100.89312728205336
90.02563167063946
89.6717883261777
93.12573465395398
94.59775445129901
91.0625009209351
92.10246963983211
89.65951748383193
91.17398199594948
96.83013647289408
91.88398298242282
90.54005969748498
91.7064824291748
95.98719717270727
97.31754852849332
92.93170955702837
105.35721475751161
102.81418671040483
94.46423219425324
93.44787314798822
89.25724644142323
96.59023489173985
107.36244566269386
95.69679292642564
90.25828174073294
92.1439622673894
98.68365541398708
89.47175208168866
92.55902775145518
90.56154419745333
91.73630225397338
95.92311918345247
84.987719631907
86.08637994477566
90.65094686609369
94.80200100710536
83.5542524739341
82.23393131550549
90.76771774945291
93.14256498104453
87.5335354675986
86.19057407557932
92.03175306749947
92.87743060697866
91.86283277000938
85.27881199061584
86.60355045258366
95.46288794702352
89.78525193097329
87.74690865402917
88.39855387304301
99.95321158630836
88.33507425663876
86.22629500112843
87.66179741587374
88.17289489147221
90.91403120721795
92.4321422336324
82.73831079485225
86.76102890651853
95.61184067889819
91.29443043638177
91.42366891146453
87.43265134794339
85.57483150772667
95.44436889441869
91.8732015894782
90.23117511494925
92.88453593253165
92.87127034752037
87.86249377598116
90.43733007192442
98.3959102392977
91.4870291761657
78.87649508717608
94.30184455682374
96.76527063376372
95.21832216452938
84.47181580823806
90.01615005642238
89.05506009292391
87.21012373002036
84.97093136304187
91.83458652423509
97.62859389563626
96.26050633314439
91.2034486002068
89.02079404348103
91.58890015642905
88.21623795658728
93.08516110100041
89.71882940236405
95.45329297896642
89.2528785817295
90.50066241447314
87.84835393110849
97.02701014094372
93.12013806292192
94.65301758851945
87.0945072331502
92.80110731134354
92.63351930436264
85.26659104906891
92.3408757235905
92.5074327307063
99.76044689684866
91.45454192582544
91.822830040988
89.37895479156741
89.7680978003217
93.20294190057443
95.82124974378883
95.70965687754037
91.25358041559574
95.07798526260521
92.15295198496194
93.33780983963797
90.66290406074341
90.43801887185425
89.47989840018747
85.62920874156936
89.63995505523944
87.34442413985776
92.78019132517173
91.63671255923698
89.5617734527012
87.04867022635699
98.74104956317031
94.10590559402098
88.88602272165313
89.64265540922203
94.50298046259948
92.08249988689393
86.86582737533317
93.85369251423639
91.7373170951638
93.50434748309152
91.72392700026987
89.95623819460877
95.4985215016878
88.12251779149014
95.89037557830332
93.61087436664104
89.6861411292661
89.86758660627179
91.52526930373271
95.00213419869124
93.1191280487473
89.41939660605871
88.27427558207833
89.95241735906899
97.55947239157378
102.15993827768538
92.88916735264146
95.2635698038534
95.93947987524606
96.78260042442668
97.3377705256027
86.68449397201643
93.99632224771607
89.27749465808174
91.46263318047262
96.29621532626992
84.34184795951595
87.25503329075894
95.03413966629203
92.49376855271603
90.5690108459763
91.91687966944065
90.21816464824765
92.72345888210045
95.95108503261552
91.2089570907427
85.68564843906846
95.96057869877127
95.03363494451203
94.70977494096438
97.72590686451792
92.10393177264591
91.59763837296765
79.90915092319614
96.67689694010105
95.55079364925209
91.7492826524491
94.79144104553404
90.94736303525417
100.51345375844008
90.30932738064031
91.1630818377472
92.34829373524812
91.38091392575163
91.23956675636435
93.13166555958098
93.93526927726704
83.38219520440693
91.67680555033013
85.69682686112765
91.66671308723667
89.4926344653269
83.9108881435585
90.96686275785119
82.97159143768627
93.51456108741691
86.11814629250355
91.00705173538724
92.94677497180717
87.46571089667937
87.54987300128819
89.23093348895559
98.90818856614285
88.25801656562007
90.06207137953247
94.94749732495114
87.39988566354924
86.69195798317195
92.69626595391692
94.6765403490801
88.68517735257909
87.01841140978736
89.60306381187172
96.36237324206577
95.638094192713
103.11915791434681
95.32113164933595
96.91533635846237
90.31809707412566
94.31617400461565
89.70366652418964
98.339425510135
89.75038100898823
86.95633718685113
96.09923137135043
95.37579047616978
91.46233778771142
85.40401163590937
90.48524231817541
92.01494909506931
89.74445559123431
90.75368002489093
92.59115588579937
89.17174469659072
88.16601189789075
86.93584602018811
92.98147367693888
91.16169351945854
90.32498274618527
81.16961457948386
93.57013741912229
91.02704990756796
81.17974451528124
84.49893316457675
88.37672404599627
97.924809098271
89.0834098084465
84.62712810405682
90.4569199964183
90.60766783998912
90.49297982181717
94.77899149065584
96.77098474628079
79.69530116788246
88.6848738348439
92.57556248574124
96.89585023088533
86.03112810046474
87.75261440058449
90.58679358991641
87.69619722706123
92.00068352479758
87.83335696088007
94.37682626202732
86.33728160393886
88.1343840078999
92.34721715425967
89.72489385068276
85.75025559099531
84.4614342307424
91.97274814064113
87.5409913492012
92.20605446041719
90.38413812287217
88.96056665210021
91.88057359047134
87.91261445913393
80.40645405884023
85.83257829600781
87.47859935350436
96.82030021004881
80.62086678055248
89.81847603782258
88.57694309541212
96.15686624188896
87.9821937672696
87.50488824777817
85.62840603522227
92.82191228284064
91.09442374935985
82.61643661297666
85.74113099330607
93.63771744255232
84.36620023010335
90.79456600593156
91.54558468100885
84.8160605178782
87.30625839564857
93.49316041539252
85.9970114651171
95.84223699920189
95.01493511107736
91.64527923093699
86.00746405491962
89.65538231685488
91.25148007563625
96.49771285004394
89.80344017345024
96.46057736585189
94.06365467251912
86.78611364930242
90.74026505521607
89.61730399266082
96.40503019572913
88.67111529935352
91.56054394708626
93.3422356497891
88.25388938136054
86.68966999454533
90.2836049250664
82.79916708834388
82.83365770500555
87.55675849764084
89.8222914493835
86.74085327862264
80.22653262102897
85.72574627085214
90.1426388508195
90.85819364109116
78.94977669318082
97.67592937195742
96.24433739205128
87.73051245677294
83.99458495840692
90.56603843071277
93.93525225914058
86.21345247324625
80.93599714175434
86.98979103748108
87.27923797820958
91.05593718560318
86.39396853952711
89.45839346690376
87.68363014931906
87.68341936208603
92.67627202976576
84.7087395060437
93.63912618375949
87.0008531816329
84.61699531479681
89.33075586080787
89.86512432379185
86.8978500323762
85.37380684740185
89.0431312704498
85.40217122527571
90.00596091247466
84.13650453287373
87.01339259126354
89.5086799067504
89.96111478931667
86.33287434607176
88.04690236290234
89.87750373947698
91.36599764888301
87.91188645981114
89.32748051167808
86.51043988567193
93.00300611510772
85.79270153478039
91.47917192286266
83.56939197656317
85.46680167569488
86.53524940247263
87.26922491794163
86.68083971015892
85.3295875751747
82.41103081805446
88.39377032675156
86.82987315052539
85.11651145210877
89.03990910441327
84.38171795840765
81.52353676140599
95.42224325579555
96.81589892920603
83.27428042934898
85.42170486476297
88.66804227945912
93.8615681093829
79.20028725318849
89.84327089753072
93.88246770864458
85.59113671698437
81.36007792127181
92.5368443992121
97.17119748984973
83.89283965973078
85.77070232895268
87.19091289468146
87.90458872463974
79.50446024634739
87.79039084929192
85.52808899331347
82.3547578534532
81.87063909950226
81.96189471966954
87.98745609318823
83.41169781033764
88.1222167611185
89.29962553760453
82.93113378027246
77.86750305558073
88.66113235194962
89.17387436292555
87.83724433145886
87.84547701138231
92.29332018642708
85.54451926894536
94.00876337742797
89.1496924171853
89.99710721499129
86.20917879354842
88.5455387779965
87.89187021795938
85.83158028375153
82.5498945763035
87.5922852772515
91.36836045807046
83.20161211999101
86.89135597881246
92.61010374107126
90.43604316240686
87.83548082202357
93.20034521904569
84.09912319826708
85.07273291569528
88.48935852938946
96.50095991731884
89.86246020614044
83.7859494319811
89.87490088627077
90.42621115849187
90.15418504054196
83.9687162879747
85.55353438309743
91.98727986876104
89.56166887091823
83.25612731887752
88.42635689014554
95.16995467527762
89.06288873441171
85.75567439616317
91.23958217619025
86.17179677933552
90.91738343124514
84.19210396764186
85.3254214138294
88.95570721376116
97.54501611552911
87.50958518893553
86.49979395213084
83.8468709156721
87.93506690159704
83.74297203705991
84.6768713959348
86.85170853908811
85.6135694628353
85.70421902155802
90.12644415089919
81.68413457359696
84.75863556894724
87.41218899636446
82.61833640087546
87.33893900704342
86.37392770214865
89.96013990673183
82.95377018537569
93.01494977742745
87.04089452517745
81.99828844330531
80.68326582811274
89.60731573694869
90.15367178475623
80.59303796943321
89.83518369112745
84.76535742395649
89.65296889923594
84.79824349225653
87.25291368198063
89.58345603136436
79.60739727131084
86.3632976273754
93.6339471666844
85.93995629810708
81.28069104372446
85.12161267770051
88.40334325300701
92.89141935857592
90.45856832224749
86.42269070839586
84.6326857945693
83.28667085704532
93.75609538743721
89.61426108711512
87.95444714355556
84.21107859843613
89.66506848096236
94.21329784333149
88.2505492647317
85.00733062554305
93.29854364116495
92.50561404122753
89.60513699427078
82.39916201523498
91.1329143460383
90.99923353906055
91.73854755997964
78.49178518697761
82.73963224545197
95.24772299628033
86.7415666231996
84.26037328403233
79.24771329891527
82.86660079714424
91.17984167695224
86.29927342710624
87.5454521021165
91.76704194100331
89.78157563320481
86.43461275957532
83.48405908937333
85.47491007949145
88.3763123439
88.99174737816902
91.62882458676742
86.02591793037652
88.19507593341307
85.86592401501017
92.77689217420702
85.24936741642738
83.35462515173582
89.31158951970423
90.26997539872326
87.48469723556447
90.48157206111193
90.9946719237744
88.70743425431101
83.46498456733188
86.93644987743068
83.62059894196138
87.70467937652231
87.44290325473847
85.34188367144093
82.99489306830252
81.49420398700677
83.78095364531579
88.40649981709588
84.28446240934714
85.9683382248149
89.78432723879546
79.57076394636337
85.73708271179912
85.12558359653407
89.8767346639527
82.51858531318682
88.08307710296505
85.46493661293042
88.4524112866341
85.31868173305787
90.04332044330394
88.01757016661449
85.17226525996536
80.65498139953439
86.55064434461053
85.38123063315481
87.81730069461362
94.29928966133266
83.53542172638468
95.71276347638909
92.23555218345705
94.94406252207966
95.66719108890193
96.13589037552111
88.97111940486786
90.57167539172626
84.1497818541439
89.82684050257471
89.1398399579084
89.74619260584073
94.52146166344787
95.72493447379925
92.49004572692407
87.8190436333567
85.45192629032475
87.58457462103692
89.69274930310108
91.15145119707788
82.26368009503294
90.12908859838879
91.24032383142803
84.66719632544478
83.65468255362698
89.19589925748829
87.83450321255532
84.361611836428
89.91000574685786
89.5695926481561
88.38789794120402
84.37693008948037
86.52115361322124
87.68548835491588
88.9440521634608
91.2686477215324
89.83920770444591
87.24701749369666
89.50947898747258
81.64333023320616
83.36840277066233
89.37827780947183
87.1112082673733
86.53830563707041
86.14627909564574
85.71516647770592
88.35345526728564
96.014649420159
91.60555181861231
90.42199293160586
87.66123149413085
89.77971882117373
94.40137124261706
91.99356286408224
92.03575849520314
94.36513893480965
93.96070741266256
89.16593942825416
84.0762513726042
90.29921655087175
90.46302465786357
90.1911454621531
89.20269144607981
95.2343877918569
97.41148993528182
89.81129990355763
85.18807315105663
91.52918392740895
94.60364452473999
88.7116093999716
86.80232762179216
89.25789058891144
94.19163716912583
92.70123797687512
96.06552618889663
91.04326573222639
89.46202514822063
96.8570475437156
94.7334566076905
90.70280904439072
82.00380188469776
81.48330339966317
89.95604801201456
94.5924298163399
89.8697123269278
91.6689330744552
87.9626197697673
89.73638802639783
93.03457681861454
93.69291239249873
93.0313549325904
98.01285423062765
91.78957639078126
85.89505398103852
83.63731286199294
93.30054101201385
87.54098424039894
85.45449552910982
93.63220145570435
86.48103919684043
82.05399306906104
83.0463398514962
89.78392185120374
88.69333937298791
85.69965518722628
91.96104163311007
84.3100247617129
86.82883252290848
88.44437749559562
86.54220290861103
84.29668149875256
86.43526929232074
89.67671322932661
97.86457644622106
87.26452499217172
91.43424191192229
87.37924182402003
88.23424712063458
87.73881398101535
88.95450043698877
87.14603196545742
86.65473474354854
85.02191300480186
95.26574396512544
89.14881377753696
87.29038740100141
88.28692829953705
84.91853650391283
89.20691469104459
91.11672224132327
87.73413965299568
84.54698020382025
87.64157310998486
90.93475944199214
93.62021949848076
88.392081463542
86.09310205769691
92.62763002171516
87.58466277612578
91.57031182432114
94.54093152179547
85.24955882299172
90.5707316171965
85.81835968304534
87.7950219232582
88.78306847556905
87.38533190319907
82.13509843889857
83.48892678756002
89.26279625520601
93.56306851044583
87.0815660630349
83.85956822734373
84.33705113390639
85.57070655614922
87.15145320488254
88.49277130426177
94.03071887999319
90.9073169318009
90.43141160858937
90.06906910510888
89.35872008985457
95.01228862552902
93.06125161048121
95.52071633612488
100.4856555122798
93.63033247425234
94.88954096644743
99.44117315241787
97.46853612339187
89.8752098996956
94.6633272442111
96.03372092781214
92.3875372287602
95.44367519636995
87.69581680056845
90.56271441853617
85.99770672316902
91.51188593918374
88.6551334950687
95.91609736746885
93.59553898454715
94.36064827316936
89.87217844487934
89.956025569551
86.43118201398516
90.09228347112439
83.76822151028806
91.35932504004006
94.1461573608737
94.4838215041721
90.09004386828921
95.86377473328488
97.11791252641802
98.55560145551013
95.82436089011404
89.18506791682707
84.7130626171374
91.55113564051506
90.5907488854593
83.62685560160746
85.38190255546807
88.33080224834558
86.17100243812779
89.84873403223227
92.67509852671708
90.05953360281073
91.08024940796176
92.72949805022961
88.23986098360311
89.25983709691263
93.59125934113544
85.5748504510771
88.60277903730592
85.5749290832195
93.81424107359732
88.9396445478312
89.89408476020115
90.58217085964452
88.44724797981358
90.59595933534285
87.64719113593445
94.28892482742863
94.36269464901903
88.10025930033915
89.80761866247052
87.8679851226184
84.94602731521626
82.68091197349436
86.95992963620498
90.21033892210522
90.0294244505229
92.31752239343743
91.27239402826204
87.54688137118694
91.47880692786158
92.03805686665778
88.12287097940396
88.1480572450677
87.25991999876675
84.58246962010863
88.48418499423795
92.40916014225671
88.91611996188041
94.34537226209049
95.90084449915481
96.8878450250616
96.26321786088484
94.05338101445241
86.64778111378462
94.94068911297785
97.25302678584296
94.53357671998273
99.78023362379045
93.51677203130717
94.13273160684254
91.79493849199046
98.86143458959883
96.60904976128987
94.27881908978885
95.46222442461917
97.56866158154102
98.26179066075125
97.44258489131887
96.54815830323554
96.76456517760114
96.75084916986113
92.22662035882587
94.29369524985677
95.30223255458397
96.25031388724392
100.33528289950526
94.36801376638192
95.49907974900212
97.23471948075822
100.85488665664933
95.30463763229389
94.27848143906286
94.8644616480913
94.91327474272208
94.46747950020179
93.3796406141889
90.64446999697324
90.28733260911045
90.87848797813349
93.98852922555106
88.68535313595777
90.87989651757827
90.77408294311526
93.43397425082395
91.52178196767622
88.78914877965822
89.18876901540177
89.5352922735639
83.26400627850775
86.81563079846013
88.07696233481994
86.68354417899783
93.0667384951778
91.86518839606553
91.93794298749947
89.75795797668019
90.6677625465538
89.57464974986677
91.71449950511429
89.23065837756616
88.73303718186591
91.79510824240965
92.68362950144528
88.44782149971694
87.81502313183313
89.40775021853916
93.01890070566753
91.81828949216425
94.19222616888044
89.26921380823161
91.47868858944567
88.48734493642608
91.49183169557782
90.80864018016555
94.3103859631818
94.91010151791339
92.71488224039364
93.61386344731454
93.68473571416772
90.2449667623482
87.44557368794014
89.97370037462393
88.16841202755668
89.27742448195946
90.3511696677522
89.4117947396141
97.95410054283555
98.12621221317968
97.34467754729941
96.67313167737426
96.78618712161338
91.78395913727854
91.78219348368152
99.78157925874322
95.59225022464645
95.96255199749702
98.0114454451398
94.31409704686374
90.36221552786994
88.61161537828498
86.38211763262329
91.96766585310627
85.71168409144484
88.05305548086899
89.28292825999222
88.92374461269748
83.8182480229967
87.24794819861172
88.24770319080915
87.5005188763133
85.30082613985073
87.85676622067687
91.34129931794925
87.44477938290507
85.73480264540791
84.45501417659393
87.60038837629718
86.94603397176776
89.27332255780784
88.91600304174571
89.98435104389475
94.11451150693632
98.2702653450822
90.40377335073308
90.4796075930693
89.20189101680249
93.04217540932251
93.09964557179046
92.03967631686159
94.22707476378262
88.9521907717107
86.76730300551645
87.17452148155105
90.98423609585433
91.20200009274896
92.40617399384435
94.17025846532674
84.99624609755242
90.57038641798228
87.92066662497356
88.13939820136189
86.277439532538
85.15820751980178
88.11052102742723
86.53721557036701
83.54153123351207
86.21754849489744
92.38373511987731
93.5545959724053
88.24824552055752
91.20987661585495
87.18493203605298
83.04076576034386
89.33728722533111
86.27664506797639
85.77307139455948
87.90857453149063
89.5914592792173
92.627945844474
89.61061736749147
92.13860084787827
86.83416522640896
89.12118902389007
91.55983489578561
92.04579808714784
90.15596731486563
88.20079799890233
94.00084588958457
92.64522662258054
90.78945308632768
94.94377753237808
92.77593347768341
90.76642398762924
89.10384505943199
97.17100115784305
89.26585066087837
90.241329838531
92.03800447092199
93.04171590665564
92.66046274617474
91.44155615095593
96.94417699093673
88.98220327296532
91.27716799243088
95.24386483020005
93.00825579314306
93.73231892473996
92.89253582935957
87.27575116567996
89.21072069748587
91.24847158907954
87.65606648830659
87.53931826670875
90.32033491456808
91.92900591292273
90.63272401132012
89.71244326702424
88.04937691061883
90.5818572541089
90.27951494476284
85.44024496459882
86.00749096626468
84.91086572214758
89.74505678063794
91.83866986010923
89.30631087609996
93.68495816465415
90.18394446032028
82.60815225518353
78.95979363164022
86.61800775433734
89.44221488036361
83.12660789021648
86.85641351615558
85.94763822496668
84.49184024952578
84.90131763292992
87.81731407993196
83.91127537768116
87.05897467646764
85.60889704680375
94.35108071535285
91.45354675327067
90.21080197863046
85.4562315527788
88.23369029233098
90.04165146268215
92.72733338491526
94.64251636035297
92.8267101162493
90.80180221004986
90.45740238577463
85.9429773497921
90.66562210512224
88.37498649086331
85.69006300248266
86.06013570599944
81.86375927474263
84.61839039255719
88.32805136975394
89.37650644537115
85.36829642057197
87.90364013782339
84.89682062485221
83.92617274736382
85.55088571092284
85.70484332179007
84.81956010275822
79.05372982171569
83.63164086200834
83.0932989733394
86.05073023131627
84.66078407641238
83.97900072586145
85.13599474135381
84.44412469829986
81.35176517601883
84.5363336685756
80.41847009123863
80.92545190811744
84.40488678601918
82.83889127710464
86.69366701043599
83.91131523465855
87.2923836180977
85.62082893521047
89.61265943892005
98.63939153583115
91.46311964395329
89.94754127500164
90.5109185998578
90.69285219114207
87.84027815449934
97.69872118338832
94.00156407615674
89.53265432441239
85.11763192130203
83.44683297871917
89.09710317577012
91.28456040041587
87.51348951057054
85.47693527090068
88.52129823649597
84.48681324049456
83.74906618731991
83.9608682896899
88.071621176208
86.81378024724376
86.48708313910703
84.54121794707754
90.27674644155167
84.48300095462872
89.35297506253042
89.33417536965304
91.37015946006683
95.11461407307218
91.37271552709093
91.18640424919326
89.91622648288867
95.1004836098369
94.34002105370227
86.07462054130058
85.53550807183176
89.54013762652093
90.64336228672457
90.81585843912995
89.03892352294126
90.9745664831029
87.82370342212755
88.50638791227004
93.65061073302424
91.05990314189576
88.81988045773487
92.75752908916832
95.68440204303118
87.79130367238453
89.36597106758506
83.36116414369246
87.98978337197555
94.24108892822369
90.96349269577655
85.7162089652845
87.52288537359516
92.2086611393149
89.86729205199593
87.36103259442069
86.02737293418679
92.18023767707635
94.0119631921006
93.29145415829173
91.77765942408809
91.04636672635604
94.19260974543813
90.92929744775095
92.85137142617536
94.1193125935693
95.70498345657488
91.4183761110024
90.81953872299081
89.27619348337772
90.16053080528602
86.75069598112033
90.93411053145523
93.95509918949752
93.76482329266854
92.20296497938948
95.73864982141379
88.19934717992209
89.94843392918725
91.0982457287006
91.15061566053842
99.46365027430446
89.79313747808152
86.22641852764114
94.49088042609597
90.3846690171108
87.49920022704534
86.77556145490853
88.2552613570287
90.43914862707474
90.23049142237181
88.50135072271664
88.66056037201525
84.3761131895522
88.62889529752101
85.48202709010562
87.65526341481824
89.65401878492196
90.60808627650437
87.87834539811978
91.15587544202222
91.41524647203107
92.09610889393709
91.46821228186946
88.57793420437649
92.31880918882139
95.8398102562387
91.60617748039478
87.48186591051977
92.60974662793785
90.71358983751779
92.66564920380416
89.28986780646501
89.27077416866452
90.19238971926316
87.0041919280457
89.09802984123772
83.5739470035399
94.01098629772547
92.90671103146008
92.78679563648751
94.35023283406828
93.20026971159515
93.45338213859213
95.5282525372089
95.88668756680003
90.93196067352088
91.09763367749963
93.68739621162405
85.2342694125579
89.94085330595979
91.24259178276945
93.59422675177211
90.17400475426042
91.3013411954224
94.65620107011819
92.32853913343214
91.60712563682927
90.24439261061144
94.13705516967742
89.66855906577544
95.48189223950472
99.75602259642552
92.63237350415523
91.87841759224779
91.83328613529451
90.61029487524034
89.36205416327323
89.57804478032035
95.04178600802504
93.47505686309242
90.86242895062811
92.68212823640883
88.49769264098863
88.42626632606542
91.1440693649098
90.91937127204673
89.91630984823377
92.68344019648052
86.34517518530212
87.48794606087456
85.56407299695569
91.96202030809505
92.1781578805523
85.81409284352966
81.33392043852238
87.0105618290513
87.85165204972098
86.67860583182426
83.64858457159599
82.01650629099562
80.30998790618531
76.66574587719337
78.16694859017166
82.68586813058126
87.06381212204477
88.38871220797682
83.48072987553321
85.55767777121311
80.47018754423556
80.14809523274685
86.53908785633847
89.47663811216793
85.64806896229105
87.988372996768
86.68154289379987
83.14252240233476
87.5993596122185
88.70299369330692
90.92908334392432
96.31614967915641
91.82465268088612
87.10858380436301
92.15592060568497
94.21085145678745
94.96922673419874
95.29340578108095
92.17594817884215
93.35404274319956
89.59125095231508
92.16664619709525
87.19415432251799
95.65448659708908
92.29671310180052
95.70869771287093
95.75731319530904
96.89818392361238
91.80603462366888
87.00734535431651
92.9766790088157
95.92633894131184
93.66174059568468
95.47434421225093
94.64751949666308
92.45705020423897
92.22291598790564
98.54396753478755
93.33924935940573
91.70011132063657
90.07396733552483
90.58792082321332
87.73896429082284
86.77998709861917
89.78276182780068
88.17754535964801
92.79702315058107
92.62132849752862
88.54969050589398
85.92627923270629
88.09759797999493
89.71139102920856
88.60305691746122
86.77293188056551
90.26013265699878
87.80040025160393
82.4931976766012
82.72172368632619
88.98847639015483
84.28620016976038
83.94280370932167
89.88660385082436
90.12023574751183
83.46450547608421
91.44593186508202
86.64832390886262
80.1926516798487
74.66765709412036
88.11907634701082
90.02811600525412
83.69183930778121
82.30106553548653
87.30754981463082
82.38174948430338
90.93564567377162
88.46106756309611
88.13424494791559
90.31199175865612
91.49685455054751
94.39212260400718
93.90103262415563
89.93422897185897
85.093097139774
85.02302846804616
86.28776880214704
86.14355778560595
87.3346180752058
82.44777622271813
84.38229786910954
79.39248778854511
82.86625156046803
81.46625994979331
82.58589614071094
86.2015690397317
87.62056213038908
87.31557424418159
83.48434336686296
81.70419327110574
86.58147992972746
87.81626302822377
85.39881517135666
83.77956373766685
84.841630644289
86.04553780060546
92.12871846215144
92.87302550747096
90.83004414118746
84.45462742668677
86.43561817143956
85.61210583060756
84.39403122530894
85.65955054059654
83.40304070601431
87.73038861988992
92.72924995120334
84.78108778584792
88.70030272811007
90.82005096391134
90.55090740218567
97.54627514441279
93.56922169694417
92.54467761067066
87.23760997635712
93.2228448140272
92.25819589102267
93.12567717967134
91.85003970588681
90.78509506013874
90.81233787513392
85.36278746558446
86.65239554894185
79.52781293415401
82.4232511697547
88.24103013015879
87.29297337262688
84.6951363720548
86.65401883284201
87.59278697765258
86.62151566972598
82.39821463363985
86.46164535044267
89.61265842799523
83.75193592141233
86.10860129241068
86.26995218380242
87.40647724048675
90.21644166317031
88.28404164292252
90.12747782347662
88.96326378281152
83.53461465178076
86.37901289448988
86.23922430050511
85.49617762989102
86.72312304985633
79.79368244092146
88.10093908869727
85.99694274524433
85.69881659164602
85.85673416814961
86.50711516549224
90.09344752907768
84.80020567818411
82.31290940075384
81.6426472762829
89.31015829641973
87.78200776047862
90.84431647382044
86.5614161552735
87.82032029005887
88.79756368929516
90.81857021923106
88.64358562487978
90.52180281421585
88.68213244955379
86.19292676145162
90.26157002580592
89.40197567614145
89.60306096417767
86.69828680394987
87.780456053745
87.72757334310282
84.25594172069596
86.59080739791574
83.59420618351851
84.73942609727324
85.3052961465201
88.54478333405545
85.82450151684465
88.15052919735763
92.40130606918414
89.14096353460872
88.88653840336706
89.39871339820344
85.07675308677095
85.68769587361345
84.37856413256391
86.4467708900832
82.42742009434886
82.96615116551234
87.13141323017494
86.50202769297833
86.2180757147774
92.15552878974664
82.97552148990256
87.34402750037258
85.62910004183516
85.61867754337622
79.76076868870774
79.8275087897692
79.74372037261806
83.25757036015685
86.09030336727974
83.36113325495833
92.66259033231874
93.22227965280035
92.19380090025646
86.79797763871532
84.44640966049161
88.17190504977125
89.54188859967013
91.29774979958107
92.54830738061844
84.75863627943603
79.35383848173834
88.3563655492524
82.4781689331214
86.16224303782973
84.41340652602479
83.42749974531372
85.20523301559602
86.88274175092323
88.0276806218639
87.82038370427276
90.33531839711468
90.56958583319582
89.27251965517321
85.08488279016831
90.94547914944289
87.80911650802564
87.42304267548992
84.69084286426263
82.6623256321954
84.69386819600054
83.05075825037355
85.60810864001287
87.33131860134148
86.0706939993225
85.32596798002855
84.08294243204173
79.7769164799249
82.60680420935961
87.98971848517608
88.31740263788299
87.1645170971455
88.46245422115182
85.29931078476179
87.30965120104051
90.90396714244959
90.70876478206542
82.71930974442428
86.38344404104028
90.76572111331338
93.10201226775807
90.11578643375195
95.37393792355714
91.64378223643372
89.51389958770648
88.21156662709429
86.81460721686395
83.71955380980424
86.48584225787928
96.06296800973905
85.20622272270093
80.73918369731808
83.23513438327087
85.23022280246335
89.22848088658208
83.1575625791292
85.49492375814971
87.11672332425121
88.85293389837601
88.98985862611447
85.62065579455462
93.7730446878531
87.71762470573012
82.03373926015831
84.15437010502801
87.89824414874224
84.1807327987723
87.33103997744463
88.04677512660638
89.93882152492583
85.04248458384635
82.42294926042679
81.67514169435367
81.514406956763
85.87365996317062
86.82804047843801
85.12712147621397
87.71110274718103
88.80139264667258
85.41569325901074
86.59887653778931
86.4744898621157
85.49276865139188
78.66498279307156
87.09709403738158
80.78660879395895
78.04601393757099
79.83531782457001
81.44004303367733
82.64501913200606
78.12254010408758
78.59403380577476
80.43231972288633
84.80978200689192
90.71521539212898
84.41161380019956
84.89296323278023
78.25725338113439
80.01653453724028
82.76276486445069
82.36099618882422
84.87243588367568
83.2376466437408
85.7388982948557
87.03917702127896
85.11184006273223
84.24173330406452
87.52564423210289
86.03859153283334
83.97349520190443
88.23539747736399
88.32168174462349
85.34085967391754
84.6645038056961
81.14802595002853
84.91805448222753
82.06765584015916
80.71056104664177
83.51378661539808
84.37427173273709
77.97563475734573
78.09818685106376
83.39979600499802
77.27704103279235
83.09986276523738
86.29339176643524
86.6096320804798
83.4088796289045
82.49173697056051
81.64625660834315
80.97407709808371
79.89024064774554
85.75963085410427
83.1632023493597
78.38885325664961
84.86973434374224
86.49493901764188
82.4316344485006
82.23359955198781
86.15531838723389
85.93483596694645
85.83545422753916
88.8854132768988
86.35875781015231
81.33785620758306
82.78622334714215
82.02973267308029
80.93765996403897
80.77564047747592
81.38880975088172
82.67413357225587
77.30733187638243
84.07938252473534
88.13243431182902
80.15004350758562
79.96701695093945
78.99107541681765
87.03598859676997
84.98228406749212
83.4987518682993
77.05186668599488
80.06247601671593
75.54494056359309
78.53414763819707
81.9032217807059
82.32510165268184
84.89287971375329
82.00770571396284
80.47591090055374
81.72904354151518
83.28760239430547
78.65675589576786
81.53238455082872
81.48285555751691
81.71330145668763
85.03752233694694
80.84315987079141
80.91804813429829
80.92900124831931
80.42315809961813
81.15472644539605
70.00912468915293
79.13057161578446
79.26198160552978
83.41126195912948
83.31179892844503
84.02601537660622
80.76605283893741
82.25048258213697
82.37672677972233
77.58247920771677
78.99508833673542
81.42924785883524
81.54395391393247
80.62649044309275
83.7011187700298
83.7063698549755
83.8037666208908
83.02646115332594
84.44826777695366
81.12178205308837
78.74397011965812
85.14959171993159
77.9664798357766
77.1455865036967
81.89545988853934
80.16722612887467
84.57999650741196
84.87870405104199
84.59746931502512
83.94381615937165
83.23400491920835
80.79671508626963
84.37154785463487
81.18398883242597
84.98038449658456
84.4974846509531
84.22433137855393
80.623096711524
78.61246347436452
79.4972948025772
82.11064803602339
77.28778905068717
81.03585308408064
86.1130241610941
84.29031667223998
79.06990499715366
85.81686229191891
81.49160855454893
78.44532288006171
83.9204878278632
80.19318252555337
77.83669105064247
75.6621843387687
76.34492671749825
79.22497558634471
75.44302671234001
79.08878027200069
89.01911663675168
83.93048431028575
78.63747601021231
77.25791595133764
85.36180494845479
82.44966879282752
81.50361382724238
87.40380227149056
84.98217055127785
89.30495046378324
81.83764072551833
82.9253061909098
87.87358874704238
83.43838578402749
83.82083758087114
85.77576817142752
86.6262643731632
90.15343081746816
80.3113588904378
76.9268237578522
81.85732242308693
81.46704960760893
81.95037430901586
87.93240288499324
85.11869574421144
82.60659974769429
83.32184235626806
87.14964300202456
85.87238818541562
87.24221130460646
86.45488209058088
78.38837205739544
83.61168548533846
77.57485242453062
78.5369441385551
86.27167105000198
85.05674970812557
82.84943740313778
87.23086713663211
83.62954801333794
86.63380273572038
84.41443168825137
79.64958515663376
79.76558380240601
81.97387393241264
82.88138699118191
82.22471171637318
85.0716452521774
81.56198983547237
86.40070325242974
83.34807007273692
81.89561347142438
83.3506951790553
83.50963964428922
80.39072263069922
81.98463440590072
82.53793234719097
80.55926971480339
85.0722989531121
85.08089106842
85.63539422924796
78.86726491048759
80.28047233177882
79.43221448717735
81.85081711572876
85.16561646744093
82.71204892370086
81.73362685324791
87.40101427195208
86.02503832589103
85.23585536214009
81.58799917622736
83.65344438132357
87.38924455006926
84.55639029196743
80.74184018832756
81.43688448763142
80.3449610849922
86.3091217106506
88.33375109512721
84.87718168908391
83.96417782574139
75.64526812571958
81.0461265748597
87.4442858478443
83.91480884053537
85.27428825120168
84.27554931092294
78.9005638724526
77.26610846365072
81.08106375473905
77.12023442556932
78.21886645446465
79.94344360771791
83.64943118586125
74.84859699431989
75.59042356813916
74.7818414137369
79.34828112509112
79.70016099698401
83.2854256604954
78.40439753737027
76.99240410395655
77.09959973684742
78.83340371877003
78.69070432462469
75.40727947022174
80.55474539178624
82.35081848706061
77.74562866570594
72.9256610922999
78.66420784039232
82.78782198997905
83.13012399313156
74.62577200918942
77.6794892416617
77.70488113034362
77.9099730199399
79.8571495039617
80.06137824596556
77.63407734460554
77.94805613926411
84.59727869247328
80.48060553217883
78.51844347130987
82.80713921255835
74.39603294802723
78.8614151251008
77.47606195307492
78.57326972960733
81.51284995650022
80.3158685037961
79.27650384557646
70.92885144806361
74.66336527804074
79.90683672207857
82.96512564891826
78.8261286622982
78.16174964825737
76.8104447620281
75.2316584280689
73.22030637450086
76.31926784411385
73.520773090526
69.81147846747082
74.87540720923681
74.42137274493639
76.73405516264717
76.87896117707756
79.58934453749065
73.8431641693942
74.47598364710815
78.74910883059971
77.76720705628624
81.04005286816124
80.61792738508096
72.95138292467897
75.66926229464741
78.2770663493938
79.86866568429639
77.10477906485728
79.08080680079324
80.54695688943184
82.44376793821469
80.50894002181522
80.5665378563859
84.08955664703866
85.74601529918169
80.21392051578532
85.61199221607251
81.28798188194158
81.1433337934257
82.23830117045166
76.93488043065761
76.4143695144929
78.07665151563087
73.91177314567624
80.56591491766375
78.41705408398299
78.57928286465018
80.63287867796298
79.9587852985731
87.09523052975928
87.00395879377272
80.64649629305839
82.84191762509778
82.72564737110888
86.10744703784329
85.04064800871117
82.28095892003857
75.23001850240172
80.05791076385465
78.10174813576263
82.33428927663672
87.21908604934784
83.61684836677527
85.85640546603547
84.42686493680888
83.98401991626758
79.96917851842451
79.9564032905327
79.62454448864645
79.51804405539933
81.12506265836137
81.6415586654652
77.91623265345477
79.68591417763083
80.11995037421008
74.64430092674652
78.09631058974915
78.09384619824864
75.4512256044407
83.80101705293299
82.87249071088121
74.63635825015419
78.12999138978623
78.15133067304677
77.44504125704154
77.56245683531057
79.85071879317458
78.91238250702305
76.09940756634954
80.26126847090396
77.2019455520679
79.12608513182956
79.25123775227739
82.50426982409829
85.29161927325471
81.26825247139236
77.4405938237584
77.15872463254536
85.05097637308641
82.91950362132357
79.34413116025377
80.61928696693776
81.17508711528657
86.40867703965905
81.18366099198408
79.2519792723248
84.44122882314034
78.80869202898599
75.55618334231696
77.037731187301
77.09973438904849
76.67563117056848
78.28735528695432
77.48871246057406
76.37305572686297
78.89762884458818
78.08087773634612
73.99112757269029
75.89971400175592
78.53157672054581
76.51081448002506
75.06906038218804
77.54307011804269
78.2791191783992
77.43000367926027
78.3526345004947
70.31985582671058
75.52134915618994
83.23113272504787
87.58330464988258
85.38392793182906
82.4996841069392
86.29379851187733
80.08601857103216
80.96964942710821
74.73388802406106
77.01753714756391
79.51325577587106
79.37151792772192
79.48776416805157
80.42568702255808
79.32035820287255
79.97074491831766
79.38550597440904
81.23360634238855
82.74051974855989
77.76698640750243
80.4720199887237
84.06136471996314
77.41389994084165
80.75726609769282
80.59999182906436
85.28845431369218
80.84664777643579
79.1648825550074
83.05203495959354
75.40449523700121
80.17790821652727
79.31782138041143
75.50327221301335
77.2891872950544
83.46143297528455
81.30421563550179
79.94891127222931
78.50480407748034
79.11736771183813
80.51292265481571
75.5405819661776
76.79002696923396
79.0116146594107
80.6219753998959
80.11557614415004
79.7608256547393
76.92963767438408
75.17676970583305
79.05183544837946
81.08276123904757
79.00973330076948
83.12068238687216
80.6805802619255
79.14292487120079
80.19328090635447
80.39406757595418
82.85551201167824
81.91636944374324
78.85518989697535
83.39155443507104
82.79384770463008
81.61877214559063
86.81264817193396
87.45394559336066
82.87628891530683
85.19419732424682
83.08160817041843
85.89723256730389
82.87048393070121
81.00234017066178
83.65627845626295
84.37573713187383
84.07654156790439
81.70179987054534
80.61584187165103
77.90192452350972
79.05245486617594
85.61767803338734
85.57995714887682
83.12872638907426
80.42415436281318
83.44734034785287
78.29151591818301
83.08048543843651
80.6224948374263
80.60511570316606
83.2280672689571
79.15059968057594
83.68993237505751
81.47947207261062
75.59115995455561
75.78936487686043
80.26561903309972
78.38223802847702
77.1871805907981
76.52366171861645
78.15528400348188
78.73636337141879
76.06701487975941
80.2022228683241
81.40496735896647
77.15300951967257
76.0524166335594
73.35339728773897
77.87570540685614
77.18436927404233
80.3108835747959
79.36068456327884
78.05690556457927
77.37055613937166
75.89157340957807
77.31462230169932
80.7003566807578
79.60049123877317
77.60317069074635
80.69021513252557
76.28919510748123
77.7668693960663
77.19764502896948
80.04178997248171
81.57659713453289
83.74788677553995
84.18652460246891
80.98882691739612
79.26804983606425
81.62600951047483
85.52857700890459
83.27915157652171
81.68014352840865
83.1709973000652
88.93158474592408
89.89126441178462
85.93740674970239
77.52996690554606
80.86065332099511
77.44873401211227
77.99927760400041
77.22094001261428
83.24969392794264
75.87228116421268
74.64315901640269
76.54654041057765
82.94507441901858
74.39942957948688
76.05045536839913
74.13550515984828
79.58723683723571
77.21769062425602
77.63433802142968
79.58502196796226
83.90705819877262
81.41672509726087
78.72260831630932
80.58773870101493
82.69354099281996
84.41369716182805
76.44907490307334
74.54073817323221
77.19745523405851
79.76602507498778
74.02407129865146
75.57928495716376
80.41143299242495
81.5002585792562
75.4442659998762
76.60234630310008
79.11993559063089
78.2279941502999
74.6394174270782
69.68911443872523
73.29320390458258
79.71954996514523
80.08506307951507
77.98254299026911
78.06683887516402
82.12588538030795
81.17580149619235
78.7186974707438
81.74081261579641
83.39179934005806
76.8064047550921
75.71842947682185
78.96046659175202
82.70288066296864
82.80104598749564
79.13822869552925
78.66333404079585
80.17190736823858
76.53367572461742
79.57208317223414
74.52499874082135
76.90769370619847
78.51686278628672
79.47812428858516
78.02667244507914
80.95323471326864
74.7388069071415
72.12470905736714
70.66746734399669
72.22413596972267
75.0852990963143
77.57411122173797
78.22047302242687
82.02368315471976
84.17027844700773
77.34745774137164
74.67446044223453
75.76322415401623
83.49977182461545
76.37838075644487
77.38260126530275
78.83378197205279
76.47341805470485
79.25479968597729
79.0659159641904
79.66758518488534
80.3902462628028
79.48693110862453
79.57137669117225
81.7385085039711
81.78244649900556
85.77197745019548
85.77329032073767
86.5802082503688
84.0600014699809
82.1822503427129
87.90592883249742
88.06289027320098
81.20565022765444
77.5764157172187
80.07951417679726
83.6660186454035
78.14132844261853
76.72234797307775
78.09761952829525
78.35942528081641
78.07511634398021
78.74207468277605
81.09905112125573
79.27663847332418
77.74114049034766
86.07186176569678
83.77636495686205
84.17091941330742
81.6655733125442
82.69518492454746
83.79420882015069
81.38272146268757
79.04745497219682
79.71600032313387
79.6754260477858
78.20799047461188
82.34494980669179
84.13958067035819
79.03427421450311
76.6836378638674
83.67301776181198
85.8173151789483
83.33633592702228
83.01716310025367
84.1599813768703
80.78841862073001
80.56255493642091
84.1399129566801
83.5021146224676
81.93597136666916
81.3621275461411
77.59917260265094
78.1528593606532
77.78851850643863
79.08173335600827
80.80767316112161
75.90630424476562
81.07664460710214
81.05558714700213
76.8710831653485
78.51409213611467
82.02363315190343
78.89661617711998
81.21277912706894
81.93724687517623
75.87022250286445
72.9857075265039
76.58118089006608
74.49551518094424
78.26299165806697
77.93971173686518
80.96934752988268
78.33750760465838
76.14839772421452
80.7294391198056
77.2132605159188
75.55108938839808
75.29337281788565
72.87411518164119
74.97435059966327
74.81993964402636
73.55962383114455
74.37481634051186
73.1684289700331
74.4656086147727
76.04385662117986
81.51516735389748
78.05474704291466
80.94115168528123
80.1277719482265
73.39541583184545
73.73844142690574
79.93441830987072
78.28036047972563
77.81546729971402
79.18184467252327
78.92220858808652
79.24157694934993
77.11182506018997
77.30156145445261
81.4936331041818
80.96302117550265
81.25075332798657
80.56480414469432
84.00751913816148
82.50140183477984
84.30042583227905
78.71645008340057
75.95128888436555
79.25108588906046
75.8292447347717
73.7416825222774
82.18040248272793
83.73997777686633
82.4081230415823
83.31913911256294
83.13616655988524
83.64422326564207
82.34384188320043
81.37933592715453
78.95371481847332
76.87847710010107
82.0522034520841
75.63261210981116
74.66947020655432
84.12744828035532
82.48752879911524
89.40503886991173
78.78480012663066
78.72922699606869
77.3012198983879
77.97442919444126
72.36124621818973
76.1658368803394
75.54973029589765
76.24981146158845
82.04153452778759
80.35958287094982
75.66042338415548
79.47995737251766
75.27914583687894
76.03898766896164
75.74329644354005
78.93526537235431
76.46552375346565
73.88370870168032
77.52354432932964
79.93618459217227
79.7719747125532
78.34511970044201
75.47665405339747
75.04005225513163
79.11843984049432
82.05494202618576
77.22713614815306
77.83495538717335
79.32638840823446
78.17962556541947
81.85824447292394
79.84932891050738
75.54746674812044
79.98644368287714
75.65224192790662
78.06207312441678
74.00315040926583
73.1142052147088
74.45390743056151
74.15927093588982
79.28626745956664
76.632228860648
76.03222001696935
74.97642921727478
78.8824289318941
78.71830779169986
77.82193406910888
82.08176325498859
80.38349266733603
79.89973637025716
80.91116237855998
76.5899385951374
79.5635145475046
78.0241538705118
78.5586266004556
76.04234878220082
77.63525672536552
78.33375678156143
76.23936668058366
71.60280049795841
74.40401219187193
77.51314574457705
72.81509518760748
78.92776330870105
82.47910335683093
78.14558904596016
78.08765027523843
74.22429770403393
78.24240071802075
71.84171460229692
70.38801770152337
70.06655239235128
77.46447061171911
74.81060613195419
72.8893257795876
76.72340349916627
78.35137259035508
76.49920568131819
79.84072839071331
76.77195072346423
75.04910700259988
76.71371032579869
73.10105451466188
72.77780170282831
72.06845073464568
71.12688021449404
76.90216917536547
75.75366138502746
74.0480652380859
78.05718567131575
72.12530120137971
75.39104273928555
76.544405404423
73.24578920659982
74.8707141691339
77.30503930411382
75.8625169780273
82.03718383567546
81.31200749338174
81.74539325240733
75.3331938899184
75.969055695697
80.38823833170557
80.79431921558098
78.73830992116221
81.41754435595956
77.95992732131623
78.82256380706914
78.61533764034189
78.28365979650079
85.96705449288754
81.48023230052267
75.43275345474397
76.41339194437298
78.76111270279846
74.12862332265851
71.75450035952974
76.16593614986063
74.63394470735618
75.31435641270144
72.96567150816836
73.07430977981943
78.60625336302346
80.09963058232377
75.83137676487691
79.98980785519394
76.90938376958258
75.04901994307659
74.57175321776646
78.50638033225744
75.8333910015999
77.62196506323252
80.2602311620025
79.62319466151783
77.58147006303899
79.49920796223552
79.0096021349949
84.19880193886955
79.8284449660003
77.73263452039917
77.76776058232957
82.12258475773407
75.13790382058386
80.20732930451777
83.13437913715956
81.33527238866495
84.57488171189209
79.19733551918682
77.43980817861315
73.12820583216742
77.51762053402581
75.06612127348014
73.60442515492485
76.74751288691502
79.7185764990328
79.0872741821632
75.39309354369176
77.10691048967557
80.03068391885999
80.74575301880982
79.87188410726012
76.9718618485972
81.58932009148923
77.07715448305224
80.15510790686554
80.56815027461838
83.03760071464556
80.98491689514111
81.97393743305082
84.00147982068648
78.26506851604373
78.66007024148506
76.73395847322274
76.42785569966537
76.68098679353596
74.79741194467896
74.6424082440921
76.2328704306513
75.88175946737006
77.95906142213839
74.26670957375671
77.57692416789932
76.59428947839906
79.73788360980971
76.57497082526866
76.83922552318899
74.54825074101267
75.44573555173524
79.36084449747099
76.24888746533249
75.59571390673918
72.50701389923663
75.01563241436146
71.50540340315018
75.36384052068244
79.0740952226392
77.47562356278912
74.423575770087
72.92917848020649
73.30399185689784
77.40850204603527
77.80413126031887
79.31755358615911
82.21811560877133
79.64718149146154
75.71454110871866
78.91556727364063
79.0730102136429
72.65436531937003
72.9173853074536
79.45815002973013
73.17596871992066
72.73862430509877
70.41904551754357
79.72769775415507
82.27196395490944
77.0095059785146
77.73357644788344
80.03684466594454
79.05064685726224
73.67623520764263
75.67017390170706
81.82340209825249
79.15811584851801
80.93125401825839
80.54886751399513
76.71429033518503
76.00075897312917
74.77968796133719
79.63647651498182
73.37438324359762
71.75322563147508
74.55468192068463
78.26586951946756
75.52196176933604
77.08387402046402
86.0773638645814
81.27079000963872
78.22628024674003
79.68043336811922
78.7421976378851
78.56833611482644
77.03252514029933
79.0578938222662
79.0452851981244
73.56366838226229
75.33620478457844
73.4603942051975
73.98717410580477
79.30772674705669
82.28707572335658
78.55183107837107
81.79998091143813
79.911266012875
79.63920557229409
80.3120582720058
79.57620355540477
78.78009056901956
76.82791417408845
78.76166906401627
74.71681453530614
75.15871231240507
72.83704092748675
68.2198385085351
74.17533968682159
76.1089309530169
71.26244274809893
72.54811710944158
78.05968239372177
79.35579245402555
82.30250773871172
83.74481373070266
80.36097743366597
76.06337009439726
74.56260107769124
78.87279531767011
82.35793697057156
79.23099351122997
79.3507354333042
79.73419739123842
80.0961762711486
80.31061285879093
78.040606257415
78.53874382720218
77.0411616590831
77.5815111448149
73.61036707405133
74.36364878162568
72.58326682594853
67.44217914716403
74.08582196891307
76.99601544582072
69.81920556745007
78.64854299894509
78.62085799567733
74.21051254386356
73.03534624002612
78.09559038094486
75.94331910918724
74.8941101459855
71.73844111900425
74.77097202471802
78.35671677844044
74.04544099263934
72.65457574566
71.39731215739425
74.92171358455938
75.45107217263677
77.94206066299674
73.43475092132714
73.60490650025373
76.61955220490438
73.59311760809152
79.28204100587848
72.54724844193628
74.20791619921613
74.80691984491116
72.98530040564152
72.47448812292251
77.10554397844494
75.09358470677783
77.16364088640485
74.15686332730645
74.0414798994904
77.87250490183881
76.67958580327605
72.89536550158994
76.76971942642781
77.03551169358373
76.90433480597045
74.2370177350138
73.2874811813454
74.32259992207346
76.91143181808508
76.08122231295874
72.25879542013979
73.87592562972458
77.73484270194731
80.14455719657553
81.41131055313583
73.58172696317438
77.90372301515745
74.44367058611044
77.96072020488431
76.20494880690589
73.64755207567153
74.84719112446027
78.77448657838738
75.7706007492132
74.88226307528332
77.770737785513
78.00261083730965
74.75461236588868
74.19226146817547
79.6578966974679
80.75595202066532
76.15982052639623
79.18798841613348
77.65264387166944
80.89069218528935
78.95619194285868
76.11354095388734
78.27499757309515
79.25002219596618
79.59513283750124
81.96919254233426
86.54873011587675
81.72806835096124
79.89682928393246
77.68026975907559
79.58108332849315
82.68587525323892
79.81649701601617
79.16445289063529
77.57965274194119
77.84755246373226
77.87459346386841
78.19671790883473
79.93198047978355
75.09258596456114
78.51698421637026
81.90957487136579
78.45536202446974
83.49134075066598
79.70873597690611
80.75229054026407
83.71528415039685
79.1608278380321
83.6163141918475
72.4902825528875
76.63455761228792
76.18290766937059
75.28691122758259
75.15665123656488
77.45459192386171
75.11100613177322
74.52801353538369
71.68676983188135
75.53200824388125
74.4460243126533
74.87026586835091
74.71241551549575
71.75977313482196
75.84118512545753
73.39105390761452
73.65048798577465
74.39796133614817
74.95951944096424
73.86744624580503
71.32345808039491
73.35856941182341
74.0076387675698
75.35346616199165
78.34339017893777
74.8632609083079
73.39761135937464
67.72464908789777
75.04655336033392
73.29956513062832
70.75516838274702
72.10512576291407
72.51627813799828
76.00618280207911
71.68537197974783
71.35984856008153
74.74912469798606
74.69914158217196
78.39344163315212
71.65692088042911
71.66703585234701
74.4677366047125
76.89582010053384
79.98179478578535
77.52728430584887
79.27113216082884
83.58601585470805
83.95187119420035
82.48995522663455
81.13107089060227
72.87631294257126
73.2342308734749
74.16590935992036
77.66702025567996
73.67890065736904
74.94706751566413
79.66864977459223
78.65710991346506
75.30918418588172
78.75123241889358
74.36448645775987
78.90696590677076
77.60649749153
75.74318939734506
79.01447942143724
76.91711472755838
77.16099173471576
74.2729408549131
77.67142925796819
75.40728637162296
76.67579281891663
71.97123960469852
75.61162293955744
73.0381048055319
77.04893036597402
71.15476541793063
74.78935146549476
76.15030816206205
76.19493596366785
77.91909664637485
78.11243394712841
75.3410405204666
75.72853752676644
73.51329516833681
72.78849194169275
72.77616655605843
77.74243574532717
71.08392608717033
73.57557691383947
80.90230379628356
72.91240247528934
73.02207534558515
74.80195177012791
71.67588492913956
73.44789714078988
74.94383211169286
71.46924811549579
73.59162668339648
77.2902466578194
77.56560873925586
75.73924406534243
72.26893550645443
75.93444168802844
73.37814032610788
74.92882238528718
78.7016535187743
80.37438612983146
80.53036246112033
76.4415311285593
77.19506082455459
78.53690990591168
75.86333310485948
78.92482481200153
75.61371543484177
74.10743315428822
74.9087581320542
70.1056377505077
72.07475229724993
75.76988046568562
76.56830403047275
76.73399062725044
75.26535911887875
75.60518963018178
75.62339590362713
71.76889720025147
72.9396049173183
74.54186763521926
77.53410170962486
75.38267955981043
71.45667143703072
73.1921446949035
74.88844492726932
79.58223227268738
73.06982088141167
76.75228716381082
79.30894774941027
77.35026919228277
72.88995848456003
72.3606733419615
71.10237018694859
71.2236656703079
72.758194145169
77.77746521189552
79.2290611909502
68.97135569926697
71.81353950768151
78.14508825918305
71.86178774032756
72.08845811036419
75.78289110961822
75.42366462578718
72.73973548155678
74.99119608501273
76.10763236007413
76.24065233488372
75.14895614174617
76.48021960652534
74.91457387346153
73.840909790172
74.32187991278747
74.54448508810528
80.8921146624952
80.30980254907863
80.32688851044962
77.76159563230546
79.50671888160859
78.99562871519011
74.34566277489354
76.22479664124995
77.63501740489073
74.37621231776812
78.32297718528429
76.26487610956745
80.28123229486943
76.17059391472097
71.2449774392644
74.89134904761232
77.50192026856395
76.17882510724513
77.86559083697526
75.51595458773726
75.15985539902891
72.74566046106408
76.34154118652154
76.51389471837845
76.11927740726168
74.15495042909474
73.02917765131502
78.91554078130451
79.61735957241906
74.46384042684562
71.40959132287391
77.22223700273824
75.21998208900591
75.25578468713482
82.35131828493962
82.69017799534642
74.87418853773207
77.91310424081536
81.81135598790667
76.79622285764343
71.96686818920809
76.16290447396698
80.75153443418093
74.01574527926289
76.89200314119509
75.96087326815906
75.1878205040711
74.4653897314653
75.72154224147198
77.30079397071175
73.74923388290158
72.64583990057136
75.11986826308325
79.14580306471416
80.19890715022373
80.7494850110339
76.71684250293019
81.2817574654325
82.98539833929526
83.03934780467065
81.83279825765139
80.955503827549
78.89089750942927
77.78649243698824
83.38679167241524
81.0415482926424
79.66510833293067
76.25756101363415
75.72412653649896
77.18152483223015
74.89251527778342
73.88362549208308
74.50271022856481
70.65398668941457
72.36868455148482
76.12942253027303
68.27812666801513
69.49674821424283
73.88196898742626
74.41045045776562
70.02819138920624
72.78486161630077
68.39213531818574
72.4862667034908
71.68747915004182
77.68426127821546
76.73941175194412
74.35359966555345
73.13732630273392
74.81154092153034
75.93052580077365
74.2292777858158
72.71151765970946
74.0471680457744
71.59893045977437
75.4098747983572
73.57503319508207
74.97881374227947
76.43273923205295
73.01157775454597
71.25864443790245
68.80840368825072
70.22250306180526
72.63488169047409
74.44530556260071
69.01142492751497
75.57570976732987
78.08482878132969
72.54818804005012
74.61245965599721
73.24655580083989
75.68330726781589
76.1927101195219
74.56480190143277
77.53750422035546
72.72658734930856
74.1592051874064
74.00864608728575
72.01655015684122
75.05286265518419
75.41962607356486
73.80459717286332
78.80702439290476
78.41062380811192
79.20232598093772
73.05012460489866
75.03387595604057
74.75531908935316
77.72022811655702
75.82250609680122
75.08619958283107
72.45409104102283
76.42591527253978
76.50554435810211
74.39822495868484
73.51925887248484
79.96403876971144
81.78625933541674
77.2533555393135
75.40152984787714
76.7721083325881
76.53854671402293
76.33152761511904
74.02079925723866
73.0092056592842
75.90149479084911
72.48077211985623
69.35790950859023
73.86030856392213
73.41056523317859
77.28514314814268
74.90980953727558
72.27888443582273
72.81455092609163
71.85845746888677
70.77662296888452
71.22775491149255
70.81472825810818
73.20579536772433
71.2240064754827
73.98453479200126
74.95047628797317
74.82644408578955
72.88053218145522
71.71102089736979
72.9900194125897
77.00786942143375
75.47598530272178
75.45251832385533
82.00516518408466
85.51576476194415
81.9480659174671
80.67751588605674
80.80771686685763
77.36798789061199
78.65404784092573
82.25382566797146
79.081287828265
76.29530594511914
77.32330680296678
72.6643346518556
72.18036955267586
73.50491569875491
73.88511452427312
77.22737187604748
71.61559766083589
71.97976613137098
73.9448063465646
77.78925569915607
74.22595683285695
76.814979514256
74.77867922940777
72.76075821728885
72.77945071483899
78.54520049751359
76.71743135632352
78.44424694870867
73.44196130860053
75.31475173824802
80.58548053604615
72.85151807928364
78.58194203318638
79.20763001317785
76.12241710445925
72.5920425776379
76.37456477342066
79.59398063744514
84.09001092067787
83.10122218306009
75.39001449255726
81.58128185143613
75.64653529192798
78.43649410306614
73.82955769692867
75.86791503363084
78.00504017762555
76.85439050312262
78.29613731618878
74.87496751204732
80.17569812556535
79.3804930259372
81.1226497273509
76.30110688304072
74.61050188975263
78.38831387177056
78.0065248696767
78.2427746443444
76.84855622313853
80.96096782865229
79.04310223129643
77.11510625861412
75.57875782139314
78.30987775005885
72.53209947832941
79.24848840538705
75.82302032625749
78.15343234309455
75.16569520605245
75.88428400741545
73.25013048510476
71.37707222233908
76.36522571659357
77.06461624122404
76.96063384314692
73.84850918184334
72.1333597024271
75.9803425354442
79.61616409284834
78.13554112533215
75.74949692049252
80.77498546001073
79.31266542296272
79.69979133841485
81.25696273525426
80.66384376912468
76.35866224418149
80.20864105475827
75.18045603961147
75.45447868793754
78.66255641869779
80.10053472642784
77.1962288406385
77.2872895692347
74.03810693824704
77.86543498099975
80.28260875206246
69.6573814364709
74.64613643971857
75.25396929586101
75.77573442785213
79.32078275830885
77.09259063196082
71.17335507594439
70.73155723540651
65.85457831999865
73.39665621006834
71.81924172859182
72.93800702156183
70.37399160253591
71.76838261752643
71.98764721551838
71.94612350222762
73.94952580821311
74.00007903685342
72.52716378709015
73.93677186302054
76.49449340839897
76.08648397797322
77.53815248968013
76.14420927029316
79.5674477483394
82.74489707793018
72.77049578692089
70.48972420919009
73.00362931294491
74.43327013188484
71.87824053379855
69.87860155176217
68.2115963037766
71.46309501006797
70.80436829826645
64.4506138324606
65.2623780225691
77.24201629572195
75.22060490429087
75.27124615575018
76.63440194767671
70.32973254743527
74.82024112305882
72.72951423675836
70.2890505956936
74.38124460191358
74.52758265457896
72.37904900942469
66.64379361085793
69.43214316224774
70.81868908769863
71.45487590045748
74.1295573830193
72.09703265801357
73.2292365597908
72.84715368056627
73.68905608431243
71.41999236232367
71.57343251790209
72.16746116170337
72.67021238879455
71.56279709113805
75.67913863986502
80.03189104845713
79.92736316313962
76.99065736204615
79.18491287536094
80.52734800294854
78.82634690185785
75.24536892139206
79.23549029590956
78.67273311385621
75.35571175432676
78.59148335126221
72.95317384756999
77.70257809356012
81.37741571725473
75.25757628077503
75.3186137176346
74.79509445065162
79.93154206665734
73.01048783260175
75.19531307220792
75.93139328665717
75.48269049620875
68.64999865070718
76.18626957827014
75.0664034057029
75.46767163916533
75.30261829995717
77.1252104995882
78.50894870824895
76.47515942320503
70.86319311221041
77.26199352415126
80.40480051866577
77.34256757292788
70.87036754943132
78.16621259238798
75.21836186726998
73.60808332931627
78.4112815779595
74.16931532077959
73.32606865440869
73.53087581131551
66.66860428256959
72.99593788025346
72.69996363149966
71.08504984201508
73.56092725221222
75.27109733140372
74.10132573434994
73.57836295598892
73.93818933784894
79.02493089055706
79.4244528141553
74.29924664511167
75.00041863309241
71.389714677855
78.06651598193923
78.72205602538561
78.30552231440375
76.30917844462965
75.25681317482604
74.5696390233242
71.40776223946607
70.28502646369552
70.20186550030105
71.73076009255642
73.94707521536924
70.63796201725116
77.06048658275651
71.42256594648661
69.0599182566331
75.94285359132061
70.5945521956806
72.15165685851326
76.13977129304139
76.22016469205762
74.46323154856593
76.23496039791266
72.40704835161505
73.96616380985226
76.15084659296684
72.05095031457043
72.42207718356448
71.59273330215278
78.89627298328942
79.75433044146843
74.90015215363245
71.2639307298424
77.27452784015306
77.59352447465977
74.77395170352355
79.56115152192413
77.00773266702042
78.3564442593084
77.0514883607927
77.78885098205572
77.25147569580601
77.79002667138747
78.06451906807096
77.55070060593381
70.06966232413784
74.41882220195
72.14543146550771
74.68525008049978
75.93423463455268
73.58774707373195
74.25444721735137
76.55927882777146
75.67712762596126
76.0946534738036
76.71195384153377
74.94291732836818
74.17697745311912
75.09758264220362
78.89079738768368
69.43932858132271
72.3469812327798
73.35309010553647
71.7075310866704
76.68114471821941
75.40970075051221
75.407373221694
73.55612553851157
72.71192541114223
72.21249662971914
71.89563511201416
66.58193985852279
73.70862546881801
74.65397486595744
73.89686425806782
69.10208616201814
80.58095360144449
78.15167414466369
70.14768778832904
70.17541126724858
75.63500540340183
76.2390048150032
72.70272919689768
70.56643827085858
75.58686614461058
76.82341652345856
73.24621700153638
75.76387324057538
79.0199204076539
71.36179029168015
70.91728420134447
74.24321325687276
71.81363863220345
76.13063289064763
71.3497506866457
71.55016113129928
71.96641656135273
71.19610984823774
78.52438952885653
73.06639424373401
71.33225551272257
74.79407317827402
73.15170663351319
70.26529491232856
67.89235917086506
66.1499526024245
70.90287884880445
74.18270992977544
69.65474614087131
71.64362666938887
69.67537133006904
72.18254680472592
69.07557862409402
76.2612367430167
75.98751624439356
75.09070309423547
73.7126518683423
77.14705723970563
72.8712175977549
70.31825224640858
74.06566512895587
74.96178924185868
70.02824390014125
74.67437604759094
73.5743018879264
72.78390206666158
77.59816497650755
74.36495958350439
68.73153857754623
68.74034240553924
73.74096582412638
73.56422379367395
74.88519751182979
71.52535306201511
76.6491809377974
74.99406962088983
72.86727980251139
68.93567475571716
70.26849750302118
73.12457047548149
73.89759505115362
70.66098201925858
76.09629824863727
75.28572084324315
75.29684734461073
73.93308618117162
70.33101314757323
69.13344739064065
72.2378548126
69.16948832515953
68.64488322302988
70.25752958553076
71.3520132966028
70.67969582650265
72.46955677740237
68.90418116303627
72.97245765737539
73.13160096544763
72.43167040302866
72.3528963586353
68.67283268552795
66.94066771231674
70.84662487396555
63.64355866133799
64.89583825463768
71.5471428009961
70.54952522670723
67.07194540550205
69.52993911525525
72.07336503860928
65.49526341086701
68.42959468562809
69.77753868733987
68.56234115081236
68.4219190421259
73.59703537802406
75.28011425300187
72.08530048167412
68.3280034991241
68.63560199051147
66.79922230043762
71.47763616163134
72.27312819393697
67.33602858885892
74.06679958805546
71.05839797671246
73.45847909782589
73.95898118809245
75.58949374620842
77.24057892294782
75.14303976208006
74.87107037535911
75.59033842520506
77.36105665606331
77.67039585701889
70.09997874454415
69.58311977779968
73.3110060415836
70.93724699116547
65.21873186043037
70.29539366740836
72.43109868461636
71.24276272769535
65.443621148964
66.4201088799202
68.07365785869753
65.82335262950458
68.22835976663336
72.37095098328689
71.00220681105012
73.23655801347
72.91259928915906
71.08983948927889
72.34603213238464
72.75227798941775
68.86747158994415
66.39748774263991
66.91462416275677
70.55413714012006
73.15072260263135
70.10221327423663
77.33471311722833
68.78065729565749
69.09250748341076
72.69369186368823
70.54539427068005
67.3904811686494
66.01623658105696
64.2686476361427
66.10552438726182
67.99369135153437
66.64615340787519
66.21813000354696
66.05584822919663
63.105140504935335
69.05054848334751
69.29116785544616
69.52037197234104
69.28052065822507
69.7081489993214
65.9197286761388
63.40512697299621
69.85664802787667
67.94317316799533
69.6732516290861
66.14314208866261
69.44070062936413
66.47265199705025
67.17401636757883
70.06882195896495
69.69203226058653
66.8599579431775
67.92418075101905
70.87550794444442
71.21879416981403
66.31498128522313
71.69335681433664
69.48571760549889
67.83384393430048
67.46275766275896
67.59726599455709
69.56583746373151
69.13785630576382
68.11931686768304
71.20058222416168
68.86181542609843
71.94475409606171
71.86197012978784
69.60322966465839
67.8233119790388
69.69544578614277
66.89447655894624
65.77237384416507
68.66613491365783
66.85610868161162
66.17418740801156
69.79568399981285
66.26893986252384
71.23439035949514
68.46972128954498
68.0559030213061
65.06191095449391
65.95086162680819
67.0232500088376
68.25920524527733
68.61620504086206
67.88287865810656
66.34230056528656
71.9541815157624
71.46597310543625
69.86635598233062
69.23950110442144
70.67400295832385
71.35557721457737
68.15531710418479
70.64664816785053
68.1216385301759
67.76336067266139
66.25584166847403
71.0162264717221
65.58615523111975
64.40332460195818
67.80596124103066
65.77070674224821
71.9040072482499
65.70983829441064
62.91915432587581
67.81565180131375
68.80642732303274
68.02579358301104
63.164429456118725
64.71236141319996
68.54079922499419
67.49015185814069
67.50916344041968
65.54127544060528
67.32691473943713
68.74244304203107
70.69455132386624
70.23846684324215
72.68806849759184
68.35493661874906
67.05999251972732
70.8093958064163
70.40772019412587
69.8464335615047
71.77240678543043
70.89311074288884
67.80113728622631
67.8639369855131
69.3928844696076
66.90498638498597
64.94075282466966
73.75675245918988
66.59918685882221
66.94103277818654
68.08345754527504
69.47554205877162
66.93611250022428
65.6649915415879
67.70604668348952
66.43406646086947
67.10483351829465
69.62575404969229
70.16137703509213
67.45396852050948
67.74333678600466
70.99755088859717
70.01471796553517
68.14665890935987
70.04666018850952
68.33299917614468
67.9905911263439
66.00205504658595
65.93202962059894
70.77058461347501
71.88010052064507
63.20504978436709
63.94452566356478
67.27589729811018
67.68354028877003
68.5926590068614
67.37411869322912
65.53750420890714
64.90940418771669
66.67324568684643
67.99104333413648
66.84926288045986
64.69109452622637
66.16529430969193
70.52162057718327
64.01601586133638
67.15931175039537
68.29340173853804
64.7538134014085
66.50802224729966
65.53749508381105
72.02644472111429
76.13232916429816
67.15218788122485
70.75597216714908
72.90345275134739
68.52959456331642
71.77536189200733
73.33174132749899
72.3462200991979
69.17531046618095
67.30669124730646
68.85424436219397
67.76495266028215
66.09262912360299
67.2917893299313
71.55016177571122
67.99195397741062
65.63245793795133
68.35839784487463
68.1362986232399
69.29999329391575
70.49230248412651
71.3829715814808
71.59725458706839
71.87654987976103
76.18731855417734
68.83840465022251
65.6562879929179
66.97874427061659
68.80314873546558
72.43889393984699
73.82756091024446
75.22307826805972
73.3215719266579
73.57299781653516
72.55102460719083
70.59721187945436
68.3916147518355
69.83114579795209
65.43507823481883
62.90325588347936
68.03238943771939
65.25200936562634
64.32631977009322
69.28858353565174
67.73019092462447
70.11458001924032
69.91484938200416
68.59679189443838
69.40755685008548
68.76581503932601
67.53236377305231
70.22495219650926
69.54869555777259
70.31692651409121
68.66168527507214
72.79596704762565
69.30608133075161
63.75778997745465
71.24531748601957
65.87213645720776
66.37985704685353
62.9355002125394
65.76402244857013
65.17067359980256
70.33147882682435
67.14884973717045
69.33951257930161
70.12488824721983
66.39821102898075
65.59060430838734
65.51172454043554
65.05159615768575
64.22464660720432
66.4127654294969
66.05479643603503
69.22151534263945
60.75242021497667
65.32617217792274
68.82847875183478
66.83249734367816
66.41461018028436
71.60865175099168
72.92054853502074
68.39092919227957
70.39630630262317
67.66764290803266
69.19671693773513
70.32232761500502
64.89910283044141
65.92728899218764
69.59461309095019
68.42763926796505
66.86695828713259
68.43249092004203
66.4502852966373
63.13198534015273
65.93509798301058
67.06618573215138
67.4971178446768
70.98836456372548
67.25602315113939
67.97009760635932
64.93766218155508
70.55727005242689
65.33897238413869
67.13632694743131
66.93341667657371
67.84360579012909
71.14934878247895
68.99554373204118
63.36799854158628
69.15691853288453
69.69136369877351
68.93895042294815
67.07899624283947
63.95072638516829
65.16921364684116
69.03419084990591
69.42693764418124
69.43759258385273
68.51395797102589
67.57292506238194
64.71060722595415
68.00519210228425
67.19708184229441
67.07339472135823
63.01174226158588
64.95261811474737
67.48670054689343
68.07028974268171
68.13185976908343
67.52824547944971
74.9001290679601
71.32063989597404
67.36586698297546
68.95373040015544
72.4348925421795
70.02589160151688
66.63198890833043
70.32027041760261
68.22131442269001
67.31125151169168
70.23937545844768
66.50213820520959
64.4951531983145
70.09270853962012
72.85061131283875
67.66481650701938
67.19631579424922
65.05090387487951
68.52132414955514
66.27689134872983
64.23779720133203
66.47083756475554
67.99384635692454
67.33285957770917
65.79207857639499
65.8020613719727
66.96775815696644
68.72428935811186
64.30370684635388
66.27287090094987
68.73112992137702
66.55953416151483
68.44427901743488
70.49416462596889
68.87090311344215
65.38686137244252
67.41152919695656
68.07064876847954
66.23538581138354
66.68197683646318
65.54967308472753
66.34201839751198
64.07497418020068
67.6335518139528
71.32910885270154
68.45210333601283
69.25500277493875
68.85147247931211
66.86159770974183
68.70579427620014
69.10254621500835
67.39876027641648
64.34459426052838
72.50181061033642
73.21072782063611
68.12992638331896
69.33063773484804
66.85368356512856
67.02220994481608
68.19954152884902
66.93201080084572
65.10425603989229
67.13569018301956
64.83816268324412
66.10857960013287
67.10296996944075
67.337809431128
70.57930462876728
68.24945929906399
71.23102463468955
72.44709145677152
71.53155602823107
68.90343152488934
73.0998384783203
68.68848699283859
60.93491282346875
62.64190993235343
66.29969005727303
65.53231053711065
67.29435073428877
63.353227768436234
68.59738176883782
67.07879492803475
68.04593346840655
66.95759167815793
64.95023687173111
69.60308475546591
71.13738635999268
70.52344460733107
65.70175547579261
66.76457269429996
66.32118832288775
65.77604591719931
60.85790566267444
67.87097929752171
71.03820067938517
72.86274151036798
73.68603471255351
69.82663908384632
69.39156631027949
64.74543277796184
64.15354192589594
65.9824468312244
65.16548616108838
64.30043247664517
60.86500096071551
64.51065022148293
64.47212217018077
67.43352497999825
63.22299561042432
61.2073588381863
65.68090380062948
65.17319244944882
59.86716486988782
64.35846106866096
66.81799091108704
63.9346333521023
64.34862067217419
62.71809218214812
68.71725147314235
66.21547875870512
69.93798920283956
67.59100654743992
64.52006750308433
69.93271165991133
66.88242007318532
67.1195525952587
69.1666595226815
67.91876853269825
67.94239456322818
65.4012865900509
66.5488244961569
65.50471315075204
67.12117918867081
69.35285106986568
67.86698499579052
69.44794368140782
68.72319140875612
68.77920668817836
62.87703354760393
62.70686630264376
69.39253499403237
66.8363834170634
67.06943583383513
65.55464629633875
67.03521673109138
65.13468484240452
65.0859127436288
65.40799260666608
67.80771714257838
65.24343475564174
67.44313931018654
60.62778921325403
63.92306137992463
64.31117756877862
62.089183071827534
63.51182802458223
69.09916605259485
65.94620266675999
64.58336198893025
66.85949892733903
65.02139632697907
63.497849125974355
58.839260442601336
61.4028716386606
65.80570133589077
66.00349278130592
65.07508765052754
66.66834538258856
63.40434783988936
68.21621712357171
65.5044543629247
68.8743307197026
67.34026956481561
66.10413649340208
67.8096500903977
62.79279669583989
61.99644078257795
64.03380230089024
64.6237077620473
62.08273435196607
60.60069396026561
61.26366555317099
68.34403541569088
62.855175488096044
66.99556326945995
64.2504513946124
65.2741542446008
65.83083315766389
66.04011476228595
66.13833044038144
65.9357398431032
65.00503721575642
65.21856943109766
63.23422242992287
66.76964729901925
68.85428398971342
65.75775130828865
62.31242731789436
63.717170573386944
63.01655774050193
69.22570924229933
69.35103071191229
66.14727639381829
68.49594604459469
67.38007053276037
64.49934171255191
62.35163154776631
60.285492832088906
64.68361181209468
64.89980535522864
63.58741528103321
60.62270840603907
62.6032473979805
66.66588020290155
64.45504816870567
61.09358032603795
60.217611462021175
67.62572236621217
66.99109036946884
66.36996171143859
61.518124709663525
66.9374082772416
69.23223374962001
62.696607931522436
64.95416917900748
65.13544437631836
66.23598021672876
65.11971643207713
63.97499390442121
66.2820305214564
64.69381798169077
62.30352038732306
65.28596280456486
65.969911498681
64.76096251841463
65.0800339970801
62.68077788604105
63.48619043717142
64.76503300352095
62.9414856356564
62.99217662351089
60.90451699230295
66.99288254133411
65.97798288739267
66.06967090116878
67.95591498860982
65.91807507307469
63.656801700196155
65.7842723145116
67.89660154457475
71.74586450441895
65.77594959051191
67.31060459544001
62.11645875565189
62.79431698421455
64.3869493989141
64.008432028894
67.02688426678766
63.708813765674165
66.26783454675615
68.012297499646
65.43024650366294
65.49012368842943
63.32906720371086
60.37077161893393
62.47378317140881
64.32888875129215
64.38568569470819
65.03201762161449
65.87410376526842
65.41292930983707
60.672161096758074
63.02807297561236
65.4442335504496
62.19290317218098
63.8148823439825
64.9716976178474
63.946342038117116
66.39489777919262
65.53003139146308
65.0453426039395
62.81743005139738
61.38559160077924
63.82394054874245
66.23833029126824
66.23410727714126
64.10534531410897
62.19168836987034
59.673996414095924
60.14751488301247
59.79749929199904
58.73412253042953
59.37534528477018
60.85454407367557
63.128144659542684
62.27738291518277
65.61068325350469
64.00087897840372
64.460390761169
60.946071057170954
59.299453112513014
61.75919365019796
62.790035539036474
67.7323295253279
66.12460598074759
64.32660360815174
65.09129899310356
67.15639025007205
64.11484676414743
63.33667984093705
63.44380561540809
66.80262071878333
61.20887554497374
63.559806762213974
65.07674894264598
64.86426666075269
62.6748403007677
64.36186792462338
60.17755827791105
62.68622971246474
62.78021604396279
64.09896615240628
65.29557752169553
65.37686498809944
62.95835360547367
61.41012861352956
60.574258740559344
61.71887901305192
60.44270629044635
63.227065785739995
60.15890628689847
64.00310898763433
63.090772218165405
64.16922889505318
62.790020211417726
62.773722616425395
62.30037777774335
64.66687285985398
62.83608659853536
64.88470509217001
68.38085787310052
67.66005228582871
63.418645363605826
63.492449225768134
68.28432769456361
68.4994429744499
62.83465729387808
64.60485128338514
64.64427949479206
62.83338801496893
63.69064297555935
65.15990027445969
63.006738045268214
66.99460783276663
67.72595105627575
65.45531650191172
64.35493023265572
63.29478569017256
64.56893888345134
64.48932642343966
62.267138853893805
61.705482730148596
62.09879405829206
64.32471339150592
63.49194398153996
62.74397335718257
61.96066577213446
61.92018638743273
60.780580234870975
62.71435843901821
63.24571122103261
61.7254319949875
59.27137703960362
61.93832578997843
66.96005644653505
64.47568896520829
65.65154145694136
60.95331435078453
63.28076782873197
63.095519811761605
61.774924677654
58.18749643642175
62.78364066233249
57.548403730429506
63.50664426892406
65.73981727335182
63.64852734289647
66.18342096074517
65.7677128791543
65.4241265752755
65.19427197709385
62.369011307926264
62.84148088358286
65.05124914380472
62.50792143980016
62.14990056385152
65.48515317516645
61.18836234645425
61.78977576001986
59.701822553749416
61.15840402154602
63.936288754632955
64.69605616935777
66.98880950078984
62.93679958200723
64.31253782165729
66.74118575568602
60.117912139370034
60.64062992988463
64.56498051271814
67.58886124462751
64.44233134582196
61.00761993010845
63.98269525465699
65.77565243033996
62.62912422089132
60.58556538695362
62.85571930387842
61.352035368985014
67.41953202844043
63.04332898191943
63.434724209851495
67.21491110303714
66.1684047956497
62.46446654064137
60.48733280502759
56.902239726678765
59.10901144090574
63.89782360982814
58.785467624465895
60.23020509058032
62.37938577214035
63.84165996234398
61.212993616879615
61.49583970153701
59.07250203949597
62.041011476809985
64.97735848879209
64.78715123609392
61.73683145042969
61.50675081721984
65.39153317653114
63.242300281150385
66.2833343684155
62.595105198441644
64.63102813672779
66.50314722936763
60.19534390844803
62.88885510873473
63.05565600263255
61.94059682106779
62.33948132494732
65.2751329610415
66.41189478769837
60.45463426310043
61.11885299996571
59.77568389164204
63.68564831830524
61.99281781996388
59.69212283511706
65.00931374700336
61.49257494695446
67.18576340443445
60.048334747625525
62.0908700441855
61.86292530044444
63.12462215704687
64.2597633146921
65.2523484538162
62.4507494193009
65.26949005786891
59.0700623429485
62.29431879516314
66.04669805177083
65.87683535923749
66.46546114216899
65.2409656035873
62.97116289111893
60.67151657237726
63.71419721042219
62.5414281401176
60.55797739044634
62.69820210618393
63.07838606005381
62.044903663402344
60.274225030081176
62.29751442353998
62.92708650571759
64.68314766332176
63.39227965079553
63.23216130980589
65.3176341996135
67.2482248789456
62.48444924147302
64.70752043415457
63.36077387987045
66.60221065667723
66.58943450993415
63.63308978398115
62.598835007852834
67.23403044770784
67.77507294363758
69.38438258535844
72.08477842487191
69.21522639062877
64.34974271828798
61.46268043339391
62.07871087596919
63.45036146549312
64.21996583353692
59.351096219768515
59.98920707465172
63.94361823963501
64.58544216321954
62.19168054606767
62.096901792822884
60.21514194741596
61.003733905935384
68.72010475187973
66.31084068645497
60.13560867474102
61.8926252205928
64.42658212650225
62.196088288120976
62.414329782965986
65.7825628233944
64.96522644380451
59.61509092249256
61.988216785212636
64.64740764885153
64.63554933508176
61.52220350880589
62.64720294406825
61.83811428836231
63.95518675182341
62.88123487380827
66.64024416661601
64.69563958020827
65.26475414017345
67.13603257424724
65.23601069501282
64.58520523769577
63.312843001436846
64.02988430024749
64.70731350946976
62.896780376352346
66.17095130664771
64.79725731166022
64.22707136902642
62.86827956822522
63.64577162008858
65.08599738993685
66.17841442225165
65.23926214642202
67.103019164546
62.34462820308772
65.11332250917913
63.453885569066045
62.67546424814555
64.0060040016136
64.2133979379846
60.85593145371217
60.891030813551495
58.08981673609615
57.51587910100392
64.7629374917524
63.916809099739574
60.6235364067075
58.7677473413382
65.81370570678286
67.48657189256403
65.41949686249666
65.68684815817676
66.35229065192539
63.759243859938145
65.41853716428858
65.0754387198752
63.33863051995793
64.94827690880469
65.74636974273932
66.41149028948234
62.74900959334373
66.1763240688004
65.52849769357604
65.55103303835544
62.91929444144941
63.66684554409032
61.61170327822911
63.74480978605383
65.14319852425123
66.55088619433123
61.020408923069006
59.62451225892505
61.68170429103718
63.45773351046706
67.96250801294144
62.495190885590326
65.45472997380838
66.54819864917962
65.49795449066193
65.80200727377276
64.69104081246573
63.39328237497248
63.059231616080176
64.17996114214485
64.22873956758545
63.044808768667984
61.17313502382818
64.9465215803169
64.69622838837103
65.01386115930006
64.7391054611056
64.46094994567673
64.53196846505739
65.77872505140908
64.58880197334915
64.64538389544832
65.09188647451829
62.46025763585259
60.409993146272285
62.555371276659855
67.20701570333034
65.35255434890739
63.96913676352651
59.6941922801002
62.9336033249172
71.43364737180642
66.22430938118889
61.93076970158598
68.25845703687138
67.28189403140193
68.11089941416554
63.35676633891152
63.85277934090827
69.9590088980349
63.28040985081214
62.167251827006694
60.096441680584434
65.46515353325769
64.66457691423278
63.73852712409792
63.768220311980464
62.28570507007111
61.54507105778505
64.93618652397768
65.1631611560035
62.80673228200047
58.48552533228262
62.55550062338978
61.532817943472544
60.56718468165481
61.775077314918434
59.197744124122444
60.222779034951365
67.76036118803144
64.13058786461997
63.22489727879647
60.981336246598424
62.76642442531349
59.026538668488556
59.70330857675786
57.88686319687135
59.48684789676216
63.943899281081066
58.235399231336885
61.54808232802968
63.8541184705054
61.74730334604444
60.9016170070941
65.68606700129081
62.49939598199173
60.449365502570174
61.223325739571294
60.950481917086
63.12665764688456
64.32051294333358
60.01507540810518
61.12523836749677
66.93332797076133
61.49036958099532
60.61595284044957
62.10071779465564
63.36577639648171
60.69564514974879
61.95838063142235
63.761563400140346
62.03188087716524
64.74931778357171
64.91327403563524
64.32945530609044
64.60308299595593
63.19211988532057
59.68180486552599
64.43964449835477
62.82336669880872
60.81892399408939
61.938105003852236
61.38744141954012
59.977409222173044
60.69612499361883
62.40242667135742
65.38132493651834
63.58520233759278
60.46711825370854
61.87891700218043
62.60689800344805
59.869489685278715
62.10097142629741
61.45139940515942
59.984815404290686
61.739430122734866
64.06153843749931
64.55120215983186
62.58977648809323
66.1849551451391
64.02055867731374
57.727186448719934
60.053791675116116
61.10502668325822
65.17234120127385
62.25448335348246
65.46382089771348
64.23308553781906
63.11555708098973
66.44637347119087
62.69325269576819
62.208897863288094
64.97009339939282
64.1508515101025
64.54096446627234
