204.37528571926836
139.4908038875158
126.24213713555353
129.93525007647804
134.06985969128982
121.90853010834354
119.70875477708974
126.40554647699484
118.50307930167062
124.00806634260681
126.66581664068093
134.1487689845883
120.3022727135037
120.8900602196154
116.55483363020073
105.8978858082867
121.66726015354014
118.88286040781796
118.48377369723151
112.59723656570401
116.62266520458718
117.80455210690793
118.45506828592417
116.38010011166088
108.40942242196778
108.90793356107035
104.00142623870128
97.72486548386203
96.2522923827054
114.94737900257323
107.6440008573504
101.05062280106263
107.79761957248803
113.24386768291613
117.0904163330632
108.96916218742406
109.66535839206506
104.33308790192976
107.06841368619098
112.74013396988222
109.0018382685752
107.56058194453188
104.46973627374553
109.56666608826279
107.61214752113221
96.3130579885813
94.67961518028156
110.58661339569386
105.49747275308425
98.03546444602699
98.37544116563022
101.97156909763491
106.76580601514958
98.44106425022717
97.31356205615735
97.99228918548026
91.80852414775511
98.30306713396605
96.99882356262088
97.92295431847208
99.24827175970145
100.04421539074309
90.8027307521357
88.15073351836219
91.83671130222221
97.16119714779329
97.04521607553737
95.34590799700094
93.67724366160013
87.10876428620679
94.83021626334381
94.65109288726515
91.303301054423
89.5403617706424
95.10753864436974
93.51467362065723
88.9771709916081
95.8426773381774
91.26773215833919
93.33236424462288
92.02936650129158
82.49527411789863
88.73432702133253
88.5466117147493
90.87268055978427
86.71895554182075
84.15088452027699
87.33588325362047
85.29679464525954
83.00595864519954
81.73368803989884
84.0768479388703
88.62365242070828
81.48191924436411
84.52971478018527
90.09494631347889
92.4782525966939
86.3075321762791
82.26737512043411
82.21088229979613
77.46704559048064
81.15218513128416
89.73930290851739
89.25098137672117
91.81842714251714
87.56525693785508
91.77151905372116
87.00130475763348
88.32126613462441
81.66322750157852
85.5905596087101
88.79375010779658
88.15545503537238
77.95995963612054
80.32668920696149
86.44058267454471
86.58383504576263
75.09318527472645
83.9275214140728
86.18280153135863
88.665994905466
84.4253784908399
77.27477806485334
88.57473796898863
89.58938269168088
86.60481590769137
79.17697975961147
79.36201825397022
81.59748714798904
87.00368527780789
85.87293595095127
77.54650380846483
78.85605095058801
77.68144904165906
84.12266076997334
93.72785564714454
83.76241341413328
85.60584062411635
88.96510239262854
79.4342725501329
83.57772097563209
84.5683505630492
88.38792539117927
97.17477961771765
79.21486976713193
83.46004050756734
80.27806412208693
84.66262696678774
81.34604524671884
78.47861329412211
81.2119192586288
85.02069792226128
75.77220287572415
78.91666796867224
85.03371919689388
85.41356417765968
86.06939330352034
85.62422993421063
86.49911822152775
84.51408299327377
81.63635491235802
83.63293636689704
82.83868821687072
89.14375706925848
80.23106288482545
81.07831814502936
85.49342681902738
82.4544397082713
90.98048329880585
74.39668090878025
77.97891838475212
82.75563231336933
83.2189826539717
77.84611723764979
80.93348247960729
85.9874293440788
89.3521103984288
81.57400513622977
78.91345556660944
87.47630100040422
86.74076821166132
80.98478341620475
87.98640508977591
78.30862825633203
81.48448230549155
84.29550892926125
78.72494651111289
80.92798338041808
76.46073372202991
79.35666863048918
87.58983633939792
89.89231726589372
77.1420427336978
81.07703921541865
90.49584611680324
85.03992772781186
77.49563058506875
79.18381758349629
90.31888521215353
86.08166252452276
79.19897287810063
76.15759659943375
85.45752240776963
83.53937535335972
88.11344636503229
77.82495997508114
82.08595016080425
79.27965315154957
88.8005380525262
86.84162981303183
81.42766335791994
77.03037652061565
78.19096467464125
75.00128506964106
78.43330935570964
82.7597428055945
86.04679088287752
82.70506085248984
84.02194134622292
81.4029895004314
84.98812249987854
81.97739261246934
78.08207832184527
81.70924213440276
83.59370551857762
71.53944680352913
87.75354886293648
87.2466786357167
83.57509888759374
86.05134665029374
83.02822738653984
81.13465373376788
76.59681275752617
81.38760536155955
78.54003475293285
83.61883474261809
85.98377852588834
81.0425543727144
80.44629895480983
77.66594096820171
76.17562301561684
81.88825655735323
77.44105139876137
84.0492632711634
79.80743224221331
83.23203171814068
72.39746134952155
84.39375055940906
78.18092353471481
77.39886029786989
81.6194516936507
78.2014748616385
75.43574425540588
70.38593675731543
79.37676029942487
78.60972738690195
75.84766704661108
74.51316962056764
73.92027660238895
74.60428762702784
75.46502056000868
77.74558922793939
77.32059576135838
77.70518921175932
80.05331441318289
86.8201257484103
80.54250419801369
77.60613788795766
76.14523294911855
81.41119762200678
77.15362307528515
76.70255331683147
81.95227058401933
77.78312578140248
78.31425687982592
80.26627647099957
72.16086860600595
80.59098061583376
84.1786606524766
77.26037855928377
69.34387357485308
71.21028682710869
77.01543415125508
83.82249808650373
81.99340148446376
79.19150925050795
71.85733691487438
68.04190475102149
71.62930840324145
76.70929091867698
78.09986205200785
76.34860518768627
80.10100882027051
72.156260407278
76.41479650901049
77.93528215862605
76.07018337257983
81.19336506384735
80.59996761231191
79.09659293039232
75.00554108934455
77.48623908150144
74.59373913417335
68.08243659407161
75.9505258382888
76.39908468521936
69.32568554586996
73.36827815299097
70.07147556227561
74.5701808445628
77.42075820009855
71.66512137154119
74.28416091950851
78.99485845673787
72.26603166929071
72.36958193494188
70.40940898771919
66.36362790760359
79.74183231668181
89.12052680720666
75.63498326771169
78.14621355027786
79.1438137585068
77.86179375185813
77.36993742118091
74.52273457062012
76.22281344308485
74.86191247530091
81.7284314375084
74.51929218397274
80.55634274150317
78.58584137474855
88.44773663133702
78.51171636863678
78.00996662831366
68.03629161837489
76.66832413497337
71.4397401940398
73.72747713092481
76.95277381163638
81.76776462540998
78.04642971934182
73.44091199183316
74.33177571894963
81.53480586953137
78.17988669234153
88.04691123693262
77.72095067420189
74.9665966815492
74.16442215117092
83.7665149592574
74.09724347161267
74.19229838489598
70.91962717893395
80.14822527431534
76.99778478004033
81.72047135086878
67.3432953112722
81.32039014987343
74.66245585765347
79.8256884058116
77.75339628328274
73.41774774010425
76.89556291767516
72.51924474951909
75.67983863971061
73.0603167424231
76.2725409300631
71.87127775253546
77.93381689674843
83.1212186097668
80.95737908326014
76.20610432286523
78.53441983065248
77.08089523813491
71.7931063541863
80.7218725571883
87.7616381703995
68.57934927772058
70.96637544878762
74.73110279512491
72.71550399809671
78.31805443906791
77.02852061354605
77.21199391237612
74.30388794249242
75.62434651124462
75.21985826691656
79.3996470815186
77.73488215296265
79.99246568651391
78.46265181021266
78.67887975679014
74.87306402504319
76.53169924533246
83.47979442162762
84.2051919801702
75.76200842942333
66.06819503372787
89.33462804491515
80.72012517527101
73.40234616135226
70.93684370667017
81.11657254063753
74.81077232435428
83.00905171511393
77.29191907604634
82.61777988544695
76.86781547010128
73.79897563286994
75.02791479337085
85.07619594969019
72.92199516296118
76.4742997241459
72.21729526672289
76.23348856510557
77.74419475727842
76.32420298882042
73.27884834071303
73.20390390556318
70.36854922404787
69.03528216916267
73.34778093673816
80.43735445947017
76.29480324671069
78.28415025748095
75.85433772781586
73.39976851117551
83.85715484277053
77.44560904927481
78.46513531729012
71.09340300804384
80.36093229470082
80.25554696325888
74.55966620363674
74.4015131755484
80.95354692288251
81.14053396652432
76.6340270483022
67.54120893123287
76.71545352176945
79.54799206622272
77.06722620875509
78.49324813004168
75.96565785431146
68.64419605192603
78.66344289666677
79.9489828678414
71.60800404115781
74.32970873533355
76.098992168441
82.98466994223152
71.90957245932445
81.90535982462085
81.43476355785049
83.84662183612254
72.43157279541258
76.98703244975376
75.97427889896088
74.4466109815905
74.22999770111484
69.95023190274345
74.22893359629552
69.29539367550036
78.91737742071582
80.84196949906487
73.92301175358851
67.17331089539144
70.88378766466909
78.4916725364569
69.13992644522645
71.57638133245298
75.88719309310949
76.9838977352172
74.98569796014381
75.6851205747836
71.33363959761428
77.4488445198071
72.9902501142064
80.44835528096097
74.86714715323934
69.97527174502166
73.37241850166225
73.94385170231551
76.34439176185376
71.85993245533764
74.41913349930797
80.56044168251371
75.1009806074579
76.50575469570376
76.7387537855894
73.23089541368725
71.73884585734393
80.37490266723125
71.78423584165672
73.75641768904057
69.81332465358126
76.64160825686032
67.96539773933466
74.90083211004794
65.6519544555858
72.34699070259865
73.10091631963579
73.01541415063633
74.17433342991167
78.31725758283595
74.26771761370253
73.20240495594535
66.70205548751309
76.75220763492587
73.40943893428098
74.94958516881317
75.99989215621838
67.31248611754081
66.87188604438803
70.41373518554285
70.11818918320348
68.53562512620348
73.22355305838606
73.61168784447177
72.99182333431645
68.61223013710965
73.27646678858619
63.29620870269213
73.72582415825508
74.74649936268206
68.12860585756455
64.03739270013197
73.9476892207636
74.9301513155029
71.95949977509703
71.25183525787158
71.57569326354735
72.55807356322853
73.67322323740571
79.18019929596727
74.08654919128492
70.14525229415628
68.24711539526096
69.03461822444193
70.13423915641405
69.65552120514059
75.99097383301796
73.7279872486814
70.45165276579982
70.96322635692577
75.67113528815085
75.4753301902526
66.63575774110376
70.47827912873497
76.8277022723513
68.12380999133836
67.92971682280034
71.37554138901564
74.22892745122954
67.41329522076056
64.06924745438546
66.62786861606006
73.14304010622311
71.84774758970597
67.99725420991092
71.88449168691832
68.55148789526545
65.75554956829022
64.36290614192991
70.9837561119732
63.38931801943341
68.01979759127124
67.63459890001982
69.65932588638015
71.79731961248928
73.34805989113062
72.7427491426652
66.98849347257514
67.2196941773104
67.05734648173366
66.43336213536405
65.28425203758013
62.01277790301254
68.69343757009439
74.10794888625281
66.44452344637749
69.45447301600584
74.0703811346576
67.71579714375851
70.16212817890705
71.33991418030077
65.15194019546807
71.7330166309925
75.56231895414751
73.91320157524578
73.02061065884529
75.73297787295145
64.48338723163471
66.54042182224995
68.46506227250995
67.86760033739999
71.16225653006418
70.77141341279163
69.12138916596825
73.02505366550429
70.15782475449771
65.0695990188189
68.98444490881926
68.34597259633284
70.25014966354686
66.06442035516322
70.05951493612794
79.01576151332628
72.98738412358372
79.51392261947865
76.35680617596825
69.86363838661924
70.53773250744739
68.68133975542611
66.87441538479987
68.65434230965349
73.66698996995572
76.16568263436604
74.72867075386614
73.45790867722344
63.350424894554095
67.84385987453878
73.064373612453
65.87929002895349
70.22493851143761
68.7810765552546
68.68150717098472
64.68922823543876
75.81760231071142
72.21348798970942
70.38378146924511
71.29134582489685
70.41789346047777
70.0335072434715
71.28675217933727
73.32347009725865
75.14742981531973
80.21357610541132
78.58870092437269
78.98617906786595
77.24761764651905
76.0538171540188
76.38535815597677
77.56164412195304
76.76037222525468
77.52811937014145
78.54945674095875
76.44154192647271
77.44149496091907
75.79764131133395
75.45433435634719
82.22011223873659
83.34964041592579
79.859048270808
82.5016351872874
79.32983343591702
85.97598491190985
84.271294431106
87.09808777018327
85.0260885035841
85.67797426278489
79.83245172374367
79.81965524883479
75.93654434606377
84.30099366361831
79.20881401494682
81.57000648236563
81.74538566848416
84.5073805738053
83.4831220471786
84.25086449209768
83.92993246970894
84.27254833538274
84.7471042835762
81.7757167734177
81.08061511291015
73.15774650991175
81.20191571731613
81.74392108102394
85.05236336129967
88.89925929248714
84.54400917038474
85.53503845641073
85.83342900399909
86.07351399993156
79.2347182739731
81.18939810378403
81.61876684691947
78.16414508314219
78.93351127048493
83.35343687306096
83.70460809376087
82.22368264667756
79.31401286582076
76.10577358457584
81.71432675385162
81.84592773919984
81.46785234478887
80.45023055708492
83.42408428853224
80.85833500846068
83.54768662437925
76.85435189155682
86.202741542831
81.7971859809551
84.73472384476695
72.75424772044981
79.15774396743146
78.94919533678846
80.74559244175926
79.84899697562997
80.49405395091378
82.20327350943303
76.62810003301995
79.19621450339537
82.8581431362691
84.13786619115585
84.98355670560566
83.07378752820456
84.65246933662175
80.19736857518863
75.53073002703488
76.06286931705925
75.43661257165219
79.42010328723218
82.20758754181225
76.62910037729071
76.53449727671875
83.76639377720818
87.26089634974687
84.33565933575255
80.76482528889589
82.25694892998334
81.78576959941876
83.67664149833878
81.18273178365736
82.69739345971907
87.52417988137847
87.05395274640824
88.02602363077607
81.44997226218287
81.58537488129492
84.90899002217476
89.22186978700103
87.66210568063572
84.27126597166742
84.06042147613411
81.33837615329645
82.71190510369718
83.26052822452446
87.33302629507477
98.01053484412394
95.3083110750611
95.36043390846986
89.82907360100693
93.6458545966946
97.26251151803916
87.81021310302098
86.6638046300484
91.01638174785377
79.76450602189881
77.76141759767849
83.34118254369642
84.65906756247303
79.74250640206765
77.7945583202345
83.59418941535667
83.4702241407412
81.90020955694719
82.45378324964891
86.89782601883195
87.58709120584734
84.94602447551291
81.77631911667103
85.54879042780463
86.59332122595353
84.0668701802911
80.5961283952829
79.92855358681561
81.97052568679402
83.34404706846958
86.8790617632926
84.36573514982182
85.30004016593544
82.93300197094013
85.93620716118755
82.36839530535279
83.23534495349661
87.19918680014057
81.87254835980943
80.18568569468367
81.15008559190585
80.23519653563162
84.21443509711564
84.94263054799667
83.3979061225064
79.00357591718377
85.63171548250702
87.03273433553008
82.59850389613852
87.16932887526505
83.3737460109945
85.82600264997501
79.21026422116717
84.13289011112255
82.29515133155599
85.91604230138793
85.58943529139644
84.62875955565062
81.58117746902535
79.49560039355403
82.70558298552616
81.23290039879267
82.25753054870938
75.69176493667469
72.87814633477737
80.71208038991941
82.78465439116704
77.18565019588613
82.48900271512966
84.13930779133254
80.74009918553942
81.07253027190316
79.61913888317032
78.19304930318148
80.66287674947192
79.25254843128995
84.37790069013168
77.97529369209732
79.16255948168451
84.36852946599973
88.12798531190376
83.73948052894335
78.36769312741997
79.06359955688495
82.07874346219556
80.98423440462383
80.91808121515297
79.45626352823182
82.0707917913663
81.13979041641313
74.3666886123323
82.29729244250368
79.69114733104652
75.74617662066497
78.69645292364852
80.63101996388183
84.36612166304353
84.56231656797416
86.16238065577286
88.51975137001493
86.32521139092302
83.6189062372268
83.51945200844875
82.2728541653871
82.59941963537798
80.05753734921095
79.21642996747386
84.88099140762421
85.3088928831035
80.85175213630677
79.76544323655607
83.73589831500911
78.55874748003973
83.27435908197099
77.18762007641566
86.09667894936774
83.68047003091657
80.36526789277828
75.84945262882125
74.94696776667406
76.21376703798238
78.28739672999163
80.37565048934404
82.05637391305449
84.48893378020526
81.17022925741729
81.65165814134984
82.63245687467948
83.87197680042038
83.91987400300717
82.60747819167293
81.96804573412476
82.87516566750506
78.75815127844176
79.12561114081922
78.86043206002557
73.39729844675466
75.69005355179681
81.47416115463423
77.33807489073801
80.13572514296341
78.78918877654434
79.20949182358262
77.60258781194652
80.0446662390808
78.70816848557837
77.77060164904834
74.60742184285978
73.32043158014274
75.11846324050721
75.46332759738775
74.77461029623895
68.88103463547603
71.98166718843626
73.81079488954852
68.00446627614446
72.26601099854551
77.58593861466038
72.09704111672174
72.71225405861541
74.91679470864561
75.1642415083726
79.9307301246693
77.021387697924
74.305794077724
70.98891740250384
71.31173429940816
76.05543660863525
85.06940109224028
80.18655564860671
80.08171298182572
74.97711333854959
76.79813658529096
74.8934987698605
77.38500273182976
72.72012480662778
69.45586800445749
74.11732454610492
66.85059691300172
72.29372492313004
69.87608819908861
69.87495305570569
69.0358677190104
69.31662546248832
74.12609081125971
83.81844466581337
71.50822638049324
75.05815629016263
80.95215407776016
71.57494804587354
73.16856625050562
70.65487752657029
67.46609929113944
66.35625602112773
76.37770371397498
76.98319637013529
74.81178800111394
72.10326381280169
72.91377831323048
75.26154280549598
75.46823226140407
73.03150000997583
78.23163762138034
72.94356065590917
76.8998765089318
78.31643000689147
75.20574746543592
71.6694366983489
70.94532102970503
75.07710975607014
75.49746318236346
76.19377827414095
70.09546068054973
66.78627448736815
74.26972056682564
79.10968476484096
77.80309932578297
76.14547714498299
70.39008837251329
71.8277936679551
75.72861865745743
79.24033272595707
79.25589819550666
77.51558187237478
77.27146071551519
71.90556574743522
77.63670596073273
82.40953806267909
77.32997753239032
69.1419565710582
70.11782892560679
75.21884000213959
76.4639948234688
73.24147935425194
75.38698399682431
73.52212951655981
73.41756497719525
71.6034872854069
70.66605417246683
64.89869758267567
66.12692347417057
69.80405501123575
68.03470999921429
70.66573285210403
72.03731156418841
72.3678905438507
68.8491179848538
74.36129429091635
73.26161522215652
71.73876305601145
75.22616304633455
79.35356812689919
75.18367606718346
75.64975191323357
77.82542387391123
76.63777286685148
75.48551832193829
76.93201057890064
74.37210714977746
74.6336043411539
73.32952846419188
75.29451679156091
71.98822860658376
77.5676832009653
79.95281405521257
74.48869185428514
72.50598308551083
72.44186245182158
75.79366220410863
79.51441418446734
74.49551797758963
71.28932629890159
69.1950055119991
67.8586365861064
70.28791529749931
73.29828450495874
76.5030606584537
67.51251090618412
67.7618351778091
74.02033741043356
65.04033759948403
75.7342619031699
78.52547590826032
76.05326633994191
71.23475832078329
73.20816832512357
74.64348584611292
71.95444556445673
74.05012310207204
69.83624421318738
73.36923543080113
77.61293444701921
69.57427869122354
73.27045158435351
70.4555915000079
71.11651446021841
69.62867261358414
68.33322307248511
71.13794541355006
68.05051006561392
73.38935106367798
72.84879044989856
68.25958675442519
73.2060311350617
77.96358049412221
76.79577902828589
76.77573333090601
69.38872946910625
75.31428628954103
69.31290404501824
75.58715719260798
72.85406615008678
72.03944910263252
74.95410524123795
73.81772542292337
73.72712413082412
66.76498858465091
75.91574553192733
74.02320123380781
74.11356473168036
71.4002521996882
78.44529557091141
82.41394447145004
76.38833400277831
70.67299715634836
74.02802664605086
81.17905853086452
75.46194413798011
71.71889255383866
71.04913019322578
74.35614850023215
76.26512209658678
79.10082999065752
79.80033017775128
83.79959323789559
80.57715934861574
79.52224733197528
77.17206748455645
76.11279177450862
74.76390757599717
74.26187060906699
79.94206690144892
77.97094923029725
76.28891444362017
77.56387075040338
75.45475982898925
72.40464073822709
77.3941604892735
79.06417551878627
71.39459079699677
74.01402347548157
77.5504804823498
75.29192108959032
78.49148744378705
79.71873801426138
80.9885252809587
75.30177943395853
73.36014269818023
77.50722275258701
79.94959342164559
76.25660326494881
79.80425589766817
80.92798978653475
81.55926682186414
75.22029283591228
76.62248715107087
77.04643172653152
78.31842850212263
76.8140861671291
77.40517113071924
82.76923956483137
84.50312678143302
85.3262059923968
74.4275917617545
81.35616047909886
86.12230295379841
84.72162116962753
88.54973756614763
84.3948424628424
82.63672740948992
82.52653203361017
84.31352294359392
86.84516281844193
82.77247629677369
89.75104719599895
84.75960932601429
85.19939006519739
77.93060934582716
82.7249922403154
82.1829433039343
78.7869881632544
81.25689628133236
90.31748474734668
86.67122841985183
93.40722577529723
86.67538973624889
90.76434733886836
85.28066189588075
85.33201878691042
84.00551671048316
78.45898108876673
84.39527551971473
80.19495928582961
80.44054767137287
80.77883269709639
76.95762678369405
76.27355266430969
80.12039857745012
80.82119132521152
77.57984237561567
81.22995436165517
81.60954907932151
86.27175570627801
77.32342083984878
75.4017121015257
82.36663636678048
82.39844217737561
78.5026673092905
77.97163815072517
79.20487013202802
82.27708075476318
83.3443972126256
81.9975560070443
79.92067358055328
81.15687090631425
79.25342357330099
77.54654469551511
75.66120134123403
83.45619378783347
82.5278774320455
79.95745827139592
79.20477284528012
79.53339702464683
76.84468509921577
78.62020031846743
78.9749826784242
80.73152811841031
85.6666570174801
83.96365059706712
76.82899938703135
75.31294523834323
81.17630855436232
84.36172618616666
77.43991560951227
78.24873769757289
79.56245753586686
80.85278650180693
76.27481751251653
78.94596508004521
78.7854209944958
82.61019949510057
84.77170772110355
89.02251082312225
86.68370416907352
85.10672294786265
79.55188384215715
86.34874425111892
85.15583814887316
80.08797467351104
80.24493094060117
87.56385120222868
87.54821519478682
83.43504436340847
81.81591968409151
84.26164445559313
85.94233256459174
88.50342254077863
87.22865322984059
85.50109896588475
87.02130287131011
85.58959490674623
86.54949861375651
84.56916280704783
89.95411602830958
92.71282145755035
83.50679162614735
85.27554817381235
79.98549704333703
80.64267912467837
78.13327980118285
80.9740146215231
81.07446972782257
77.28404028906385
85.60249183700552
85.60349215335981
82.0139670682486
76.4557647611004
76.80316273602433
82.7432076773288
81.47973049504911
81.07096176281962
70.51364015023228
73.19228424353561
82.95848516101262
80.3908432187277
84.74205224881793
85.96944067892586
84.7049486307091
79.71644610462577
80.82312530920392
80.42717716325052
77.6240255061634
75.46043875984358
73.21967740529817
78.85230788219296
84.05527763083128
81.16429255226215
81.88699169208306
72.78961717557578
76.2398783822176
82.530127073072
82.61759479448921
77.45943098300765
75.25727258878675
82.65401385191132
80.127557648
79.2859458669341
88.87476485499523
77.65773175423105
72.52048462874738
71.62264084232731
72.82080760043348
76.72925482022734
79.29617780508924
81.44958432903246
81.71442512453015
83.48885929820496
82.56846260546335
78.80876592993656
79.82257819339142
79.45073030745434
83.89295651616257
84.1012188341122
80.64553446218633
80.40985534202306
76.2582930381674
82.15142548586701
81.17057961373173
80.83055999032297
80.97119612745298
79.49730416962697
78.68127033068194
82.17585157522248
79.62477226196962
81.6863794517795
77.30422075972588
79.24133543546257
78.17883011198728
78.18735277335027
82.05249864487669
77.28283261389166
73.49386903275064
77.83734411045162
76.63366696280941
74.04459743479228
77.60963192924582
78.18755146227679
76.96219679436108
79.22725726458019
78.02607739574113
80.55850968595927
79.87389603681596
72.28303455554077
77.1514509032319
74.55610441575612
77.81973291299835
80.46578603821148
79.97529683098033
82.12855636024686
81.42843613529688
76.32279963380566
73.80506465297391
76.47432843826192
82.36417475925111
80.25866641918965
79.70849879255616
77.20971887626601
81.60313494968668
76.19220983286652
77.13545423100696
83.72981572796216
73.34439586495085
71.24784073583245
65.42477266673171
73.53675975966715
78.62690122750959
77.43893461754132
78.44727370602278
81.16814502409281
79.59182468443115
83.23986841769452
83.7057655612659
79.60368448421437
81.57355952781818
86.17466752583321
79.28979174411103
80.34903102916552
80.13651802971438
84.50206787301184
85.17848433910122
81.7549610924353
75.37922618758336
82.73334020426682
80.42356520504276
79.89609482941424
79.84757929673879
79.67180951599006
83.03123449578771
82.57387520265489
82.85082217884461
80.96124110514558
81.81797419631482
80.81532906247554
83.83191895054748
81.4894371158971
83.11210905483564
80.2728613916383
76.36655956826974
83.91295597011366
88.83131224432223
80.73868981278416
83.9023417612121
84.83889001955389
82.64419811196458
84.74560780953384
81.69697807185827
81.66681494599474
83.77668062849345
83.97953180687287
81.9720442933422
74.83913977615607
80.27881971637986
83.03942987938437
76.9703740094274
77.1207364005303
77.49876471942015
83.10353107898773
82.19429562968487
78.65168872089039
73.7448154547943
73.45262616074795
76.85798166752615
78.43579538012374
86.28042173462146
81.84629069369356
77.41254659019805
77.66631264943477
89.79714832572174
87.92324890308815
86.21016938931707
82.70102760361596
82.81968352966578
79.44715587532123
78.3780327045855
83.79196160014351
81.20102861300472
77.85297327824496
86.52859791279617
84.39323096190545
81.03642141821891
80.56313567111812
82.93000033157372
81.01457847824422
82.81831758188629
84.48825045839163
83.04657970825723
81.85718694995452
83.26431039562489
87.04895648322471
81.19535066021962
81.56310782995968
81.50739373295463
86.46729519311702
83.80102213443999
82.60419924472927
84.49398975174991
87.99597319673975
82.65558887528373
84.81008968938015
83.59733170093095
87.45632672663942
78.43586409283571
74.84426259192347
83.01232530474978
91.04409146392982
77.95039439691087
69.77884939148373
77.9741779889327
77.78840219167704
77.67365782183843
74.2604099985403
81.92071665668023
83.57295978137908
78.44869006821772
80.5473355731088
82.96396428831402
83.86882605605646
79.55960964768106
79.09337186690473
76.13148100185428
79.12758457682258
75.71005561374136
77.49829536841268
76.64074298467074
70.77891114440283
75.01434698972706
80.44948315223442
77.7253083809651
80.84832572907165
79.86696682468605
75.31408903022366
81.92578958823556
79.434742581303
80.75548558369634
76.96989394243393
75.13115264798842
77.97032753977359
76.39120782065696
79.8366060527387
70.52478247169807
73.01423009105433
76.56119176985068
75.75131082407168
74.81225896361114
76.66813411496442
70.2667823000717
77.16053059831768
69.70415778757905
70.58889943813374
74.1877729092856
76.2672884394519
67.6677049681082
74.07355686742498
74.79761576139961
76.66100974296856
74.18999846782732
76.0435678992614
81.50319288373088
82.01436171233355
79.49691354711298
77.04405312149855
75.19636412853872
77.65257930576021
78.59030434059935
66.90006912361935
69.55407513091048
69.9374574094696
70.67285408820484
71.85848993137205
71.25875965811541
71.10362127239195
78.9340523557875
74.01645980739106
81.07666313245437
78.29346446063346
80.21886772825907
86.33754654909342
79.37190300332094
76.44625605987305
77.88339734725828
71.87570629272729
80.69546259530435
80.4130518074214
79.47512181227208
78.28332515096308
80.42532507490706
77.32920173452018
74.38194808664639
75.16547626428728
80.06794695012383
76.92589846493917
75.50900063035405
76.60076269730205
77.17599826611713
73.83152576107454
74.53523343439056
69.71230290443094
76.44688027601914
77.31868885807924
76.93548481031615
73.8971169732286
75.77706723317311
72.48412010634337
74.12850987526049
73.1879250247215
75.58172876937252
76.72686368190966
73.85966385871164
70.59209137732668
71.584712325422
77.94643113353489
74.87732394173622
73.357471752001
73.61162891542168
69.60441882341463
72.50683953355284
76.29364119356738
72.59904477609018
70.05989745111361
65.12230013646196
68.92799029706964
69.89758925145293
73.6505270145588
70.46228093590155
67.92628407947218
71.26590561211495
69.10601636269502
74.90214319463797
76.30912246678636
79.22919808379817
77.631789632395
75.21132412679837
67.9204455313922
71.21599822633593
71.39527269851712
74.6085295416796
78.17910085838822
75.3061355779181
73.74919793194509
77.33219312135836
83.48041771946522
74.31388539480403
75.35838673217305
77.49067304410761
81.92622614900962
75.36619232066923
72.76135191936402
71.99979559185758
75.23187413011705
79.8697071953335
69.32317659954714
69.69584757422471
76.8761901602808
78.62378561493402
81.38512298674058
77.77111493352595
82.49054016537956
78.3294928712225
76.89420080211939
68.07954264519965
73.71929057531996
75.61774568168897
72.66403026894712
80.71634802281413
75.8898310697469
74.16884784732925
78.14399756895855
73.81363275213425
73.16535766311623
74.77533355544347
76.21208789382322
77.71918992594964
74.0805054407637
74.08053182947896
71.64603647392497
74.46516290764811
73.91695088605447
72.2289545709213
68.45800267296619
65.67316865068429
73.38741857078841
70.35328609169171
75.59115399765619
72.97673236576615
71.29563789314041
71.80455867473836
72.81698720815348
74.16956897621388
79.09219613218919
74.07173241996817
68.79466425113975
71.41632614457235
80.81320030996457
79.33376168112154
75.12764275621306
81.41751781612957
76.54937616622372
74.1247959303614
75.4122976220853
72.98439280804782
73.15651973733787
67.6101344182197
75.28784413203518
68.79981536173955
71.88887435058334
72.4251596208925
72.00449892503859
74.0168389228477
70.78052759890429
70.56885454034276
75.48320146593488
73.35343642286301
70.54774347364054
73.67419916063092
75.33288626401868
69.30335472014458
73.11697148274489
71.27884178683962
73.91601103139836
73.92116214288087
75.1507656515742
72.31284271677472
70.61976094045156
70.92310778551166
73.602489652021
73.96075684483431
69.32105975786446
72.06624166681675
74.02223241398138
73.98109286556593
74.69853966764816
77.18582086605637
74.78852904140209
72.7393360533712
73.34061603248719
72.55744254981308
76.19958813814168
75.99105451149363
72.19619068532296
74.48916436767871
80.84052898277262
78.33107520291146
70.20018444421125
68.82494618801809
69.39449665874477
77.45759273795282
74.13225737867259
75.60706427960298
67.65551600276837
68.34601168820855
72.73245858710163
73.22007192477902
72.93435121042907
71.96761689197591
72.63130204542387
76.43197241107724
76.10477774142728
76.5158399553115
77.02955861528915
76.69641113254794
76.09050433365499
74.94266555970172
74.8207824355828
74.69787884656907
75.6522937337345
70.91377062637547
75.65771321697723
74.51205764116044
71.29205263060334
71.82041289877526
63.11264889503325
69.18569633244002
69.04570487578367
70.36574805183322
68.80075336989837
69.06416756929757
68.35132732289951
65.55646272432001
64.06760918141755
65.27079152259616
66.0172524300802
66.0318136832469
61.579146208382134
65.6740923128437
69.72320710774936
68.98957973193473
68.38777289299104
68.72806269935195
64.00791528381855
63.06750051172541
66.75240591968871
72.88104273936686
73.91188632655388
73.76476272512882
73.83840354633158
64.15209088666435
65.79236826889084
68.68568906963633
71.22123852140491
69.30237360441373
66.89022032198201
72.62623217939
75.1248981339526
71.1401840172088
67.71534570436326
72.00476156796381
79.13968751365715
72.88485848074211
71.10549845052537
75.43027282447248
74.8972829154942
74.20962697187998
71.73064951858689
72.3203691447378
69.37498580128748
73.57723190038865
69.36760786667611
69.5718674370268
71.80755432274472
73.00992021439392
76.35420091768542
73.95576914258476
69.752266774493
68.31937772551233
71.68309697326619
71.57026244751245
73.32567765240428
66.71574184932976
73.5730574003448
68.51606290341542
73.68395462183001
77.01353045190085
73.86097007640589
72.34972405126247
74.39511534273089
73.9575182288904
69.87484905385482
74.7184356992546
74.05541373166858
71.8523394048447
72.17615607377883
72.04444173896403
74.83765881064886
68.38432980786294
69.91698112279732
73.6353078660767
73.01004580856383
75.0704957460093
74.59966554628454
70.79482710250394
75.07954554405897
74.00966954243385
72.25164760815034
70.0387425858579
70.92253838920355
71.53626970076303
76.51727081467709
76.09835267362537
73.02740603542716
74.67290129461212
73.24567782879902
75.15736888527941
74.02193438418973
73.44297472928098
70.4003397539523
70.38058507193684
70.4684123921912
72.18064031546969
71.40592397833612
66.42497914732805
71.16565992006095
70.99172554458232
70.45248289600544
74.27914179706069
71.35239293760169
71.5513256480801
71.47901066515598
80.57714232354577
75.32186394941453
78.8944812497132
73.93807823407036
79.74276926545727
73.60351929886546
72.09656631700108
79.88712013733188
82.57825656057796
73.77558441694607
72.28548530041797
74.0960930330941
75.17757551570259
71.83347160070349
71.95500397079383
74.08324538327881
77.74275735571304
76.97960425998065
76.58753192898898
75.92695963972808
70.06607398976229
73.96795561816016
71.98430428032749
71.95022363130545
73.03608607931461
71.28534706978746
72.25936959808968
76.88965560198824
70.99953033105125
66.72228616934322
65.30051986369831
65.50137834307607
64.85426804743685
65.73218793929104
68.72896881603009
70.73404269258434
66.09261621951917
72.32418161152657
73.9376330016316
66.45864971744071
71.88613703534519
70.79150901892388
65.29144937347016
72.10731563372123
74.97886840557034
64.39743089266129
66.93882904940891
68.3238047900769
74.16095633902172
72.2503498294895
66.70865460635645
70.91883742420019
65.65447142803693
69.49482233663944
71.50894085488706
66.66302953858877
67.43787524948384
65.35386938745951
63.84315426799022
64.12356356153064
66.73212156517143
65.51465592717688
70.41942124965915
71.88374238207044
72.97844696761051
70.6295943440096
74.98637434115463
77.20731851073937
74.8080353708097
71.92825131220667
72.14077301808847
70.7415463759572
68.23495394288057
68.82020570804653
66.91938207111258
67.69206638177542
69.6055195827268
70.25582778422948
67.9163855006263
73.35663585897562
69.5283247651783
73.81365284167343
74.47232984904029
74.20863494968903
72.98260378115314
68.16956142678102
61.72938861560155
60.50849255482968
64.47572822667775
65.1739379695523
62.728773353717926
59.76735947670136
65.18209211422267
69.09746487678723
68.16506101825395
69.28082171734428
64.26115377338185
69.3779497955975
64.61204482566501
66.05663263599706
69.12710763844612
68.83134251953027
69.0600506730353
71.08566577146219
71.51122526507095
70.44978378621518
68.39520757791412
66.50349319578432
67.48749110810914
65.56268897947831
62.230517394469395
68.6443921307762
65.00202886488633
63.73417526016244
66.40336677783182
65.0051322514625
69.90768162735294
67.97953239666253
67.57742907042058
63.52560161101319
66.56737987932783
67.26074153357737
70.63725338596413
63.48942779206056
69.15017477777793
63.47128310584072
65.77142960464417
65.56879063259467
66.44279295317148
68.91055078252522
68.44682313332918
71.13120105325989
67.11640823739339
64.86436803241264
64.97325948054187
67.01519586492128
66.30465479341764
63.64570365452557
64.31346784913681
63.90984424689526
63.00705427342742
70.09396682593047
66.67694472311871
65.46672058068214
71.16702957142279
70.25310653748208
67.4111626766904
68.9308500688698
64.74669005401638
68.36522589237649
67.02405948343353
66.68160972884219
65.91804657457702
69.03352688979535
70.79118004144914
71.43194243759386
69.7864149298935
68.99963210937298
64.27942511057428
62.440269656939144
68.28134734859356
65.88733597359304
67.14817588746695
64.63716579807733
65.60139256076594
59.546461508612666
64.91894307824933
65.61102666539668
72.14436899538627
68.27674731277338
70.84967687915776
65.78192700369894
71.74037690070455
73.08980171531877
68.89437495126226
69.1034331987757
72.07793513645446
73.10253363444123
66.31945087805336
62.55721306283377
71.86916529571712
75.92315166596472
71.56919648782613
63.69493169542595
68.71569394874325
71.35162728831787
69.13542684116196
67.1432133818787
67.15320728048003
68.35759533838544
69.20923671178916
63.46068282939755
72.24873562555725
78.47849459805998
72.74374779175676
63.617862316073406
65.70113143835243
67.68819959733669
66.77851587416504
61.39352561093648
66.19957264100321
63.523315813451205
63.520355301479256
61.73633629141572
65.12417305538254
65.58507721568333
71.91134664792177
72.81311094491171
70.87402567286654
72.81812147489175
72.25683771846836
74.561583871554
67.97406074735116
70.06529206691717
71.47665764810408
75.50242427363895
73.56433427790174
62.19567950211579
67.95202658070521
70.45784028022315
69.8407424398038
66.78153910363847
67.06896260781167
73.38544966449855
66.06531868924343
67.95917783995442
70.12898201942436
71.77127238534545
66.34735783468761
64.72917708861755
66.02072568547254
66.39640914054178
60.33366237350935
63.6846458498436
63.417157903033775
61.86154513894179
65.41619866064485
65.60212146980692
67.41226349592651
69.7240472254633
65.78712810782805
67.10900507972343
65.67181196281135
70.53382466869003
71.63510171216826
66.65431281664296
67.8538427078987
69.04873244271649
65.27130676851543
68.57966732544487
66.16485313589055
61.03498731814543
62.14750163068885
67.66030957979432
67.12094730617187
63.93454015971565
71.64601706676221
75.11277158633858
69.89712217807288
65.0450001809497
61.95762422689352
67.24168406032743
71.87974857148876
70.83714087641204
64.39562736481999
70.91407334957364
64.7008101553761
68.04236126718159
65.65152438613565
64.44559586389003
66.02954597905553
62.12296892653236
63.85011628599363
69.71534782629814
67.23577339557681
66.28006198112027
62.20073628526516
66.87573174542082
64.82345634693114
64.99567520083654
66.09342425089704
61.52856923606957
61.173394741919694
63.29520137622182
66.43745546828796
68.44392671197096
66.08466993112644
70.39437623745866
72.4762388568042
68.46541691785421
71.21601447420129
65.21302454372258
64.81429290478343
66.94145704774104
66.8132171786906
68.89973176856316
67.45825706002005
66.94820650239217
66.05727218642971
67.78783344364406
62.35198386163353
69.9084172190645
69.9881466692098
64.04275312922529
65.90085895700044
61.025877923133265
61.54696093135112
61.22591533942434
64.14102667748861
66.77525659555478
66.73315425556353
69.06486124743216
69.73576236407689
63.686555041845494
68.8370733082052
69.34655623661286
70.41142706893763
66.39426344245656
68.6523720073037
73.57097270111021
70.56321556277814
68.57690806785045
68.09311635657038
73.30187393671054
69.47067265407331
70.29448819678859
69.15883210556753
68.173283635144
60.19131201623379
66.98722143116179
64.23002467657312
63.23420698051331
61.63668559209045
63.476837689292
64.67748669499784
63.42647720716334
63.42845407078383
62.51378744245201
64.6378184705101
60.60213958450504
63.20636981635416
60.63660542564125
61.42707116101403
60.29389722561693
67.7696888903263
69.55327686928669
67.63374490804601
68.31781730460935
67.08702126508841
66.68373914622792
67.9725284703672
71.15074239812162
64.32013643535367
59.06670049292124
62.37152968422063
64.98379589755054
62.99501123546117
58.92511155115612
60.93258033041595
60.092594157473926
63.5891599057084
62.28932031236871
65.88683132504622
62.991724787633245
64.9817448698986
63.63287605262151
64.15087689357277
62.41255396394103
58.122746315713414
60.765049502807514
65.15808105262312
65.45779556246265
60.99886694969314
63.23112060120293
60.66920600746535
62.697749016066275
64.08635110761367
65.44198727010432
65.22016721414613
64.00927458730405
61.214829599255665
63.64703356885224
55.60319345012429
59.46536331536032
63.31414173975701
61.806170801187385
60.943157881060706
59.78945727325579
61.61595524299866
65.05468020614751
61.29903290673425
63.646567408719584
55.611862740160774
58.223910855906546
63.98740948736267
60.07835874532134
62.2200090598566
63.76027351722116
63.23023800487623
64.59766138891527
67.24165715365395
64.75337663505046
61.107016709906674
58.32847694028632
62.96883887404732
61.36167903531846
60.6777419954098
59.82114851313268
67.02973467661009
64.46958447905635
67.07820771525161
67.7001654491383
64.79519836352621
66.71123490846095
65.69465690856693
61.91437271870086
64.92101371861209
68.07323377471401
64.82933538653592
63.09470291211626
61.612121578283876
59.638004529340904
64.54410730001614
63.421446768496715
60.816861411020916
59.651115585770384
58.5754972926016
59.61949939654925
52.935270207814774
55.663499307226886
54.34351132359279
55.874793117568316
55.83896719636442
59.145117608281645
62.70887814269869
57.84274702766726
58.41449839762326
62.01784909570324
63.56198266100933
60.939270877786406
66.36086668966178
66.5367791470051
64.55553253167112
60.24436471217246
64.70188488604644
70.0404208522734
69.55273796926002
66.89087399044848
65.04705255713165
64.82695680937898
62.08629633160899
59.44327150528895
65.23518687869266
64.64425826398741
65.16030903880431
63.99550096250475
64.01199883743818
66.35572244444722
65.3316681615724
63.40714687686672
63.946958920109246
67.3320871104567
62.86342715374971
60.46269424233216
63.53012030581066
63.947474364197426
61.44844396807697
66.33189061702909
66.46111635801336
63.46213277160038
60.560643451574094
59.70655069675866
64.44680641880853
58.11088781875433
60.27028230080261
62.827318448507434
64.47540409069293
63.63678481164985
65.30954628845775
66.36924105035946
57.05206957385564
59.32770658591152
59.50789176762812
61.92363509832105
58.53523013436942
59.51823989814102
59.37802783265395
63.6351955152971
64.6662036258035
62.02911251731468
60.87653035066571
61.96081716116185
60.31451317224692
61.53408484896834
62.287616087212974
62.707114161026475
62.60637465669472
65.09114300973557
63.80132889118718
59.57621316963454
62.342484249338966
66.50940147840187
69.31073254734326
66.16996807709569
58.71058538893139
64.88110392338805
63.02828484461173
61.582381674883834
65.58589620004318
67.94691637726322
69.24825497046669
69.31830517694111
66.89041469619923
68.60071727997752
65.76115972417008
67.89401616100227
60.58209117655308
61.42448437679422
58.34504316098754
61.10691961874856
58.37609416250976
59.24065164772549
60.033755196484115
63.010366381168694
63.15406964562936
59.34908446943668
59.79734413326194
63.19128657168419
66.5204024198451
63.730090697272146
58.976547122361616
56.12328826671639
54.71645785529392
65.56198182563645
61.50413434976953
62.73966169332962
58.70073319301049
61.39858108732081
67.1799968826629
62.6396396701151
59.399706175385546
59.82368630799206
62.33927742838452
61.105317024732834
60.91733880614187
64.74970817440057
61.977140183486064
59.62881598693434
55.247357228304175
56.90506831445363
56.10662328085664
57.98661013149785
63.73168042900078
64.95217293306588
67.76532361595632
65.5423430604635
60.916826322548296
59.43722064968886
63.46684544758295
60.346984365577065
55.27946703868579
57.94019999813623
60.95505503964468
59.518528045236074
55.80958404112618
59.674321575206534
63.054636775893506
60.19786604232706
57.94287481318675
58.771950242682
65.19371190746996
61.8816243702198
59.959500868767826
64.18609925321425
59.66742408913031
56.729712515922294
59.77640352109633
59.28857113684937
56.78177905132852
57.25353351866411
58.14503680955844
59.81153580611176
61.24245259697165
58.254008318331216
65.76509088692406
63.536889085054824
58.601934139558345
61.410638891703435
61.56978092785068
65.79599338241349
60.96559419230725
62.32912331686036
56.92863066132924
59.82200726884541
58.91317771650065
62.18655965582607
60.958613250695905
59.658456530560414
56.601303980441465
55.62725817262941
65.46233023344331
66.33129610043592
64.95516002462574
57.970811838002255
61.191913709346885
57.3945414561363
63.1013049103253
63.20271119640889
65.11143811927118
65.07306768703273
66.26133895462957
63.42916625369773
64.19284058414087
68.42013959506447
63.87546108040264
65.4565419487346
64.55639311704684
63.9138265366341
59.44950444096691
57.88602880742298
60.58037917384341
62.00931177957339
64.55664442288045
64.87478666331876
63.14568800962242
61.80007261540188
62.19582469558742
61.436325549259
64.06853773845714
60.35736114300644
63.20527741679586
58.00815266876921
63.86509964015443
58.08432587944877
57.7093385954612
62.496839840986574
61.73403344560471
64.95606464290202
67.61975560740528
67.33799823334618
65.86757823575545
66.93220395086317
59.4668163027417
64.04699542210074
63.413987599143496
64.21466575716944
61.33953149250761
61.98969074753311
61.20240637356923
57.84074673571158
55.52074462971421
60.87950264426854
64.40038188398213
63.0374461586564
64.42413886194329
63.40810088125351
60.67116577559093
58.59686549729265
56.25514873689647
56.29641892281671
56.598358595381185
59.648621677050066
56.785664224978134
54.35669226970014
54.989914229580684
57.49864908497612
61.21021985536714
58.62222616683686
59.223436206454444
65.70271271049951
60.72322594766345
56.37287551764428
57.64633877586659
60.48952559969974
61.79452203783953
58.55081990422089
60.16653137686353
63.213073564126496
60.91094189186042
59.707080562010724
59.355062990588664
61.22283128189861
57.58355071804519
54.30027030720752
54.627864858388584
59.67917311267969
56.80786601991227
55.78826203182862
59.03585594314414
55.877356566023906
57.672560774055235
58.778023425188465
59.205830966359684
58.349772727999586
60.88761185889662
52.41565596573888
57.06569337857577
59.47820675969401
61.581726088182876
59.83695453971583
60.17944898364496
62.67116116732991
57.0213142115757
57.73368368214763
54.93828736352339
58.368361064755355
57.502865258595705
54.37257097428429
52.26516537390328
55.71612705581869
54.922097796107046
55.348689347934624
52.35696829075716
53.00499584053904
57.693056942233014
54.31283118588216
53.11501588957126
60.01219765868889
54.90957383542823
54.181673191602385
58.01467990150631
51.82198723456037
52.54576567943745
50.290084304853046
54.94593599312828
59.252069923038434
48.104038739733326
48.75292411785417
60.61606257653417
54.139249787143086
50.63112702910175
53.19918299083022
54.652838036559444
55.0721122299809
54.11539223761647
54.88520217786806
56.32794684456642
54.226343472521386
56.38864837228928
56.33890343856264
53.08524700456574
46.57909357945143
48.10624524895783
51.91083615865406
50.11209964447335
44.576698607485284
44.21657610262864
51.01441390180569
53.73744795486582
55.04945752689302
52.4843919794443
54.47775593983953
55.03151121653198
52.75193454532015
52.85137479656812
53.30477085212103
56.903294322429126
50.913489778093115
53.325083454721664
57.36953832684558
57.97058590962952
56.58282147743098
56.614794909428696
54.763340789710156
54.314267739175214
48.8347118370353
52.926257758434815
53.96517490395527
57.44044868964775
56.561543195168944
56.42758873147892
53.33560984365305
52.787498122984
53.5489104493597
57.13140388201195
58.138917975536415
54.3869167701706
50.91639971954598
50.55954214555843
52.92697143795038
49.83282018730938
53.66535018978611
52.0513576717963
50.034126540702076
53.332944779083846
50.059688057566
51.44511641069512
51.60197629246815
51.17139419085239
47.01051767441854
49.20999410086239
50.662699348092865
45.436669150461405
44.702990623958755
41.42218193337189
46.655617013477496
45.35285945903287
47.39797172222994
45.30067248785196
46.44566716429581
49.15340122708516
51.22161115251404
51.93457871642558
42.9874976292258
49.776027791251835
53.13146242968076
45.705846901324705
47.34563618623796
47.22572154419361
48.094916032570545
49.78542703989962
50.18102894389567
47.23369027328408
48.98545660241898
53.00185802395571
54.641480251889796
49.27269943622471
52.50829391443647
51.45344175445129
46.75641902665501
47.89532767059626
53.507002402627734
52.510346079816166
51.22320367698936
55.88794259512134
51.34350546659729
51.22565822916233
56.49825825366688
56.72582283402081
50.67754414404293
49.64864282185203
52.60308711540033
46.81446390386147
43.05494377636754
45.13129300649407
45.50888735393607
51.372631336422366
50.77931222545824
52.230131176209944
50.173810883791795
52.871644896751405
52.90247794696883
57.75001305467761
50.23763738909337
55.30383940154593
55.52851358543969
54.4254587289021
56.95272543289206
56.20681594643721
51.30256312627381
44.85955633132951
54.63823076436516
53.54782663743061
46.614048004355844
53.68010478384554
50.485804397388094
52.46105948962781
53.506935369669954
55.945972001256344
52.304121153644644
55.42333320856309
53.946898141143336
49.51308818327272
51.04246793126666
48.840717626584116
47.30527728314655
53.01904092787861
46.923109289593
43.55823949685542
50.50724505898665
54.390229851541605
46.77007856961438
51.98438029137651
48.65288411104517
46.895653169262616
45.46674980316875
46.98144071782699
44.827208504825975
46.06999269355316
49.890122369158625
43.95822592920798
45.9755264470964
47.31030246290129
51.10694742812357
48.27384751225904
48.13327643972015
44.56907477340208
49.58439852686946
50.70405797751043
49.7076218678815
49.64567734570547
47.52800110593855
47.39109770557145
48.8468450266709
44.52714825447912
45.10138284723007
44.97856150986507
46.20219302755035
44.619199168872996
42.97498035316536
47.949505063829044
47.48511768181961
46.032096859188954
48.17578095488447
42.42725569613527
45.06390678680559
47.838348275590796
48.49429103089487
48.1180879765053
45.86687634957312
49.97610600629212
47.964800832859765
47.76608469935354
47.29190136038753
49.31681925728155
48.21204116726894
50.21588403463049
48.36966468361219
52.53554728995321
51.827849589169546
50.715591898196436
49.416142490248006
44.996372785475714
49.00734575378181
44.22241946424499
41.525794865802716
48.40498693253748
43.29247688048441
48.31632917261044
54.87322295210137
49.24921760272871
46.38413188947427
46.81882370464006
44.305440588955605
43.900777812100884
44.54579135002512
48.80798600149229
46.190592108268504
46.02155123891117
52.2172016971491
48.06775243870549
48.645906911333874
50.30476950996454
49.773680510518645
50.40682096649558
48.90476962533771
49.31677212177334
46.50346454942129
46.655609709562086
48.85073390927437
46.37322882357911
44.598246045815706
46.356856145795085
44.88427814463632
42.900477896406755
42.13675583619775
43.01756792438624
45.09986358119536
43.68298747418041
44.38514161283076
45.77322044217166
41.47875281822925
48.23193099460297
46.231181407038164
46.6404357552486
40.803203287848476
45.47904768256302
42.98105186465441
41.89090437601045
43.286902123821434
42.36902795846059
44.71065818942306
43.256135149834236
43.33222099537599
45.403244659512445
45.612669187213925
47.59055795960475
46.580426757966706
46.03231415092442
46.71252634728573
45.667543354634944
46.047680267801944
46.57772145835955
48.29934342577606
44.58785060591339
45.38110003516032
43.560293022160955
45.69931372123262
44.17355548354717
45.52839740193973
44.892846659479595
41.23080644817114
44.046304934894934
39.54500149870691
42.46221448892747
41.276035032515395
43.07443999795489
40.5315835681231
41.35885624794142
38.92566136169241
40.839828872371484
41.78392737716367
42.83110584845494
41.457038356909564
40.92572014969034
41.09137050817026
43.9254345642582
43.935261731728716
44.08128103009939
42.612669146403725
41.04885558314149
40.86678345074551
44.61025161394364
44.113943669813125
43.36728844709891
42.983722442365135
46.15280779342941
47.9725791856473
43.64392272528114
49.19635337308007
47.22817451975582
48.236436895486186
48.484889976200776
44.66684877306342
44.459378838417024
42.10272597131919
43.658514430023494
43.95803831647222
43.740684485235995
43.72473489616141
46.04847196726577
45.738944043672745
46.56041055987853
42.00553640498253
41.397521995446326
43.1878048882188
43.36808792227457
44.6894437660231
44.68732231013883
45.989326779475505
45.40699896441525
46.73759465979294
45.15514838932667
42.54818614892605
42.21403179428433
45.29559869949838
47.84726321726963
45.048405726267895
48.79966065762243
46.72968860341821
43.70892747128323
39.94944993054018
45.277474606861816
45.669126564435565
44.435839549545534
47.404172416140256
44.017944430056794
45.20311275180501
48.88050727817326
48.92341655334771
44.940816671451614
44.783207767911044
43.72597189991624
42.872448373113485
46.70714551847494
46.30999156126752
42.8080755212742
43.15366576462029
42.09464993410579
41.337666078490145
38.8483258149643
45.242175233019545
41.92028662214472
39.65527804356555
39.497306409751175
38.179845009948075
40.58485164745223
40.802614144928356
39.32519338045989
40.88405841583914
42.57509975383928
39.766785718021886
40.650196050427596
42.64581460709427
42.75115580412252
43.165979479597226
42.36136778072943
43.56239310932537
43.623114599144635
43.368498900865355
43.58486233246266
41.54610366666415
40.76608842527384
40.431640666100414
43.12286007698798
44.996815989618796
46.86535386959427
48.04005158545742
45.57159958604827
48.32453800558721
48.863840665168716
46.22297681744125
46.05053558677244
47.96850727971914
47.09063659044744
46.617992294200306
46.91397988475982
42.50874300577298
40.689391224272356
43.32991894620796
44.76229709386398
44.02544808869188
42.86626151508349
42.21598225503807
41.35887086151725
45.38246955390814
44.02212427058348
46.61131145277561
47.62620463762674
41.888841606832194
42.1755268837204
46.81216917513961
44.29634610477406
42.72143620573495
41.35449193462636
43.7320024061356
38.47029470282353
42.1062103074697
41.69635919430057
38.347524741950195
37.2768494362191
38.93797099682668
40.57721869491729
43.17610567712751
39.553731899820804
36.21015636214427
40.052106194136854
42.06636946834231
44.04297916173263
49.42086742239401
48.725622867945496
46.13664258053184
45.546320390629845
41.6927978142523
44.34112698906132
43.19046196050813
42.391230793835305
41.603439673853444
41.48062344357039
39.597838147877326
41.49038255530483
41.33489232566733
41.81294759930968
42.021227856026236
42.53839799961659
44.25066163031289
44.24237849547086
45.47517379287481
43.5023912475993
42.981668011927695
43.92489858246867
44.344097586658926
43.510315048029135
44.67632643720217
42.35428520617785
43.36446568155896
44.13267922870637
45.327723238566335
39.58745578492281
47.20662151739866
47.66272492903987
44.59400447409215
44.65229921937346
43.951891449814774
42.42558918094603
36.94270603016353
43.40138598003185
40.08440017251165
43.84977591920926
45.42483129876214
43.82878367666949
46.50629697829252
42.27162888583352
42.61026615116078
46.146827346691786
41.63433104993413
43.13155752946288
44.21170085655663
44.85005519426437
44.59999740652226
40.393746521168865
42.49429097912427
44.674485257979875
45.82849874664064
41.13621400502598
41.492890501991866
44.11451338520692
41.64177516563046
41.038320933880826
40.74969393714439
39.90106129945089
37.131113530904756
42.18611820929837
40.829391994943
40.562483826962094
41.961401266387675
41.27143687509722
39.42736128392532
40.08589544371611
41.22928149794585
42.355318709990186
43.09071905223736
43.950555131180856
43.394596971193124
41.24844604278347
39.377076410319695
39.902047336647826
41.88997726649056
39.08743341583091
40.155722863088215
38.97299556970061
44.12864026249275
40.45329767594326
38.16779584940682
40.31130644568177
39.25598951135229
39.88499102049346
39.522708761390874
43.66937906165618
38.572361345801994
38.48034826827769
40.61604149640269
43.03160365297336
42.31628816471446
50.68034680549076
53.91172312772912
46.13516295879358
47.609066954981074
45.12184877889977
43.866136272573186
41.00995662508409
45.76754154124079
43.1592275401014
41.4314303560795
40.4832608481705
38.56641638792196
42.81649370430228
43.044901442938766
39.60813447208822
40.03917065561428
43.86906437481856
41.324320549076056
39.876675152720225
39.48242358510059
44.749892439051784
43.63008568153058
46.57849053940286
43.41259700517883
40.302714241427786
38.879169580490995
38.70636957833026
39.75211683000486
39.76081284952947
39.516339457072334
39.59992080687843
41.96952928368076
44.24716112446171
38.93403710018186
40.98796402791851
42.85650226548534
40.078285044806144
40.760551398638256
42.725702685775
43.14704780507226
45.032123992821106
48.1409814289121
48.14502574613783
45.208072296030785
44.38491182436841
44.02244347173669
40.66129940606664
42.23248345540682
41.888910321128805
42.290417257041305
43.43387707142551
42.38581048633565
45.473225590846766
51.36039860434965
46.51911937832097
49.80148974125155
53.74531484012921
49.91185104013932
49.979278868608986
51.06883405957531
48.15735627502195
44.79524583298032
50.15102101906316
43.94539100751341
46.89803730294844
46.910000314301314
42.88304291767531
50.77305947237779
48.28280759212304
44.34280691330852
41.30744797144065
48.1222449788468
53.9307688468685
45.10993088299504
37.50571267119494
51.047713091735076
48.51693055691124
48.740480757864
49.8779707576637
50.21756965159805
48.57378613027513
46.60104711363676
47.368516907236064
44.882803573552884
41.960944156532065
45.27478553851997
46.35376990250248
40.96628798413698
38.47813591588666
39.55489289897946
57.47511775055091
49.46913576731042
43.66277961511203
46.03421938349662
53.59382656246736
53.45295482240799
50.73226384236961
46.29419212030107
46.84227551009355
49.042637526859906
47.793398659156026
45.68671398785225
49.8899566459547
45.536231819933455
41.94065324879225
50.812589226299025
47.35433946524368
42.98724404960487
44.242598624983685
43.287932855021424
44.155140697711616
42.61619633563997
44.23642823894206
39.69873294726417
37.79042421338259
43.30674927433138
43.28838083708548
37.86513619785112
39.57697688981165
38.20751674159109
40.8108632656769
39.199581677215285
40.92100504869861
40.65253258390896
41.16010796394022
38.1339629320924
37.53539752876323
40.98078680309617
37.77651410223034
39.45371356541192
37.78243590743464
36.702827901786414
37.09858285625231
39.308453228600655
30.104339158219428
40.998461863028616
38.168370550906154
45.37477547426358
47.588005498582014
42.68619434387403
40.96708835328757
41.76549745129709
41.85991371763826
42.58848910974238
32.67970660093695
45.853631368296284
49.48256055339682
45.25160143662915
42.613756386110005
43.00920267471222
43.999976589454356
40.869187563770154
40.236054784338506
39.92987289447685
37.74627524489208
33.435842556781324
34.11721993074935
35.113340594734225
37.34215345577615
36.51640619921258
32.884497637870865
35.19252174144529
33.53449216984827
33.75729811005479
35.96696073978059
36.25484200071563
34.88300110436997
35.07426785481922
37.70550100113079
34.37813723858711
32.58580667562381
37.69323704192193
36.02968079471159
35.02690702281798
36.843384561112764
35.571522017208906
35.09304724604535
34.54926449552794
37.699350509100185
33.89237461823923
34.11127071740636
35.41852136276765
35.844632733527504
37.25086038892546
34.841887273628025
37.86064766698362
36.82990111141187
36.51143744520762
37.12531379006986
38.39491572811191
36.160794538650315
34.001195388430446
35.85215726995021
36.99192240766939
35.035819254282984
35.7399500542814
37.48804357685951
36.15642911271672
36.07612039030933
35.24850319972348
35.24478249209847
35.9786788101223
35.819154148006106
31.555492307153735
34.028038145652005
36.73854952204041
32.91911035632283
31.949866695628053
34.555379158412165
30.88644943242088
31.45944190775728
33.0538887110594
33.267839587402996
32.330758512526664
33.774849375040034
33.034480253994204
33.855690738022666
34.052261408149576
32.37290947010618
34.40148161458557
34.200846556978206
34.69686160583788
34.619746258299195
35.43763092448782
34.664130031475196
32.904925717217765
34.50518062624711
36.833634099086154
37.73325068325078
34.842614624320994
33.29819984713197
32.99588949994151
33.06947546427119
33.865188163763314
36.231834284096976
34.710574619736924
33.68013313252522
34.82758152300203
34.071226607993566
32.411511896564264
33.74399004975488
37.029813248464215
34.8520200574899
35.47847979869321
35.740884163679034
35.11167871750763
36.060631540837385
34.93774467490741
37.15006027997319
33.276419890615664
32.32122361833713
35.01567580818774
33.331090797363125
33.7087368243979
34.57048565081254
32.11263266739152
32.01892948849648
33.47908508400516
32.70784847656796
33.53619391958391
34.45466036524597
32.02854163831812
33.58228103518272
34.19266670247676
32.80575309677206
35.45690960292322
35.76497638291068
35.88914865448134
35.304002491952566
39.26959516173009
36.826593897378245
34.634585782348765
35.494560508558784
35.79415076703605
33.72193025393457
33.691972794428054
37.53103839829036
35.555917428655306
35.80184789865136
35.74114331316216
35.02885917116182
35.58227101352934
35.68028010685744
34.72990768691381
35.680605517210886
35.91878684623826
32.935416945530385
31.28205131020427
33.18923325744677
34.25720422639421
32.59337323549717
32.92776415054327
34.44480713728945
33.450497135871366
31.644602266351583
36.73376406071679
34.69624865754758
35.38031926593727
36.13571632946193
35.49056337121511
35.25259010641666
34.25426990644292
31.78231672893332
33.83846400162919
35.93692916614103
34.98795998465104
37.073841954057045
36.75079478829752
36.25269839515986
34.5645087272872
33.56386932578469
34.580307223678936
35.680810948303105
34.43719416943618
33.688938512342155
34.24933995410343
32.6733426135524
35.556789265756436
35.08993970864356
32.672107600859434
32.64190046328103
33.62183842865383
35.390886121186206
32.60987317673177
30.826719263998186
30.99818967160862
33.20078680330079
33.72243087454252
32.57664091971732
30.21093021047238
31.556606913553146
32.42936776043693
31.39512931272059
31.852719152274602
33.87695667223338
32.96304992162988
32.48094744548572
34.68528062136419
31.54275558882126
31.31042422862774
32.27427417551557
33.88811891938669
33.31563955799842
33.27918343160433
32.244285274707245
33.05180439273684
33.62026793476813
32.427591477484064
30.946029061093387
32.946227724981156
32.861141322069834
31.83582125593499
32.809824169517334
34.599512606068394
32.70157402728625
33.23408295191291
32.646879222179635
33.09549277275363
31.79029504742818
32.30685413334771
34.977746841964006
34.64321706329779
33.82942631120345
31.402827916030304
31.833848468053993
33.04474251701833
31.1132354062254
32.02425531715387
32.77351733996572
32.97057150781373
35.314152432803205
32.09147544855984
31.606931664760168
32.83094305265662
33.4666761131542
31.203310890063303
34.11773762823785
31.954233259728543
33.869393207953046
36.58937010000955
34.39687602263932
35.147023989861864
35.61234579648123
33.70434396065032
35.66844451309315
33.557144661378565
35.37851058178751
32.82708836853615
32.13288462739606
30.858620771277415
30.268583957580027
33.24791693809579
35.22942273083388
32.345165997037874
32.612356316256246
36.58669361187393
32.61360293837801
31.713854003661154
33.1252869137192
34.13933988518482
33.34320936507604
33.40668379750947
33.06921923356194
32.75619181818449
33.721147157946355
31.892194447997827
32.596350218828135
31.65521386207512
31.900473619760046
31.304861485800302
31.086484523520994
31.53962981281954
31.480410612535117
32.21962881234571
31.08810982238755
33.783077240889746
33.00343709614501
31.900674113690165
33.91375925544733
34.15118144850657
33.92567738171664
32.76817709256806
33.112245180392364
32.90159332731011
33.20182337174695
33.73097754262389
33.34308738615742
32.451093849451034
33.448056261283035
35.74308495940016
32.865552011796126
33.32187578643347
33.33737760852793
34.06955682658609
33.172039509021715
35.09457425391509
33.37841341798413
32.47703578801234
34.310750304848725
33.02985025038428
30.38112326432476
31.30706146207107
31.12157558581396
34.552572733885256
33.94686081613641
33.04268630069119
34.16238146218603
34.299051611750336
32.898622688835395
32.6974647222991
31.97062133795077
33.13909169084376
33.64729308726139
32.59760056352135
33.51185028487241
32.57878460844781
30.23229943179379
33.23847880585925
34.16544161735539
31.00403569821922
30.219486389085194
32.75773595868573
32.800334640091684
32.374928463286984
30.09445188968625
32.512581038854265
32.7634547594131
32.47466489820458
32.750835143599176
31.566353533678072
31.86783920764001
29.571431478547392
33.331019952781524
32.38069984682334
31.361607748925916
33.11295941141809
33.45704138003746
33.49011206478853
33.024234774335824
33.36895684362986
32.74938201694618
34.07010343796573
32.49280113922116
32.91551072497452
35.254708115994355
31.506612461295227
31.529049826720474
31.75374105950182
32.87204329540674
31.157060275545355
35.291538753588476
34.35711262266215
34.053454274622645
32.816052504877135
34.53864059311192
31.93035558175368
32.1632346660397
34.36190708311685
31.544281046963725
33.449907527059665
31.31048609421034
33.95495369205793
31.345417853854116
32.88557545661733
33.2963812334486
34.6908513655066
33.911126486816855
34.35785758389513
33.328831214714285
34.832763682781035
33.74406394249548
32.88830036704971
34.926865496135186
35.366355183572125
34.89088461223632
32.6909853786465
33.8066567047733
34.75678004480574
33.00607557444309
30.792910449094915
33.57669933363331
34.04563595563685
33.57410408453645
32.590665729880314
31.607794670462887
33.18680966709346
32.775424581872464
31.983925307255586
30.62753515315212
36.393452585834915
32.81183311717905
30.75460483986818
35.52773294261795
33.062284975055725
34.442159854951065
31.985231851321632
34.72899647013228
32.876409654059074
33.47026844864463
34.5074631122044
32.36789731297315
33.87066911360863
30.556113581587024
32.064598095318345
33.421900527273735
32.2069371196468
31.050125327625945
33.18467808834485
30.858428001269786
31.575461774821974
32.12352370963403
32.64033712410989
33.69548270193532
32.46500110622463
32.5023155488
32.868257670931264
32.169741441761715
31.316557697230614
33.07708153846456
35.57876179073226
34.553903681580096
34.56734949789403
36.32877859359086
36.438182847346845
34.927860209823166
34.72841792194791
34.214618189665245
35.962973693922166
35.218984904631164
32.48649691659184
37.4601372118233
35.62137588759526
35.9262202080659
34.2835778317175
35.08431060954426
34.371964854962
34.199567590034015
33.48080190243449
35.63436975367202
34.53819411700476
36.83397831647827
34.431251114973946
32.353209106450464
35.397610120159364
31.264907930064656
34.56525674886097
31.599633370997743
30.959231541988526
32.4471808601864
31.86916297861018
35.02329825242688
33.94025607769177
31.772802852792367
30.575215200038173
31.904702818571305
30.396489267340076
29.038825737526626
32.56800567657385
32.22023612132741
33.192168636978025
32.12172205019766
32.553004965885464
30.464701848924534
32.541926466566245
33.76961946330191
29.940708994380074
33.06776918372261
33.66470548814421
31.254142065482156
30.948835568350937
33.88264768200704
31.291616947774315
31.42688524362983
31.067733053787244
32.25538296948217
32.64491074882417
31.75769227011475
30.89078926748195
32.182904570537204
31.185282977744464
31.687967764322728
31.94932090065834
32.30567026695445
33.15734166265789
30.83269223645184
30.341605328340112
33.40690425429508
32.3305073165593
30.60149577737413
32.727771617588274
32.895592459894786
29.98337863292478
31.937377042346817
33.65190937372843
30.298382019979986
31.523338783251315
32.53301313321221
32.20755846622188
31.41406509184768
32.4251385828415
31.484776443292485
32.79183784694545
32.44086520151009
31.516757140862527
32.20552466537445
32.261350328977954
32.04377109702355
34.828423985737786
30.69085385586959
32.37864125218066
33.364515805882895
32.11480329181873
31.95045328243475
31.650545602774496
32.985267341318
31.916317882090297
30.872730116559325
32.56881955098412
32.094528439107954
30.652017366809726
33.5248806326292
33.11478817360863
33.81901775451414
30.77636935235133
32.81925872167745
33.77687551786772
31.480311223493302
34.235367815709154
32.74086299518513
31.806295442653425
29.772069440560315
31.391354674633757
32.40476912598345
32.499574336616426
33.372280282494245
33.66127678205019
32.11132040349838
31.385479968884233
29.198238708609004
31.244821128050233
32.06274650137391
31.867012225207787
30.75043107037454
29.983458976639604
30.805726339706926
30.685936830193363
31.315090807351773
31.474847349390288
30.763145902631756
30.200581104393123
32.36519123366787
31.41436445576808
33.05517969940209
32.516861840170094
31.75029789096322
34.042420063889615
33.545128896774635
32.129283554330165
32.77095931602358
32.75774855056306
33.67055239672339
34.079260842037854
31.228142175346576
31.219339816120325
32.304818740033845
30.95587888496251
32.07450803263349
31.84989542157821
30.678251369476826
32.123825987398725
32.23838164847565
31.613129854623967
31.944927080500214
32.779135528882456
33.75548959285354
32.65346245049189
34.07946751791246
32.989989359391124
31.661129512604248
31.112010126303012
33.399927902085075
33.172216392934004
32.956431341992825
31.63837475614939
33.29139305985756
32.36119382063163
34.581430242629274
34.14028553894588
34.973253661424394
33.96339770322421
33.9384439455489
32.64553154372107
33.262064682103855
33.80825316949619
31.73489419380219
31.38740952088149
33.08858271031444
32.357274838237245
31.04836995471608
33.701188321344404
33.65646833177898
32.190595041592594
33.23574280543864
31.911832348073872
32.2728941860599
32.487346787094914
31.663342903360917
33.99656042423263
34.96076566240375
30.928004584617803
31.381676302304783
32.836351277060004
29.59992983698331
30.55435047480487
31.857926769803697
32.29781965433617
31.46753728605962
32.93582351261147
31.922900313207546
30.02658178458068
31.275691027872707
31.943857115631772
31.503687627927746
33.944901145504936
31.95054117386453
31.65707685957294
30.394336435148663
31.500837176337846
31.731780362449555
30.816835345219697
31.416887042547906
29.95434053627612
30.872833376190265
31.49937590372034
31.27306155070226
33.68112045921812
33.156010485140605
31.983473298547143
32.17950031828426
33.44451884981564
34.20286214214291
32.23508897400144
33.90356967651588
31.702639886414726
32.30303384740007
34.5866361024267
33.70235865136781
33.47969623081569
32.532341762093694
33.96863621761379
34.023542173252466
33.190112092134434
31.56712389047211
32.06721268424092
32.034610331156735
32.56970898026268
33.13813197406279
31.080204738767296
29.935631876369584
30.579156976010744
32.776469047564994
32.2228095130319
32.17260456083028
29.61137715019943
32.0973314614244
31.72058317573281
31.637127485395563
32.57392697316261
31.605219000124833
30.298635559916157
30.540858643346745
32.47299849391197
32.8992956383861
31.92081396551235
32.17236609143632
32.590198626528725
32.5563290117095
31.151043582737294
31.969941034986118
30.829519597832704
29.887737185457745
31.559022615946798
32.04726880016774
33.05744816163843
32.267057411557154
33.204210029866765
36.25231940712351
35.78449301236716
34.587505242565136
34.64460814962637
32.88308130269961
32.61777238931336
32.63809962678313
32.512695952941854
31.09478871908121
31.055640963964244
31.37095792870825
32.21526582403582
33.2181243208956
30.215767971595614
31.469700688151008
31.86667810310824
31.196476675165076
31.208933357981167
33.51790498775734
33.29010236537817
34.06938557419613
36.70590119832586
32.9164568848629
32.86069959526036
34.269330085974
31.046364306726456
30.729150107950783
30.815431609690584
31.88910214525421
30.546641212275635
31.40067751373138
31.294445635555377
32.437972908277004
31.656941509377102
30.565711170601954
31.024683773632997
31.90923715242085
30.937867466023704
30.007040545917075
31.363205304231755
31.280978112257127
32.674323401458025
33.24367126365092
33.23629644402181
33.25441221469861
32.764092857952384
32.13842676179604
31.325326317878677
32.91008453089586
31.644279414559847
31.819996729512322
34.801680769399375
31.673537788104863
32.02601430910366
31.086779450086315
32.15245134175568
32.439801758547226
29.92789659558214
30.31656024143215
31.46624803205923
29.77994195423319
31.874274952079062
30.34990430953203
31.51687730104394
30.341181604421536
30.75661845546478
32.00285447468372
29.63992245477164
32.57230454455466
32.27995051969046
31.270644936675108
31.667071724343
32.08190373240564
32.33301067921963
32.29518694106284
32.07029915956618
32.79856818825105
32.25092851213773
34.171221486700595
32.9600654166588
33.14438516318672
30.430179582211622
32.344653030111346
33.35373729629901
33.381660961604574
31.90426518032864
31.74026346066676
33.33248835016025
31.1043408378595
30.95030169762562
34.87727514863542
34.28856915547763
32.72181814908752
31.625204650082342
31.96385517945163
32.83805675997151
29.702444705046773
33.54956142348656
32.062431287441335
31.938740517119612
33.095142789229065
32.22115250615713
31.200827942419227
32.21281471307929
31.847278845698785
32.979774710437404
33.54393381891576
31.462298504470333
34.321252063991025
32.71467546319935
31.31233113114246
30.849014067202233
33.776248081800965
33.82537039565392
31.536709044025347
34.31920391783057
32.999461156939226
32.60558749913963
30.872802951735768
31.535305712980463
32.28031117416394
29.311214297707043
31.318978371115282
30.222754869036844
32.39301061181019
32.42163303602528
33.47832877560051
34.013820232204615
33.52279458108235
31.82328310668322
32.42999127522161
34.22899531463042
33.633880255293214
33.55274084393285
32.9380201928189
32.68082135691595
32.79672419189992
33.66071844034618
30.751411675089706
30.900357972249086
34.90005401086506
30.459073544123598
32.005054616219326
29.990169385316175
33.467240626543045
30.79605431806833
31.234710034990513
30.235490581741363
30.265402085192537
33.25266744564389
32.31750395439089
31.903520672953267
30.445711690325364
34.43717960777586
35.31738907036746
33.827112895755256
31.308850774066187
32.43467229073895
33.83925656227069
32.83835912836259
31.36748487370176
33.815925731309875
34.37759103080014
35.81799623383544
33.7886512081463
34.688216542413194
33.74588532956808
33.616137455656784
35.21075982524286
33.189499989248255
34.134430888421115
32.38893083547386
31.853211504025925
31.67232188795451
33.02319150863454
31.697738858679095
31.131677127158355
30.788908294101475
31.322891396103614
32.48314699796854
31.553256720524942
31.864146949548594
31.918035701722218
30.545882373904075
31.83487177719313
32.604896748996005
31.2257997686609
31.237937375478882
30.556936253967976
33.03406620503158
32.42376037121336
31.36043895146523
30.858422550915847
30.968605512147814
31.478860945215846
30.40200296944434
30.291550878437615
32.96276563704668
32.31708618945244
32.88142767096301
32.79788326754682
31.627975636275178
32.70669136278718
32.257882320105736
31.09730387626999
30.47302863976971
33.43351116157778
34.18187188688016
35.600272639523084
32.15675739898522
32.38253124804082
33.4121873233767
32.66633325503501
31.913926406560908
33.157713785138455
32.87683025516198
30.525287404610037
30.551589012089384
32.85638404737038
31.15716617181392
33.30770911230033
32.1872729348176
30.82812897273012
31.21380380475408
33.19424135695375
31.54460741741742
34.54417404375531
30.874050639481666
30.71725233253215
32.357690810175136
32.93557198222851
32.231585277968875
31.038951522710818
31.34534956714534
31.862403615060956
30.777037738768623
32.58397208586067
31.36936552508785
32.039689565565425
33.33337645823971
32.74587629809854
31.98238782658619
33.04391674756974
30.407758804587683
30.335782010830467
32.24481358595042
32.06879185569253
30.13938829927117
29.855730589082963
31.250047823789927
32.07936559266148
34.73707590462692
33.8399725549869
32.454232661935976
32.22884725358581
32.593446497321054
32.301297003148505
32.73469498858618
33.308033230871814
33.254401607583915
31.99204948809953
30.29548318700715
31.684792577641392
33.05638020870335
34.62545606213143
32.37202956460281
31.039770525111827
31.918000670494667
31.426631385032753
31.297757434864142
32.119780480257646
33.1803555530909
33.21025379570212
33.07716684196023
35.10637584139709
32.070221613512004
31.55505817914348
33.04231385059122
30.28891949339188
33.46412354268557
35.17873511866382
34.005959443487356
33.5646270785114
33.97405775159043
31.641107431628413
31.86390939468139
32.482924401121046
34.653767133402354
33.528647736439346
32.65116106386276
33.12352720802735
32.20947986229979
32.8047490774192
34.26786620454452
33.33817769140308
34.60442884169349
34.71647276617805
34.822260411096885
31.870214843984492
33.20290278175601
33.97924314634779
31.23149428064309
32.59617690501715
30.85321481455044
31.306132893210734
32.39275918531748
34.50934577260461
31.510333817887943
32.01603816710042
33.389358002401984
33.66314581592508
30.553398342143293
31.719489083345188
31.767768478088236
32.917093423495025
31.912749206258155
31.429146919088254
31.29464780525801
34.09562187947327
32.79997167355693
31.845885581127767
31.846736417235533
32.11804686228073
32.99966955172195
30.82387283114979
31.832181008377756
32.33715956799094
32.86022290410386
31.701986442122305
34.138552961205335
31.856930205203543
32.13224695277012
32.16897931479537
31.18340402200075
31.922327176602153
30.50208594571335
31.129164403110344
31.056063784026637
33.650414840699135
32.41102997024749
31.00744336042221
32.72762492017793
32.970340731388
31.88779568621484
31.369872821311727
32.76329466663228
33.77226401468096
31.79353200641995
32.70400510399912
32.019312082848174
31.53633382028902
32.35736651994277
32.5293991062061
31.85729308800527
30.797355519540623
31.499488138855927
32.17918702914614
33.35623199771248
33.08615656386915
30.301038309107415
31.49879475501045
33.023876882192454
33.89190417324493
33.21234338506631
31.848196790183483
31.447195679913357
32.87436472970008
31.848917204548364
30.77938132129566
32.55829319114953
29.749132686772533
32.19777696717895
30.289793295740147
30.79234092850819
32.83539041425761
30.97048352853296
30.9534640537398
29.264577971417058
32.28627221827653
32.73982076007207
31.166219738642468
29.786981093002595
32.20044679992568
33.09991797902692
32.0011846054066
32.036605760618905
34.416389004397274
32.11462204737111
32.28721728618515
32.47266707440266
30.989259657974834
32.48296588227886
32.36246061647531
31.877044129901204
34.21242376600898
33.07140217746205
31.84397523751355
29.41668244954018
30.30831468774484
33.37551455633621
31.661778288349097
31.80927367466338
33.07513049521235
30.785724914024303
31.061127637039434
32.3403104991297
31.88996309832032
30.461053097742127
32.33927717469152
32.813887777096454
31.497221943362824
33.913323011137926
33.778750481862765
31.05755534329173
30.794957265492187
34.12721704491473
30.566944161529676
31.49249592158406
32.406014923165785
31.65002868063515
36.716440097670294
35.74177950494836
33.35157007367147
33.32848478534438
35.28500862002442
33.85279873997371
34.007441097051924
34.377166777198745
35.43774314569202
34.293026991053736
35.49789126987178
36.47171757031858
34.44890913763565
35.205603930607175
30.332229216329825
31.699463808442523
31.765259946225566
32.72041661060177
32.69406885134818
32.04089770003185
31.69764398857469
32.91277942841348
33.31896722883248
31.96971749596697
31.107424928116917
32.404221336723346
32.83563293893239
31.732256556124884
31.48027242403542
30.963145704072915
29.66696243682147
31.241922032280545
31.514652105268635
31.92758490899869
31.57153446820049
31.443524044216456
32.55409230885349
32.71305241150863
32.582639746233234
29.82118279270935
30.059671117327188
32.73316472246258
30.837930082540616
33.28248923848484
31.382899690063905
31.241291097773647
31.0700309600188
32.97281560303154
31.97270051622697
31.21991233925958
31.53407572438591
31.573411606716217
34.75271428238115
33.65729416160843
31.49504610951305
31.697727551143167
33.49760709759136
33.23390395901554
32.657360934034905
29.842936833895518
33.00945875696872
30.5540061175047
31.456653740894872
31.61156140971075
31.468694980412867
30.6538769833134
34.99099028982002
32.04175844770509
31.48367923603866
31.57678112568221
32.143399427312666
31.54892583642715
32.74399263046533
32.86420882341427
29.60393683706206
30.862757106100453
31.494439567513247
29.418354933273985
30.354427233438905
33.361362937054466
31.428487452467653
30.354170237530052
32.68395766792078
33.3262191113996
31.622079518630297
33.85750375986893
34.506368185609325
32.68740307309335
32.83474728768539
33.46170308289886
33.19653464312548
34.041164997767375
30.269381316411263
30.43406013843844
31.370916378423853
32.73063411313801
32.26990187555195
31.495628295298694
31.918412870042452
31.932927775502392
31.238012435964595
32.1610057729671
33.661419454675716
31.98509189062137
31.939456575019346
32.26001602172964
30.44009669088168
31.679727342075537
29.379567123349705
31.670437851749966
32.565185647046256
31.00536561284512
31.575430735865847
29.78663163987799
32.04959644112808
31.16446459580561
30.177182047514563
30.947699912685493
31.546520662060125
32.94175093789013
32.09865303717633
30.78278671668685
31.379633487051613
31.189631310103536
30.65543544843994
31.07792576920958
31.682164244254956
34.06060897420598
32.73096027997035
30.112328892273585
31.063032463441388
32.06205225696204
31.451608428469626
32.049800401727595
31.016085070654217
33.23483416776687
31.09941788894683
29.8880929327979
29.312204525646685
31.062264860654814
30.882073322270035
30.12242295956785
30.830639886225228
30.8967790903217
31.274547184215763
31.60692781933475
30.47728995945069
31.847064364554452
32.31925215279605
31.676228092529456
30.132527568905466
31.36301726489973
30.497187898863004
29.93827144170568
29.933584387434465
32.098283481876734
33.74789718943489
31.784325857225745
30.55208557327468
32.04157654632388
30.885634480207518
33.01697568539121
31.897087127146378
31.108129897485743
29.62630647838911
33.933214948259696
30.291555172808796
28.839231228691244
30.3459330833062
31.719417384990958
32.416797579839795
30.957401538187696
30.72399011554323
30.812294893925554
30.66022473924436
30.227916425614108
30.23724930877894
30.825054287264724
31.76562336377222
28.658084972817313
32.200631700790716
32.326358566166505
30.79441612076481
29.903781156746906
31.901734086385442
32.464429674104665
32.40990024815837
30.740716707027417
31.09874269066448
31.980515096695573
29.707819773355453
30.116497644480315
31.74367667088786
32.27003537064835
30.574257386329126
31.03814608229447
30.332570596740837
30.090550405836694
31.13678485888714
30.586335583776428
29.963753630123446
32.498511349162214
29.898201703280574
32.056867589207236
30.50038851439747
31.468966143393786
29.132812578530874
29.561341880907186
29.901554828885153
29.802358583317467
30.593907286098567
31.33581198975629
29.456584884893665
30.69185044768481
31.23207200910619
31.62267346944715
31.13539870655471
31.938696176927778
31.22463642534141
31.444871060924232
29.947982113022473
30.960188913701007
31.067991407792018
31.888224116226198
29.568386222643134
29.075559717565994
31.01837985834096
31.983587456139503
30.15196513435133
31.384980984319782
32.95455728323174
31.932881273158618
33.76502991339959
31.371114998965776
31.693350278926438
34.341454333204986
32.95637581113314
33.95724916401037
32.7008895785227
32.0199404407129
33.15441289070187
30.910377401881377
31.241423422130428
32.01609957297799
31.16577603983858
32.01335438846477
33.68706928250435
33.25632240326332
29.44106064938587
30.77307476574425
30.955095057073194
30.74034735509151
30.66222679333746
30.013808362222193
29.11023855332693
31.485956608554197
29.94974604678775
31.411705319104794
32.4215141076079
31.975907819252303
30.933646472506762
28.949965464327796
30.76316530576344
30.654628638246503
30.86405741643172
28.160722155817737
29.650446491127923
29.3747306250511
29.297843460161392
29.128870290170497
29.069464266051295
29.97564990924799
30.090698428931248
30.697550716734472
29.040613161724977
30.64909833906216
30.18046726247717
30.24847607747097
31.127354208560927
29.80647014187364
29.990041018260282
29.473144036722925
29.152475139847148
29.031396021238763
29.287776569063535
29.666610435771602
30.373031401469397
29.466014993396175
30.463197470893636
28.97444697876037
28.675961479389475
29.45041713791282
30.66607898046801
29.21057433048356
29.822800851306976
28.88171467025807
30.026751174277898
29.650639698868137
30.448473889871778
28.643325169212076
31.284808234937145
30.29197256006579
29.726364073439807
31.20186697204087
30.7487538367832
28.890896767492872
31.007972053236728
30.69201496479344
30.541476886716836
30.022689106727668
31.109565341676763
30.676952199368042
29.0502345082016
29.825556627889846
30.646953827937892
31.71267968255138
29.99055939085307
28.026071793179263
31.46402996484967
28.905993661012708
28.891000348989902
30.84155420415746
29.9574729288952
29.764727720170605
31.366542289780103
30.17429212037886
29.691276578746596
31.2037521926089
30.13406257709516
29.135673766802764
30.558602846405556
30.544579694578506
28.946868913731745
30.28159383424565
29.5415784812539
30.326144718333282
29.66124968380299
29.898875930353142
30.00265346186117
29.501715653412486
30.550588297358107
31.161203674000625
30.56765625176714
29.10095452925754
29.844330272859505
30.741082186496826
30.60144151194419
29.619609238143322
29.781665393064117
29.11369078981764
28.706711130345347
29.735356349138122
29.99002925803766
29.461793370392087
29.16362063977793
30.16305017477423
31.11462324438159
30.65890494288078
30.49643867705088
30.52939877786537
29.94863801749956
29.467449129516027
30.387602964408806
29.099763951283684
29.319127706929148
28.80295873644056
28.766924243323988
30.004569744945428
30.17049506453411
29.149572625877394
30.813332373718485
31.09433558023946
28.440477923120106
29.50034977813245
30.60151170471514
30.899056880990077
30.897602524466766
30.275362540615678
30.366764046543157
30.649693554751803
30.27831124108926
31.194955029012117
32.13849605152024
31.252903883470427
31.447870561509745
31.845339823675232
31.11215760483279
29.933148023570073
31.453430517257576
30.351395099842986
30.455083754241933
30.39922129762119
30.212813419531326
29.060077320829848
31.11183140571115
29.701771380283045
30.358116774089062
31.068074492154718
31.492161494923565
30.67890933706638
30.22441200839952
29.3083459181083
30.744845474574745
31.109449427619655
30.177769040260173
31.400304146439723
30.57725577096291
29.4812174967319
31.179849850213095
30.590338317021633
28.951326186299895
30.87111487798714
28.867916114262226
30.449222868398536
29.753731432363047
29.795062266744868
29.6170432781415
30.73282655837264
30.710303037736068
28.891369209497515
30.366841889766505
31.549560958801955
31.338874655003984
31.21026635711759
30.44979290646312
30.483941166547048
29.961784591200885
29.59258271107002
30.404770835017427
30.004303867524918
30.3825116021559
29.657218722376573
30.715543537376945
30.87176261786267
29.281353040378338
29.280481590401365
31.054864048242738
29.565071988429654
29.537574698166374
30.991185149988933
30.830504299250588
30.051401926145655
29.06878365691896
29.362176053133897
29.559650372654733
28.672757776132883
30.21912395301239
29.909184034308172
29.707863049609063
30.88244363082915
30.23714123167313
28.800376844381795
30.20333043198831
29.430147643097303
28.6527813405845
29.076207655599124
30.08889662375758
30.45677719407571
31.04779518235534
29.242392125269713
28.981853597722594
29.6955495038143
29.600736548461896
28.720803728810615
30.288798468186563
30.352284444136085
30.473873926894466
28.69728929612802
30.538056268801643
30.87883022777598
30.581699873595383
30.989039352547834
30.75548493774046
30.977325375366057
31.22821645984425
29.59139536262311
29.606638920792303
30.283655988429178
30.099137985572394
30.700845224852365
31.77136978345061
31.975332622535944
31.502405845776156
31.644635195234905
30.858957644957208
31.14000662618282
29.651186464203164
29.691068973365276
30.252199011715852
30.168139197761402
29.60658151943637
29.904768813435513
31.111287926354244
30.13809734437
29.801943076696453
31.25192604221071
29.72717984968912
30.109722862364602
31.212402005422497
28.831474525698205
30.204128232430467
29.94207586873517
29.22899887525728
29.672525098424977
30.593938383592814
30.87446274864361
30.300829236753753
30.730930717468038
30.28013810520296
30.141253357548994
29.26566250865999
29.9311203085471
29.528574704836632
29.447554074700065
28.472115331333853
30.102939861320873
31.74670775405483
31.798888058261728
30.326290776931188
30.704390817562167
29.219716870808064
29.862210393559298
28.933038609401656
29.468107260583956
29.231209524112682
28.23165791075304
29.24349938095601
29.545095163664513
29.7868132844324
29.839652926224336
29.573974954657043
30.28619920266954
30.852029980427456
30.684116797226096
30.552480542438616
31.155331379448995
30.010636227807648
31.241163487560243
30.97118555336153
30.871464475758685
29.940213875868732
29.76537780764871
28.62166256695437
28.784331948883995
29.637556379710986
28.75612444441738
28.701679280673662
31.128580518256047
30.732164721878533
29.323985458114816
30.297875518699403
29.20300880712034
30.155653399931676
29.841422234880753
29.425770765132857
31.178517628196442
29.615223096432068
30.34320629325141
28.64147251442825
29.37950489312534
28.853771479964617
29.848064388608073
29.52276666318286
32.10905881681382
30.2808935428205
28.532679722713365
29.108787534474075
29.542671861545966
28.567574719060936
28.612799286117088
28.404926950415046
28.7918579669627
30.037409739374862
28.637918568774502
29.122111923235824
29.922485419001127
30.48697802935535
29.993741475943125
30.138691558144252
30.932428421872796
30.692704374510086
30.412969743876555
30.792561584432374
30.48451871181514
29.45822033805299
30.924412006917546
29.888585552042432
30.64715776110367
29.783735830602897
30.409615461647046
29.34700749577796
30.2300842881657
30.914731938946925
30.067815969575875
30.6444769191062
31.04447764871885
30.601739349664907
28.256719764575838
31.284079316477637
30.030495068511662
31.225514095564968
30.790535229586435
29.604981172788676
31.082382795572425
29.67387709260324
28.588009299000447
30.9888570391443
29.347042276541487
28.89329926380986
30.759097761401282
30.672069647739807
28.880191373260388
29.52624706348989
30.988813779680203
28.829728717964635
29.136332439756032
30.625908011591473
29.52694857630162
30.05622635786456
31.111152526771992
29.464470721030256
30.928264210099528
31.97179967826591
29.84449496569566
29.80105932589376
29.24500125383505
28.26160425386581
29.58077210691856
30.496878660231395
29.639123537104197
28.589658592176196
30.58576049559455
31.001967283662918
29.56926377625091
30.18265350101693
29.557766320045193
29.56064617020263
29.874793949797812
29.570107320559472
29.811277550301842
28.703669943508594
29.43027326341212
29.14299913201364
29.89510793284246
31.926629493303256
30.190136767396336
29.517247557045522
30.5513571521592
29.890786284283962
30.165295749765328
30.740726118424874
31.297278611302172
30.59249440006607
32.85464542627935
32.702180820967236
31.242456020138135
31.732688223961357
31.244656141584247
30.45258912881578
31.250267014403484
31.870526050430055
29.80057549019757
30.391560717163337
31.96571159910003
31.483912696162797
30.896281837478565
30.436214803970405
30.057497736669895
31.220495451389542
30.341388738456864
30.231018411779033
30.3651155830313
31.00621888212826
30.43330323163289
29.711889749567582
30.872787242101648
30.40681379349706
29.263517498970547
30.92890971484524
29.70224551902113
29.576194877069565
29.250684731576143
30.587721509762297
29.60443721473213
29.71202683916626
31.135885034993926
28.569680412056417
29.562778612845328
30.052730508063615
28.714379630477097
28.82521978152129
30.559705439803274
28.704343877929368
28.042816035560655
31.625146340129206
30.678357084082354
29.348486060637523
28.02207178447325
30.124327283415596
30.68418194294012
30.953058612413233
31.927601525064247
31.07121456999291
30.68184402042755
29.410420518812806
28.754635750715355
29.81375938468359
30.713832914593084
31.162833688575134
31.09912661075374
30.10795720873396
