163.66558966058375
153.65035641620725
181.83498737068388
151.5606815654324
148.28855115437327
154.87796768878036
159.11497535609294
156.97169833216265
143.44350660172276
148.98044387113364
136.68904114170874
123.51092706253382
123.84122212405018
133.9943567080092
123.00646942393062
124.81766193744399
126.9986432187702
130.30279158990604
126.61581636085754
125.30373468816799
127.58142262574793
135.30564853946294
126.82724337459484
109.82824146297929
119.33115344738239
132.83125369242632
125.58467359476346
122.26424792504196
115.10365084463278
125.11353955134851
126.1042744855757
132.24432511861806
130.54474481924453
122.11909883846849
121.56563772074405
119.07523428113662
135.17112641671756
123.16735280733982
127.72700155510339
119.09439686543766
118.04515303087857
129.84100680410947
125.40006456623269
117.42873339182981
119.00894577459675
131.42583130672602
122.35803917392208
119.3230374875549
119.14029860633744
132.60044054162879
129.94910314802897
129.723906115641
126.27178103170665
122.02728399038686
120.08074934960436
130.22362707238827
118.66401224686429
122.54766798400483
115.77643466664551
114.95344567229029
124.62858666935516
119.2252163823491
121.9977895933718
118.73714281259824
116.90712658769857
106.93058934402684
114.98164882129409
119.32687291923449
107.54716412573595
116.66244315696689
108.48765073466632
107.84496506250754
107.62978557592416
103.73946725157045
110.4018846885825
110.72833357670433
111.43899456703203
114.33049206530971
112.92011075031911
108.60706903960823
113.02516105031339
110.19107143380333
112.05826461775877
114.53586672776024
111.38751313269378
113.23239307513944
110.98667196469509
113.50364578872257
117.67034784498836
120.48477039000443
104.34836530024234
114.04641888195009
104.14119894928504
105.81590960484223
108.31685483485295
111.75798017670866
111.40120268556582
106.22295445050366
103.8565187891191
107.71859839399923
108.47567543265839
104.98591621465073
103.16574818321754
106.21619475773001
111.86879514766926
108.07038316409647
105.32743088568927
109.27879106841355
116.08843104278724
109.36519835595962
105.66705325192346
112.65848603113362
107.04214021283764
101.73294564354674
106.22616037430414
113.97219219733987
107.96685477537262
103.81745280950136
102.96895326613674
111.03726555144495
106.44538649384002
101.47179280381235
111.58148908526067
107.06195071085156
102.09038437481044
105.87334999533277
108.89995347986614
111.20867875563513
106.24707314575582
98.20279441928946
110.9027000839207
106.05671658654697
99.38739186094907
101.01163786464134
98.8635718358958
102.35818454282266
102.23011437704058
102.70043094610097
113.92905097644332
101.7834361768557
100.87447143141031
101.27613995917767
105.8067627995495
110.73052487969035
112.44006157520121
112.83719873341826
94.349957148992
99.93569024250681
101.61867937814897
106.86130645181863
107.07929042196209
95.85173017510937
110.78815392344468
111.79677577127113
103.7498676959106
102.32185025885151
102.17091956603149
105.36744559809246
108.03894385523212
107.0429398395016
100.93217205467823
102.63424397007213
107.32518995249087
102.88618407929782
98.17798310196176
102.41187228027013
101.83130839737039
107.13472350222484
105.58899854818556
102.57131142632636
103.95050214024133
106.53889086846934
100.0407729093856
99.45453888731682
109.79815259938856
103.52527010669114
101.31561601816752
105.5075915938419
102.90524223728133
102.21583715946575
96.48707684010176
99.20430110159654
102.59325637658989
102.3430496569296
101.05562066518314
94.30784816866077
103.70026631970617
103.46409466226847
99.87048222529678
112.11359305959414
97.73104230859532
105.66677295927852
105.447861103018
110.64255655759895
106.21742208384534
94.52543803103492
102.4970812975497
101.92167002739141
107.83838723946195
99.95067150752227
102.65913943588923
102.0911923396291
103.64898868141091
104.50839969759298
104.17959846274829
104.91229657601914
94.32286195772944
88.20077602102633
99.70776058431301
98.33521069956791
102.48943403151087
93.51526198677051
103.5819943952488
95.83404414056062
114.53128801939945
118.39463423649823
111.54366249919342
103.09853184916268
105.28466226889279
122.55797833428115
110.0939414430661
105.19346776457041
110.46599183777889
119.35229221926667
113.9517818677567
104.52061116339057
109.77532304409675
124.50327211284443
123.73629589556911
107.39638484199735
101.77262035003187
109.16915794539304
115.38080222411202
116.01447663386698
106.86047773038503
103.85339954274977
119.46807128616904
118.89189148794878
110.18763569091632
107.34215733788332
111.6647048844636
118.80006258182647
116.41063364658716
104.65107359635323
115.13463665630552
119.10302384601826
116.80293063597998
113.29405906293796
114.49208082259456
114.55685587697475
117.08886462566097
114.85533242738757
117.70186241775363
110.17531070249981
111.80167882001355
111.45532330915674
111.15809498479554
115.15506044549757
120.78763227886049
117.25645201880602
107.96036378392739
111.83545492528064
114.56128496433885
113.95543023515351
105.22099753235514
110.36713102871076
113.63409346671727
122.61337874075302
107.52156054229174
117.2663232168289
112.55896226949102
114.29129076793332
118.39338045597292
109.92491632175071
110.6478972186968
105.99098060504858
115.28290361881253
115.76765013508846
111.68093506641537
110.79695537959127
105.05299192395292
118.02437952641267
111.05043418394877
111.47017686803241
105.91836317988873
117.80636708505314
115.81996834579593
115.31587270995496
117.44213996845421
124.33443244971858
111.93083787072531
107.751958122611
108.19695609216328
113.75588221095003
113.81044252935837
113.54749516362641
110.77690394082643
111.7922021293945
111.97768169023098
113.3311053736057
104.02760782986101
114.94666597746884
119.5019703734247
115.34965539249689
110.26648661762621
110.16798109068084
112.35855945585774
113.45274393947756
111.17404333356183
114.53265906023465
114.53654376608328
107.30311315297696
105.80401453012313
123.42947912306921
113.09449247895861
105.59362199724178
108.37272301870053
116.92901092934542
104.54112542550625
116.61490123712876
113.34527937369089
116.12632348509052
110.57257634641917
99.34708320273491
113.10126317464729
114.4899043291302
109.0043833611909
103.82250146198405
106.35831051017489
109.70875325578683
108.61625105240962
109.52865104153497
105.61423318285033
105.95708560534544
116.82930289710734
111.9541395518406
114.79735315431586
106.3966197408581
107.79649211679981
107.43919086630719
110.29757336841806
115.02194538206797
115.5488345256091
113.13518918621958
109.63776376362213
108.52299536143575
108.09304700629608
114.88465408425273
105.1241647413465
99.95878733417926
106.8676118825732
107.30068444362351
99.28613966009067
105.63316246781577
109.9017396789561
115.36136452221054
105.62818645807623
104.71858500300854
115.14399591080979
108.13329945529675
104.83866766438703
114.16977854975397
109.06150621220095
114.42175987684847
105.65949462597999
108.31134150940773
108.70960528464475
109.07696387078347
106.43506278380838
107.47865659441086
110.74748272541703
109.86641340771472
105.50722123217915
105.59845875766631
102.17159278598109
102.23313549580456
100.16402665371463
105.62560690465463
100.32250525923108
105.6820278044082
103.09690401835502
99.7483210493263
108.76256672776373
108.37779786747043
101.6737731861113
100.88170475468058
107.20647413131258
112.05107146485821
96.16268658330864
108.0672080803701
116.1758251241937
105.09843830714689
105.22945573356293
97.33274886005219
111.67073023772355
111.8179562807638
99.81025654165961
95.49209396189512
100.46751869681665
109.66939449871832
99.02056673856124
100.81668569134224
103.58694271143614
101.58916018469186
103.13408139655843
101.82459891598859
96.36505298180629
103.53383390908085
101.31540675652943
103.95750662605496
106.87405797416602
108.11336429785388
98.3883263378986
92.80578875344905
98.72020727676332
107.3772134119936
96.14655274121911
101.68722174519586
98.27521301836983
103.49175041665403
99.44094252046925
99.49995085909839
107.92043810406093
106.83563117532884
99.78168349612497
91.64444488128636
100.87545545599984
110.30449305905222
106.60632576191743
96.74623674919323
94.81936487345737
104.65951782914858
107.20523034791859
97.70730000331376
93.6020766637528
103.96934422709525
90.77938334210187
94.66833774205483
97.49182628269301
104.07670838413858
98.4441890804845
96.38713197688607
97.84508505140253
97.99954054264596
100.64116174534047
107.46752471759719
90.44001932937435
94.34581243644905
100.93994884415781
97.54810181812034
103.95381716957309
97.1591654641432
97.9376072997994
103.72025311752452
105.93245895042838
97.71005951837334
102.36804079339181
100.799286263629
109.53331835360684
100.3306966402733
95.04379268032706
104.68596751267474
101.71650029087304
100.92725507469528
103.70405536247522
98.44521839783593
110.6353110847425
103.52015308627719
97.49939005649522
93.7888240788236
102.30418059038173
103.36201189154718
101.24339581510216
102.4369168906938
99.12840721863942
92.97429774385517
103.70831835280283
102.7338581977375
97.75868105585946
101.83756060359065
103.32120579786708
96.4159600320851
103.11584121055044
99.71206713419153
97.8777975406031
101.05782923379756
99.17566943179972
101.01674800500841
100.01696400606579
101.62637565610838
101.4019251431281
109.97939167972457
110.07599496524226
101.1728605084645
109.53223499952097
98.85677669219635
98.32256334879787
108.07574935665635
99.43756663573386
99.30678328282727
99.82735869800699
88.96370888152964
101.68113773788225
100.26971450514534
94.89114776429138
93.04014342045554
96.71537747784916
107.56324853569467
88.18395853704222
98.56632615969197
98.68472080674358
93.95981747569945
88.56242139679475
95.72045762601353
101.66999546202067
100.99737051321853
94.8235252802511
102.10278483574413
101.52636743839128
93.20470871694424
90.02056943165259
105.74138136946723
99.72499637471759
94.19420334587396
93.80419636068778
102.17289360944342
101.99262589523674
99.84912049149139
100.06607275113609
99.904855512291
101.00818888613543
95.89388815806154
95.76480625274115
97.13232280024589
99.1352832505736
94.34085361858207
96.09494251462353
96.4790233234878
92.52588004801433
92.41407700483502
94.77436923252624
91.78217322392175
105.74832973139306
93.93860982066792
96.14355124131608
101.19713233757055
102.98186110786868
94.10025752044955
93.25288217050125
96.5899348413272
112.55118845898946
101.56750570726228
93.7386578437071
99.00847447955286
101.03788232849642
99.61714448248557
96.42177406644423
101.34530209199201
98.63177536806877
102.4206739111275
99.53832548315943
99.16203459588839
102.57720243463919
100.34260695791738
105.81821305019282
100.61260237520166
91.71778109942294
93.53231506480346
97.21376849467138
95.65055782224772
92.1618053645328
104.10581203117573
104.868970886366
106.43562173119301
97.54592085809901
109.909655022786
102.24552929820084
106.93822346759549
97.1654663189069
106.80478770076107
104.64190886124841
96.58696590394092
104.24701926881737
108.55399415461352
109.81748476576868
101.31055032262178
106.01169012214406
96.8064888963115
102.96305284936501
105.86851837730639
107.22359621363653
106.85707962047152
103.68281276592953
103.89424043817722
106.30471844892232
95.37975728151928
94.47866275053082
93.42912433156101
105.7620208184795
99.54883673520133
94.84669405911212
99.6832523901076
104.70747651647099
101.35805969990223
100.81834049453795
94.01413356182906
99.85772467382347
99.86287376970786
92.24488833232634
96.6553023445612
101.42922110531599
99.5808214292524
96.4255200289916
92.71700744396372
93.77645966213997
91.34111856313116
96.96001820510796
101.39299784640595
96.21053041639763
93.12928295880403
89.78791133687841
94.32547234002939
99.28859295314177
96.42437945867896
98.78051043440975
96.57622810620684
102.08874254151624
100.3240922372038
96.79588290740335
88.72510531393513
94.46610843528312
98.63905874180585
91.16866509754293
93.78828334198728
97.9105320365636
91.35758907547437
93.70382945116923
87.74577155359106
88.74288614602364
99.71521757750106
91.67654963168356
89.97686151205869
84.57306778856045
99.74995136604508
90.0346254292848
85.48027375286296
97.5092630478529
97.21520517680268
91.1124296572826
81.96535288978546
93.11957367518895
95.23524370526309
97.30901680497391
98.33499062085176
98.17588552701076
100.48295338298671
96.0988226122547
92.64675254265414
90.57720572450309
95.03801169246486
91.27998719961515
94.29492421179116
85.51357592675309
93.0448157929646
87.17739208551876
95.96112223206973
98.01140247827145
92.55342978950667
88.29916832780657
90.01948696246585
91.50117176310036
89.2990320293161
93.70643482135547
99.5675197234858
92.08137018565088
88.7236600890438
95.0319992685612
86.66590310009217
89.67625339723048
96.58189526328813
96.41413340531128
87.5835128950339
88.21218876363288
93.63676677499872
92.67786456452855
93.11718223219263
92.7390416467984
88.86768078813766
85.30214398894412
90.1108530540779
94.7564610470922
94.85811902524667
96.19304890871746
88.04215499480226
84.26378540195063
93.34267273210331
88.18562750642951
86.35517429538992
93.02656201410326
91.29412128023829
83.79297517103826
92.84302523668156
91.80661894904125
94.5730493501484
89.50860054019867
89.8886620051444
93.36955330994886
91.80482884525085
87.90608372688723
87.08792523514624
89.84365354625406
93.5822641690683
87.28113592877759
81.71795266787653
81.87189543788631
88.56895971899428
86.63318250805904
89.45538408346434
87.13799221534904
88.23308041450561
89.67583416673187
91.74518039176726
84.18952979813784
84.16475314275277
92.01543091010812
96.48784186893474
97.16243539464197
85.75073486810354
88.02172757014495
90.78853851387971
94.74458292427397
87.24534153450895
82.63528743877748
86.06270831447138
90.1244577192131
93.06111650368852
88.65005217672108
88.50290848551154
92.35575189747593
89.98744409624967
87.16338001870663
86.93045492650963
86.3358320182348
86.94714464105483
89.16264441297606
90.10730180019617
86.531519381773
86.45695848063366
89.64092635890465
97.7458859260196
88.46280095330792
79.93259149323364
95.47203458230328
96.0336561787013
88.96004767603986
83.28562761211855
94.59647872882975
102.50985586685148
95.70994928244085
81.1657705281763
78.14768423437381
86.99164052576481
95.81711430234881
88.95564779161715
88.93029452754755
86.92998677426266
86.90566511032785
92.11433966135189
99.78777002918683
95.41891023507338
103.56896578027907
104.72564921674453
106.22518388088643
102.90293116280424
102.79603370194724
100.00390892809493
103.70537108340989
105.99491768527675
97.9902774067257
95.4719231347951
97.431290382192
101.51966768173635
96.77588209120755
95.75544778845331
93.63915962812116
96.79683487417572
92.50708284823571
88.40709901309427
86.18826625285281
91.31124015743917
93.17847211394597
98.15126007067164
92.31558141750583
94.01310553929224
96.74184878875117
92.07203202777652
99.34837526448456
103.7493794779593
98.20212914784653
90.83135412866451
95.74823153730642
103.25067616483895
102.34133666017463
99.91409898318594
93.10199349066144
97.9953643067406
94.38772018369717
92.68798138429429
93.50900216925228
97.38234716471787
97.20008740837504
92.65615238613029
100.22369697260483
104.13614550469111
103.26004411777582
99.41480533249482
94.4836570306445
92.88363310825994
92.93855728393606
98.87177441936194
94.78095951799551
97.80601927924903
100.82507665096638
97.52222513484656
96.45858977524766
89.5301642948121
92.38728602056048
100.40315051181948
92.90073786496446
93.0214737429878
96.59986733268812
102.53670963522778
97.41249674553798
98.13156422361837
96.33490169607248
97.18439120267286
95.91797512269353
99.86228201318566
97.36299608525798
89.72139397622608
88.85788747971277
100.71090172550379
99.11595412058763
93.49424728049524
94.09701147547737
95.93738099484617
93.78064697814861
92.83674289738298
92.2906809328091
95.24178254788822
94.98823356284358
97.24445272676994
90.31986787548104
93.16459856196452
92.72087676068038
92.39938786615672
94.1151777557995
94.6185896475341
96.1278459307344
98.15978940119426
98.74281201498377
102.80793068063498
95.21494005500803
92.36626794077932
93.80987751728358
93.24619040573322
96.16506020557068
90.06296132090992
89.71621845345136
102.17478673100715
100.07474146997274
103.25100040892038
99.65762640427161
92.77012259719119
96.1091211555737
101.50883147447526
98.25231275350734
95.05433566230705
97.33959977997685
96.44359272033452
89.5140568804621
93.0504298257441
90.04603836720415
90.3316151349206
94.18868914894476
100.15387870784703
94.88525661470398
91.37998600244282
91.36868006168166
84.49038815646348
90.46851921962843
89.77116298806301
94.74154731360912
93.73457678409355
100.91485197525509
103.0638437054704
90.81378272726273
92.2725135521512
91.783754212046
91.10046097590737
92.45744459189687
97.62039829214245
94.91662156324844
98.00020009154792
96.07236316188514
86.02002345417343
88.21042966477121
93.44396773762226
90.59411551368716
88.73104644672102
88.60368958832038
99.94417246332769
92.64855611218543
91.55288356835332
91.870839572904
96.68867486027396
96.60436463388127
93.735699767533
101.01809729724864
99.1080033349774
92.18229734954853
98.38468271872026
93.60997913892008
88.54862919592146
94.45411970896761
91.98995758136516
92.92458305861491
94.89327124079234
99.12934350569684
97.75018123131518
93.14207070756551
91.5202286606314
95.55558931477742
93.28799703210261
98.62309393357907
94.21997798259065
95.96672519626476
96.37533077379153
96.14759765820814
99.80124840481423
96.79174646715947
90.7326111606958
96.37605736183545
91.65981588460524
86.68823164640278
88.61483697204216
95.88877908901222
92.29170282796639
93.3791097741024
98.1319960795726
95.625501701706
89.88502224039554
88.10189908038897
89.57482075969354
90.24342963024539
92.80074021703247
94.5474476903959
94.34012919296819
95.68908004395514
95.79492429991674
84.58716259729037
88.486439572742
87.222273508499
88.60024268230026
85.95993371814443
89.7791229909999
92.15884328644378
92.85305318582958
83.96751066237103
93.37482641213182
91.80740490132649
90.60273321715412
87.4797292640057
91.04191277896473
88.72907154049331
91.84063312762981
94.98597630522956
91.86548061610392
91.95914513834066
93.19896648333821
91.479876363356
93.96937786155057
92.28449513006835
88.83733553973556
91.33212337555568
86.66783348313831
92.60811513097703
94.77085753665251
92.95504752050165
92.7437940541568
93.43163414601068
97.32233613591063
86.68597443213443
96.26286317660526
94.49828571035837
87.01578061049419
92.8762422534269
97.4127394482776
97.76518790393166
93.76072138495957
95.6824919890517
90.58321042481344
89.71043818067403
84.91408273594494
84.37655438175418
90.17476344222287
93.42997683550297
87.38217918433327
90.07304359404101
89.05408325297613
94.20138283952956
91.370472508977
93.54100852300988
91.39558263322996
95.29234036269008
100.33955989705969
92.88333300681994
88.92985353000691
87.04513077025206
82.53956901256807
90.83966471653562
90.68983764749717
82.52867120987634
89.35240029052886
87.5174224433539
89.52776266946046
92.72950448833373
94.64863040851041
96.83986331121105
90.97674058706951
92.37305642995369
96.08917494451788
91.93143618382314
86.31799310431929
91.86816847089898
92.87575639481437
89.7578262597384
87.31134140766079
86.51457437361236
90.79087976367086
92.11187073551055
92.32458731209536
88.1919596804462
82.25079270659916
77.74868058826247
88.04271524139723
87.20697169678513
95.68625613678557
92.97977139929091
88.98018049196986
94.6714570831422
91.916391151807
85.4260945408476
84.58235713721075
94.01296707213343
91.79045066896738
90.4055111142514
90.89950471508759
96.89259442562805
90.37332113400163
89.97220357882478
88.27376614774056
90.06123859247653
86.72964381071989
95.73506571379846
95.67301213895651
94.63053119093345
92.94572313530105
84.6111070944405
88.31060532773428
92.31765359407224
95.12393324908972
94.90728003685462
91.49986388070175
92.13112360105788
89.91030840190862
95.01478995661044
90.58519162407622
94.82591232134611
94.67963232513455
90.32236713268401
92.37637781667426
85.95318892750761
87.5987731188177
90.61113030612933
93.69260711268393
84.26732771344547
85.6790646012656
92.46240369424169
90.56033951189833
98.42970677471392
92.10760381262156
94.04445385322357
93.58003575234717
86.51053847012008
88.39609803229898
96.27657776537471
91.91457984164164
91.11473940371354
86.89567392469748
92.6140209452883
94.19397678618822
89.53776278457525
85.80640838830557
85.36153057812926
96.72519629052098
95.07909727973991
95.48158130744837
90.32266705124499
89.80074848323149
95.90360925704692
88.61999907192799
93.04847558279016
83.19859560062564
80.10841464101924
85.17582202715721
88.84231698072989
82.42959278586677
84.72187939675153
87.24638622588282
89.56893523016625
88.28059296676845
86.2871768459404
93.68520619864006
97.04865654738431
93.6499679739968
89.19544787156953
92.42900359574315
83.14896598729489
87.55857171073603
93.55049292882565
92.50551929684286
89.02763877819561
92.51963738124479
90.81981915965167
88.35363780495841
91.61260749133267
91.61680267238182
89.55122407780611
88.8533316224727
85.00222136478946
90.4487818494846
92.79125797557423
89.60431900412559
93.03988283184128
96.2727156818544
93.79927207905965
89.69291764168278
87.9443228323754
91.81399093303355
92.3785700762443
90.87143172019292
91.5975386556309
91.06062885422695
87.89034065783366
90.41846686227113
94.75723226449281
88.55782729244315
86.05985650121136
92.24229044790259
91.76987429092077
95.00491919695327
92.27737538279453
94.36463091333924
84.30444580401131
88.81810078676155
92.67801508043358
91.09897692723493
87.39863513338442
90.91930958734936
91.91139031850473
91.46875149977419
90.38550472461674
88.42379369499507
83.90399084785822
89.07990557096214
91.49500693721973
84.75760533536116
93.74186117518991
97.93559889012631
95.85549316233526
98.39473243351077
93.32816602068495
86.97713194208103
95.01653897424454
99.311863593503
95.3677763608111
92.64268364291692
92.89262779346329
97.60777903009622
101.9023172273426
101.24170762884779
95.44587139875402
95.53159262219204
95.62107698858654
96.30242962848763
95.69783113814422
96.39477144446079
101.34375999096905
103.07071100389041
106.90284755444158
99.08850888065228
93.30847437048719
92.7965809552884
99.42756880632754
104.3852051304542
98.02539019494395
90.21380112684172
92.49385488837444
93.29518943890764
94.98867469234462
89.53145448241771
95.33711116337894
92.55381423600114
98.63239448993471
100.3012348590309
99.07159370047204
103.55413332968405
105.26406595745203
99.39844407815255
94.27952538874757
90.86535663621166
92.06583381709761
97.63440193878186
93.73327146229663
98.20656708277382
91.48320074173164
92.93828759633176
96.5106274684755
100.9831525830999
101.89906218362627
103.14579111599727
95.56988540852781
99.53596764996934
98.33297159404708
97.58792472438934
104.04104237846599
103.02043193131922
102.59868554829453
97.39928866124299
94.14117381766111
96.71504692158047
100.84683688780285
97.58340048771544
104.21982824522894
103.22180430964804
93.58783032226184
88.09227952658988
95.92401178203733
90.55228213011884
95.71302431126253
97.24587806499345
98.98540652482839
99.03176146465752
100.34734495193656
102.28434840226821
100.50290580727716
108.28275541982637
98.81144201569563
99.56339599029747
92.72421464643946
93.76696444385585
97.27548476457144
102.46888877646124
102.0939105560793
98.61906826856637
100.03495759622534
98.69905580977647
95.43312576584209
98.47187644796688
99.23575213155779
96.62547252737001
100.79882338614763
98.65291135564993
100.29332967642942
99.69411550957102
101.98419374672976
99.69835810573996
98.59954839216148
98.6749344044651
108.45286044825804
106.54969402263058
101.02521318158254
97.90627211567161
102.2588958417347
107.49220021695133
105.61642709558005
104.52056856974201
105.38390418380206
100.97666638571926
95.5854165706864
97.26823061155602
98.0571745511219
98.76687364615398
99.05422857544394
104.20865398222546
103.33492230443379
99.07430551131426
100.52496380082921
98.24816634436554
97.63484382359485
96.73005487630768
103.95948506783674
106.5590954328855
104.71495536539176
109.88659773215186
109.30075271988834
106.90269072292008
102.04459240075758
106.72431403424096
96.75399201439451
95.47441961903867
102.76844635308548
97.49219582308784
95.37509130345535
94.00152950207526
98.49700942038122
101.02252054843724
97.37820016699327
99.77478905772918
103.59613797399102
104.20157507141077
103.08190596925233
104.73740578562357
101.19453552498915
101.40512559206185
100.4708691690287
105.1366524345328
102.73497353351169
98.348031403918
105.17126523179093
104.38493535310563
97.63246527886
95.60580000569098
99.78351541943022
103.94483178390867
105.41372190384793
101.55784500099043
98.05429987177433
102.71101315620677
102.8103368164946
102.56279212724019
99.8129065084458
99.65646179671053
96.37714987022132
96.69900846921313
98.5798976647396
101.29490043975373
94.23785197096541
91.3069967426393
90.81662620387338
99.39255163100869
91.91970712132577
91.84169379489035
98.50933117190921
98.73312939327397
97.85262843235428
94.00886544148683
99.39567429740029
94.5958278232768
99.96115439054361
99.08252105325046
97.74962337247506
96.58253611312739
93.25838360386864
95.27824605138689
98.19485518215595
99.92518251256381
97.92144014847335
97.82546764498962
96.8935515960902
96.34453136348039
94.60091072711265
96.72701458935131
98.54469150305857
102.29850339330406
94.21385063367424
92.41368462575753
92.23626457416547
84.62299844037487
93.44938250975738
95.32023028838404
96.92329798044098
99.2231583680563
96.6284026097797
91.4976003936676
95.06005418478898
86.80489656531368
88.36115689037933
91.43917524000979
91.13981012232314
96.21901086547372
101.86710152068572
98.88201277406428
96.07680206967052
96.81846550418119
95.66377617481133
96.53441948597701
91.97512620562553
97.49194913344022
95.23678773749302
96.4880351635849
94.47715161227084
96.818428710738
99.19057737113413
95.55185014784803
97.68248208034231
104.29740675821002
103.4964247208618
96.97098407244121
97.33019139346744
96.98961935162261
98.54565460486666
104.47139689856944
104.23594833639896
95.44396749767863
101.28715791264352
97.15732262915014
97.4552161030893
98.5475678805817
102.24251791246016
101.13013633176708
101.7996278449949
99.31320169010222
99.35449720524717
99.24561078706871
94.04698791781787
94.3955741351059
98.62962839105461
99.3198288134631
96.02475588162879
90.2273550757537
92.11569281894612
94.41605368999782
99.02347942243932
100.22308072262935
95.57152538139214
94.28753674321986
104.09617418708972
96.6972986094089
95.43150343389465
101.1385343574133
100.12003596178467
95.07348391689249
95.02645582333082
100.66833429671993
95.33304817760994
95.73830937048808
94.68148751572099
96.2659290366717
95.31671640879405
85.82833526203765
89.9573168765165
92.82218713884589
93.63784326172129
93.429663711248
97.73370792993346
94.03569758272482
91.76472359767524
92.69776204412705
93.62307710215251
95.25272068649831
100.1640393793145
96.19912142245552
93.31861386634378
96.12945665686262
99.36225888914277
99.46083038201458
94.58778859073924
85.28149046741976
92.26301788815674
91.62112849856703
92.9457076031524
97.76723350434901
95.18780970800057
99.86703146956195
94.48350530134732
101.68817043237257
103.50753646405117
97.41211830131282
101.60409859289115
102.29696570429965
94.2220414706003
101.30026185710273
95.95734218880418
99.94377000384469
98.6272958511252
91.4726946559216
89.4868289820974
85.7019835178768
94.89763618746154
90.84514575868852
91.73437534886831
94.80926401405796
92.50851111692862
96.71271261186659
95.81968451401897
98.02451145824165
92.55109297826813
89.47540781464687
91.15331066210786
90.88983246593995
92.2443999626132
95.97481352714422
93.32452748521399
95.61331010130161
89.67849070907334
89.84596555448341
94.67224273103714
96.16047944957474
100.97180947486405
91.59517267882963
88.01218698178087
87.29233076571356
98.79130884421264
89.11915954294794
93.08389648547167
95.77453464972793
90.56464444212382
89.25473158195942
90.6547319219268
93.679704717642
92.8307439531173
93.89924731027735
86.7886417639503
92.23138930358562
98.65392849398428
94.20745021643073
95.55882474634193
98.06747829574302
96.1051096624603
98.50788239338188
94.53096110903702
93.32923926527754
91.51817108001491
90.7622212463199
92.86831091658696
96.54734991366533
99.04600642848614
93.72741405111097
97.04042779040077
96.36310926179576
98.72476172059201
102.88792342108134
103.79262672512425
99.23533288281436
95.63870796387259
95.63412371823374
100.29705352284451
101.13621691382629
97.75767351923139
92.60649198152277
98.5621328064533
92.03004414671436
88.28484627806458
90.13603559406424
98.1867528335463
96.57929613231434
101.58642403121502
95.19715211026141
90.84528838227078
92.35373739054793
100.78045686567447
95.72639003596595
92.56613555248168
92.7850614784005
99.68840744353852
103.43454157802793
99.6650019699618
95.95869733706252
94.96774260748029
94.37799897373296
98.15365335432247
100.62444146630443
95.2987911503583
96.81587159591318
99.50176173951833
96.36338108352025
90.2663539427486
96.03658757892154
98.4874974673532
93.8609580707506
94.63632423641786
95.85525421320773
92.83938352419372
87.64887555345236
93.92931525362233
93.82447081036571
92.00634178511022
91.17098930072312
94.35360696658998
91.91255232006986
91.55839935617827
93.14200233214197
96.37243679567568
96.87312674767158
92.08924866219175
97.5369949860694
96.34325787099307
96.25961858819198
91.46461306039022
87.50222637387253
91.05810482190925
94.65494523222975
95.84722000701372
82.645783305521
89.53005553202907
86.83398427393777
88.84415783166611
85.92274388776661
84.68206275308721
96.64379396384741
87.20527521152779
94.53916895228537
92.77584787408395
95.50267485195621
92.1381155240918
90.3065064009824
93.51167062168297
90.76440784941082
89.69906165785098
94.79192559225802
87.3632738034032
84.46757557976203
90.05529038033113
93.5138056435506
96.79436707950808
94.2894090916145
94.43552317353529
97.46441993923851
93.86765453025255
89.38006408835803
89.89846955720023
88.8683174494381
87.25981748663034
87.49152003801177
87.17988075180581
83.2372792501512
82.99591091910744
84.59381767066509
94.85895158836287
88.71577003072885
90.70033188646197
88.32445128968494
85.8925181645016
89.83642271782129
90.21534302997166
86.74607253110426
89.85913605914848
86.70059202029846
87.0450615997388
85.13993075906853
86.17574453760096
89.74321757611335
86.9082941142919
87.74970517560065
85.62360829374289
89.86916263772724
94.13185107880398
96.27734431196833
93.57405879825063
94.77927186760397
90.4476353871066
85.00633911721403
88.66367266112553
90.22192028177916
91.21107971961665
92.4846576897522
86.44918519312952
84.59392376672422
86.29759478951138
85.33938199839129
88.24910146998758
94.64533735413943
91.31595782278364
95.54536526464108
89.80024487710998
93.12343604176556
90.92497722189884
89.06766325091537
89.90615735118425
89.92366605689713
95.22439511149209
95.3382762358947
92.94838130294357
86.47808749588395
87.349435268384
89.18294989033096
87.20237435553355
84.54883792750694
89.48335128929055
91.98099131341267
88.3676621287474
88.30748515266528
83.14824723504873
88.51130609899268
95.1725639707216
93.56166731970875
88.26588603648976
87.31304167333643
87.22741258377552
98.3181684087844
95.03150497263509
93.51370289492374
88.99204307523581
91.96207324406059
95.65571867348176
92.38598361904475
91.55303798781358
93.88054412105735
89.50315484215592
91.14962000948272
92.25589596906462
88.01664213599489
93.80246757727134
94.15164803358206
92.23453770498563
90.81105646914914
89.03085755202653
92.49309217759078
93.16932110203393
90.50305141235341
90.89467626944017
93.09821915712051
94.50832293409003
92.3424892323283
98.34599136081249
97.29865584171773
95.57579886240559
101.0970221934781
98.38831085207252
102.94461255440208
95.4416825761312
95.33854462953146
99.67025894476222
95.03707263333341
94.71117583506206
91.8956661145898
89.88084114750426
92.06941796121126
97.32326083703796
98.87867950415864
98.06305607835135
93.8595607024965
96.04642429788477
100.32462237554618
98.72408716815544
96.00517281742677
91.66556055105124
90.10253701834944
91.54744685286329
93.13226967475137
92.62832108760207
90.21608968712789
89.98946500511057
87.24520595061625
89.58119297857539
91.38542727879152
91.72465084260952
89.2616474852043
90.28212911669075
86.56180179075541
86.00619626607613
79.82558134244574
81.59019677681073
88.0714832382191
89.73281686906884
91.88579736699786
94.42883395154658
93.22087307007205
89.06671018025617
84.48502503059855
92.63220310189203
92.91679894537691
88.26027617512824
89.64818298225283
92.4265866729926
96.05706841425054
94.41534412224361
96.55998777247791
100.62483981967962
96.93737480402538
96.96452280981312
96.09526293273646
89.21699079811242
95.6970937186917
93.65499554213979
89.24923371644782
92.63070773995551
93.73976502134664
93.32343227566693
94.46997579668077
96.98179976985692
95.2456017922402
100.501266697317
98.35217073024992
94.90360371954175
94.81614947390428
95.19188076715517
95.83726287200189
85.68489942777062
81.7933518403874
89.6711677545588
91.18864490396314
87.16490272021063
88.39587507190204
88.63184557549164
93.44940475941172
90.37120303991412
88.83449974278206
83.0660823644962
87.07975782425765
86.33441246731704
82.49002461671931
84.81062050568275
93.83086313144926
91.02293250936165
85.07392181444494
89.9767894986668
89.81319417330437
84.78977512321697
84.85005663563254
87.09743563043224
84.70710478524875
92.54586848836465
94.33317917217633
88.8705159222792
92.22811755426056
86.79400524442215
82.81154742344346
93.14181367614667
89.72105725222674
88.2523593892125
90.19502342968343
89.78025493841103
86.79400205233568
84.56603686864013
87.26399710437289
91.16099215060005
90.77957604360354
91.03049275047186
89.30178179160302
90.05743488682616
87.23766912904682
86.89574026035574
86.15644280572342
87.88009069599877
85.64998971173951
91.9518923648195
82.85680522277907
90.29730033886868
89.47564213597452
84.8778405026786
87.64361476309433
86.91043144512675
94.1231941718775
98.51021393078219
92.08002533606995
89.5175597331061
96.01923545090203
105.04598035035619
96.30231012278182
93.88800791789821
95.1984211831956
96.19852656560269
92.84754831349703
97.77237235241941
93.52465315571689
95.16582784426365
98.98264481947717
92.99097067152026
91.31929878308773
90.12738698496155
97.81460202360164
92.89956482148993
88.72149669895244
88.37214801301316
92.5983934533927
97.63132863275024
97.81678635261956
94.95325694916981
96.78094141759675
98.93519972013219
96.35728589986549
93.15197001089946
89.21619513561335
85.4798352591645
87.78398574615599
89.92357769493617
88.93259633187857
87.70887223731636
88.05615915154692
93.09326621290467
85.1767092198096
86.01298067714448
91.52681304861697
89.91700166285605
86.48680564147519
90.94759121104333
92.13019850970024
87.17264073272352
82.74926830151753
89.16263288625066
85.63223228836878
89.43413887933781
92.55042751073843
94.50917747193597
95.07862116772525
93.6139100213866
94.99402279268752
89.26963195909076
84.93678134125781
87.6188511275722
88.58806900991357
90.58111350215562
92.68779897757311
83.31291124938667
88.89596207281672
93.04975103699289
94.0564994971497
90.2191486091168
91.24927512723043
91.79245975117281
87.03490025586332
86.32708496552615
85.22563828294064
82.72679150590855
85.40604076039367
84.10395202774049
87.38191620484926
91.49052092907999
90.33385569987269
89.574209457676
88.16084263677254
95.41240104029731
94.6829310109045
97.07777527151885
95.22140421277953
98.84417588620116
90.55627391187572
94.1664108999621
96.23218701565246
94.13295470925037
89.91665036120258
91.17464692058208
90.22445917111166
85.47359818047885
90.40010492458161
93.48520219814398
93.20259760858399
92.64587233737103
98.61755463345864
93.24775886061116
95.03536129274632
93.26003743854885
96.14057983658572
90.81499640700514
96.91229538345931
98.14309422559731
94.01360298328393
95.83928426252487
97.26055808554167
88.02694518389893
92.18427908305637
94.73380098821507
91.07207881059075
86.41809910526027
84.72722988580205
86.01624695686554
85.69651364956918
87.72516503586601
84.80352726858467
86.88827423062747
88.03982257207376
86.75394448075104
78.17738406131262
78.70437565251835
87.61577794342918
88.45853265556227
80.75814615491696
88.54775912635147
85.58067020831938
86.61100052194075
85.98360699168762
91.71116939152724
92.60034152904038
91.25914061953067
93.7673108567225
93.166892308032
87.06089832122142
89.68415882999469
85.13233892647803
89.53107701034425
88.71693424417917
86.3296394048728
86.17785478909512
87.83881721256901
89.13397263950239
91.50086884658408
94.48988305759383
85.57290986864602
88.9078036190028
91.65326391891867
92.56376816353172
91.1135322757981
91.30162485206127
86.3550186302504
86.85302785258585
83.67100979609896
84.89544567460437
91.88229618293171
87.88321492896627
87.3915181336081
90.45899577984925
92.77850947083313
87.28264173993634
86.31181663855713
85.86181372884202
87.16398201597102
91.04489808029498
92.4950235444093
87.43650374454967
90.54109919200157
89.54449690667018
91.03830502260051
92.75124769536586
85.62232052505638
87.75995399498026
84.29820179954127
83.23440920222832
86.85322472855499
87.98351538515116
91.98838791308346
89.66083742979652
84.46790941216464
83.86525887374275
90.66249794010517
84.61563122214444
84.4865717300413
87.06940608584358
88.07582992301838
87.52454710888404
92.49894872906461
91.82015323231688
90.48964026590767
95.71916552972101
91.51216922111662
88.25459008351714
89.26865834227996
86.65825655408676
84.21765334412962
83.63428732452589
85.12757759189095
88.04730235207006
88.18303733770597
88.3143181789374
86.35078184953261
87.87585701206855
92.4771318979129
86.02003666991953
83.0378420070969
86.73406212989914
88.87586514771486
81.25928818000874
84.2920109663043
90.21809524009416
84.98294745588562
89.28667229920671
87.02442895111596
90.44676738023647
91.11445963975737
89.36334160045135
88.01823395628381
86.02723758878379
84.38059697867766
84.30772683741424
92.50826769242353
83.71940659457549
88.19054590578936
90.11941197824635
85.6512243520566
86.00903015275175
87.08988537685487
82.23599813383277
81.41306041320884
86.95674964859934
89.56130893323862
94.3874076518949
93.22916695178932
93.30644369608716
88.93984054643711
90.34045379375381
87.90829833500447
96.22273592662681
87.4984089948201
89.59662653159933
90.76512014170716
95.64546613870625
88.02736711833066
91.40996710686822
88.80043862089991
87.82907839432406
90.44268071819097
86.50705308855646
88.4809834763754
90.39968415651805
93.93058621918156
88.0562072135182
84.14573865414803
85.98980001428659
87.22775873096548
85.87241831663155
88.23311809699939
84.71486329429976
82.41571220127643
86.06470825152506
82.71630731026573
82.62908277430569
80.16700733648217
81.11415317223636
82.06219384508557
87.56208268638096
88.92567511824436
87.20408869994472
86.82695798506002
88.33326992069604
89.96437325715713
86.48943215196583
86.61027518979206
83.55135108159688
83.12665928084158
79.51865334494074
80.53015956974197
84.20822153407563
87.3198278982351
86.7908978188087
82.98420943425603
81.35665122170269
81.98719996087195
78.62260331340266
83.80053432429894
85.51805696868828
81.94829868400781
86.70083286135853
89.77241721717836
91.1759883126531
86.81101283649568
90.27595944270215
84.08249039185154
92.02698675971882
87.95729334230356
85.97445410586295
81.8159930559244
82.35289668218924
82.09866692650581
82.3388580466374
82.66636510165203
85.76512418217051
88.31594148550761
85.17153445275908
86.4534502226366
83.88686851269058
82.03223150723893
82.14582205002812
86.11052941870173
93.18723162062575
91.795673338886
87.18627767357128
92.00161856375625
89.89926337937719
87.11413901467262
88.82777535612772
91.77954228078897
90.58528522476087
93.14464363316893
91.16723340448272
89.56790278892954
95.264718653987
91.64331036877385
87.18004852518942
85.93934900571865
95.82062073151825
97.24685113735002
90.71785735248814
88.31233410067762
88.17581138668618
91.39006163177505
86.45685814344573
82.62307138205455
88.50046976680527
85.18376872827099
85.49948111215963
84.6486006760114
84.6007845896856
86.17633423057359
81.30865652761827
82.2483035954769
81.14353564950767
82.64819186646135
79.79396845774971
76.86285131756213
81.07141483431596
85.18322236188574
83.73691032677549
83.79693726991613
86.65131605280692
86.70369182743026
89.18421761945845
90.74437053955288
92.33530489546715
88.9940104857714
90.75444187684421
89.55128174530415
93.40685795554968
86.78131700035502
86.84701989982801
87.82723926515595
89.49341407193998
87.96869584426737
88.05873119592623
92.2045909426334
95.11426920970312
93.23419043664816
92.59828771340976
93.15995966103763
93.75465227957802
90.72034933318197
83.0538012211035
84.782913539552
86.01060302323138
90.58182033479535
89.88299412986959
83.65559968813612
86.47098501772527
87.69204723328531
83.57399211800389
86.23040265387877
83.58233929028576
84.19617206618648
85.09178160794072
84.676277772181
81.60383814066266
86.19308037678167
85.08698727034718
89.0840631307029
83.89575222735729
90.50035720739274
89.0830434758656
89.8312508557563
88.9533570505097
89.05866650254393
88.46999930083688
93.59822054742205
85.61333626674717
85.02517530857054
88.68582472278885
90.25972449111829
87.035850581309
84.22468311793244
86.6554524483742
83.79342005252674
88.50255063114393
93.61147098337752
88.25633811018983
84.65948137096112
83.16123651811529
87.97174403031846
86.78051074557436
81.4172751787508
81.65099146384746
86.45269578665237
88.3769450700593
91.05945084091745
86.8981031990482
85.66023711255448
86.34212632608045
87.1110086734814
88.36247283542023
84.74394359776723
77.01232613325486
88.12299656171372
82.37127338621173
86.85141419993592
87.23197361920133
88.30599419530179
90.09229895121696
87.289592616352
89.49598481615462
85.60242265938334
87.53092647715664
86.29761372189307
88.62926994465325
85.41901253824584
88.69460361595128
90.06498546320064
85.85673106473706
85.9198545179162
85.74865389822929
88.49532508864749
86.66726923370014
87.06525000680844
83.22250313122368
83.54033679534665
85.91591525682114
86.66235668780796
89.12334700723437
87.46000277656294
88.07259942677534
87.15070599793722
85.3930519467315
81.48642109575765
81.137228968247
86.36879936461195
85.54161875668869
84.22740969833357
80.58833834756346
81.19716151652825
82.3966091695383
85.8226519998538
88.77497514212803
89.82611185007868
85.65974272969768
83.28202057255744
88.0365487244181
90.80151628001899
87.00698188368018
84.57312360920989
89.33178606870537
90.33769988647288
87.84614225331902
90.2795183404001
87.19015515283085
91.50005325198111
85.41805891877571
89.86160111359628
87.52545382117252
85.57929979692324
84.82836895690686
84.70715143222951
77.38301088894819
78.05270635686207
76.0113235666885
83.24282580436545
85.98099562562395
86.9177211351361
87.82626911383801
86.89272748280375
78.68305428465881
78.26222364118084
80.48813044828734
85.04334943730471
84.43410590382854
77.41567152312818
76.77709372274738
79.45955979435796
81.72414875633382
77.66378623288709
80.166889871287
85.42309092309745
86.95188285324365
79.32736975989063
78.73056318298741
76.22314303974845
78.21288577994181
85.30772121249441
85.44324290440476
84.57221342219437
88.51081108361446
84.5171209372405
88.70346735738468
90.20586738022965
84.7009832241584
89.57059399948173
90.9327833862563
85.89573079670097
84.69341739092032
89.64123879139953
87.92280517385494
87.35248475331889
90.15904717651185
86.56144805589298
82.94945236618437
80.1663500427694
81.30154850692631
81.61836739555065
81.43171465535951
80.7147923204214
78.29957521055915
79.00755245980775
80.0692318837409
83.36872064355605
82.46841514209518
86.38086523545955
87.09387202992424
85.6421039860759
81.6472700593693
87.05668621896012
87.54405838553983
88.60779621692633
89.90467781145385
84.74723461721544
86.72048775371567
84.56601343961125
85.54163003240079
84.89023930051171
88.98364132899646
83.7666466726199
84.35505423637014
79.28687066754544
82.74220493218809
83.08518611077346
81.57934665995795
87.99258629470732
86.79157892955187
84.05171015447031
90.5367555020548
89.78304948554843
87.14585008717943
91.89446136524613
92.39771946199629
85.13238784795715
81.10533340956596
82.58190406987167
76.78408664757184
74.92614572746297
76.71030197609304
75.99154511799735
81.2269846886087
85.62751384290895
83.62605655911284
84.21647803276151
89.9598012985062
90.18230474360949
87.83643007509292
88.22079724335454
84.7474348128897
85.81417328491611
87.51170828151949
78.59122533525486
77.33103388696063
77.74415807317328
78.17358721839565
79.55859924774691
87.24561874137187
82.75676972919409
83.74053072813972
85.41951212629084
84.10900289049832
83.35017136060702
85.68010326626577
85.13793442512096
81.87017494135328
77.31892179643806
80.0807884059924
84.38927018205064
86.0109645416909
76.49519342508758
84.02970311012359
80.49433101229417
78.45119818438845
76.85159356726537
86.85303802153736
89.82565095212185
76.81152292969482
75.73421797495983
75.01716912870967
82.63125528328548
81.38798367894995
85.00773582085992
83.25613757648638
84.12765223778447
79.09685624790598
80.88566132999226
81.37167797682416
87.55227574464222
83.82502884519481
79.18275373602297
80.71270419616125
78.9028344239681
77.89220864909612
81.46916516671072
80.2151200426446
78.84102338427823
79.43033233774993
76.4356377970282
83.7140011959633
83.57711309014844
82.05915292597354
79.32125706725574
76.77790341176298
78.7152444132628
78.44474198514658
77.0378202030792
85.08792482950913
85.22265006689442
86.36687991079772
87.25552498204809
81.80143064556393
84.94295349427506
82.01744288880288
83.58749186880632
81.54023642284137
85.62261917460017
89.79539181700842
84.80163662607409
87.53434763821294
91.368752211401
86.72588477692385
77.41340696582876
83.23760778921503
81.17945261830955
85.72168398586876
80.4630610922297
82.32373534296386
84.50889360122375
90.05903628412328
86.25430862015504
83.731375524515
84.2553975761271
85.86162964771192
87.51017414222035
79.4199399018647
79.26804349650256
82.43505473838067
78.41719690974362
81.09954726712313
81.67709497889297
84.87289175734546
85.5945987397297
86.33392238492594
82.777743100638
81.69307657854358
85.86869357017825
85.5478616191264
82.99792158687421
78.46894365890508
83.52197744114221
87.26456034813293
87.76282903592124
82.52435131044501
81.20766690556114
78.86213499302067
76.85730860038306
81.48918673173034
84.5564225864686
87.27525494145307
87.19624037759385
84.43172354815623
88.81961144747896
86.01736413877805
87.25420530060994
91.92266671712012
95.23950710770805
88.20458702165902
90.11643473795591
88.10391441750028
88.35894796559316
88.95298961435758
85.4031630657105
83.51138852694272
87.37019417145133
91.2951802744319
87.29490730796158
90.28990067177749
86.41948036228808
86.40741746813767
82.82403184825402
83.96326569303078
86.71877364187489
86.17751935976867
85.41884263456086
79.23776148362631
80.94956781915378
84.77808880442299
82.54508286888287
84.06553469905613
83.21844501974817
78.44982541530449
82.02815002390744
84.72643378977448
81.07557414135428
81.00914201341232
82.6193923412878
81.99677432552467
73.86749486025735
76.99848812580659
79.65285247345335
80.06885616742348
79.10539858341353
76.38838019562904
80.7065419518208
82.11238430579353
86.35057010026912
84.90309408764122
88.89302988392184
87.96082574612053
91.02882848604958
92.41277567102485
85.6923161741966
85.85453267797969
87.63055551035441
86.18245159373596
83.56255296134317
82.43805405077175
82.6854811723999
82.1133881679391
76.8311242316153
82.39166463103817
81.79564375046293
83.49633817933488
86.49244017313798
86.74837116636581
80.56101058797745
82.7824846142899
85.88675662784821
85.89853100742975
85.00344431005632
81.02261108232406
78.43302293435475
79.08003553304185
79.77253917986631
83.20424374141075
81.09003924902089
89.08907150180204
85.71146674615453
85.85686947238797
87.44557796850887
85.86469959814025
81.93224953292219
81.53000329615095
80.82009953501957
78.92574838375349
82.71923523551666
80.60384237967796
83.4210057152412
86.9926646563622
87.15474449527875
85.22883213148292
89.85516032679992
84.3230498697837
81.5800787994272
81.57458158847284
81.51512767737823
79.84564317935134
84.47750323178923
82.73500040377512
81.99175608906717
82.91894231290256
84.48837786352037
79.33702551734523
80.06298592004781
77.63393308896036
81.4689071079502
80.42264184921078
72.58374514830713
78.74995727743776
84.4449382449032
76.96776909276902
72.08307574558394
78.96393824415449
79.23613902155749
78.8527876018521
85.51871961759116
86.58679720763207
85.21445781710712
84.74954981407618
75.31354449841658
82.97087274552793
76.74628579804481
75.09490310607578
78.76832685160352
82.81358159664369
78.5841412798267
81.80478041049697
85.67066696876303
78.64619099863995
78.45166290886681
80.37694297257757
78.43390489098024
79.90040929247897
77.13050767157507
82.39133902352671
79.92422156893508
79.78596183433612
76.83758884069725
86.58344500952087
80.49043673768237
82.00950501495674
86.72888451166746
83.18991487741403
84.74092116104428
80.55179016363722
78.0774992282455
80.53822399508468
81.12995407566143
81.85397267335028
83.56177450087498
82.10974315322046
77.55410046953354
76.09391469193487
81.18702041220867
84.4956444465588
76.50267109867177
77.26804192577146
78.89213172437563
83.62392519807483
86.86135781072144
80.59925618562647
78.13805627749703
78.99592816665644
83.47437786599392
78.48795824776435
77.83121349987167
79.19966941881296
82.22493284468018
87.36669337485806
88.10706840425635
87.72320250961218
81.00014573288017
76.31940199672546
79.41223614994054
73.41730471281844
70.99710776297735
79.76505475023897
77.77966924007706
77.00607123484588
83.76553372497612
79.4335003613007
84.5857874271146
83.86611081809336
84.7008056075329
86.73987341996562
82.75956917894888
83.32585636541594
85.45576051590675
78.35983466684421
75.0818088709151
76.19520769564589
81.05709394577144
85.25356952190972
83.48460388425791
83.25599499828927
87.61652083327357
77.1640543812607
75.86201820067268
81.62092526026632
86.40383044745417
82.47112332443179
82.00187338158827
81.73237871872017
81.83609679727867
83.7848389918602
78.11994623271056
76.49900163723936
73.41671261188982
76.6980052421151
81.8366670304092
81.0474633162873
78.17847226441322
82.46626568830041
82.26880113505857
84.54121140201374
83.09380364035798
77.8577413148782
73.6824196398764
73.82132766422241
80.56352506400819
74.34671198678768
73.69522484050651
76.99369628492623
72.44769175313506
81.51753772856671
76.2598089988382
77.06797090517706
84.0151099975955
78.25400202357318
78.36212170061128
82.2153727112066
83.57531642127235
82.00256228003096
79.70620854768053
79.8070274966611
80.31867041260391
79.96818910620627
77.23826344688257
79.36223208146012
82.91047712240453
82.99318073271023
77.52281899252091
77.46659431869644
78.65977226669472
82.29182909863313
76.70391268276599
81.54622797870975
82.46218452002744
81.23267552088028
77.34873195939299
75.21399839286909
82.7617237527862
81.28548003569227
77.17813597425729
79.25623060265126
84.48295042336107
80.44215859826771
79.63785850134603
73.92319849980876
73.89240917338896
76.06034218259279
77.30463832121633
77.82955480731717
81.84316634326291
72.76960283219856
73.92898376936962
73.57170025378963
75.55486099230873
82.19870681244585
79.966754004186
78.86943648071627
73.39342985341733
77.51473719659216
77.89100936288024
78.45771733344877
79.99271099767186
79.77593990929695
77.0207975289868
81.86638194446077
79.73386458399861
79.42119504603146
78.09294679893593
80.4474378842921
83.13592670673701
81.57366831013091
79.78359975151518
81.22387041322094
83.485838403532
82.26387121988981
75.52907260614016
78.26161725374068
74.06112555503347
73.51524220047102
78.2584988722414
81.53754440858579
75.59573700756162
76.5802177852175
82.36836198362096
80.1155880557227
76.9623334368433
76.29565872593258
80.83366632920236
78.90665474023167
80.93261972937603
81.82131215528679
79.03814490422424
83.89732328227183
82.7949415403192
79.6243501126824
79.84197344756039
87.34237617247274
85.85374594640994
80.05066508344912
80.7178763384025
77.01882634460156
79.23822693042501
77.66691352121501
75.18275600167044
76.16794515043992
77.71721953498547
85.43172491454699
83.6357299776802
80.09688340555314
81.18280501166984
77.76331434042504
79.41186080266345
73.51959120692321
72.10401677362135
79.14562634867868
79.86581600500764
76.38902112403693
77.88184033936899
73.93657577848276
76.60592598086967
78.62490158273599
82.82661710707178
75.30565749218027
74.97275692881809
78.4501101400138
81.09201649953872
76.13211821846932
73.77284551142355
83.09625951759048
82.16377240217673
78.77453038220477
74.0072697126021
74.1260847872217
75.65021528335353
75.62686356851374
83.31649598470602
82.54690595443259
78.64766722513781
78.76131344472084
80.4485956154093
76.30676183888927
76.94289260384086
80.3407973910724
81.14358176402746
80.46019100611782
81.86492906148857
75.75431635828092
74.67269185631314
83.15307622210307
78.1514496820379
75.352053766626
80.96174608428096
77.7822803108143
72.71708360478546
75.72354534643956
79.20385787610309
77.11340055386114
78.31873075677609
76.76641470734508
80.1759879285193
77.02177938665145
79.4247236055632
75.2551338422851
78.53680744110643
79.16189030599861
78.28527874463252
79.72625297876885
78.00910411866447
81.13924945956772
81.92563022069379
81.47191833351016
80.81684484031706
83.00587620629612
81.36209391589024
78.37846362013762
79.91713537075906
75.01720537885575
80.4279564593962
87.8216914573392
83.01685250686747
79.42095402932702
77.34451634140615
78.70002781860224
75.64962258412108
78.95741229686787
75.68334658543841
70.62879324848495
72.06538411950655
82.4722995450697
82.8363336175883
82.52727852383222
78.38791494082143
80.40352527781381
80.50958797312391
78.4013146274228
77.96213369268317
81.56533692068659
76.3639985850668
73.08561993873327
75.9970727720855
79.30023431867592
80.30611312730673
80.59996699802876
79.28638129571819
78.45453685192952
78.03987594318221
77.95572770337937
79.37942762652408
74.24140209848565
79.8987987523417
79.37074690225877
78.81814264941536
79.73075697568339
86.07897381017632
74.64510143963155
76.43014738754457
77.76993814896692
78.08339624765361
80.68496988127995
77.81894072657215
77.93395508247592
81.24184105651813
82.13523328697431
80.46107896470829
76.92343029276111
75.7934193283912
79.26723758720507
76.04744905751085
76.5601013077036
71.48403494202468
68.36280055638954
78.93151630230778
77.06473953934773
73.22014277365616
77.63191667434654
76.62478602602881
79.28859410602252
75.98766097791285
78.37418512905623
77.88451757396588
78.36328100286987
78.32691440821814
74.29413852137793
76.03934164709132
74.69981109802998
76.22698130856844
76.9077262062186
72.58011755764613
75.6332466041939
76.35967123639942
78.85245426777946
82.57623986305545
82.08419912205449
73.65698658425207
80.45319696353154
80.44934148445223
77.7257884470611
79.92668715325388
79.2894344856717
75.08949820042642
78.14568525543679
80.85539167093522
74.06352757765895
77.70089257518505
77.82446932706844
80.8813137693347
75.33579906988977
76.85392345269199
80.59554426225108
81.24603565982623
81.3173249403789
84.0811736798353
86.62427806024431
78.02340174104977
80.08317153822625
86.00818300597028
81.59058058215737
75.62739124626283
82.16442677591702
82.62447153525508
80.46372657535885
83.25698591066049
75.32891799028702
76.93510814790766
78.8985448335728
80.7692934186327
83.66254600462005
77.37803940653457
76.80716466204932
83.15140933578922
81.12928306919125
87.66782686536186
82.39319290179536
83.60031244886886
79.75261892869815
77.75076355732045
80.63624067912534
77.05733100589026
73.50618420270044
70.40971621250098
71.09239301634892
75.81399771252956
74.67879942573175
74.4529207841923
76.57186098954168
71.91230412507947
74.68333539546758
79.80481288674346
78.58244054629382
75.75265977184905
80.70574755952921
82.66494778922832
81.54714430887744
75.21442876248821
82.81924679287728
84.12601216584612
84.71392523741456
85.72408643760366
87.49380199092211
86.3777194667764
79.80445060563176
76.78370496328449
80.45878812779856
80.75723917187575
78.29950314380885
78.29947853334409
84.18649273132826
84.68036381417312
81.20505675138338
77.35343823126829
77.62780498322269
79.17828275510557
79.67911133451506
77.73440487766217
75.3162048858191
80.59054870530626
82.68908466752671
79.16844400965822
81.92802052489513
79.21306159818175
79.38911921848367
77.87713814902868
82.4052204941112
78.96930837698385
81.93707978099663
81.78709320957289
81.51041369490778
78.51497509036612
76.99517016256638
76.93010640870715
76.21246513142988
76.85724175059033
75.897016720833
76.04073584089885
76.29023051845442
75.56937542813705
79.1714278868359
78.44934198561258
76.90927516918346
77.05373746580283
78.69743534060275
75.83433299483697
78.14855898875058
76.80355315323416
72.49777322216185
75.78428036989803
77.74917264019543
72.55314845103409
72.67510126162136
76.54393800497283
79.89477134073235
84.31206882317703
80.78852783098905
78.68957775773946
73.28777171933069
79.65546827474259
80.92353926492665
77.15210228788499
75.24519787605664
78.61992062949209
80.9247612346367
76.04338761502434
78.14809150313694
77.69468728852995
75.9429154587343
77.04077627066629
72.87730010903704
79.32222634756965
81.59369245309207
76.1632071537685
74.5913635375585
77.91390131488367
75.08475228414393
76.02533386876756
77.80378335543381
73.13413773782747
77.75498849650496
79.96006252134681
82.01074225908262
82.25867255347367
77.14142302876544
80.91182537849787
75.45236922766638
81.15050015338835
82.13340136849435
81.0172571961303
74.39554087334905
71.97937156364155
75.35866632483457
70.7577271585553
71.86116804559747
75.50250315465841
71.98826658759755
75.84360000788975
78.56480229673123
72.28115330165618
76.27838511972914
81.86173430079832
80.86091627115043
76.77272435820363
80.31812587393073
78.97628164239501
82.55799870649389
80.49768853641147
83.98001896963042
81.21417090849565
79.61609651935966
78.77355617244874
72.13742294209125
74.26600080962915
73.23231161678964
75.46807125187242
82.11580162756518
80.53616015144645
75.68323432516382
72.35833807917653
71.92093935152153
67.22635098699203
74.85055561531716
70.93539357207791
74.1344772273217
74.45824077583147
76.27486593423197
74.51355599445746
77.63651305306276
75.84821139701569
74.6079934919744
72.75331286719116
75.20429463142258
77.61548872370977
75.26528899347014
79.00780403326316
78.0358872284083
71.21899455925404
70.97398423923254
71.00297219737494
71.33546376402074
77.52354435378201
77.82487156246498
76.89661280958968
77.44197702050654
77.38013756071891
79.68827073571927
77.5509228045534
75.96053864549496
74.29365826383771
77.0571969189963
79.28042340426836
79.16369472262826
77.94730150671532
75.96347226352945
77.55805521579306
79.77550149210776
78.64384894644694
78.63243277879168
76.2371196885218
75.65813522486314
76.66449078203782
75.86257756889003
74.8093155393221
76.80074780067483
78.51741676668983
79.25722171431156
84.52972364776379
81.21550792841713
73.06177824891216
79.59358078485803
82.12575966383754
72.44608040068742
75.96804102954782
72.01828293006376
67.06069722022332
74.4895606772675
79.42861473463049
78.75732789899544
77.21634311342433
73.96079658829645
74.83205769126852
69.17591387603218
71.69060256069531
77.16531187755196
74.71948209521588
76.09853608635402
72.08869153233542
67.12334074256745
69.4938710128146
68.49893996564857
71.75348638228068
73.65974459605674
66.67812880243838
68.60281346262218
73.89549210404822
65.24828556437957
69.3193422497489
72.89457966888612
71.90575574133116
73.55123216634328
72.71313985476648
79.35769453423865
76.58084447335902
74.73569105858375
75.57425806935389
76.2007430196075
75.31561110663324
77.55931953873592
72.3806663550641
71.25218072059253
75.66357477672807
73.89933086130078
72.35818161703929
71.45711939772724
70.94016861586697
75.10664141734723
76.40630318168265
74.27286949538315
77.83067791380472
76.51353599505336
80.87281974927923
78.66947858748284
69.94827098392966
78.34306972802527
75.06095738661963
78.37451232661233
72.2055161172091
74.53802263398953
77.27441762480377
73.12586800252323
67.44275540220342
71.08386217436195
77.04844186566099
75.4586186032142
77.80721165581367
70.15225629397446
74.0737122985829
74.91058829540712
71.26575554415186
74.42968353057718
74.09709526184925
72.45172497531921
75.78332625439504
78.35594076376026
73.78544882462003
71.64863222031607
69.96224128300848
72.0667010998108
71.91698813261824
69.11886172649882
68.73956197184087
70.06985881427221
69.50649000526113
71.78194444651848
75.14199790956401
71.75529671601538
73.0962362766085
71.11202441937992
77.43510328589232
74.414062722281
75.4372289025142
73.8124080752795
71.82216361458839
69.07279401768677
74.67371348765776
74.01780449511442
78.19091592078655
73.39225756656859
77.45969844298948
77.37983104929076
73.73238628453132
72.7765347599522
67.35212441286735
70.6360128752793
74.36266828039206
72.10531519340739
66.213936490643
72.58863375967141
74.56154096569149
72.80136674800397
73.11468592620503
75.14802873224934
72.12172147110215
76.24487203769964
76.2401501810828
75.92574381100744
75.87518480182612
74.11956283559981
73.71242487436558
74.37893670756044
73.96503786970113
71.9124423314052
70.62726019045891
67.7938622560504
71.36172048072409
74.19269672116074
75.1145018290455
74.88234144630027
68.8772205559348
73.93624057972758
70.9560741137235
71.8677102170381
73.6765928364492
71.70550804018008
66.09617630134917
72.04020289646463
74.53338542786673
72.17933437823199
70.51475255295017
72.6395183454425
74.40911333051126
72.09736401605774
70.68303927209664
72.65891934352945
71.05064538806351
72.03562580634501
71.88767161651684
71.59178380267474
75.20052306775221
71.5332050377081
75.89057034231894
75.7910059366376
70.4896966632834
73.68547817055556
71.1197519903541
69.86081947438201
69.98958893286388
72.7848367347993
73.9623336119572
73.45991104112309
73.60442207535813
75.39326110545473
77.56105521892167
76.04293365009129
68.18564317580466
70.58605492357853
72.24528987308166
73.17039538469379
77.07347649571217
74.5802603308928
72.9589258176515
75.86464833649872
76.61640516313896
76.65963131577595
77.65918503367689
75.37471741458005
74.50617055132622
69.42910299220414
70.86068923768569
75.81993974085661
79.3023091896772
73.32870932690028
68.61825513792895
70.61725857492279
72.86958161211821
71.28759910855905
69.5837451439765
72.39088252376138
70.57550730553854
69.8859011371147
66.65516747594124
70.10475660806179
75.56773562446809
73.9660289952871
68.09451583673875
67.1525198806311
72.57085194978062
67.16631859003935
69.53425799892273
74.45116891050488
73.1973085218993
70.87297670257573
76.01574760978697
76.66128159542588
74.75792281379564
68.19299113972791
76.97035337158886
76.80994453350404
72.62417517998664
72.48315004957496
75.18984328277703
75.34155822648016
75.99761867570885
69.35019474009124
73.99425425544442
74.70096166299058
78.15856646337471
75.0691255456323
78.59510584823302
83.12492067360355
76.60770770148655
74.33585780783083
75.4368388106198
67.30632004153696
71.80911200600535
69.5834284393127
72.2318552358108
68.80371483869595
68.51006426872229
65.36328414081827
68.83288243996027
70.62750576650464
70.03266404183859
69.76009551984767
73.4388337456665
74.94729044150098
73.41082784340391
71.36713867029957
73.36662230208707
72.41674934330439
69.07127073669263
69.16287125636669
72.64924159608383
68.58879968971588
68.8777708450794
71.18447214889615
69.43430085186912
74.37351704154824
76.21680829590079
73.27978904857326
69.46846758338039
72.93565952292302
70.05997274789033
67.48579388691752
67.70318997863558
73.60688065763345
69.37715309035845
65.94238149489432
63.83471371039628
69.02498455928638
69.45912494105532
66.12919544114766
66.27687843377333
68.6909976289394
74.74995231347276
73.73986177697341
70.66364691707514
71.82661973857935
70.5792835619737
64.64242377587512
68.88219496872225
73.69991170054159
71.8727524868117
71.93870949804428
72.9989965289812
73.95951883866316
72.83623126831817
73.34890857404855
73.02163321189289
74.72374807241751
76.48441474464303
73.39245405339398
70.65848390435629
73.68798261785886
72.90089976767835
71.42886340615745
70.39246563416296
75.42498246416366
73.96656537552535
71.95342714507643
76.82415381038969
70.55120658865908
71.86246782120008
72.93593469219213
73.84937517794009
73.90001689210115
71.90934392508755
72.71432736391147
74.33755200664127
71.08561588307376
69.60274101411753
69.31956672523427
73.55195978959007
76.07141675278007
67.12287696665356
73.40887287248368
72.99309021406648
71.92042709402142
74.43181718494557
74.84160311644303
76.13215343066388
73.5588819279534
71.76316703970987
73.90601214705156
76.29229404430284
78.47610169024554
72.56986558197032
68.97837409619878
70.68131644973658
70.54304464597577
68.27791187213572
65.9172564863585
69.5639181975521
73.93981984049867
73.8992439738061
73.49969084103647
74.0529097932853
73.69556909957196
73.68156169012748
73.917768219552
66.33343723053963
70.3455039190474
71.80952657161335
72.79243954720415
71.98578739938246
70.36184167457105
71.75347886430436
73.34425365856885
75.81353467918305
71.09234444931467
69.89339746351355
74.19655923264955
75.19362231776127
73.407661770743
72.68398200757002
73.03667442195801
73.59198903241494
74.77329889475568
72.71302575098997
71.20304154688725
67.89396825533849
67.97766757286242
68.86653492853266
71.11009327792561
70.71850417785237
65.7764711514374
68.98086886492607
71.64979035971278
74.40556123649958
71.53064988462441
67.43731439297295
68.60689860314675
74.33298322975706
65.27318856735614
64.13126215599983
69.19592132210815
73.24894489902341
72.6490992941492
72.51414272035298
68.78612555361141
70.12688711552026
69.48177276387887
70.88391128739937
69.88016060722508
67.04491836382756
68.14555043979844
70.71037360916195
68.5893735742589
69.07765505326877
67.93422295068615
67.47639287049823
72.82080089289293
77.29521206116131
75.74562367676785
69.89931726390387
75.64739204436974
72.65474600641939
71.56685569552694
75.51161012985375
71.57746029855205
70.80574293708749
77.59330214469124
69.83985544369983
65.44575145832245
67.95754407765914
69.92363107270397
71.91796143455772
69.36375995183278
66.74013988008934
69.76603899843447
70.12030535913823
68.4106646001026
75.23257867971061
77.82792144425898
75.350165058483
67.73724690295631
70.63476169448398
72.81413946527785
72.66427863577526
74.40699567587254
70.44633308772399
72.49158269205991
69.14134705826038
75.6520745381133
73.42058775915488
72.56385547962859
71.77288312203646
71.53792849357876
74.3534470491834
71.92426630991817
72.30069637759317
71.49673407733202
70.97217032383821
71.33712589955203
73.19482858711767
70.31510385683158
71.79142286259375
69.91950456729141
69.48605402671222
71.13024069538757
71.94702858403208
73.73889916414393
68.94025107552838
71.11615936805855
70.561795577999
65.11154744192588
71.69873316871308
74.65646029330578
72.87850296208786
75.19717472991074
65.62552164711576
68.70644148947952
70.27550616038711
73.89780278742346
69.98155159248249
68.90978159655879
71.10784298736085
69.50440612049034
72.81787415251384
72.28979356775505
69.1590158327161
66.77509672996595
71.26498438072682
67.0180427788287
72.60469978357133
66.82585731378595
65.77852869604038
72.41022876484186
72.45105157537745
73.94839701909463
73.89405785839769
79.17361628984065
73.68120237828458
70.03000087705172
70.84580094885756
75.1876554559844
68.64500761760358
71.12466605752678
76.22418525934754
73.11263243419788
70.61536516502673
74.06546493688417
74.91765887309074
69.50913858933698
71.81201669638095
72.82835103102563
73.25071535865509
72.96728957465965
73.71247048590419
68.30968442301756
67.41909515634623
69.0974410597655
68.78443902110591
71.1891805532825
68.4243909415877
66.58258826863712
66.22203357932536
71.78515566595117
68.57532919237508
71.98470566648827
68.55452085980214
66.42770857815144
67.83714594748264
68.36354373600243
68.53273376756714
65.6394314841899
69.35373620295844
67.20217152377712
69.1782627962767
65.48658936619618
69.55619195370639
69.42492214358
64.85558697413387
65.9127161170527
69.82676883036129
73.09276577412382
67.56513344232386
71.63098429378839
70.93186910787932
68.84008522815357
68.50756097878862
71.35312546542077
73.0682767031206
70.38944083083504
70.7680616586753
72.94994318233738
71.20920973236575
68.56220379930399
69.4914409775159
68.55658775793246
75.59017712998289
73.02484235749516
72.82492627214378
71.13659821048677
72.43573526823205
75.93037921337277
73.5896754224544
76.6387365971077
76.66144094066033
73.2495298198471
74.52225747424146
70.21041487998865
68.87106809316624
71.35216549905988
67.28207670435461
69.42011616371657
68.04446715360434
66.76388707548779
70.24803457980545
71.40579526972772
74.59485271954458
74.8964566080743
70.46654727202298
73.15677339493823
69.73903038604462
74.55583386722239
74.5427888327664
68.84840186297606
66.38093159124372
65.74947172209475
70.3229500405584
64.62039335214493
67.38131344702595
68.42778374801743
68.93212886123148
70.38968747114227
66.0542012067248
72.25201654998519
73.31264368183267
70.04516597264387
74.70216088599076
71.67534881448208
74.1686007452069
72.52375641021655
67.99357430494088
62.46570164984734
71.53941572665703
63.749166040933495
70.18948932183444
72.10637461067668
72.2675237851136
69.57835729173428
66.14635273131137
69.26506215786054
68.56333279589515
67.8838321210978
73.10343143074479
69.52301181128331
68.84176266181699
66.78923560173608
72.07629241141962
70.46999610605648
70.3504905792795
70.64277370495046
69.77140754698482
70.82120088520796
67.81554334582366
65.10847668562768
69.20882401144378
67.13027199085226
67.2227124137446
69.10603347983688
69.87439993284715
72.36492302494604
72.66772062078577
71.8232182114114
71.49600123227198
70.81332215558682
71.72580749793832
71.71348822993892
67.6118001911739
66.19899497738885
68.83113806852789
68.66126894160243
69.94879361493368
69.52537015117483
70.17295587679936
65.92710425877752
66.40647218316222
73.73011255685756
68.09361628367786
67.0917256605871
69.06571388703776
66.37787263575645
69.04016727859712
71.71108295050331
70.52976549691226
64.60539852903491
71.01352249291156
69.44959716926229
67.8339568157679
70.53727907268865
72.33314950507301
68.11361161939111
70.80630167975305
71.03299410307649
70.74194077398039
76.37808847242967
71.67153013152884
72.69144238001134
72.42696294088587
69.53530349379145
69.7863741114567
73.84176026805346
72.67102414732801
72.35239848600543
74.23055020932878
73.16368561972722
71.37383583507417
71.28455932086909
72.80416002870003
72.93036452652179
69.1200916985867
68.08707011498694
68.86160876246068
70.77068182500861
71.7837920229209
74.61844882037079
72.9762522784715
72.21381534206081
65.91683793028741
68.30197649228396
69.78860910228609
69.49965896813474
75.97134465441837
78.17476146967329
74.8212711011292
72.50560896215865
71.0500159246179
72.09660843925808
72.18620152158735
75.77743320711792
70.86679629980337
68.98521274740884
72.73206537623098
71.14397703700745
73.58256661088329
71.67467333843396
72.83387201218903
70.72392967027763
73.67342796765809
74.26566351246655
65.78414237400818
64.85208624445558
73.59503678428007
67.68537394307175
70.87351011777777
73.63036993077588
71.87640523004484
72.13384241565583
68.22208105011863
67.91948049568715
69.50936375434516
68.25067025726425
70.1639448588117
68.39446223974488
69.99275446996397
71.54815866884559
73.61391513302888
69.74199758543665
68.03074194728748
70.60052890429391
67.26749312198336
65.68368300259348
70.80094020669729
72.80490630036064
75.66463395973244
74.06374795746815
77.14565651723123
74.6088113709432
75.70826729056803
74.15888990763023
75.73197829872127
77.0410534294631
73.21774867425194
74.9107545568898
72.0941063212498
71.22286370447625
69.96587009503897
68.53167475646467
64.62184913263818
69.82694060296525
66.08638987174197
65.50029903188566
70.05130902832748
73.12392568619899
70.50665248506466
72.0873929047753
73.92955925730145
73.54978986422492
76.95019969387977
77.98481351053447
78.10518530516339
73.9878213500873
77.06702832992156
75.03713427309137
73.99990152429274
70.57854854158482
71.93028577651198
68.43508524954972
65.11410622439973
68.299352705848
66.015492796821
66.2794011803108
67.68684324012146
70.04021568327428
67.88874615802277
66.5750609256807
71.30377110754267
67.9840606116498
68.81051663344405
67.46156835889816
66.37060279874642
66.399536332847
71.04541957088077
70.01406696676591
70.18870724607787
69.06664229129034
67.64739271410872
66.02261180718092
66.43043497582782
68.51265579051991
67.16435974607788
69.48848492802058
68.00301119229756
67.88214476276202
71.0240059707332
69.87531909529231
65.00865781539456
68.93118011721485
69.1679311985715
65.77215338664264
71.26149472420052
73.89463898343682
74.9280495051039
73.23976139734596
72.74299150880124
74.44352530341564
71.01847213903666
71.85676662560138
73.38227037888798
70.2318923573012
66.36608594669129
68.96229019232668
69.25798055022472
68.03190661870029
67.06028857411609
72.967603158497
70.49867730530359
71.16484693158718
70.4200980573501
67.28555666384499
66.4803349458055
70.15782613403547
69.14597386521909
70.07908327813631
70.10873470462678
70.19557142701073
70.69844047741283
64.72365685401817
65.53822730650974
69.55610546853836
70.85776454208347
64.28772052847731
67.91448427159375
64.84988861118596
67.51205527189096
65.67044856011333
63.85336991370604
64.11791720947895
67.66790646641705
68.04680334920278
68.20305164075735
69.72422627959745
70.31734904324969
69.9312165955978
73.11403945297337
72.25934664439912
71.66170630891703
70.4996959700717
71.60933186660189
72.4411020057159
68.63365826645668
67.69923676652144
72.55023509329989
71.431686740761
71.67024342587233
74.37718448769856
75.9977621003928
71.68787747458899
70.6604063596415
72.16245057146449
69.83060852658538
70.85782980667142
73.64493623741596
68.46816336913366
72.06630699907268
73.12966285499928
67.28642790811939
69.06922375883494
65.87736940154969
67.18440579029742
72.9660888661434
68.48632674112233
67.20959728237703
68.78826171612234
65.95650292019616
64.43732426067159
65.06968053941645
68.492493974171
68.58184900803916
71.28695627983416
70.19748109445047
64.90535380907653
66.12676227566672
69.65186598163471
66.39531047113138
67.31347526688926
66.38308249757435
71.25503712809557
74.45511916594701
73.73226359482476
70.26905692978609
68.54069516531479
69.33219564522035
68.0291246661004
67.8380603173829
68.6192835290813
67.38537128794995
66.94239010725374
71.08279823573861
71.13649695509008
70.69324119846463
63.47972279325937
68.64965027963892
67.63635688779034
66.8409590411929
61.8721546658329
60.623689052331976
63.934740530686774
64.81337994157207
64.62394735132794
66.91894632698623
64.87830501945822
65.03481028125607
64.70950045672363
65.26384381455095
66.13949966502643
65.89370879627708
66.1974157207808
67.83525800671877
69.41775296245538
64.74391212619982
66.70666309491914
68.16267914136674
67.0659466955407
70.88452068571635
63.46259973531161
65.24442476485618
63.101049805882305
66.39805478630022
69.597940058095
67.41555001586902
65.45904120658645
68.05322355261681
67.16107581868764
68.40150802082731
67.44345340458128
67.59192188189255
66.86571802847283
68.05010441890907
63.855690844736245
63.243763394621126
66.22452775535993
65.28177296416672
69.08594697486386
65.72053513501729
64.73226813435181
67.5706667705136
65.21758606569749
65.66563316721806
66.91072242682166
68.34487144410558
65.71964237073749
67.64073343121379
67.8444111887897
67.86358569617708
67.47788214672211
69.94197763524386
65.77809535693295
67.47510431355872
67.13078492127494
69.00126210531725
69.42833167693374
64.95692446018849
67.9965839201452
62.46714880577676
67.55384877878018
70.44595552717092
66.81588375348434
69.89919986665508
67.14486351787028
70.01705749739185
68.55337606288397
72.35849340832382
68.1500568277232
68.28875127982778
68.42679428954281
68.46474137518848
65.35286022441296
68.25753223417104
66.10658975563727
68.90626476142981
67.53359823992186
68.43515241728855
67.66458041843532
64.87074634714871
68.34773593154227
67.92321550752447
63.83076401352398
65.00148692785288
67.96547843002801
72.12143367824055
71.2806248603883
69.33626591184398
67.7014590008358
65.80774800077849
63.865487779427625
64.4591340619598
62.15816403356908
66.1037492994625
64.11911703568855
66.23019301282712
66.13334498960205
62.88080741525264
63.66905167182752
66.8802159417038
66.43867149794757
69.70389372163383
70.10754235601057
69.94825034339014
68.95460032354391
70.14179664061137
68.27527488692718
64.9227605847503
65.94078423805395
66.90743078598852
69.04802154054686
67.91187591498235
67.01408326521033
67.62304785501695
66.93198246593242
66.78603769300008
68.5482512366256
69.84299692255976
68.65042065444538
69.13476410887722
65.47069621417575
64.03921801469997
63.88869977623543
62.98097324719896
62.118859352461804
63.68339886829586
66.58617923986594
63.81959341002594
65.31871220849347
63.50011365211813
62.44907758694706
66.46048792506193
70.04280309721992
63.161940396467486
66.53750869798341
64.96503388439167
63.894651855884234
61.98442956344188
64.16421194088403
66.34007877305183
66.40184864690121
68.67064985607327
69.7241729702903
64.0696601141558
67.98858599440676
64.65822485739551
65.42497921788109
65.19546880653103
67.46689724383488
67.78369223475788
67.79908397090625
66.72001835034051
67.80860434304928
65.50297417294719
65.2073999628707
66.44332533820318
65.49526302767482
64.99346551775342
65.6572290944998
63.777532318019766
63.55693950773723
67.56110295149048
65.04758513454038
67.35034265279724
65.73124716433837
66.63015625847112
65.89636887981986
62.71927232795869
62.73511350241008
62.87313733214347
65.43243853193216
66.94062666741539
68.00779342906901
65.87824436942863
68.99006062721077
66.1141659015223
64.91517955249006
67.94596299672371
66.38167528405424
64.32098117698467
66.4998916564886
66.34144034031864
71.03927034167484
66.96576407403997
68.34721378401217
68.28358493919691
66.59604975593602
68.1949960922424
66.77336161753097
65.32127376845587
65.72972678781485
66.17624293407783
68.76436666911714
68.25629187608497
66.66437798960355
66.57832600633591
68.27441764876477
64.87088290079741
64.9474302086853
70.36420382147037
69.11356294595569
65.1897286064396
65.73127312053883
65.0559516581824
65.75550043882203
67.17392442629672
65.62456698940031
63.40467212534844
66.22747133236334
65.42303840190921
68.90339571830248
64.64067649961436
66.24652477807643
65.17681679090967
63.975464544266124
67.07008904700201
62.609629607478546
60.65314003863039
61.98018113737093
66.6655409433656
68.17966542958055
62.01566063678767
62.64940228792373
64.13774177181494
64.78840953379024
61.73740360256981
68.71408082907878
71.86141691121462
69.96128286446985
69.08494222565191
68.3121517881254
67.917337088665
67.17275841535387
66.7201523186245
61.73513551594674
65.93895363152158
67.08342392154277
65.79207087022546
65.44772212343716
66.81792083373784
64.7829147807764
66.31818962142262
68.55321362794523
63.3315905518249
66.99522960706751
67.16464244613476
66.94520945184517
63.25161154449504
66.28975978653759
65.24152490554384
67.75487418908467
67.28515433517113
63.77410909823193
66.28789652580971
65.71141018300749
66.41935970350065
64.26660327729361
62.34573053007227
64.89834885136925
65.26053900600536
67.2605423751611
66.91315506716919
65.28577941595756
63.367760202169556
67.63185747955511
64.45291918741059
65.04800859892548
62.89768629995526
63.01212489480706
66.51946228564208
66.85158857486063
64.21593397831364
65.67929177615781
62.993059238987364
63.72858851513333
68.57501081527295
73.57052069311709
68.4897267388582
67.5817786671996
69.3028631057831
69.85798155585594
69.60818125128039
69.47676247713625
65.11698011395252
64.57211742776714
65.9442026464217
66.97057417818137
64.98739825809928
66.4915231729815
62.610246772156295
66.59912021176623
66.62196125000085
66.69038520723417
65.0445153613597
63.78694518651952
67.26506701081499
64.73754359331238
64.39297474493273
69.04349307910556
71.26339011478225
66.17864248114728
69.20958221801004
65.17483782870063
67.37172750046213
68.7177132879824
66.6124653213587
68.80425544775616
64.49354179632442
64.75737805695627
65.07773742943844
66.20815380875344
62.85165409730365
64.31075482700578
67.78253261365826
62.97667960508099
64.79649554605945
63.644171064935065
62.51417860701158
67.73847288770969
68.73274234340178
67.57769125978584
68.2545523215257
67.37560692448189
71.2896635204292
68.67901141092585
65.3866586788318
65.53566408616383
65.92620267324938
64.76929770271663
66.50921264556212
68.9179456970674
67.52150065163667
68.59675332106673
66.94409804039702
71.63376317037864
71.07678436623817
71.75841440896284
68.32178406739612
64.58966255220521
71.16492864245691
69.91575325530786
66.27131912105104
64.98432858861044
61.969390938651784
68.26187349294699
67.52456919155189
65.90756637909537
64.53445328357421
64.67349289197996
66.26469469439074
64.66069772707638
61.04700156535829
63.27423610930893
64.93079824941623
67.00312321367805
65.31574471648167
65.17384130047083
65.82820317289205
68.07897181591967
66.2846316212147
65.54349119905659
66.51598424612602
64.77704795716649
61.451868156171706
62.035679300969186
63.9583386592543
67.71969407591352
65.5354688693349
64.30848168538232
64.83001503858081
69.23270172513767
66.73929724671422
64.54996652973989
67.62900671762836
69.74145689785134
67.12416159393503
65.64891876803802
66.24594876795834
67.24305352473705
65.72670764450457
68.03772378642603
67.97934503569626
66.18499315228404
65.63950033651446
65.88799288206877
61.83225570145451
68.88578846434947
68.46670454506945
65.53857596983138
63.40033863144786
66.89624228335259
66.16352492613642
63.1353665927903
64.95869142660138
63.25173094996961
63.741843784326285
63.00423408223467
67.47292680507572
66.33441764954632
63.62223352639011
68.54197258515255
70.41267626601905
64.97730489225565
65.30490494072278
64.71896664517284
66.28796632002991
63.80506951994337
64.43141052946959
64.92004794212824
62.3100799024844
61.89959045760215
62.19386726266353
65.38593635998457
71.23040761709991
66.25787772988635
65.49396338552712
65.10839139590449
65.40426719061588
62.277841349886096
66.94028123089926
65.16099128788014
64.37813451091428
66.99981960464625
62.67781992992003
62.066794393887136
64.54394002605865
66.32814269905812
64.47583203712163
60.92141835314282
60.5893590202454
63.403952622466065
59.748653713418626
64.86829708180505
65.26212795304843
65.39924920342611
65.2925125292474
62.30759166065302
66.84655810840667
67.52764555936456
63.42870700743902
62.56908773157028
62.29402424168688
63.639692690494066
68.9273824451369
67.57604863705397
66.85673876371773
66.85021950212793
67.4211491370678
64.11156111395402
65.19207598252623
65.83783629526529
65.51682219510468
66.09755680560502
64.63185648557113
60.10347347245526
62.96754525483359
61.4256692259247
58.84926116926928
62.56645968201312
62.471590766564525
61.67518006361613
66.0470485345546
62.62023709796096
64.64324217454764
66.04241069100485
63.9401299753517
67.32754705088144
62.33398529334112
65.51156613793259
66.31987781084949
63.766105586343635
64.63902696750309
65.3779393046356
67.35582679334497
67.70449168620034
65.45245103675457
67.65018884250641
67.38618344160231
62.39278535880534
66.65902232503866
63.63299939728148
65.68204885488933
67.8593716021362
67.91644236150368
68.22989241731109
63.75070919847979
62.09990112108097
65.18044991637636
62.69055743594276
62.087078976627666
66.25827088367375
66.54207812839357
66.99076173676087
66.6536586198789
65.91392639640866
66.4257273584877
66.62388890227803
69.74722159198518
68.49269096711858
68.85040995247574
67.67891331779684
69.86321742582076
65.73695932432469
62.80952076877308
67.56828005007533
64.3641179714095
61.27571047764598
62.43773964369513
61.15149683037759
64.91879673110797
67.26250818117838
67.45544661643646
69.04781248462363
67.2928937638149
64.52196331986937
63.750942974716445
63.93923910910953
66.35959198106113
67.61105538596817
65.17850015872486
65.28333253054292
63.35802439628962
62.36493487521233
65.33351619319419
72.14961181168803
69.98420292452144
67.39961238823709
69.61905541421456
70.92994367728414
67.56872410396052
67.86680893539764
67.78036672797654
63.17451773038496
65.26878823977734
62.2656570681294
65.79502490294104
65.17565841316265
65.02335569586268
64.4748207109032
63.734657635323785
66.31595793638722
64.45793731336475
62.863713540800646
67.25964241520497
67.24076549784056
61.74370302555882
65.00598681214278
65.0995812123678
64.81049792996983
64.00961043081018
66.68733732886723
68.1002842635758
65.20793013081101
63.26912531105189
63.569624197558966
64.1371499004178
64.82669130898142
68.05036706156129
66.62863331697507
64.32717757743484
64.12675552915874
63.550977741623264
63.92925450755834
64.92067388311409
63.26909160791553
63.83469092955375
65.10403707933762
64.09139912080899
64.27879646106308
63.740253767709866
67.53669304358282
68.71237894330022
64.89376510047877
65.51442677749068
68.87835618896584
68.81442815403787
69.85190604045545
71.2305994033083
68.1093367606036
67.71432893207073
67.46641210743597
65.47208352611364
66.27098095696643
63.92860861454828
63.066464648002345
62.33165918650298
63.42196583428684
64.39681956955894
64.93530411296528
63.96433310952816
62.66886508317588
63.83939927932591
63.194379450360074
63.94726419803744
63.04430061474216
65.35777331846333
64.18112141728827
63.6155232238739
65.76824371951682
65.59345938963843
65.98803790047803
63.53806429340579
66.06535444159998
62.04526326367471
61.16342336943402
58.97883264670067
68.04550295397661
67.81484728891728
67.90770951434345
66.18250628911812
63.850237879909535
61.065200706968064
63.42231188439706
60.88832508450589
65.92527538569226
64.03287661414666
69.77888109330964
66.46349652742694
65.48839799493268
66.14560396350159
66.34771085953358
59.75808207611537
64.29523585433486
63.043498034829284
64.77281889372212
66.00662720839814
65.27996981061771
63.968495949522094
64.29340519255025
62.223962719544105
59.40831064123687
63.81456104536266
66.51416908031052
64.76712377896793
63.06467084307953
66.20932127679886
68.3035881254572
68.11467486767232
62.95901287491496
69.09064749368846
67.49628750083693
68.0933977211186
66.16620999799432
61.23318588500848
62.57090282072613
64.82917819877797
65.88344417174241
63.32070680517346
66.21035021055708
66.76515539889584
63.60224978325077
63.013614006637596
62.87733713666669
62.70897497154727
62.52706244417445
64.34155090843295
61.985271264840996
66.12190455552557
64.15964298316021
63.66535354195099
63.22109355464179
65.98268450204219
64.97105543751825
65.12647339601763
66.49458282346929
63.14407426886524
61.31191225200013
65.00805535594048
61.91726895211322
64.20129210983885
62.05216476814536
64.11419715457447
61.34598926338485
65.80816436955169
64.12588300994179
63.47507368018244
67.75965954327589
63.443983773949604
64.38329950430145
60.92390373976193
64.4813892576074
63.43162071724601
62.68579278775916
61.232610012771104
61.009704092995335
63.49511084048862
61.43419311579328
64.12122731966964
64.45487077713202
62.44204203280519
66.41000039712767
67.28270312736178
67.41886882767217
65.8243262122511
67.66156145693441
66.81811413067152
66.22941777146663
62.992833190616714
63.599538044722095
66.36206445814643
65.37884675552613
66.01883944381935
67.67072001049735
65.78893660228516
65.03309887316969
67.3289593113167
62.452825258434004
64.30596664163431
66.24962757518978
64.36816910006594
66.46019801746763
68.98087420600375
65.73134127967231
62.34287865264934
61.117843578354815
66.39804716372086
58.95037512331892
63.782939392883364
62.54566906976983
65.37178363108242
63.282768069653045
64.30265260925263
65.46300373899943
62.75442358290947
64.29693940094263
64.5236307880862
64.88244652413913
61.92943073204233
64.8495027214076
63.744159137743054
61.3669308202068
63.39540367887273
67.80157316091376
62.35295500610791
61.653302264570684
64.06868456965199
63.72255928878166
60.31072918755498
62.04288676387718
65.0386544807356
64.7301408705173
62.1501759508945
68.33239690681124
64.61030954895782
60.90951439820897
61.45086787862143
67.79354544222154
69.0984807848245
67.92048365166231
66.29576958363107
65.80190827151723
60.12680521056187
62.478652963680176
66.5222467417845
66.13826066229366
65.23244335162984
64.73308012438157
62.72023707475904
63.43255652947894
68.89618445294258
63.58730234180988
63.42336197578201
63.22627300416314
61.827354729765766
62.08644847946018
62.492730788894534
64.41238809834235
61.94560823556681
61.90909469462446
62.30190181493175
63.21201020688851
62.96246155563693
63.949092854219344
65.19350788910124
63.17189019039633
64.01831595390414
62.97054835904126
60.93865924189657
64.33632731423354
63.11541969573298
63.276044159620014
63.44299518523878
66.59505549694809
65.97787433982319
67.13231664789978
68.05205636596082
65.29079303757881
63.71476557303107
61.36509923779414
65.64889013393025
64.55041740308974
62.11024060212841
61.967303887211166
63.975178526351094
62.971390790124296
62.69488053095438
62.32848830069075
58.86446438912977
60.83879584771547
63.03103131109901
64.1957854293798
67.90176599004793
68.8765058112212
64.26282327575876
63.29673193623237
64.81764277891165
66.82918858653159
65.25038239283734
63.817654830504765
62.75813784328446
64.45209521675912
66.63441847712954
63.785932712963096
61.92873381262902
58.7439326408257
60.589574561245485
63.37284991074262
67.33243163281823
66.47783295838786
67.91196018288649
68.16586097131834
64.89261282422216
66.94190096330547
67.88231581047039
63.290849203402686
64.05578610315045
65.00878344339175
63.88026076822844
66.77075773167184
65.84998562565532
60.82228345259829
62.14105307853495
65.89337611215494
63.73468275934138
64.96753797554007
65.44806764190857
63.49298312066392
64.92893819847492
65.75285971586007
62.506724999389206
63.81359398337667
66.48552835747604
60.19326317607969
62.83427350220989
61.481622822254096
64.3448626743468
62.22942648464992
66.07471507988843
61.784628631149324
61.32096588211682
62.027804442812965
61.00102694049452
66.89084749643315
64.56821113792084
63.51506316064117
61.083279849051344
63.308198197359104
69.58192012339224
66.08907267100618
68.7256638998125
65.08173720991088
63.66201543529467
65.1775533371878
66.09775960590429
63.06698836418016
66.26217317783555
64.00298858883056
61.3966722914179
59.37789487520825
58.58471740718671
64.0685597277963
60.37388438261447
62.702689768904285
64.75400875758409
62.40340218991957
62.0050751307268
62.32767701475423
66.09302165874102
65.59527003248333
63.31997789100372
67.09145741349847
66.3983220399475
64.7465720290077
65.44865262194025
65.35262035776064
