186.5372552686673
169.26724119427118
158.2480896797669
160.31430880574962
169.44418741090095
162.6357087334262
157.99293242825289
162.9235913699305
171.01050662153335
173.34940062422393
174.39878680234884
177.27820260986326
164.344433534508
167.30898583459435
169.77507515264088
177.54568924193055
167.01502712599577
168.56489990986663
175.84072613126824
162.1172007052944
165.34321847153936
171.82394445687154
177.5660608661678
165.852399772922
171.54346612103942
167.60306260654613
173.52313828231803
166.8538327266829
168.87360924015505
180.87393760414605
174.86774077054636
167.79645043895223
172.51365865421045
173.79544461786904
162.82782442981954
167.38798101953455
168.567153035503
163.51592053912938
151.68438131378687
154.88649678160442
161.25520971654424
153.2183944345437
147.66008166765252
148.29211743829316
152.72969610303826
155.4708618966377
156.53994986941697
147.56533206150215
139.16654070892326
140.53991951251285
154.25959275476956
152.79676856602862
141.1937556598617
114.18708483611329
107.47050487222641
128.25082318166326
159.48595860856912
157.8081751147652
140.36331556814733
133.61210430544403
147.30875291040388
148.08192231129644
146.81912998269894
141.58738767328177
149.7671055751579
130.85381624132447
142.81827488607394
157.87164853726782
149.31589575112517
151.99745323616636
145.86651504714774
154.80180221164738
151.24010731148937
155.0122852886565
141.80651778075406
149.2658084568597
150.69589198267818
146.20145721380825
150.38400969014353
158.7163315506939
153.70239499444367
153.0579525038159
150.7766332969931
150.1114365321252
158.66492324960237
149.64237105715975
147.11944123975064
154.86896555062515
151.5399423672444
143.21455552657267
139.70989681232632
143.5983012503614
152.39694525502782
142.84021119672408
142.76430279804185
146.32170668738
149.93751585246468
144.62314710729174
148.0677111979509
146.82407681131355
149.29636199298605
148.17582293652598
140.06266911448455
149.9746218230192
146.7017665052057
147.59223310488775
149.43363596425547
142.1625901314096
150.62150723588437
151.0912886307904
155.06545898305455
144.20203865482836
143.53145918592767
148.81918575055406
149.58553776346952
143.90962951608765
147.5676928233862
149.44353417728777
145.1065095753129
152.83865869229032
146.29204050789286
130.0740835087343
133.92824388859768
161.411470482804
156.1747466263758
145.5837170107629
140.2267764016226
152.6069816561569
155.48316513320987
150.03058470983873
142.5729880582728
153.62720750918768
157.29468590647852
153.59640661511773
148.33967868572068
147.59455794654292
150.12775780200744
147.96406267026654
146.48889739748995
152.31454979944579
145.17011506898487
148.97872211765403
141.3621816730025
145.09907223410218
152.92611837331089
146.5919778899995
143.24168153382388
147.67205346688735
151.321808826232
148.92643865347986
149.33785899972798
142.36352892240313
148.07553171801482
149.2753190712395
148.8905068411104
143.48385009700078
148.5502032450709
148.2801700142274
144.21550247722024
144.79053394690843
143.92790483026283
144.59931035227197
142.05494099407787
144.70843385423817
144.17849667662796
139.5253602641971
142.8927171327597
147.5984637462022
149.16961443290612
145.9566332904139
148.3910709122474
146.22675088478093
148.24472311258978
152.16354334621315
150.89761681225957
144.63326416346388
148.67807127972318
146.75403069987934
150.9142679431156
146.80276487144508
144.01196184008776
147.2923734055321
150.15496353948743
153.74989561002656
143.4492473054627
149.57861914034766
149.55786053097665
150.66212613869905
145.11314079535975
152.82807837728106
153.08371622471952
154.29712565349152
149.9738617550366
145.46913346220637
144.5863269599928
149.421555282774
153.55527592187627
149.19615763561163
143.73801213531925
145.01646410629465
149.37344261368065
141.35066184771233
144.23869643492577
151.3333631974212
149.1608038484496
138.30364844619334
143.13603132784806
155.07077314381283
147.07893063949942
138.2284804345783
145.16025570770282
148.1078715086538
143.5460631933317
138.81712711762432
151.05006701891406
152.2780101509667
148.46840032593494
149.04733864594567
147.80760508117135
147.5644770588941
149.97966948812365
144.99895323228063
148.23595084783375
148.87130038794746
142.10321363764533
144.18933486360538
142.515686253019
149.61508726773994
144.88640124578353
144.91161858982647
144.1183748773774
143.10877180099334
148.90142056786252
142.3403077230155
143.1010685024576
143.07661614104506
143.40149409650587
144.55885071907326
149.57070557770743
147.69205011067973
149.16175039445417
142.29102025956584
143.95056237364713
143.92650429045509
154.13538599902068
144.91655882644665
143.34668500102273
144.71898964151583
143.55399138957927
145.62400235136195
144.44747918316162
145.9883131370823
148.5720699391779
150.16094350559624
146.5004973921093
140.08181922645167
147.4494163819966
145.97408689617356
144.93044122148348
142.93717177792655
141.90773422681502
144.94796961703466
143.75653605853924
145.02826167409708
144.04257394805066
141.52047842268584
139.38151855330725
139.72234620656886
146.54039531126008
140.63488692202927
142.295848853439
143.86472049485698
146.36122882523992
141.3842312511567
139.33256028297154
140.12433026916216
145.19313509964996
146.01608593432206
138.0095403247177
145.55542118910085
139.1407984138392
142.32973233510256
139.4670710911187
140.94684049084273
141.65205829290622
145.6279960559227
144.67591622282347
145.4521897528665
147.92572274598035
148.39074824921235
144.75202864288352
147.41681723864164
147.03606283306584
141.72645760345446
147.12763194179442
147.14240993483068
150.82256683480293
142.37691956917396
147.36095712399597
147.8193301086793
148.56627714177893
144.43270027739666
139.57380853804122
140.01031208305517
144.67349879746496
138.6237203187416
143.81461612670012
141.62879733296737
142.10233590636142
139.35806062939636
145.05387849188713
145.08069407833355
148.3122669566153
137.4516067891298
139.56949319739925
145.31354507114193
145.33119706049817
144.64370345885982
141.36620052190452
142.01740478595852
145.1495297611798
138.279587908919
141.9676952609864
145.9155460193198
143.45842668434847
135.9389746527759
141.94296235995952
143.80329942778687
148.6867865135168
142.92283986794828
140.16302047839653
142.43445963805058
142.51883016239384
137.81063091386648
140.1642067797524
141.67478197878066
142.57900334787993
138.95052372744226
138.45486459407775
138.77391858512962
142.5754631266239
140.98724763134447
139.72162071965542
141.0622452918027
145.19192702455294
136.8201795455184
137.1020063779244
141.5262246966921
142.11113400225736
134.8993587281442
138.51372957692377
147.53513163970297
137.05044984020935
133.2733643216883
142.83873824180614
144.4273231694616
139.02057734836487
135.84391536196978
142.88538640704738
147.1645177266904
136.42651507065122
137.38421231884743
136.99544618012553
146.34637596159763
139.63050876760545
137.4692987105712
139.41716448550588
140.4879636484298
143.35981480042489
140.47872628906038
143.61746954261747
139.8608187551638
140.59735380689352
143.6709671215186
141.27487915289913
143.56563453250692
139.25374936823582
143.5091639363882
142.75256620804376
149.30220288078476
142.10889907887054
140.52617943138557
143.93343046849458
142.04424050668882
142.8438764723216
144.73064014337885
143.21792155112192
143.21508095906697
144.8338425666626
140.65679558640582
143.5165490088101
140.71926087041157
141.0547370079939
137.29392910339428
146.86934096360875
145.723902869799
135.34708709987288
142.15800485808543
141.8333298794519
143.42678151771923
140.10584258872106
140.11499101163318
140.36751036450084
143.09344681952126
138.9091859145974
139.73891925951284
143.7378328862477
145.38260080585587
140.61005158342968
143.98745006428567
140.4680070786987
133.85660556727476
145.04510686472176
146.33181459484626
144.05034396654352
135.4640698326342
143.98867154659308
144.10996157118544
144.02381505911876
139.76551232302666
145.01143456427698
141.07022062553438
143.34271012150657
139.5993311213505
138.37014556134775
137.3534954084141
138.19510538553357
135.99006291392996
137.6323786526718
139.89095140691427
137.60436306722897
135.45294391274547
140.40515797176948
137.1426865740922
134.4666276271825
137.146057111548
136.91224680446408
142.43165879669402
143.12262606776437
135.54355672383517
137.3566358542123
136.44307549278057
140.0794483428151
136.52383321660784
134.83166845757546
137.8426899548793
136.45685155482536
133.06492604288
132.75924570187019
136.13507071226397
140.2049977709275
136.46261712059504
138.19581451580126
133.9365560264368
134.83254810177766
135.9816528521427
135.28633953842157
142.51148263054145
138.37354259333168
133.5781254400798
132.2078342236153
138.14598623993103
140.1782353242696
131.83299526790827
131.90877946785326
130.14839767790963
142.2024795699244
133.98002958974428
129.47852838922157
129.48246268396417
137.3480262763978
134.21283392922095
128.80914544455237
128.42029691011405
135.81022676666385
132.65047839595692
131.287189520235
125.41833876641026
131.91902107558252
140.20568650880617
134.95917787161045
128.50558288983845
126.09318504293405
132.39975795065405
133.70199822715549
129.68419709868914
125.32741049064461
131.83051598151928
132.00977547586496
135.4339130502547
126.72092704258445
130.65310929990565
134.0643383663125
134.3435823907498
135.48080215872884
135.6789815529021
128.8117523865358
134.51544586581326
137.21427393408624
136.86992222328598
130.89190527823314
133.07048216353363
132.99350539410779
132.186727659002
127.35214147781802
134.11479533371238
136.28301626811879
132.76039568232608
132.50250762212048
132.21569867021623
131.66282196257598
134.57678875339363
130.49817355657126
129.17949792256405
133.32701447977988
132.05440117409628
134.05306556266842
136.32649454382852
132.51272843197944
128.69590718937235
130.45451249001394
134.52383120235913
130.24307788932924
127.77515024968935
127.72470759261192
134.91686478098174
133.40325361354476
133.07276403287207
123.99612607753187
127.23275507415073
128.70194180202975
130.11211945179465
125.62945070614356
130.09488821570517
126.10794141622941
129.2340075895482
130.48967167622772
131.98576860008893
132.2143049518082
131.8312764908949
130.611510604782
131.36832970715233
127.62423002366796
126.9071637400327
126.08517362499065
130.68688165966844
129.49213241556185
128.4068496115115
128.32521090989474
130.6386522674803
128.27964222425405
125.36577888917878
129.4594635706336
126.52674258904781
129.88866756351933
131.25825548848678
128.07310919874718
125.75903402120825
123.05639939713609
128.38808248809426
129.5081948086672
130.27586839779298
129.85668455334724
130.73459791085605
125.12934839885915
127.6831374465999
129.40584579994618
135.52301605145036
129.1000126304849
132.118771907317
132.90630790861863
135.7943899056219
133.11269342019443
126.913519121414
131.64597600768278
132.34265186312865
123.08106556666306
126.58544535471465
131.52093932416437
130.242493579835
131.56885473945783
130.97636757557743
131.59004771524636
128.91239068938972
128.17235956471933
131.04422560197096
126.77511319846182
131.2011606562241
133.94171327462612
135.2248344016389
130.7977581283214
133.525071652545
134.66275796800664
138.99541076449646
132.03752550026817
129.53946731766666
129.60807568501642
133.81395091480172
131.83044746544948
129.8198801107333
129.87203967160553
128.85253995337695
131.91343342926652
133.9303735400354
133.44421705588132
126.96317861328978
129.03215587609446
137.7616211532921
131.13067533608154
136.35353314109412
137.04102682721484
134.4005159390468
128.71189080165652
129.74982394945914
133.75128887067112
131.26796177692376
127.28077153053913
124.60908282467732
128.1805233324771
127.28257736686241
124.01024885247429
128.45802234366022
130.07359825428986
135.99191890900238
134.59926971958237
130.6524343823249
132.85605012502947
134.2397677362481
132.7109742003156
130.09862581712036
130.96398353281484
136.3649321408771
132.0777897778578
132.9710254940016
129.30473151047852
130.249688215948
128.0079877746476
129.43017731989994
131.0207908676823
130.1017768401174
128.1053980499407
135.2776493307413
137.10446649692264
137.6689085655246
133.68146670412122
136.39347588366422
132.98993919971417
128.63340197170237
131.4047637147432
130.3934724664322
127.58832905144904
129.52862020577857
132.4614570404326
131.70078768776943
131.34815824971562
134.74172592725733
132.83381096759524
127.3748605679761
128.7051001232202
131.66982193394315
129.8720916603271
127.3325224396257
135.24089856633992
130.4668980666612
132.0990247659407
131.3293315929436
130.56391154343245
126.40687860717793
132.72279483222704
135.89268527858908
129.83417590324905
129.7095638387929
129.9864880217229
134.59312876543902
130.57839943109252
129.75913172248409
129.41777074190188
126.9603974376271
128.81234555424436
134.39890942289128
130.7136820427652
125.65970961031691
126.46928444037425
129.37968214733723
130.66235323036167
131.63908604400072
131.6040407493332
138.42347703691925
135.06661806324146
129.9230988833365
134.86193844071732
133.4752285694389
133.75681414217567
129.3351910489581
133.49147512698804
134.26999364322293
130.73179493277908
126.63986243889158
130.81202183473297
131.1080736298778
129.11902919112512
130.80648939815208
136.13527346295467
130.14288188742464
128.52990910380126
131.95235558730514
133.85866021354238
128.78446149752747
124.49720566386753
130.54588712900804
128.4349180120796
123.5337059963002
128.71439144479143
133.3836609591372
131.9329820213648
126.43770963901434
130.51259748570934
128.40452876829565
126.45784476057355
129.07591527077125
130.75817946283232
129.43055823927702
127.89850433346882
128.7873880112296
126.4462451895688
131.35608139193883
125.38948643419529
125.85770223781562
134.10918678190293
128.7790274322628
127.42897838259148
127.67870688205625
134.01620031754513
128.69674682375083
130.12681436896534
126.06399672801813
126.90129698316366
126.77336223294526
126.66504717952303
133.70246530377014
131.27962716660798
132.75582902904299
132.83787192282966
130.23052542673378
127.7138102260301
129.90295715317816
130.5118075317546
125.82413321271662
123.64763808065801
123.60118525860767
131.81573481531154
126.80779107811225
127.65222820392526
127.5671284412773
126.94349376139525
133.28382561291437
127.34226943627164
123.32217496419017
126.61868276274669
127.95473972421487
131.25383650059666
120.51683431513207
123.87683875579226
134.27859908434206
128.93502856727994
120.90097819532009
126.8452468561129
134.80105597573086
127.90409867493952
125.6855867979319
126.05833270110627
131.52509002946107
132.16177471201252
125.48207813259447
130.44717930067804
130.23291238877894
127.99500648770261
127.32927875723846
133.79209463664637
128.52238776555328
127.45958948323175
126.13435901819098
133.6342468254456
130.2454498885804
123.53833348160578
120.75454804573056
127.10296972505517
124.67223982084833
124.58759359298172
127.81726634673028
129.17112235448707
126.31131764184386
124.32443659786048
125.8857130387585
124.30697940093505
129.79648908222566
130.7458568582348
128.83499681023918
126.41206290804224
129.7700701164141
130.7441743703853
129.4687049190385
126.74820755672926
125.36883134800621
131.89805629967555
129.1614876311317
128.3196284869839
132.26160633094176
130.18794106649787
127.72440430791252
128.01104390815397
128.5699544656799
127.56957258157307
122.14388289966384
130.14035250339964
127.82823139354103
127.12470030955282
124.11402735586503
130.1962062368861
129.1591422236962
124.64083849258026
122.34840817385165
130.35450743039357
131.85757832007567
127.50949896953924
129.21972277723893
130.75038490894153
132.23570310785794
128.11998201713584
130.8434166907449
130.19350666099388
122.57366949446246
123.42771488575283
127.19870340739205
127.15970445314426
123.29311300238578
124.70807955822883
131.67026892232101
130.94017746543196
124.13438388871855
128.51102933779552
133.96368049848834
130.40013444707628
126.3335369452978
129.8253270241139
130.45580154364373
131.16705557976806
131.00188191845015
130.19891124934486
129.74283369015896
128.1763081657869
131.70820069413705
130.04896680455818
129.294296283473
128.12045864700957
132.14059931518113
136.78292300885755
133.46286249893785
131.1005720809249
129.38495170536663
132.61907154738935
128.48059390969345
128.3138972564719
132.87674329857208
132.16356878231485
131.06852888598573
128.96551432418062
129.54917314059324
128.92124615531924
132.67741151290554
130.59604774310247
122.16417121617691
122.14970623787876
129.51597479556676
131.75721115595678
131.10356022563346
126.99911207885158
125.08014283017494
124.99794660094463
137.00400044072273
132.6440370477154
128.03810613301258
131.12629931706138
133.82646338520613
133.2595235992723
130.6840243002366
130.47589553007737
129.00548142172156
131.41890759641709
135.48039180462195
125.90097313932696
127.51116173544143
129.58761853707838
133.8541395765814
131.4981380656305
129.7227735539039
133.81499479300953
137.52782672970432
134.31652545546035
133.0063977249558
133.45859002934944
131.2418152883436
127.75580399810411
131.57848155082772
134.00716443081936
130.35899971964048
127.94659902802901
133.4405151489405
134.00720629541095
133.22908056251498
127.79889415833156
126.23890895997305
132.95378627478692
130.32755548631437
133.65649791482792
132.31597479111957
130.0049968347188
133.99067995791583
136.089606927586
134.08820225660915
129.2973773804474
130.2457982323923
133.0203607374508
136.51455739557662
132.12892745967986
133.28203125341034
137.14254823095624
133.75430942074013
134.8940933731962
140.07017763648457
133.94929859653644
132.0928583050089
132.51969289405167
130.63538434100388
132.05571600511067
129.89424134398598
136.0634540396036
130.40496091093647
135.3091601257968
135.63877026152915
138.08761274317786
133.94713021028926
126.73763581696163
129.52570487528348
132.93842004556396
130.77625755231244
133.948150016579
127.96928049657001
124.13191451722996
130.4640535966539
134.2299851321056
128.2088226392911
125.71071067092187
118.7339322405139
129.7008691928209
129.50644260334272
133.78379135023965
130.87075573604088
133.58394111222674
135.1523700877334
135.21796735079582
133.82818213381907
133.66647083937406
131.7930887008381
131.1886131124359
129.64393395275
130.54097643208013
129.66204480066273
132.5880708318042
131.52422144490833
135.56266359141873
134.02991335007493
134.63861033966776
135.89712246135423
131.63460400358417
128.6639019834501
129.6047274418842
134.46035074457376
133.60705960094234
130.41160186348657
126.9025310059291
130.78885958654334
128.29308631896873
126.73683201869775
134.5168106815345
127.31742707134265
131.65865641498985
131.79767713317105
128.8251160260162
128.71062399252708
136.93832677794927
136.61049918113184
127.82985392529989
128.5569485387079
135.06273047804433
133.81202747213803
131.25025468211967
132.72257872513106
135.22778954196264
127.67539514774188
122.40293973791697
128.10659053617468
132.17208965895918
131.48856847475693
129.5866321644342
127.22143997761543
124.04045492703061
130.67505360003966
125.92833472381835
124.40861575067804
129.35013523536958
127.66676591209816
125.3376518097139
126.75681377307461
126.06719228059
122.26490643986571
126.26552711338557
130.72757320056084
129.7984202798938
126.68741080237119
128.33624309713653
132.25419079003495
124.3101596349886
123.29391867159589
128.2828282568599
127.69721650408432
125.64693857227013
126.36030403577948
134.128303280759
131.637111443462
125.6349662687741
126.12324532015842
128.1784280156266
128.37995823125195
127.9064248454115
124.24508160821117
126.7553941876108
122.28749924964904
126.67382850546747
128.63048884747658
127.88055442716764
129.33332730701187
128.0268448866051
125.46088919616668
128.043274396861
129.89965482644223
126.19843056449906
129.64247094044072
130.93760314653028
129.07623763798404
126.86834723001336
126.90839175912959
126.58804528161836
126.98833704040877
127.03580581288206
124.8180720943804
122.39761444223892
127.00632259746172
131.5850051650838
132.0282369665195
125.53786146790054
127.85944987371803
132.87441597952005
130.63313797826456
127.64551716514693
134.11570868042548
133.5431344151146
128.566226551681
125.67608302425403
135.2456679070616
135.1954071806644
132.18175716180025
130.5784817436822
134.16788991179874
133.08792626341736
133.17589669091885
127.82269844044542
127.5600722669762
128.19078744617573
129.18225079216737
128.63876953934374
129.32191643201958
134.80037478771334
129.37631606000932
130.68153027504778
127.29397628398969
126.46951591121648
132.9031014612519
128.390196638651
129.43693004277822
127.19241158921605
126.13402581101062
129.09682763919116
128.59685290032664
128.6348490233276
128.40591721689302
123.16847509016932
124.01655002857126
127.1865380319277
131.6360996195341
127.93420388203718
129.59794619602272
127.3437614607102
125.57754080375489
131.0293575071346
130.57928067886357
133.76953810651722
135.9035884603819
128.620655869451
127.1520376500658
131.97387853114935
129.43822270508946
126.10259043404027
129.7998302824594
133.02399305440866
132.21867466974678
132.3145103763424
136.39223273318973
131.7104183986185
129.92792654763204
126.47014758343903
127.16537047772326
134.51000164317833
134.37465469138988
127.3761141417454
130.34658990132775
132.73724712051887
129.24681548028758
127.54128808414607
132.2990767698836
129.75196276582523
130.4783206864106
127.16976188708894
128.01249179152427
127.93101571102801
133.10874189884873
131.65876992048678
128.04695699025143
128.75363567249053
128.187551028686
118.8601932178701
124.0049940242587
127.81101956411541
126.06429941067898
121.51610787929093
127.75736603165194
129.5050951842943
123.97724815870937
125.87226247444396
123.49948209061975
118.29270700666915
128.3705781996275
127.31478179928482
128.2858126168311
121.95980070454397
120.7505580102911
124.32204939819398
127.79597152451387
126.29885468185412
126.79247399775815
120.88337082113269
125.62993765527413
129.6542750293254
130.46075735356035
124.27724920752259
122.52633433313251
124.00327568129595
126.48896445886146
125.8685531650781
127.52766776424124
124.82646991716098
125.82954429057351
122.46177413684005
125.90547833378291
127.3160707071514
130.75705673931233
129.2484149809079
123.65136783409407
123.1549178375068
126.00055660238596
128.43831192605393
126.41047896922782
129.7548205372849
125.17648240040158
126.76011803542562
126.54260843679815
125.46204417504585
122.87840337885108
124.10650679561108
126.65759329801837
126.38216396240294
125.20417589099026
123.97359181953664
122.30753501013507
124.06619017421885
127.33109310941043
127.04269028557155
124.05215085511048
127.02417701575425
125.40658924153638
122.97026922668921
130.53324589484708
127.59904728519133
126.63187406495203
122.03756996386458
126.47998151276555
132.13415917531947
133.03793838689754
128.46856521552925
128.52938024295472
122.29291711383263
119.48346185025189
124.04785692076952
126.22809965659529
126.06649455159629
126.99372588652132
122.5726582699918
124.59948658748631
126.82489416886318
126.13268402995895
127.66784579174663
124.74652230887862
128.2818581100493
127.3427303289663
123.0139651650453
121.22582496897641
121.50076433572296
125.7397791233717
121.4387997995556
122.92013409769014
124.2314622924649
121.22717042609709
120.3488188349882
118.83195122376218
122.80413085773142
123.82842320229585
122.09674549034371
121.37347031499601
119.07580517657908
126.83870968449341
124.42668292075058
122.97191203186118
127.06903583778698
123.06239252325439
125.87079566115328
129.9403957362528
124.56454200100441
122.56126745380958
128.80596242362634
125.76684952048258
121.45268441118247
123.70896798745316
125.14925287693467
129.36571272530904
123.22318293511216
121.92878249053439
127.92226949349484
130.03096010016048
125.77212950110061
123.11518698188385
125.55407719812509
129.53677049589388
132.26418697254587
130.444128344794
130.51184012729257
128.33350149854468
131.27380141154848
125.85735201852556
128.58658240963368
129.6147556038695
126.01890115532497
127.23400621959937
123.25931194618795
120.34941349824341
118.1789172839015
125.72202554709789
128.3963545127242
125.79049284447045
126.3403495420207
129.27472060867473
129.38578467415525
128.8984387172337
128.82936573020675
131.4696651376081
125.3337998049019
125.56694356181254
126.54652573875224
125.82200152923059
118.44913896214133
120.84740071639315
123.6460941869518
126.2038376482611
122.48582149979535
125.8775036731478
128.26740229218672
127.07267214184466
124.16125640743856
127.17813338406636
123.41314497364964
124.6696983952462
123.94381793064808
129.16154966083627
125.5433780489082
126.19481322889156
121.40577238502621
122.52947269037546
130.37013644000905
130.75272891356448
128.69415631452364
127.04446743941806
126.3790008338785
122.99314003736625
123.61691588670317
128.68893602713223
126.00715277886701
125.82307874634527
125.6699109432005
128.86254597578247
126.5140222672008
128.80796623314382
133.3200238014019
128.58622157920297
127.92154863937277
131.6423856755201
127.82160277739142
125.42896910589738
122.73684903322712
125.43280024009107
128.03429044515843
126.75963340771072
124.27357789442601
124.36657795518471
126.6196461856813
130.78024991047158
127.98039791677894
127.43809731729306
121.44216641553437
124.58144305068156
126.40305552246889
128.9621532520023
123.12281157951877
123.42525207976131
123.49089714565221
129.3577114944144
125.81343806981411
122.32216016793332
123.77761286965767
128.41173872320417
128.74807362888808
124.92713074099207
123.26580514000416
130.47403842312622
125.60531050052387
124.09132425034059
125.70784808294093
125.33791336392062
124.52941817716713
124.53276354509481
126.27144267835203
125.93065297496716
130.31136597381476
129.6408383168261
125.63593047987497
129.82209699483377
127.86136844291624
133.83874459028235
131.28635164606243
126.48126248782074
124.62918802983921
127.02769463282293
126.29398510193933
128.03993338857595
123.6565366274415
128.20289176627514
132.13077528740266
131.65284464498143
126.78763934343722
128.16468740695007
131.21656262665863
129.68531631588112
127.22600324217063
127.88336851304435
128.85408736324231
130.98585038335506
129.7672229400927
133.14408923880228
133.7906267490655
126.97909637176373
127.16019311224767
131.63615157314916
129.55341871165956
128.45325208900158
125.35616423848107
125.56790891005392
124.56091533781851
124.55306188702981
127.79447826701563
130.04041288965914
124.20417984378506
121.78666898392345
126.09919648336825
127.74058909956563
122.47176667066074
123.94749302187743
124.60349424608205
123.26969341715669
117.99351043018956
121.87574970505543
123.95492656394312
123.52172798148122
124.58770992167217
124.6559743517416
127.87771128167292
128.4233495325188
127.86645405782609
132.75123309109594
126.46624624592557
125.70752687296668
120.38563363461857
123.99377110981006
129.13473077778352
129.9221750224471
124.93658993196561
127.93259914769486
127.32639632363627
126.15799422141222
128.19827599759628
129.66245412608393
124.05501618496277
124.91759416348174
125.56540600941712
124.45504816885044
127.65758672579359
130.8180771223759
124.88223735639309
126.74083732090776
126.31248744249962
124.61186458294347
125.47235487479034
130.69553561465855
130.26359329763287
127.0025928504849
121.47911437763821
124.47967156456284
123.58976038745283
122.59839968706055
127.11055442663366
125.20129504890643
123.48606564415775
122.39206535818063
125.33135631531488
127.00505756218519
125.03174378633756
123.98787415407787
126.65018028410506
123.16879770858854
116.57049485053354
121.68544970585371
123.64317577044196
119.36000057237032
115.53688198546119
119.91817968729492
121.23101315530455
121.88762730652746
122.78911135832364
122.31894101610771
127.20839236696018
122.00977088233596
124.02910782572509
121.81836740107846
117.75394231759284
118.07765723433198
122.50380197012952
128.19444289575316
126.47659259759024
122.82343758003968
122.79014844974743
122.8992230117714
127.00948571327166
127.84253483740126
127.38094494558531
126.64970606323998
125.8826960775491
129.8514807800517
129.02303132272252
123.61742215439146
125.73517670958316
124.57170629060991
127.4378264542768
129.2368641613296
124.57510373458406
123.42449389300162
124.28828931773636
122.08120649202021
121.2986965961058
126.00071287128996
117.82705966735737
122.73420690172645
126.77717765800688
122.85339081365186
122.19700236142769
126.32963016035009
123.80069095294843
119.53140282719338
122.90782981965785
128.73127490996046
130.44840860153704
124.32011929708901
126.06716260161096
130.77407266536665
129.43942526275583
126.5514075934421
125.55591804222814
127.77671810641438
123.86030200069736
122.70354215810195
128.02252196624198
126.97403244069643
125.48821106082653
126.21351669760881
121.27246037884949
125.42929611511182
125.79896646700155
122.46596023469083
123.64628509945916
123.79485445134229
124.26912895504773
120.97317940963893
121.45046240998585
120.90078837751852
121.7426766621109
119.45903819865485
119.731864190992
118.94459145482212
118.65778374715487
121.92798123536821
121.50525823314477
124.29897204139735
121.92034282107444
120.46494811004567
125.13593307238125
125.12378217684716
125.26578299708014
123.87126419014487
125.17920949924819
123.70813447194315
122.42546350580669
127.90351053701241
118.93291726253163
118.41880465968963
123.78387832104096
125.28103132215965
120.29089226091574
119.07086953258253
120.28989367271024
125.8891581278777
125.17945204410258
124.6540995428274
122.9279541092424
125.01563087028026
121.94425604749799
119.24622178450852
120.58146598822049
117.5283920523501
119.41722120739567
120.39844019168231
119.02438039656539
118.7494286291112
119.59089646425048
116.89580935984435
117.90988151970157
124.5518377430888
120.65395019056777
123.27582631554105
121.26474559639578
122.07419931799646
125.15496061877838
125.15876454195688
121.46595247660254
119.25378085870274
125.67234880682703
123.37239339705575
119.13402804617218
122.51926984246002
125.04542725109616
126.57794762307556
122.43417857149683
121.31744443792923
119.96675808991786
119.33963472372646
120.47399760936776
122.69535845330998
118.94112629778915
121.08965396437056
120.53569882151197
121.27559210417989
122.77305806493223
114.76639994474826
117.78559220606556
118.7726730222076
119.94318946479436
120.91067859884163
122.3819999384712
120.95732237318357
120.14139899792714
124.34260827181461
124.16986172861543
123.9517273603483
121.20216222608339
123.96434405615801
122.58511333543802
124.22004576024003
124.28124430108657
122.1277878041371
120.83464235707983
123.00913351288865
122.4772098641011
122.00205266390063
121.76766457616164
120.186803579754
119.42653484513502
120.31700961870075
124.77693359735052
116.69037092031063
115.85903069755231
120.47581336010046
123.49034893906621
118.30249525301764
119.59389237668742
115.2342053920573
120.34321499153042
122.78978955195525
121.01836981236887
120.56124610751493
121.462780976243
119.17700018636786
118.40621751169745
119.59631031437584
117.20228743798809
117.10589017443007
120.85303985237142
122.07964764383757
116.4957116358363
116.91789468242467
121.04821545335182
117.89805954802999
119.18422915548399
116.02099621316678
116.15201276372247
119.22361530771981
118.277989343175
117.07238540281556
116.03648703237785
118.16255072710219
117.95295387214198
120.05527425247521
119.01294033943162
116.69117847399903
117.36487277416094
119.81062295430412
118.37524394657588
117.87342693295233
118.6335607106279
119.26642083020113
120.78446290663294
117.21844034318771
121.48638988408001
118.59948067416157
117.47092835656775
116.83118386636262
114.8275552435251
115.56357277065523
120.29965861398296
119.95815047262771
118.83059420998683
122.20522145531567
121.33522274940886
116.92693289542032
116.4209521991873
118.08629549674312
117.4579619255326
115.49631141582415
118.29274722424165
116.95210504049835
117.42360505295647
114.41464295004829
113.14933450401226
114.52291439480834
119.88688277756195
118.88215017831997
113.92978476838944
118.1648827685565
112.12113135988379
117.24448164793091
118.53370073236272
117.03591576539418
119.24455006454002
115.06486234115731
113.76221433040729
116.72163140518165
112.90644811919064
116.20490303611182
116.001169034501
113.59375518193664
116.8486746339251
119.09645529573729
119.00494448533395
116.83820703618416
119.81247006226498
115.80672883072297
114.57608016168551
116.44131009550387
120.34802960513167
119.1209654161453
114.95274507084811
116.23603446557216
114.77815758469833
116.5229476846023
115.35596374778652
115.10067383190815
115.36808861022764
113.85318460476934
113.54918851766978
117.12979812353805
121.48194406468052
117.6467463829807
119.70568724139703
119.20285439570667
112.76163394414165
116.31335940426312
114.79818166601297
115.34104840807369
115.40486094928181
112.19567407341988
116.32136863125008
121.25517178592507
115.64060198267718
113.85677454421628
116.33034478738382
116.14652713755409
114.18227751918225
114.71433931488482
116.804440803508
117.41797690502132
115.65684044945141
113.38282889369007
117.02204980139773
121.64662885409317
117.03729267855994
114.31302303170877
117.28936231680176
117.4723867504609
117.1376631500883
117.00354201933818
116.01511287782931
118.47120425785513
118.94218144094334
119.22127841389337
118.01627854661889
118.57248409847318
112.94805934378634
119.58463763462183
117.35873920207301
116.54288934933365
116.46562182504753
114.76046759631579
116.10795053619253
115.81611423386326
113.26946733266867
114.66575675014914
116.1275100345183
118.60368944622621
119.64704363664265
117.66696469332186
120.41686267785136
120.31530975645632
117.63105246750376
114.44862396504477
116.01911129944041
119.28566505709107
113.151395426506
113.50283217272609
115.3543646016757
117.4240198701478
114.92023354664998
117.60544408282644
118.55864274478928
117.05839738229768
117.16143298551371
113.91015668980447
117.10040993287721
116.56444358044193
118.22277998003273
114.9575819977497
115.11163744043739
116.0206740171163
116.6896786256315
114.64870170463497
118.25364120904305
118.91741210306216
115.22765545204521
113.99931353646696
117.1242614315953
114.18123445777002
114.61987555148991
113.85565407690117
115.96317827560961
116.80926107031621
111.70448751666545
115.27891599254217
115.60999503363719
112.73841059858447
112.78186231486586
120.08448850624845
118.64444556898107
116.91241602383215
119.11603915155374
121.08205558477752
116.91517676439112
115.58846880127666
119.51219144374299
120.77698952627726
116.34324713174836
118.90521136744879
118.38225543868649
114.31525112233828
115.60120077887467
114.28328207160132
117.1566937042742
114.7344949668839
115.03740708330584
118.55282079525242
119.12664018513885
119.59487677103063
118.79637012913321
120.1764540439488
120.57002693169288
118.11216493456523
115.13069229348926
119.3916451974375
120.68324325297344
116.2318723513127
114.45157898862283
117.49207653431604
119.59103898838346
117.18073320160565
116.37623083573227
116.69822096654687
115.13718708642347
117.33941764940184
116.28425643781175
115.69908519875018
112.6704835297226
112.86790590603228
114.76673589725888
116.59868096278197
115.25672169149097
114.93988982342692
118.75730949607379
111.98028542262092
111.59607509394729
114.78480456007641
115.11491825690176
113.66971431953226
115.30927427608886
116.28329236148757
116.79047591639234
116.19227103157391
115.18737538686797
116.01684816545679
112.62071190865035
113.33303471586714
115.66019354814631
114.6856936761431
113.79523627684549
116.12457124653713
117.98139771803906
110.19298932357364
110.37144841931499
114.02395684938904
116.52335904591709
114.444945308449
111.91458596251927
113.80746449655788
113.8715272522427
113.80013784394669
116.30777052870074
115.22724462826368
115.41657021614381
117.68061728867153
117.6918370137082
114.28621841749369
118.34421897773471
117.47324211144401
117.11540265974418
120.68194642717914
118.80008211690438
119.62876252974188
118.44208229886429
117.3512338401322
121.66722274915892
117.04846329561268
117.83059408107226
114.16060314010129
114.21015727012913
114.76578130395013
115.59948187790815
112.78067957107083
114.05773955117839
116.36900779367326
114.30099311928132
111.52422363858405
113.4982824503267
114.62121109857979
114.27847294308805
116.29014646957177
114.109948200367
114.0317164130972
114.73000460337813
113.73346793186985
114.10629016444028
113.559315899202
114.27559686843816
114.82492317056924
114.47939063192163
116.39796163002778
116.20126859757005
116.69896824122557
113.94293931454052
116.86943829853452
112.45879772889846
115.17202078284961
117.25472796556026
116.80732438817566
116.49153824582629
116.48921835975723
115.84798259573321
113.9612555022541
113.99785367397642
114.29002541204049
110.9652008650358
115.17567639294748
113.18757358934097
110.56004107596597
111.15042820473768
112.67215884434044
110.21827817291874
111.35311114076089
112.65106546014452
113.79939982704934
109.54407870654049
114.0751651468017
112.32795132599516
111.80491753088322
112.85096926801727
110.62791189311753
111.46388507682929
112.5411975292418
111.37631148483226
110.00392408250525
115.78182200181163
112.25635061080592
112.36444063508549
112.40209032442785
115.074027383626
109.57414354336736
113.86510774397163
111.5920332854608
110.95715955645676
113.28792488167768
112.0706977425034
109.24259861312152
113.41720259863202
113.9935825594131
110.26165202948658
112.46189044876154
111.03492727762986
110.70184275008495
113.10606105473764
115.5835589942884
114.46334936497558
110.04950549422533
109.90056677130484
110.89931281852405
112.31575392391395
111.35375369278918
113.55615950366571
116.32289521102055
112.48124278270622
115.45294727502875
115.50756193641558
115.98831618738929
117.54606355768439
113.80120377376767
116.5817396996565
115.89410144481477
112.76765815741659
114.31069086123183
116.58394410295583
115.46060949532848
113.76277229576758
116.32234327573758
115.7476365515665
114.85992688267548
114.86710727912823
119.3756762682111
117.4756340012224
115.98886958004753
116.49435392404757
115.92241940928503
114.3374240466869
113.80065560358054
113.42660372211681
111.18783675394916
112.08290942188577
112.95865153312324
115.47422879034846
112.4343003559763
113.74029437544635
112.86903169383498
116.40505524241074
112.96951747255014
112.74278007695894
113.09424899889095
114.1794777786942
113.8267409772148
113.59481511408644
113.80190568072823
113.4636861570709
109.67218813155374
111.62137381283195
110.85928531805898
108.22991962497545
112.06051349297083
114.38023488712685
110.28041922851835
110.92051656261155
111.28838168081627
111.48414190778391
111.93615978598896
113.68639521946874
110.57346884939896
113.07960403084574
111.95444833970745
114.45057110069975
111.37425224076897
111.08546570293773
111.04231016850405
113.92005549290569
109.85205175319491
110.6567522259535
110.32738180453919
110.47575211951495
114.33773134651048
114.23744490943677
112.80600702623326
114.29571540953793
114.44906648824761
113.51497162810763
112.46644189383244
114.22754016596227
112.1116877856808
111.75467308200828
111.60640632310962
109.25649617469013
110.42249424675903
111.42386655152946
111.00280320008584
111.84286275756182
110.99798687833118
111.53747558207625
112.16855601628225
113.61347144676762
110.33186474224632
112.38188125397737
115.9127895093316
114.33121341313213
113.97328557836254
110.78481733352339
109.65813489765462
113.1017544072801
114.23015592565947
113.94802701567481
111.93162763357883
112.46653690760287
114.90350657220083
114.2985989784349
112.527390622944
114.63787449977409
113.33126719563407
112.97664650537736
113.71309891370409
113.85598241224275
114.42352138646096
116.73911494335418
113.9514051054869
115.14593487459467
113.02710279582918
114.51431891519796
114.55662669160017
114.1664480772748
114.55673793627837
114.2697826627224
114.95177544136317
115.9500398331006
118.40019436899428
116.30842134057133
114.24184465546142
111.7192467206472
112.80569887949667
111.96257209290643
113.52583337762185
112.38555274470363
110.55917177672204
110.46810524007203
109.75375665685188
111.7663405490851
113.07362618124995
111.11439500320415
110.71620509138218
109.5612008237653
110.44121854176232
107.44268556060992
110.65700414428866
110.73142464633248
110.22018835303294
109.43185810129776
108.94503823921245
110.08914832440249
110.58693780409351
108.72147111220028
111.57821618217731
112.64129361379169
113.41216354023534
110.72701857774562
113.0679303225105
112.95864048376379
111.27924489286666
111.48479999651894
110.52457400163601
111.38370955516697
114.17937999756832
112.16617899476874
113.59876546874591
113.73571618290052
111.32820113378357
106.82399811760024
107.61811436172866
111.91744168028104
109.6205321142064
110.67839006620802
111.19384966167826
111.81364618542945
110.92830040231809
111.50866346386596
109.59817857524642
108.42439105759443
108.3986938720761
109.92982769171664
110.59242221723096
109.49905150211747
110.32310662450824
110.67269970754882
112.35617062727793
111.75648585622115
112.78337202108614
111.41488431973525
110.97799271274704
110.76016004606245
110.39031348932582
112.36526859009564
110.11635379822157
111.21432588527216
110.03097191836086
110.77017960692346
110.29937999016614
109.4740999978111
108.80914671342998
111.94408638045272
113.64291247454436
111.14625603809165
110.08614738362121
109.46324534218788
108.83191506019354
110.10146503354181
112.20647261690414
108.81415111616545
111.55653630180092
111.41866511348115
112.50717903175168
112.9196749541146
113.7714461696366
111.09045160534482
113.083443969164
113.83941204600258
114.15809377659997
114.60557753421068
111.63287786805743
112.1749832126423
110.94446504552579
114.51180705478637
114.69068894380715
115.10572422429445
112.59998355192175
113.73056739713749
114.71756593822795
111.54456707508
111.10082695716724
113.54378837148444
111.86682507427156
113.28311953225453
115.38070353079296
110.54746695075809
111.35076797646124
112.9435797525147
114.55861311999251
111.16137392548514
111.02998911126137
113.03871151494972
112.4897865209662
113.47244047493874
114.35063382752935
112.45442070627436
115.0441803250252
113.42155945502728
116.02237540863966
116.22846507051042
114.38254925341427
111.92137591740429
113.8857467770142
113.75163702895276
111.76192652082351
111.711307741972
111.73237500707896
110.36433665065859
110.41920828073013
111.59610760845038
110.4479161566558
112.02545985888428
112.64211997865434
112.53854782514867
110.50486975101155
111.62620942930306
114.59193762722461
113.48828735866809
112.18304775267494
113.96974820620954
114.2873696968898
113.87426136421081
113.74773496549707
114.06928791898716
114.97086005775236
114.50716914459946
111.90245919346924
112.79758297752261
111.20765167270494
112.28666316468991
109.76365536164958
111.01897318752118
107.55946636601129
110.11067984205374
110.18717107585736
108.92938568209253
109.59631333722353
111.13882667541642
109.9118539753881
110.08823176611791
110.4923660334155
109.28910364009384
109.9445918675544
110.36135257757205
111.17851228466857
109.18111705329589
109.22435782634282
109.31538354550841
107.94272904623041
110.65579207775208
110.5254641709393
108.45657100960476
108.15268528627612
108.68507537053523
107.99119417925276
108.03420909182361
107.61149230153681
110.50363330561181
108.39210043156261
107.78127693467489
110.59676055502834
108.27886972857414
109.01230841984106
109.85001999551882
108.96440581560266
109.63407282857038
107.87353088562791
113.06401859102748
109.57988359990493
110.75627636604858
110.23576572388461
111.6465002707593
108.39826663571071
108.44148917615296
108.25039872819929
111.5207743170401
108.28242045733812
107.93671283403611
111.1156162846911
107.43796212377363
109.44517331248912
109.77047753677105
110.7425558406797
109.86877813032021
110.03603328383022
109.7469523676204
109.09253654380679
108.66088212662642
108.77033085025155
107.1862070195522
107.71665686307084
108.25376388077142
107.03611411307875
105.70342777263456
106.30351872287888
109.43452961089315
106.75773809594698
105.89399721978862
107.10579847851801
110.04102619481105
110.01998445710414
107.55999199327816
106.44675100515275
105.61123252826306
105.96735412646005
106.39548886915472
105.17235388942754
106.24004433861941
106.61446559175438
105.69348131251199
104.40059303517039
105.95107703544738
107.00876129651944
104.44768582360257
104.90408565595615
104.88019534292147
104.60527263671622
104.20685823085387
104.74193088268301
104.93497385162657
103.40348746605214
103.75024967035422
104.65720075528704
104.11265031378294
105.01095278562994
103.91937751078589
105.63574523199414
105.33945640788116
104.64223558327993
104.94840537494154
103.44665537993987
103.8873426147411
103.7666851967385
103.9085876793919
102.42985210005004
102.23039222606558
102.81037824959738
103.53358600214233
103.46750848237629
101.36046087711132
102.25491632068152
103.8983300803426
103.63770072084793
103.73455756204613
104.16522125425291
103.9425217869864
104.0631112899655
104.66412806646682
103.56449809381458
103.92902310361453
103.60378511538744
103.85049105614794
104.25559953465505
101.68462749539044
101.78640242713598
103.7614349992638
103.34755448408825
102.4758341971576
102.91800875747758
102.61560830049366
103.34622752612451
102.44523313347257
102.42400936784087
101.7253896348704
101.8129699869774
102.31383958919919
101.62914095605663
101.50254344638626
102.50413028471525
101.50576501373895
101.19249927974191
101.30033635462573
101.47801247806088
101.9222358386013
101.00183744673146
101.19948577894134
101.51577182497932
101.50093598632976
101.70688350915054
101.26852308402783
101.36211948385505
101.20631260645295
101.57171590290221
101.45343259395126
101.39627226791761
101.07603984587534
101.23245671285906
100.99105241812576
101.13660865789434
101.20070787363714
101.17631393520685
101.48735724132479
101.37033289506597
101.2397163803814
101.63247146264844
101.87001146922425
101.4270948210271
101.63182655144544
102.09270085586358
103.20116694131269
102.6389457390429
105.72797250201626
110.98653506689297
116.48825096229677
112.13327576592755
110.36895524666626
108.2490345092259
112.70107039048168
115.77923757936802
111.32497908267186
110.91061169390507
113.61469876116776
108.36726966088095
108.3836658540882
109.48641520435231
110.84744437458473
108.94444907163899
107.184113816639
109.20457345295206
107.8698598708434
108.04666425412324
104.53355825388415
107.51541882411058
105.82241299139146
106.64735653348616
107.10407783590259
108.26579436693984
106.57778843141965
103.98491570329399
104.64914078003805
108.2611782664385
103.65895860885128
103.43974873011076
105.39019156938079
105.52915048010054
105.3030121809967
105.09330967746082
104.82253037147166
104.5797075428968
105.0406297045992
107.24958526073696
108.1130366591769
107.00370454422547
103.76087869830683
101.31760581324846
109.40461931812227
110.13823204494281
109.08657596058758
106.51073883002064
107.24122921653641
109.32043603021185
110.79499506348904
111.01131979484767
113.83798276166695
111.97511276849258
109.99380323667064
112.58228206211089
111.944304007451
112.196841596942
112.30947137579474
112.71684834954937
113.3280902014263
109.79194798213443
112.89897031023408
116.29440189002875
113.12318872217901
111.55181378657257
111.33708553929173
115.29802546304727
113.32423970352485
112.27963070823998
113.90670840350751
113.65610559058943
111.71032822375199
112.61252902776407
111.22941864337528
108.67377222350719
109.21267358100965
109.7532929394009
106.06412812316239
109.79530061563752
112.16902516626863
108.40168208137658
110.14433234562958
109.072083429163
107.86810934083975
108.86704528895638
110.70319465605598
108.39768689065488
107.28910493932791
109.76430405371997
108.99769316085083
112.01106762934623
115.12203554680686
112.36659614480992
113.5429756328102
113.63413485077693
112.87380461394248
111.01032488269156
111.43421234988486
111.17924536947669
109.73532408827207
106.10709829748248
107.76003418220989
111.65568093344062
110.98030460441149
111.93224971787204
112.25039653102867
109.92707424204245
107.94646697956301
102.60357691895675
110.77630134561882
110.57173413484212
107.03685476168798
107.8750830436481
108.08632133090447
112.63797275997219
112.93154044812655
110.37283717611524
111.68578507182072
114.09426845955483
109.3898253492498
109.41512338339882
109.1837666133111
108.3454086543298
102.10291978663358
98.66928391910201
106.90602438518194
110.69218857178747
110.72779253563809
113.6033686770616
110.72973499219108
110.3619547190184
104.5801918970529
109.22279985680154
106.33472954376921
107.12283618372567
110.76488327699889
110.88271133609476
111.58826776293415
107.38558210952226
108.82750876779905
110.29780995394358
110.15079470900073
109.30933246152698
109.31819919727448
116.25340519110588
114.12343581302703
107.49241097255481
111.40148564133179
109.40675560063173
109.70298937635027
109.80245680202265
107.75590314131517
110.5182519681086
110.54973356717385
106.53442007122744
106.13369139558979
104.69040054876568
105.90777237887524
105.9736988611582
103.60484825708562
106.36954052303601
105.27004314253445
104.49757249508372
106.32079218565947
112.16533405642328
107.80943899115977
109.07859920905463
109.59488252487428
106.318343702088
106.41431656522329
108.76367876141076
108.88151479529085
105.48946072189024
104.83011081877848
106.79961745866979
104.39459528479419
99.99051040400745
106.3594212753488
110.34673505173716
107.39468855404537
109.18071410149486
106.7517663169546
107.84673493144372
106.84320282714654
108.19232037385835
108.87060317346165
103.68908765442517
102.60755595142449
104.22806191352585
108.64042698843583
105.89481937052628
107.05123165484865
108.17005532587689
113.57383176151026
108.03144340815615
104.14963572142362
108.82777971056338
111.36691129768387
110.80538959469607
108.29608551018046
110.7839384958157
110.01399447328978
109.31691891880557
109.0746362071989
108.38641592795284
110.4174254931826
111.29923122831298
107.68941433468423
107.33746414936363
112.69431175783531
113.35062232692835
108.91274535193915
105.89215283765336
113.62744428113086
117.17522628355782
112.15446805042099
109.12293719995496
111.88204116787335
112.84256491237116
113.25087685523158
112.94648002439895
107.58920877558842
108.02194245077739
110.28480197943117
109.35147987892756
107.49996834902002
110.08357160005157
109.48191120188726
108.75897540590326
106.48468402303045
112.2311567947697
115.43187344404764
109.2111028774188
108.06090386733811
110.94954138026038
111.4219387575939
106.96336281420216
109.07918648375212
110.96085728042328
107.99634611796608
108.42793928896994
110.43811395649988
106.47434030902714
103.05368733946105
111.97678904914333
109.93942231897253
109.16310525611362
108.9229149189889
106.76172519624315
106.3339375831334
106.18760636470338
109.48099132212636
111.38780365423833
110.48229046790696
108.84525652816468
108.10557099299545
109.20006449087894
106.36840426290095
105.22792203600308
110.32638924299823
110.55590140975411
109.09079350660205
109.63868112038004
110.30404659493186
106.98786752403217
106.16660821297268
106.8090605567061
107.55644908048797
108.10013814733317
106.8658508623239
108.58770054149504
108.21753519659414
107.61241338953583
106.33886463068791
102.99169702482781
105.4857921371272
108.6930599873047
106.10418659633953
106.33282188596291
107.18524275228656
105.55553832887101
104.0511921497093
106.76494873320935
105.26264531667351
101.85034700479805
103.3808237071605
105.9683661741551
102.64720170066794
102.24200970277693
104.07427708823779
106.80400526653746
107.45140658817323
104.20154267175054
100.87033314982517
105.67952371997112
106.48472973373543
109.97312921301778
111.1426775449422
109.28846825353845
108.22559811395946
107.98956885862435
114.4614362257163
114.67972994057851
106.88457299596645
106.18506453968534
108.21536286165403
111.73035646139012
107.0128995562423
108.92151370041482
109.04806715398128
108.81871012972661
106.84683285363403
108.16542597786344
106.3001599324327
104.56711585999132
102.293992834058
105.24661472046424
108.27873653670693
106.65181217256105
105.73166459988866
107.8476262778398
108.55731254828176
109.48116232156855
112.23780331496727
108.97003529597715
109.23257705415043
111.02742898645528
107.86606727363956
107.34121331614845
109.8351195782144
107.7118980293391
107.50557044179025
108.43417754836128
105.03730272226599
105.27238656734454
110.50717344723111
106.90020777443252
106.98762198538304
104.74635425841151
109.29113577303029
110.36426476595851
105.40670548574302
105.02963796365148
104.90166692174742
103.2441447706522
106.30143324232337
108.12106432203076
105.95356617920072
108.42586977742266
111.64182069087597
108.20500674840171
107.54652651088406
111.00071794647752
108.33963496944656
103.04918629019579
106.45673042170806
104.32491149292032
107.80751164768566
110.44380350298157
108.30860129038142
108.87051729503472
111.30585047188544
110.5510685265688
109.35613453335576
108.97999942957077
109.27747588702148
108.17954987312314
110.84984495032383
109.47955511091223
109.06665276088448
106.8106208371887
106.0976400243724
112.20408953265593
110.82501265492593
114.34378542003871
112.83860660635062
113.05583852441264
108.10283426445245
106.7907160833885
108.93482023504305
107.34401904566421
108.96950514055858
105.01656057784658
106.11216969029998
108.27079507646054
107.97299833715682
105.86678097933452
105.60433716855383
102.99517253009655
105.8378594060423
114.45390339646396
107.33902434640521
106.94557192590364
109.53515003635071
108.26641303025039
107.72372698124413
107.37036713547099
106.32817412682738
106.46366899934178
107.01534863747574
106.45089418600134
106.81892834067976
112.009228483271
113.05041551083606
110.97493819729355
111.2771928933639
108.87525016777577
110.5832455904884
111.78412685916541
112.3033380323025
112.20561049205013
105.98144467576371
107.66873879195478
107.55300005623025
109.05854339817601
109.67391007152912
107.54651472487848
106.38075572125742
107.60622197294244
108.75690860173104
105.87308179423694
104.51225905621145
107.04438930053992
105.57085631393161
104.39387078337175
107.45169870407607
111.85028554170782
108.96161167916202
108.26808896311032
110.72846650902692
110.8965271761318
106.34323463903874
106.86334947411864
113.32254332338033
111.40686634511286
107.5637610913439
109.585749630666
109.67370403169753
107.74462097356648
104.65955796520284
115.01798844006503
113.85329643491208
107.75703565173455
104.9995400649897
112.15825400937902
112.03496520039945
108.55963693395871
112.02885194424368
109.68023533372683
103.59341938862669
112.94516093600895
111.23716374131591
106.6484495354869
110.3129007884323
107.3973158561521
110.80952934786735
111.12910795065463
109.88706826392088
109.62056129790905
109.25580354534871
108.86349530239397
110.34161167518374
109.49722988987341
103.78736079841099
107.22552656866799
105.57197132198617
106.42117751567523
105.42534307277046
108.20506895446302
105.70378398001165
106.7605755958429
105.99103510941339
107.44826340015443
109.6708840300091
108.1745937574522
105.99560022486229
106.5773992363963
108.19274342696036
104.71970814890264
105.43816821652777
106.67903081998628
105.03573664631902
104.96461262117639
105.37839788482161
105.08345847123755
103.844180540454
104.32379216474544
104.1954553024136
104.9289574006671
103.75925924919238
104.18158937277195
106.74610524474387
103.0692436169137
103.89525693504264
102.80209169143421
106.72984233382795
110.4043540177101
106.93579803660928
107.92071029241288
107.85851017159692
109.92702865380525
107.02124949887387
107.12908140140917
105.19207115019196
105.83144691249782
105.23643301070929
104.12411938745294
104.6508971508754
106.9445270837146
108.01136818605772
111.73511032641868
111.52401866965342
111.09272569089411
109.01329545490229
105.51881487354407
111.09866914073955
108.61502802739163
107.31644348002327
112.92504048940765
109.93166271114912
108.40627170864292
109.0317063760657
111.62427437624032
109.8839950815857
108.54822958063465
106.63818200131747
109.398927012015
106.26661285350279
102.377026438525
100.22735030894408
112.14538725827384
105.99841347225855
104.3890062324367
107.15001917251654
105.2169242482298
103.71826875361803
99.1222044585757
103.4309832847534
106.53403706460483
109.74170213810105
103.03320104090257
102.31395553669043
107.99931431516444
112.5907585495591
111.17627200070856
108.81052932586688
106.01710931884962
104.96357425187645
110.91701782890101
106.0926255947439
110.97059300108765
106.65474220952477
109.32097026555381
107.13492623300674
107.7198542431237
110.62135456275868
106.42666680391994
110.61742648784262
113.84861677109913
109.21357814966136
110.21726120251584
108.39684255220241
106.9592363270396
105.77408512166043
107.63005355356368
108.67891420258267
105.73932889982544
106.42137781316292
106.11594578619575
108.12776350044817
105.50004163433852
106.05635453509326
104.54075141182373
104.76675204768539
105.20483939511985
104.79807066246492
104.8557045595465
103.94410030445526
104.27382969380744
104.00302629799506
102.889893607825
104.04440576158642
104.91854599021373
105.22659856359849
103.64857535477135
103.90372248832878
103.78348944209934
106.4073004521298
107.08923388444576
102.84288647588528
95.70813204840537
108.96268609198714
105.69084151589033
110.96188330588664
110.70047976524347
107.24687761640989
108.8626386854878
105.27703064735599
113.24220839961657
109.58422487119714
102.28135451154358
108.55830857959958
108.43735578712014
103.6576633993043
105.10610355034987
105.07238707187953
106.1334761845844
106.23686002654038
105.58989426634439
106.21694647354923
106.65873257471168
105.54545775818696
105.8218622020739
103.55818040325507
100.2361261526098
109.59130409485383
114.45872114090507
112.6271119289671
111.01112818252957
107.41692773150065
109.11080354847024
107.75823484173506
105.31895591900549
106.36522943985854
105.96031494089719
104.83992882791227
109.55888427724034
107.45153063625271
108.4100433198601
109.30029598755341
106.70411901565967
108.26274374601917
105.0805591128421
110.09241158657575
110.19587851100727
114.30576218908705
111.47952947986336
110.64341630464682
110.89548822824341
108.90263843466009
105.97051512634634
108.54225398017097
112.23966253511144
111.00841538442084
108.03564104669866
107.20804402182733
107.55430494767973
111.54049858489394
107.74517739904098
105.02898625937432
109.98054772912812
102.87070267649686
105.31079174514434
104.82747726260011
107.93269055652173
104.41794779337786
112.79459889236146
112.71333545474252
107.85509672052005
101.27616160300917
107.53870666761792
106.89074265953555
102.41534185727025
98.45752639121031
101.96345513574542
110.71722035071336
109.03917376243888
108.07844918147345
110.47106765091125
112.3688144420199
107.78986201996955
105.3058684117617
108.5656217966566
106.8222473802976
108.19013967112843
109.93474832655119
101.57936741462076
107.48426748202247
114.09543750957268
112.799886929696
108.97011284253145
112.28386427070812
113.07159286946163
108.84777697839283
107.97097677965075
106.60751215360109
101.98481041823264
106.58279476825828
97.05135344864429
112.19508996519251
113.44914030259238
106.68080829558181
109.34512045926515
113.01595183970676
111.4162510237555
107.6814262056451
107.17450716064845
112.25624481397848
113.68764940734661
106.53166835140999
109.55525308513901
110.38505262341683
108.94522116395402
108.85456861839289
108.2795992169414
109.91579778853664
108.91382664458375
105.52198339014635
100.60354677268029
108.40043817015811
108.58659686059556
112.09527996903394
112.86982561683472
109.48688934371829
113.38241937533294
116.4132876229067
110.88816027849167
108.13812503645691
106.87179093589691
112.16649897058713
114.64698225045056
109.08650392623603
111.46071317553171
110.28671952573735
104.03646457873513
106.46131159982177
103.77134418737445
110.7402659989913
112.35013351246108
109.37407646445477
105.3592969632013
112.03095762442796
110.28095883265364
109.3028141399179
107.837435032761
109.24071977264649
108.01239095495684
106.1640631805457
112.56117696739096
114.59759337352709
114.00274906198112
107.54939973990608
103.20665181683097
112.28113433181352
115.03471714180967
113.58912837975589
108.51617313509054
111.07690553790651
114.13708810776662
108.65756774565783
108.16037629974673
109.68481195796447
107.71464185295892
106.86438146115539
108.14271458735024
107.45979771694398
107.9072340379679
107.94405885441346
106.97821118536335
108.96403843956745
108.6273178308198
105.1184626968098
105.31593679260679
104.51093877065452
104.95260213273654
103.18155090647537
101.87078713965293
98.44438210987256
110.11972140377092
113.6047250884882
107.6294171902573
110.24353115713187
109.94206974410929
107.0733462550464
109.65663143109673
106.85196043617454
107.95224315716
108.17986624231143
109.60541347703476
108.22359780037556
107.47411256418101
104.79179629893879
108.40458219041864
111.2781304598066
110.87698140121103
109.3007393519647
112.75766375208703
108.20603570098861
108.68560172148261
107.22925496943111
112.59423373217592
112.27824603816049
110.78308665307803
111.18074549849622
108.6285031895105
109.44457347560098
107.49481450736275
101.73143735477781
108.17329297093141
113.2640972533191
110.04487832905066
108.69219986387166
112.26994979704814
111.99427339394632
108.98487684637183
110.02350203516401
111.09442211650017
107.24894051167055
106.42706315063413
109.19445349333202
110.00589332972336
105.8557807186254
107.21105422555534
109.49732829982139
105.29287552846428
111.01169741886405
114.35973987982605
109.32590054429107
104.81596806982742
113.0854612546419
109.38760502308622
101.54599090220374
107.4052099214029
114.31647392083777
108.22085708429623
103.57224833782242
111.54064240796593
112.08584817419688
107.8427640644598
108.76538184145892
109.92398442498104
105.53571907867965
108.8678297516751
108.93924365224258
105.89327691843606
103.7391027023604
101.90165274065092
111.44050450012256
111.26535628058674
111.6245193241014
109.04710882282136
109.08645163282549
111.3040309409333
107.93853741737763
108.06157878216156
111.14626966391747
110.90322037760122
108.89999711296667
110.11685493176591
107.28914467893985
107.811952265982
108.25078982897102
106.80820396336166
108.03071200593604
103.75640022278984
108.29573618861221
107.53050977121477
108.60524355484242
109.74903675896716
104.56963511552418
109.22739908019037
110.56243660211034
106.16920842966113
109.59099912913675
114.74959146386418
110.41794904676243
112.33200135134763
111.55457664118953
108.23238307692162
108.34978744905617
104.56736395971978
112.1342400792362
108.97603741676915
110.73514411744593
109.39109372277846
108.4622198421261
109.72052744456607
106.88956590205042
109.8669834343304
111.09850880504375
110.13704165639383
106.90451270069514
105.89974116197169
108.77288201551033
108.60891852600315
105.93295160881931
106.79032856018392
111.13390783072126
108.7383619960742
110.74615908912929
110.89172967419037
106.7349012566846
109.21350463302853
109.76225257031142
110.07110349585543
109.43306522136031
109.23065235744038
107.07772266209702
102.34138727477176
101.519636420645
102.84573631494577
113.57401756034858
107.57212898062008
107.49276545014112
114.2947111526094
110.61855075608864
110.23988932479344
111.99907931489062
109.67167392989646
108.59342387291461
106.99315440451105
108.66823340174062
110.9541974702448
109.07084343368759
109.4435157929543
107.93529783471683
105.98823899569011
99.77223028128458
95.22451774627437
104.38674672860692
109.35567917302131
111.48458818707631
112.11793837815544
110.32548602994069
108.93948389549003
114.40979676726678
112.99710387722975
113.10213079962256
113.37466123222586
110.74195793497042
113.92239879255075
108.61861779272151
106.26790541344606
108.29490454520794
108.86357368651454
103.22822451274628
106.3998193394928
108.78631524645124
109.75209759344496
107.39343197436752
103.33292563066917
110.11510061055483
109.81044828365663
112.04760922924267
110.86215653207323
109.31717124140087
115.01918251598521
117.35574682107296
111.09125069827427
112.36739930540341
113.35475263482068
108.52097386999132
113.72360146260395
116.8821498885852
114.3539258728661
112.24210520451219
111.3360943785696
109.8383802653566
111.13001673394389
109.34109686558389
106.92849648713239
106.87853997881743
107.04549250197772
106.23754993260499
106.66359668006557
112.44370911010036
110.98387798775093
109.46054098229473
111.69220680738006
108.15085356090434
107.26630754571813
106.06059488965504
100.81623485016534
105.82112775019594
105.34381634306503
107.967088631812
106.64892864706613
105.76267987437633
113.34104331458904
110.64691909197046
108.11251674520496
105.37753162809
106.5520170883604
111.32119277492609
110.23415638543128
108.22403460762678
106.41227020468537
108.76023979715555
109.00949336895417
106.47521387288718
106.39533128041347
109.75212826372729
107.99815789098517
107.55495337537857
108.11529738569281
106.53373063363563
107.82198182544849
102.6506251906552
100.01109069159138
104.97566165586719
108.8691261301585
107.09988460409211
102.7743417275313
106.16566175920877
106.7550973010128
103.18774558918624
106.90345266480595
107.46878192699921
107.41364853384414
103.69618019835539
110.98345610919421
105.8735619092864
102.72544836210454
102.67906415606043
102.16581764759329
107.57954982641382
105.87021290480956
101.75131418269652
97.45144004002057
107.2408262603306
107.16814449007899
104.80609433358013
107.6130677005024
106.72062532691103
105.73372188782191
107.29461179715697
101.5176429506292
111.44051029861305
110.30836433830497
104.25078871897068
106.56968471954906
111.16141114919054
109.05809752146061
106.12344146789147
106.59324843001072
109.57807953832985
107.4861831244385
107.9801941345522
110.38412029315738
107.43330319958378
109.07646146656985
103.38208569204069
106.58035565925209
106.62757440673711
109.3915167540161
110.0327348008037
103.39402675058936
109.16794946073786
109.04764977487666
110.06164311885095
107.2222640829915
106.08750868247179
102.69945366729775
106.87402030322272
109.24077690108355
108.3071244148185
111.99066419256582
106.41573184618495
106.28025169645473
107.74660904653825
108.37512049632922
104.63618142408397
109.82678900260674
110.46081629603935
109.46431577365951
109.77061844981559
107.0859027571342
104.19558340463202
108.61294284335293
104.95954611114175
103.77719033573634
107.91280908855543
109.26150703041313
106.84466313223648
102.12667951010295
105.47116984202128
105.82129666451262
103.05115870434912
105.01552868864721
102.21537705795646
98.09965015752633
104.76009033217757
105.68658919579678
102.10692599156488
104.4928007720012
103.72323700067592
104.95150381557806
103.09677807497395
109.74968069811524
111.26194025057983
110.59333667029631
109.03101387118652
107.92341544940118
101.48757744037495
99.20689284661059
94.41983801312146
92.86679205006935
102.56695533987046
105.05622993507004
107.10264048462224
110.47732243560904
107.49880102288651
105.19880164962825
112.31552170399657
111.00036715017275
105.93267456307306
107.13349521896993
104.35440665131082
106.32602663411336
102.48761253316945
105.4856060305069
98.89370483443219
96.15528183012405
105.80839781780185
109.58055284512608
104.14229928747375
105.63695215440137
106.4282988872414
107.61672234015734
107.15898465049806
107.56529896583397
108.13679986844012
108.25289436229168
104.8057559266496
106.83070024365385
108.18566042965838
102.42214528586989
110.02114915166368
103.85141517468077
105.02356592152007
100.89533012216133
100.14039872274681
102.31917508257588
96.86971964850142
94.14143168378497
96.62169758869354
96.4454296476788
98.97882623780575
93.56934347978455
93.40897298524436
90.10996981530822
94.56957416705762
94.95519152649578
91.40406080615814
94.6300682930546
103.26935069288042
97.78675324715154
92.56589654704268
88.0782550585722
94.23870020937841
94.23033633560965
91.7489702222742
94.31980253832936
102.99062681654095
102.22914650420643
103.28416904651829
101.01598433728692
98.89051729887876
97.13867026331837
94.53843348800932
94.0964733681202
83.94591604273337
84.06811207823029
80.51778898642817
86.82815113923056
85.19161519206835
81.52185394233484
87.75348512906183
93.16374974606948
92.33511335978685
87.61206208452917
85.21370225222286
87.21614641221727
87.47026089513167
88.75911013079876
86.15776400782131
88.05471756246232
94.76333501246278
87.44727796952567
89.27546711214819
90.97045172520887
93.39858375288102
94.05983941876431
88.7938792035632
89.1439448370422
86.91220336818522
89.6071563474739
92.78568907444907
93.6567165678045
87.66388337660709
89.3739923276369
92.22667425884076
93.83059436638327
89.46799800185819
84.26079169715132
85.99846324610895
83.0672651414507
86.26295259323075
96.85956787326214
98.65777035372801
105.82801549987452
105.2650928413323
97.96577631398407
103.03800655685308
104.70142303833727
104.2460181751269
105.00193563437895
101.81515989715724
104.35238856109078
102.53592381318066
99.70779841428066
104.86121638849407
103.87287172594682
103.70845675260881
99.60846832566227
99.09542289717967
94.66623213469687
95.64046664627027
95.06585589857654
92.88878571907271
91.0785138602597
88.43303617643744
94.0600582366656
93.02775628751876
91.05451065944838
91.49877489703542
93.9930268016816
101.39279444003135
98.47056188107621
97.61261609092708
94.99543925118131
98.03089879032338
105.16263711066044
99.7151138342706
94.44219921965218
86.9459711543244
87.72919420987772
85.87405824157146
102.56815466159871
104.45640751677885
102.86390353830626
102.05668402435556
96.1203129514009
93.78020979941462
94.02341418975426
90.7516520715876
94.24166064723914
104.69944948619563
100.92996564377431
98.23911538339333
98.42347150478182
95.90395518832723
96.91358712820129
89.11444351270588
92.63198364693031
95.46044305065887
103.37542164777676
106.08875945860575
102.45717870725458
101.45285989102798
94.83446111556324
101.76185285092805
111.0814628964533
106.35739572550001
98.90003703960014
105.49869948352489
104.79879724486119
102.27918933355704
103.71949070601927
102.63348898626431
105.29802057761292
102.43269667127672
104.5422185956274
108.22638664557053
107.50782945968454
100.28215803278673
103.53867341239773
106.17873190805189
102.82950048306185
100.53612638745496
100.99537670181662
107.20212776761697
105.35991695795228
101.96155879496708
103.96916424992266
102.85077281901705
94.4366777017093
97.97862750794133
99.5816337868115
97.8649127756933
95.84767978402466
98.57578893689748
100.14017431212167
101.35761702423257
102.86775137210088
102.78995023184518
99.87583198801498
100.30454536474286
97.62818641325765
90.84170218888671
94.70433678317258
90.82754791225867
88.50060229551661
93.15495357026506
100.63340285180666
99.07590122591883
103.84605775806729
103.58275572919818
98.0748062027067
95.17597105501056
90.6605703915332
87.83323610463047
97.06036356322309
99.85594092216637
97.43145622366202
95.2788186967895
86.08217032792169
93.52712609886117
94.36262355817689
88.51491450242982
94.20182842108129
97.76062835594327
92.33990944401128
93.96404133180147
92.12640808431668
96.39844720157429
100.5637925461863
96.13074336579407
95.62817624010493
102.11624307096626
100.18655412871573
99.5651017348404
102.60051252050731
99.32231665991924
98.62902106022126
99.14328776882532
99.5127391766267
96.74746510823458
101.68306328393888
108.2204779308827
107.39328548103677
108.73721112896855
108.72929780196837
109.18045730510468
112.69738219760376
112.09561669094015
108.48416447091013
105.9593687510004
106.31534169438447
109.4459641569083
107.29705089478182
108.18498604224838
103.89648871295657
108.94781644860555
110.17907375921733
107.25558208815805
104.94209348510668
103.41982559978688
106.4321864182718
103.45288203678119
103.80251494522682
104.58747381902087
104.44029759653442
100.75586074013589
95.60235098538992
102.70534741122653
104.60353122644436
100.50753616751692
104.6475409376527
99.67945083591239
101.63847194050595
105.34527674212077
108.20908266709193
102.96767375657964
101.8700754100718
104.67679847258738
103.72356458975386
103.86158236618175
106.84843901071184
106.60501736790324
108.55595415235707
104.65927960954882
101.78364776559081
105.65229622112122
103.99515248753336
106.02109866961993
105.46405386405856
102.80103790731067
110.67030819537595
103.71684920155374
104.99871884457238
106.80293012650783
99.04958135538838
102.9007420297305
110.39873444156827
105.82938971836134
104.42106395580464
101.3043465807222
111.76073811644557
115.49314117275907
109.47188890004308
109.29064922834642
113.58040761008674
108.76425498372463
106.76236080683091
110.01827897189867
106.41642660185192
105.16810444415837
109.05077992205283
106.14032630128553
106.90318597910554
109.03104941977854
106.55601050584586
107.45154368067753
113.07407693511377
107.10827166660484
110.50422153504816
112.83030279020511
107.10146336716136
106.42911585878053
110.81656143186636
109.01039991395088
104.93039735740747
106.19093843545889
104.67793753505931
106.11644455667297
104.60559752608884
104.20370704582756
104.92397629562205
103.54706822463132
102.14911306852933
104.73887432723696
109.13178936915028
106.21681274508282
107.47157095632727
106.72776385869255
105.3990720805893
108.12391080142717
105.4538925494803
105.18979763798126
104.53273526037516
108.26764384159289
105.11679525334381
106.01967755385043
107.66356226118394
109.68257989067608
111.76135055859955
110.67554600318672
109.59134657340272
109.36724679652667
107.58608735159632
106.60948288412499
106.85994789838539
106.88006274759806
107.0796388589759
105.18496198961539
102.91937246202939
104.01597800833926
109.68526488132237
108.23379155993138
105.41905464840961
105.0560933336454
105.29257252551872
105.07156927919067
109.21262682758133
111.01369309364411
109.0765822384008
106.47398965574641
109.00194121955454
107.2404097704327
105.90783998959317
105.703063667729
105.76119771351242
104.26615171614596
104.25629365402898
104.16480530516819
103.7533400281215
102.2279593087371
102.62773046353068
103.79082647956267
102.49983752555156
103.66245330140082
102.27669818150174
103.32535428115881
101.58329098880806
101.78182559780947
101.41950051300323
101.19882759845204
101.36194906876207
101.76800901443436
101.49846591845106
102.00725176127513
101.30125045557408
101.54290827708465
101.54644992537727
101.66791231086277
100.7073007585867
100.92433419749199
101.22493302529978
101.09521231921066
101.36832892494756
101.15730272746084
100.78613260947147
100.66710210392812
100.76280617216952
100.57488869717326
100.52796279141363
100.64222820603838
100.7006329853406
100.56570136847819
100.4869131475731
100.69776343676963
100.60031902700834
100.65259238745698
100.49507806102243
100.63504774890113
100.60857913882039
100.50407844539582
100.52597162503675
100.60421676171987
100.58372034588255
100.44017278656378
100.4288026712872
100.51173094284967
100.47415746061816
100.48719995411128
100.46372826758463
100.4328274365783
100.4095395480453
100.47908886138168
100.44302737141234
100.4948518454011
100.46172660681283
100.54596928427885
100.57995110109667
100.48469978660846
100.91509210342574
100.48495738510593
100.52072098837893
100.66686439170292
100.79752700925394
100.71661582358783
100.58453611720316
101.2007662220198
100.83558304770217
100.55612456586478
100.79593122471596
100.62074781820053
101.8356176924912
100.85553014389097
100.97849166931209
100.52458113407857
101.11541757732543
100.757044194591
101.55510864396442
100.91124310287822
100.58787051378859
101.28614545920122
100.87492917060622
100.53539045651173
100.513970334176
100.46743296132561
100.45218169065407
100.57041336122161
100.5584185575408
100.47151326702624
100.5044597701543
100.48956952510245
100.5316312448251
100.57147309500495
100.61764918085551
100.47259417751405
100.68362623938272
100.50760846144647
100.45830725552554
100.43152162149589
100.44040620610154
100.43867180872294
100.50184737582134
100.4830193472292
100.54889440038893
100.5929221156707
100.63894636175829
100.78126579584072
100.61073047424772
100.47834341310173
100.50072944095344
100.60896210942053
100.41012998183265
100.50803310584396
100.47191197036872
100.45813225335787
100.42045541163367
100.44083561310626
100.45951654519253
100.47151880950237
100.3817832756777
100.45864108490743
103.13563787879575
106.92806572512588
109.67573561456895
105.68091749054346
106.0080793690576
106.09048705507334
104.67723863827108
105.6160643844735
104.98052035115506
103.69536926107251
103.48234062103508
103.02574222653888
103.69308369934768
101.75985745923255
101.74085011627281
101.49832624599588
102.3846157576799
101.81977222005578
101.69459146675126
100.79915319711925
101.21355563964957
101.41210363495185
101.52506586328367
101.12020220115807
100.65835325882873
100.80950562799894
100.87646190808883
100.71070074812265
100.56692605125097
100.74486861966236
100.5488439244958
100.56055620499825
100.57547870917375
100.51841272632667
100.59485701376212
100.53913979291279
100.51017018100374
100.84234989923284
100.62046679075087
100.68524388006568
101.4772884267323
100.63055245243078
100.49259094937938
100.69702320291941
100.48669518539769
100.45886270082384
100.47253741763123
100.44477431508474
100.45898900260975
100.45629332525388
100.50245612056558
100.54643482381121
100.64618741150872
100.48550649592794
100.5226747366928
100.62266235095845
100.42533250061351
100.43511346433574
100.4560989195864
100.49951919688392
100.47597291434981
100.49133900302655
100.49248658159908
100.48486857750798
100.49531729092328
100.62265942772002
100.59843421059199
100.46361800725295
100.55712972212149
100.60345940191732
100.48891517107516
100.5155997341934
100.54393771187254
100.47900053895206
100.51218712170723
100.47087449534101
100.78771652049836
100.44855375896312
100.45330960553876
100.53242426863385
100.47503858650173
100.4679223550728
100.47285472308958
100.51644292673262
100.50404788421285
100.51303823649901
100.5018530878565
100.45101659577482
100.5410264860455
100.45198630345482
100.48351083941155
100.57010800837506
100.50348035249141
100.43927231113804
100.47693042984683
100.43681064025512
100.46500492321775
100.49719601711
100.45357708419982
100.49029317943052
100.59521614220867
100.67533636252057
100.4842062346277
100.53360224961315
100.95442058826757
100.91108262476027
100.50167977868936
100.58365421890443
100.44127789933113
100.48492204822418
100.4759172326544
100.55611471205292
100.45400587142994
100.45491690499259
100.44357456016591
100.46033976276964
100.45113952585544
100.53396717492211
100.47043991094804
100.47840186389985
100.52310958165707
100.48414715666327
100.45118849782693
100.62838671110156
100.55704157231817
100.51044549101603
100.79798213373273
100.5017720349238
100.59041625998567
100.71635262486778
100.55142467496803
101.30900701740354
101.0029663713148
100.65495826402332
100.65712204964655
101.65958794432248
101.08527668587236
100.80754966632244
100.72035889131388
100.78716271456491
100.47244151063255
100.58027797797072
100.63381362881505
100.45027923505285
100.50583424274133
100.54087482246443
100.49449786907968
100.4855652329051
100.64997470955684
100.6253225629393
100.71040434782975
100.61234401873277
100.51577627826835
100.46949311988925
100.61843844449626
100.63909226420583
100.61382881377638
100.65800548279992
100.74816010546408
100.57898130221241
100.5798376320671
100.6664643639541
100.63929647519959
100.76123177419042
100.81298064815317
100.89710874341903
100.5948980246018
100.76960799800925
100.45548747749082
100.50395080488451
100.57895640848085
100.7030390173951
100.42999528309804
100.47982358930716
100.76727056198636
100.54634484364342
100.63257613330799
100.56503533675453
100.54104435084233
100.5200359543471
100.71678816532416
100.61181285132203
100.48351298839745
100.52605049379189
100.76864501752489
100.58942275649395
100.76473186594352
100.61967428609005
100.93603471438641
100.56789470129453
100.51839806784045
100.55764143311771
100.71565991929745
100.4729843337676
100.43945433040619
100.50522118442152
100.4987879092207
100.44905978647142
100.49936496092721
100.44887588388028
100.45390818551523
100.49086847584626
100.51370018004553
100.45926791391258
100.47402815278978
100.49783264494668
100.62811603579158
100.5041436164638
100.4948776519438
100.86724647284161
100.6053089413507
100.65404423464447
101.46413358175447
101.33466594343916
100.93446112885377
101.08982044298017
101.36313847534723
100.84464246718235
101.13767947151533
101.12352593013483
100.76675477671586
100.7036029787757
100.65512291723996
100.55039525963443
100.86510637290621
100.58974809691036
100.55692880807037
100.54193777477394
100.6221162096021
100.58787244452552
100.53297563567762
100.53231996858308
100.64948865556181
100.61585974535363
100.5563137962848
100.69190709860126
100.60697770244781
100.51094672879915
100.58800543558424
100.55562992324685
100.60095976647781
100.59888691727929
100.598674985276
100.7547454456504
100.82330071393496
100.9358903706626
100.72732705316055
100.5625984570913
100.68105743362077
100.47257775640814
100.52296835788965
100.73889224603404
100.95294027341598
100.66106887779493
100.71842990224125
100.94406851935531
100.82769952989587
100.58303189460504
100.98304064853131
100.7088065241255
101.06654375923885
100.53265127398531
100.60460167030593
101.14646346894676
101.00367669329692
100.5758615076969
100.54626215756939
100.47662524683078
100.56285271728237
100.70084614158473
100.49032057178873
100.55484254284727
100.58440459496015
100.66420157466837
100.9548504207491
100.59836716538659
100.57472145320969
100.80843331935753
100.66554635100431
100.66981994145007
100.94531272427491
100.79097494426016
100.575068512295
100.67138040213162
100.8317770167435
100.647119869098
101.54656864363514
100.69693872889444
100.70528229590496
100.55172779006988
100.73009055039962
100.53246540012059
100.46602492792972
100.57154330853399
100.47213687059555
100.50014559820802
100.52580904755
100.48425479229405
100.48141987767616
100.47784767659061
100.48190430733023
100.58162579913889
100.47675590179655
100.4909424271965
100.51616498427043
100.54367525446887
100.55213972476182
100.49895281732435
100.48253438935171
100.49302193335177
100.49019391818503
100.49661752181873
100.49421567818713
100.54842618235948
100.65434061115393
100.51531815187522
100.59631617235637
100.46829685164279
100.58595155782608
100.52083842699733
100.51094134365323
100.54301676720792
100.52973880584155
100.48912349382735
100.50610544320548
100.48151338693353
100.51778562508312
100.57311983012305
100.50004436443986
100.47943588818055
100.46707502252556
100.48908796948729
100.49187161494007
100.53954897782835
100.53443720277065
100.58033790405321
100.51035072932886
100.68093335841408
100.58740520153657
100.50301577967917
100.4979658666586
100.70061153587879
100.54038255367038
100.61090545229095
100.56117902241331
101.02145734069971
100.79774407909274
100.51066938903587
100.60273696869342
101.00757018219674
100.47722176026478
100.6758334712826
100.56900085834806
101.30563549552393
100.98396477407441
101.18945374433359
100.56088626897275
100.60719436130152
100.72759013144076
100.61876188973378
100.68674722316005
101.30747649887115
100.78289867766658
100.54306936707839
100.54541172870923
100.42221842680337
100.48184520265804
100.48405535164856
100.4511410544132
100.49277389192619
100.49238380914932
100.50576628274615
100.43261040046214
100.49227639514898
100.49329103213917
100.47446451209628
100.48923024400042
100.57335755678118
100.48768715687721
100.43988854677029
100.46418219556614
100.50517954037412
100.47543866595464
100.45038048565475
100.50905853357278
100.51421375654976
100.4555384110577
100.51363389835298
100.59199961025188
100.50996972526823
100.49762716551945
100.59427312946194
100.54218945891753
100.56901916499083
100.4367248791331
100.5700072911814
100.45200522252249
100.62139119561769
100.49086382586404
100.76280875518317
100.80886333593706
100.70931255911474
100.45991835209554
100.80417835872485
100.51349719987124
100.47036487954199
100.63329100553575
100.52938635336729
100.53690924690385
100.48812378653234
100.61679093317409
100.57355455210808
100.85609587871768
100.62816631539543
100.94980410320053
100.6532537630137
100.61786276841217
101.40341141263251
100.56893120515757
100.66332066352105
100.63430382591417
100.55513745025448
100.58128165408269
100.55243631044868
100.46188879163597
100.7069997335062
100.54182175955155
100.49321741164549
100.55033436172369
100.66863391932526
100.51723917017723
100.50161173175738
100.54272456746763
100.5904640439584
100.43247588536241
100.71477394206322
100.49224715130087
100.79865210404054
100.88190728915887
100.53531477483844
100.47213406366771
100.4837237145937
100.50298080311255
100.48412378429013
100.70067612260041
100.43647434492974
100.65561951246484
100.46319745800457
100.54994801797243
100.46338920177543
100.52684536515986
100.47810699340087
100.4448874960064
100.47168595547751
100.50138591104923
100.47378929729712
100.44577660078721
100.49574415036378
100.47198115308292
100.46742678215456
100.45258669552648
100.4717645488551
100.48774388566814
100.57731634452088
100.435352235635
100.46485110384961
100.51074548856761
100.46288348959797
100.47582039208046
100.43878039303414
100.4569679892264
100.46917626852246
100.44574264905174
100.59164135890957
100.60318607113084
100.49081355931492
100.58753863111976
100.45113289151013
100.01967584710538
106.55206545243989
109.02092528714131
105.1004113951368
105.35560924376506
107.18311951422602
106.28214089248307
106.01675315233496
104.0270170252025
104.27257078975545
104.41850346913107
104.52268191164461
104.75661028195141
104.20880491863849
103.30080510325045
103.04934341182224
103.1487887422187
102.37415679392201
101.63016535765733
101.34999858289217
101.4270106127306
100.77419546104811
102.35017955644489
107.28347641871461
108.07304663697676
107.18177470064252
106.79043557900245
106.34113673210719
107.29863130567574
108.70022072130651
106.3737845873052
109.60233931732515
107.53336481657816
105.07406729984963
105.42975865999534
105.503007280639
104.73780647738658
103.04115748398218
102.57713906252502
102.67324486404792
102.45100688428576
102.4695919298878
102.20785561080284
102.10685707659125
102.7341412944148
101.85609779666373
101.24024949825976
102.54986501620944
102.17176313462282
101.44026625249325
101.72900753430484
103.09897480784024
101.55362684364088
101.55744417727284
101.96174809619593
100.91683667346078
101.09105004358051
101.10080791824701
102.17527539898167
100.83225847637581
100.86343704146508
101.84147944182745
100.85510409845043
101.01822590450357
100.74401847983299
100.3351515169357
100.57900801246693
100.9537684905377
100.2434107077683
100.8950714317053
101.1939738065017
101.6239089818234
100.76130655354089
101.47412433205297
100.71869329933271
100.41070955281626
100.28336014852371
100.42681566458384
100.29871171780628
100.75642187857393
100.31585452398595
100.6450652321342
100.68810456056681
100.82303069822945
100.46712971371227
100.07772069904755
100.66646055654154
100.39434534589147
100.38934400148987
100.31559429050574
100.66898617755855
100.45571125069687
100.61568673861127
100.34953591721387
100.16318527471479
100.32975997902224
100.44771041581181
100.48864675815338
100.99751495919207
100.65137993729495
100.25217695051325
100.42419315847344
100.58749405764348
100.31547937804258
100.29257634682776
100.53262348832311
100.23182834428317
100.36365328972964
100.42749981122518
100.18789310289911
100.47580030544852
100.42010785107084
100.25218098214174
100.25501180193436
100.25930790149908
100.14928105241437
100.14165221701688
100.30655524446873
102.78640672276845
100.70013316478862
109.16685506621998
112.1066814286042
109.14115249431507
106.82420975591516
109.61096444400488
108.6095591037213
106.58675694832728
107.00714416316612
107.21266251255591
104.75186440333418
102.15427241229153
107.52317386693564
107.7415869477161
105.16249073972216
107.97074031975308
108.79693815270446
103.18457847172228
108.29771632600382
110.20495750307865
107.993848453637
104.58450946177287
105.06791144977561
112.48196262703215
103.21549492426949
107.82882604885857
107.61586099498076
106.60634587581335
104.51520815088146
107.58559442850405
104.82298743205698
102.75203041078014
111.31255225757108
112.05248014538752
108.71994609894747
106.33214473291555
110.1187999547342
111.67460133147459
107.19117816081278
105.52678348331236
102.56287866223171
107.86784947754019
105.87359665899356
107.09690347747666
103.06311087831028
96.79243110704245
105.58091947485934
102.5618357479812
100.49659686769606
97.93267345942758
108.87671393476947
111.5440696098804
109.50817326038032
105.67924247650699
106.7996693506675
103.62205150857645
103.08785769448828
107.29977885234918
108.34442755806869
110.21797007903348
109.66035514977033
110.2455150882922
104.24002164910955
100.08907105247324
107.42089860800439
107.83675239229167
102.64475348574342
108.09153332717474
105.81016981693416
108.75435597969962
106.4787588175296
111.38697770322517
108.73428483538095
108.08624521749645
104.95569665601425
104.40187214600779
111.5734927745019
109.72245108634223
106.20776651638432
110.56692496509413
106.2787889813982
98.7240026722216
97.32800596039704
100.75173420340634
95.17557305597079
96.7880534815702
96.66042926345705
96.90079460393652
95.82065636511946
101.88865069459513
99.94376738445291
104.5679044058257
105.72118748314406
112.44243499160336
108.84410610713029
106.44434207511812
108.52178961198628
106.17126203647567
101.63368362631184
104.3417388741515
105.07489957903748
104.81815735842207
106.05846191903865
102.84496580383717
101.50606999022925
105.51587646432534
106.01411674024075
101.66542996225557
98.04178621044393
97.23093230092913
94.8704487653487
94.6281392603453
96.4868965220297
99.70285689227838
105.48332792980554
105.0759314823388
109.1059174300287
109.87907511930779
105.95016855566308
105.10559698446843
105.86243838301615
107.25570393826203
108.98012509360665
103.64297767042055
100.59646246518656
101.0370966079235
106.51595872151762
100.9918303519692
105.6610617482777
106.50118251770647
100.4840787513043
97.15136648498017
97.24724925800321
107.44408873641788
106.19564172708986
103.98443589812801
99.4581617490435
102.55142821516691
105.75229469006361
102.34532742342219
99.87858002215458
104.3277611839415
98.38111709845973
101.07196723841615
100.25983232699156
100.60366021926231
95.84563877449054
106.49169366144233
101.84729591978885
99.57776043540757
97.27600553654422
97.87184939771163
96.89726611043112
95.1326050703337
102.90875580837319
101.06981141110782
108.31129370369328
108.96505183340152
104.52647195700841
102.27376346734327
105.85157905744128
104.26263298008487
111.00968621377964
108.18913246215998
104.63197439126193
106.0755308469234
107.45756096812337
100.98583083621088
110.6084579482071
103.02976818850118
108.59027162154969
105.62953039515529
105.41178766814254
98.34744097990485
97.9371831226545
103.08143576227718
103.27854959195487
105.62191329796438
112.39765505869974
110.24730913008194
109.89543767282808
105.4931780845342
100.98790772143391
108.86958060903504
106.69795657509499
108.70265377965468
102.23184563420436
104.01960390602012
104.193896553765
101.04724588118097
100.02766790596652
107.61432702647788
108.31463143232332
104.90905487718061
106.11951911124595
107.0400274006002
102.93710336239742
105.2676065679866
101.30119190148918
108.78941287877515
108.72994801766916
108.22430236531949
108.88059724807408
110.24588041550427
107.55043417325392
105.95415292060866
108.12956089942081
105.89010768416296
106.90109042260389
104.57686147812815
105.23000305908585
105.83678376703965
105.57369372165802
105.6369617057169
104.91692920795322
106.16816455769144
106.26438394678645
103.57944422627548
103.18039543791728
104.73466332733977
104.10782924379852
110.30116902522728
108.44853886851438
101.85726491895478
98.72437479730137
98.48086972134558
107.03792928114576
104.02424293359492
104.45876280006689
107.43343866218488
105.98317593171252
106.67187966375708
108.44557810122944
105.68853455207045
105.36329711063671
107.20878569509263
105.69652754405212
105.8255840491366
104.87227718492382
108.7636717720939
103.54602303443959
102.03138706086223
107.65300656202264
108.4109524999562
107.57489751598112
107.86191181359841
106.28733350588078
103.69960327274568
100.59284375140173
107.46887796359005
105.38176009567826
103.86926380933828
106.73109234769345
103.56134321683757
108.07959446637499
105.61631937073406
103.58429550266898
106.71826937937924
109.04979391943833
107.23347259794096
103.33445926714907
108.72578834267757
110.75411661017495
107.81858491878917
105.28580465064454
102.73877830742991
103.5019869231279
100.77016006208005
103.6850667042681
104.30084887989199
107.10043209430933
109.14003749694399
106.25253951480136
105.17672033187583
104.18902459536963
103.08589445274323
104.67605270601852
105.26287944328577
103.76732935833486
103.80968340474823
103.67241539349412
105.90828846260116
104.81961204947744
102.36912945216143
100.69743385553775
98.9907070297383
96.27670592780731
96.95382667901794
96.89421841096652
94.70225326180278
96.48522206668498
106.2382199271761
106.37845377929679
108.36554364226409
105.93430307822427
106.97417555266325
104.00382933011991
109.92886997905487
108.40585342773518
111.88367516051927
109.63976431548384
108.02381417050083
106.30224623468239
105.07869168345118
104.89858981271827
102.3155531105325
103.09142633454128
100.90539479295859
108.29185797696454
104.35297730603625
102.38034191428179
99.17357696846358
102.16931618646245
96.55220052694403
98.43031542867877
95.25071295325903
99.02064766732227
93.83563910515619
96.18697534528285
94.74526439866538
96.3487699903478
100.52472161452195
95.53971121554932
103.27306879370951
100.51778296244137
103.52622110525247
100.49421566485809
100.94472726199781
103.429801768701
103.39145064822584
100.30231566395021
103.37413189437724
100.26717673618657
99.96267061348544
104.56797943565999
104.44833916446662
106.65294613589411
105.75208076002717
102.06397154892285
102.83177248530752
104.1368526587217
101.85634894838884
102.19876679299469
102.68326054112785
102.78090239175323
103.88218035747599
102.91459690123156
102.19244547818752
102.23890887006536
102.72443339964335
102.28088899777846
102.17796679676614
103.84344326996376
102.28952074994362
102.92979151501665
102.66729106771275
101.23166340250546
102.10413343992168
101.38787254625875
101.22052147416962
101.6207750601168
101.38963573078595
101.52408509881211
101.36858638117344
101.29508763947855
101.25824978763124
100.96197706689425
101.78119508924742
107.40441822325538
109.40043172531713
104.35465163895965
104.24240947385759
105.17383385262856
104.88250861364195
106.72339835284077
108.58828726263668
