167.08105533676476
145.26020453194226
140.99991719082885
138.97836044377968
145.2531883583304
140.7251230827505
143.76784502150556
146.00226895133838
145.75294836339103
130.18097048789278
125.48198903112583
115.45451485875816
110.97723932366931
122.18217848497078
127.67228110523266
119.4270417699137
108.45578471858687
107.43605001206208
97.97827296267752
98.48541266763401
104.87052358726316
89.86617666278588
96.3096614787666
93.9151612552462
84.51721363812358
94.7685421690626
96.47507720034629
96.5153580780423
91.5515502347457
88.40433979355763
97.49010130120153
83.43285391234308
96.902332530052
100.02128262038669
92.07531875765875
86.35822062577797
88.05814537723444
98.54154562478361
93.70681291044231
84.04154377037982
88.6765527205458
85.65367408467277
95.69913744759461
96.23878122099835
91.49177889474078
82.84763140005944
80.00910143701574
83.32510918033826
87.34816180742298
90.66008743040169
86.97577091706218
87.37804124739847
87.171983984334
84.56428460279658
75.31302456717225
84.66203383801552
88.23414942742434
87.7480040880238
83.28049633878672
83.03098725080709
83.92600722312868
86.31940307973886
87.8911979026415
85.39009800820146
81.7513904504878
84.07036203194926
89.00227908264236
83.9095367702509
76.86332775720918
78.05916729985752
90.71168046146951
87.83683615354353
88.40505585999703
92.02830333865214
86.55951459382017
89.86293339145162
97.34387292079627
94.23801596717287
87.55910348099718
87.17689760776
83.9656243719952
85.87543011273684
89.712513906026
83.68924613891602
78.78252461565027
76.27587894854928
85.26275624193003
79.26998861228225
73.86390535264604
78.01829398926519
89.9499168500408
90.24740187175877
84.65622592262484
81.91794166599219
82.87318173045229
82.18941729837478
82.79974661669125
82.66784726434267
81.50103324944655
82.13985119847095
86.94970037265948
91.19229276385347
89.4208030234908
88.5497365851438
85.6455950905054
83.91525438344041
85.10207011643764
84.58432701509864
89.05267226577334
85.33877003460613
82.89253854503971
79.35453220738808
87.37995238116764
82.78872293055548
84.00972233552348
86.30188007806399
79.41290472452414
82.80989262070925
76.80329506221572
77.17887329760862
83.67046001688811
80.33974799289157
81.88266624289393
81.59981284328352
82.51036783559212
89.82177382813667
82.9629308884881
76.24047151069323
81.3354635949183
85.38457621121889
82.12698605798698
75.07921825956173
75.15505407101632
80.45697946009989
76.18763385155252
71.73970506937705
81.71144136994509
78.04845335567941
77.44544142274479
75.73090453427685
78.99304050091143
85.23682733754131
78.08529048993924
78.76504436814997
88.90228786965281
88.74196302237483
77.74952445014026
81.47873033074625
87.8329209187776
86.16576128791868
78.70263320382702
79.05773144373082
74.08108270079146
69.23607369559667
77.92426674367354
79.94206659041711
77.00261247538128
77.42446559868289
78.32323691331425
73.05978243616326
73.22439808288306
79.2410600947842
77.8688769713758
71.08768483537636
73.14012146794975
73.59511876449841
73.52893275154617
74.37067898166526
73.071066154952
79.14103904488877
77.56918105751369
82.8668287583432
86.20603643653845
76.10518643777381
79.34764497467059
78.09460660853937
73.4533063069441
75.85881890743032
80.75747187929224
75.60616652427132
77.51355973592696
82.6745413138162
81.17792835595878
75.12076958599562
84.43011584386534
82.80749672044269
82.43066435668501
77.9976654422111
77.68588878823223
84.66562585041044
85.01844006511375
77.13828164110362
81.90650383868396
86.57678283596333
84.35546606995648
73.19788267215773
73.24987853804375
79.05133239253792
77.29826501300258
86.84482520630408
85.00916449543682
78.08689315363966
73.24821484583997
81.33288273105562
79.56696423860099
83.32699233868217
81.17350533628603
76.32091244119901
75.49345537451127
83.83161888892528
79.36216550316485
73.3495052971333
77.06543631310124
79.11955418776462
77.19220937237445
76.44609279813031
76.93896621643508
80.46226007047495
83.8820230994559
77.20298643304447
72.68433738825136
73.19274862158926
82.80523891280544
75.40355910419508
77.00292256556074
74.54446351701172
75.26767848737637
79.83620465799575
74.47482299336109
78.93539634531487
81.98167284154306
78.68255910419288
76.62382121601414
83.39177392449182
82.3192216125771
80.392857979101
74.54247127058865
74.9611671604261
78.40850651766203
79.89978057997676
82.41333549918544
77.27620861409423
74.07073402661193
76.08113657722157
73.20657010013193
81.94461440467904
74.40675356937447
72.4287443188354
76.62271560102903
70.22292493585299
74.1766398402565
82.0381007759242
82.11513815328617
82.28091597764043
81.81034017814883
78.73068761284274
73.23809025753468
74.09161829090812
82.02922362225458
80.40192558197117
81.08624528845407
78.88978413415619
71.5328881268378
77.87257173839338
76.755963672099
77.41230166071541
69.52805594048019
74.76167570351284
70.10368796181746
68.79270483125119
70.70360367038363
81.15147473539915
78.9153924431141
80.17528353049742
77.28111256061317
82.31275897748712
82.66862816432331
72.5571054943098
73.82871287229422
72.22005477040439
76.77116824166359
78.77082436272757
79.48370072791424
79.51638435952778
81.7904746885293
76.51805543736198
75.30414149439248
80.0433971256814
82.40692218903297
83.29228776241371
83.7674416772301
74.23577157545976
82.23443759860245
80.80224599373169
86.33105265420734
74.35788461328139
80.37381093160846
79.12539789795146
76.86987935661794
78.92171683999061
78.48587799991545
70.88275921751848
74.27591562068393
77.32804651000201
80.05465813987476
69.49620300044313
76.69852660019889
84.63233041938253
76.21967990416775
79.46092099272924
74.11530576211061
79.51720419609005
72.51285057623433
73.06683763973264
74.50123018226112
77.36696080784382
72.59119393223783
76.80286335201096
78.11730701751421
71.5400778327061
71.85992415708368
74.39799899364826
72.26172589193193
76.88577276715368
76.04763486241356
79.64168730500313
79.4589794524255
77.45968829811837
74.12797522402835
78.20626650518952
77.67591769454197
79.15258186922559
72.74227466976103
72.74720940559226
77.93981863010438
70.74630314009833
71.94738501139402
70.59708770693403
76.83660583901731
68.98244098185698
72.67396649293775
77.71317750124989
78.48351542789727
76.77776273246276
71.76798971529264
75.29064561609034
75.76255090554811
71.88103745958334
71.79068767012502
71.928194980025
75.2840474298746
79.94627087183788
74.79098333489573
67.9681069822552
73.94021386090998
73.47107395910406
79.41053409868599
68.82743686528028
72.24898083987702
74.69025761618792
77.73741308737279
71.05067402095722
72.14228937671854
79.34125923736437
69.1316884514101
72.51215767129044
73.05486733737352
72.27700672908382
74.72029055434156
74.43763350340895
79.21274297374106
68.57031487252206
68.22471903802932
75.59796240223072
77.83661527918393
72.65862779763489
67.16942497400852
71.92575875236297
79.06096244015568
76.28612972809832
71.00588594771831
71.90673594924598
71.96942094009118
72.88807198840082
74.71090660509196
74.41518088588072
69.61272323332734
76.72578344953118
78.51261660925358
76.02424188321031
75.10418914318713
71.17257264253769
72.16361040162676
74.61723371590118
73.78279424581169
77.87827975774228
75.78291884348056
67.68185596991378
74.05587441117889
74.5053861212992
73.06875776601515
69.08842484044449
77.20427604463097
75.26371139534143
74.73598285441929
70.99159880545942
70.3626056262591
79.09269668976032
76.2413168078126
68.8282534887277
78.74060259178505
74.66542407354603
68.11253055728479
72.12561701798752
77.58677896889354
71.07675960580418
72.19400599894242
75.97453403250313
72.06878381748898
74.37981686440193
68.95353127256936
75.28041703458281
75.84405692539562
71.10858626156198
75.25633556999402
76.57311614477948
75.15530237935427
63.2420738050009
66.9341978439506
71.57647016750707
77.52434544023177
72.12865884258632
68.27714211609373
70.23112208019133
77.0074813848675
71.10436765404096
69.04735078462774
69.84044611983688
69.73179507005432
68.79719317215877
70.6594612926933
73.29250749182205
73.09932561259996
63.99952909483588
75.45668164904208
80.61678708596928
73.07852324402002
71.71347171756521
75.07013936924024
73.4355483049763
68.67355153566571
74.97797508523344
72.42186089371475
72.70915311246853
71.75129439907789
71.07041576020364
74.18729194420256
77.00105327908223
74.32225046263562
70.80490509862122
73.14318000246787
70.91171324226958
72.92910470001847
74.56510361944079
71.96868900363583
76.63174278308928
65.92914268024865
71.68169350499016
72.00190320969959
71.20952427347271
66.59963147939882
69.91892737190692
66.04264932773619
65.21808788250274
72.80203359683225
73.15291028785833
68.51789919301389
68.00328943517373
68.02374394486056
72.67197747548852
70.13683205988589
65.96739054938998
65.9496435691016
72.73390380419646
73.77896055964219
73.82289083146081
70.86808598584089
64.74991847957286
69.01655706951833
73.98832379105255
79.63198836031427
70.63556400629776
73.3863613162926
74.86053880241421
66.53869653608183
69.20689100070355
70.05131336993742
70.49620705950437
68.84184763865633
64.61579538572478
72.69199084706707
73.28357504436892
67.43588631072943
67.71198020362594
72.28269578662838
72.26527873661834
64.71607420082226
73.88947413275355
73.5321192338089
80.64407493715815
76.34471852979658
63.32362022219919
67.257283928075
72.88969566846362
73.87580103303289
68.20266533392396
64.29164353555147
67.74812436790572
75.3198028929623
73.38802517686352
66.53339608689674
70.80980891684968
66.72361002747705
75.31048060078606
64.28645533454508
67.12203677061339
70.6732449916467
75.41224834271446
66.64126371399597
78.34192141247416
66.7382003610591
66.4228081833875
67.8948348216367
73.0042202358127
70.86789975632858
66.8001702723328
69.38546432067946
68.24177356356789
67.47582806597883
65.04436679259375
70.58005119793101
69.7335865899151
70.48436476401926
64.02778225771888
72.87650740981542
70.82575289509018
72.55182898987728
64.07121319720817
70.37842868483057
71.42143703911265
69.08472151823605
65.75821256952412
67.57528221958472
71.71135339742186
76.41193076224673
64.16082006064268
65.53312887322446
69.9731167728297
77.5902251013406
71.11762911494664
60.421191277073866
68.24565470075409
74.45652668905954
70.17265293658967
66.68462856689986
66.34000878156087
76.31092760510288
73.39197071005076
65.01186232428587
71.47197750150997
71.78102226942141
67.60250900208935
64.03778522227267
68.29955131011783
67.48015134095348
69.70669251978129
64.75745027423311
64.70214888164364
68.8407019194498
64.1412020621165
64.39285084243285
66.87488831919981
69.18722063164655
68.2832531696309
65.18709118791926
65.40014318661343
67.29165574286901
66.10223177083051
65.48810220701841
68.68089055195713
72.08391907188562
67.67343583051257
65.32915268404881
69.15382805688388
74.8620995044819
72.84840610702302
67.23104370599603
65.66876287519801
71.94026180008198
67.39469497576881
62.78587760489247
68.34797205636464
66.27542861941305
65.37053132815399
68.73610760716073
69.91818612763142
67.29761565736207
66.84635739779229
68.33522594195898
65.65999802274195
64.76017070218728
64.42135809373049
68.76557604677046
67.56934833830306
66.45464855086765
67.12799573991647
66.30147593642057
65.34614927923809
67.01766472046903
68.0525707512487
66.06462294778663
61.788886960720504
73.31605269948277
70.50745422030292
69.80237836399375
64.4964718348365
65.56020974395759
64.37718519858362
67.53314857954025
59.678500784960995
64.48915635006959
65.36850981358054
67.42831715130656
66.67708150471175
64.00417457987174
67.96527573094194
65.30591659528761
64.62852389179098
66.55612649016211
62.252213024359556
61.40050010199746
64.916987183028
69.40725351541415
65.00598438920267
67.41469355080791
66.62629955321647
70.06080812478207
62.6481991525802
61.190256578660595
65.26837465575599
65.96892417478043
64.25148268364188
58.833187037189845
67.52226420421027
65.08142838718919
62.58875997751693
66.70836068104491
67.34483709093526
68.48708726593863
67.28644031603031
67.9932624511205
65.1564774951766
69.50841824868894
65.82342977354105
66.7010965232456
68.40726313666399
62.18123390777155
66.06348430249031
65.21923062878028
67.57194336216673
62.71292961006253
63.989119337505024
72.93544444572238
67.52418776797985
68.40299486140925
66.37146891550753
66.50530460827038
66.45311905875576
64.34959812033155
70.15398609322614
60.85546080063316
62.3625222448376
68.05597067064
64.59621687205448
60.544373846622854
67.61966669198078
65.94760389809197
67.99312611119416
63.25121334130052
69.32668927225819
61.34083091258608
64.5930980787758
67.2625886883263
64.81139530411514
64.19194237411406
63.937211637459605
63.70835831580201
70.00495359809717
63.88773050693072
66.15977811446365
70.34032173574978
73.67957752488965
64.14655870720765
66.59266615246254
68.743309814486
74.91264135941401
67.07607570486437
67.4464784824066
65.60413118135585
72.49153971979077
63.228650027627594
68.07557125456496
67.03709145187466
65.32579692874958
64.82525655806461
65.53903273982013
72.67040054297027
62.89004251921404
69.76459313356926
66.60608760978738
72.42066725772561
57.27020688163937
64.58784559025725
67.53893698826504
63.12408415669455
53.478759792131484
61.131002629118235
70.28736435851795
67.25076792773024
58.399136654341376
63.45573441808493
66.15799342992995
62.132639764641844
56.750300974282545
62.0506015972987
65.89004231043361
63.72001867322306
63.76287966286844
62.043225111804695
65.73037101922863
58.15561768791658
58.851795081565925
63.13803918351833
67.02695057404394
54.79787696717951
59.812971396877664
59.97866732408747
64.11113346775146
58.18912630999872
62.41384838809674
69.0192726722748
66.10001150946671
59.551735061397515
62.64544283941554
65.05855170484533
61.603110905070096
58.55056188958162
67.07214901704458
65.23940672590375
66.5923427990168
60.78590384276794
64.20229678797973
63.380647254144314
61.75176664076307
69.21556128060725
67.11763593903284
66.25245802318413
60.238338637267226
68.38737022860312
63.32663380801065
60.581311880205185
62.23558306049627
71.46676779930884
61.029713269515824
57.65618713471735
64.27723936472177
61.813819853866555
62.031586958751994
62.14824751347039
65.98813810078904
66.07571792901268
58.028377512959125
62.86256600568704
62.462589910073554
66.51095555108985
65.35517592842923
65.56987466686796
64.59591742695788
70.50088357073504
73.93101648960979
74.75778573730732
72.52239716759328
72.44403000001033
72.69090932241737
68.93368384779988
66.43232096541658
70.9114821789894
67.11120548289155
68.07390535385329
67.7378853478495
63.45230841723145
67.39130317686404
69.62438258881586
71.43635274617455
62.732588119216636
67.20838661188861
62.865464238274946
67.61446088254057
68.7289729674137
68.8878869340003
65.01708198649979
65.55134768291677
73.29765520374545
75.2187209761053
64.2126559055202
67.52660313205848
72.6846353442217
71.28203554393095
62.790211111015125
65.28133147388627
65.05730283238576
62.09721190799677
65.8379492930415
73.17284799394248
70.14606794578341
67.38340102109012
73.02741343284961
71.79677897192137
72.59503540341333
67.21906217860597
65.70196164875726
61.564800606380544
63.33121526825618
61.20803408601621
58.19137744247837
62.86037086718674
69.95342652850493
72.67349790038548
66.8172384306762
66.4005670832084
71.39141966855009
64.27395273173723
61.57033547515136
66.16528926428273
63.926794549877776
60.50759663311639
62.702789406917034
60.918048927044836
64.24578042347908
61.47629689297697
66.68928557697676
66.09584375060419
64.61034892162253
62.10779840408581
63.02095537505625
64.0488183284385
63.08706835080713
57.761865059094
69.10393648410094
66.61264072551229
65.83481032354983
67.63252949302284
68.50431416525973
67.970313530204
63.79331134899398
67.05933904997217
68.73131058147627
68.43371315497217
71.52265486998485
69.4032477326889
63.94233030035506
66.23156781291222
70.95363588634628
71.42199577223077
69.6277048865049
71.32867972279959
70.96001486542417
70.938218514748
68.84902978657671
67.1578401095612
66.76571997672464
69.9734530988971
66.53104868110913
63.871305373774646
63.942129996166635
70.10171120880334
64.19356142456529
69.4278419805866
68.70740631399502
68.1338444912074
69.24749256530492
68.85624645712332
70.56414132739829
68.25739697360318
71.4921846454262
72.78200266782244
67.50934556572496
67.1314560841196
63.80635743898335
67.03738505859776
68.37986055984398
66.09218328254197
67.75525056373856
69.98865159113036
67.03498641236929
70.06449765291862
66.83635254617428
61.043181229220735
64.02166913890127
63.75578062714337
60.47719874290849
61.94164977364846
57.63448492071089
58.53016871993558
58.317870722811705
58.19521275640113
61.29619552364004
59.26515065634636
59.682294904615645
61.39795157785125
62.36472979624409
59.993410900071474
58.857587923029506
63.468457408077896
67.06265724554765
63.93403926859155
66.8777227272622
71.95842076963325
71.59714442971428
65.41695850146034
67.24475162068471
62.8156376911445
68.24638512753633
62.58426363938648
68.05690931008921
68.00434836198997
63.97982918852718
65.32517138630827
67.76937862622414
70.50988861866843
68.6752775071208
71.32033311732036
73.15453162449003
70.5095580111503
69.66513441112566
70.80609393497706
73.50355363571488
67.47468774365788
72.31954754857848
68.03353070387752
68.8628994754232
68.22766766165947
66.96413527959244
66.9871637292588
71.0675756724779
67.92037914384419
66.46276850479775
66.74218674808608
71.72107995275253
65.61761764041907
68.19422017806723
67.56980433275396
65.82707237230932
68.81551388904909
64.47640124198271
64.58108678700188
63.950234462190295
67.57391335901751
63.51901332468637
65.12507950389758
62.793576971954806
67.23816469860498
64.99107760997659
70.15148181560077
66.39257227668442
64.62920512042767
64.79674451556147
68.54413692329027
66.68767585484126
64.54386053850611
65.87682840275801
64.60428638405699
61.547737981708366
59.58813410030466
65.42247734392765
62.35569939750943
67.09238032218086
62.1980020525689
65.78704109275158
58.724153499869935
56.76195201351818
57.17061498925236
61.26103067115868
53.73848336066144
57.13923730591274
55.71237074456301
58.123740947539154
59.630072006132785
61.570076270641636
59.52309363413393
57.48604341628078
61.43202448445918
63.07314379155472
62.695723544468656
65.04416104489142
69.28648114207036
63.49034693718975
66.69009008729452
68.72746276416841
67.27242422600935
66.51590251415612
64.98284056134136
63.913957834033724
65.38012869641467
64.01578805614315
64.39471816243544
61.9380909774595
64.19811746701487
66.64407860221418
66.49458806843703
65.04780143351405
61.44354170286179
59.19785487578477
61.28362014812621
62.91468787092413
62.46041131422499
61.4499629448212
62.64317090192422
61.700487177083545
63.86442989260535
59.20266135903634
57.766825443589084
60.384328437126634
60.831214151730876
61.32389979195787
62.67776116860372
62.880349633016124
56.95763242591995
62.81809226212216
65.25050633747209
62.83885068599747
63.868710670263766
64.51204931769716
61.23505038416388
61.69670617618838
65.5627499817877
62.04703047761385
58.71941993816201
59.252476565850614
62.519947699528196
63.93466048758748
61.549142824842214
64.90557784040143
64.1524207357002
63.24276374830073
62.01494997482703
63.80860787844762
68.9372489407808
58.947511473360144
60.214279468801315
60.20252076774279
68.17123833686928
62.58615088327662
61.29327098239408
66.39012643445412
68.39465044013427
64.14443723031003
62.72989614746796
64.20980166577114
68.71106302211251
64.8594070489992
62.13828123226817
61.13986773721094
65.38871941357269
63.82504160641579
61.067945461963994
65.54363172757856
66.95011443514458
62.91378236575261
65.38176863113178
58.65959478524934
61.2079711993758
62.76507807924767
62.293598238503655
59.95225071721283
61.9254586495269
56.99052325760144
62.75533714184003
58.6122983434711
57.96100759647788
59.2572158666038
60.68458948127387
56.94181298122904
61.322691885813995
59.688360092943704
58.44378422071142
58.82312764107703
59.018072408965146
57.71803276658442
53.2699746696354
54.977727448127105
56.31495883155357
59.05680023134137
54.246704677160714
54.700426575376866
58.07901174327285
58.12795040462537
57.673959032132956
59.614001000131054
60.596919005202054
55.77904120098637
57.89011600488879
53.201387322949856
58.371610588447595
63.162063632622555
61.4728941812051
58.897755259135465
64.04234164112783
65.61044762101326
64.70417645669504
56.702181004405
56.73828604077971
62.63685174457366
61.39628411295191
61.27002548165859
63.249136565272366
65.95010279240731
58.92429809879757
63.25519995206222
61.2326736894802
58.49840986054914
58.82995671677617
62.43290569116081
66.87955329178938
61.45159881953013
60.06270246886857
62.911210652090695
65.35532646749158
61.2493285676845
61.08612162539538
59.30533877429023
61.62364748941143
62.16075059205945
55.8504544368837
61.27110797547564
57.89981466111076
58.07103439336703
62.11746791543512
62.58175824235863
60.566813579180945
59.94663101618962
61.369593920128864
62.11841584744609
64.48372622898185
62.71694488858696
63.31202610590559
59.072854424413926
60.637955807341854
58.38157415525025
56.998723927098744
54.288979017604376
62.827893138169436
58.49580608099337
58.607989792825
57.51428650577103
60.50175194971849
55.23254566291569
59.89770478944294
62.06058102433903
65.01213402042394
65.308875679302
61.012674440200136
60.260334847737475
63.179174333056274
69.95718137812312
68.97181453740711
66.58052300421684
67.35698499463926
70.41033274893093
70.30760866854008
69.7079841020409
66.59953946285663
67.93462466876255
66.28232936568183
64.12856597990091
64.1066945191637
60.4361234631979
67.25835010938818
64.65571205910688
61.043972573017236
66.83000573745058
64.74954113894692
63.10968242535883
61.47871678287255
59.242306098270475
58.22029971727632
61.3544564130556
63.788450231876894
61.29747438272968
62.965922966001706
64.07097727259986
64.36065493467012
62.40418208258473
55.64502530066459
59.85764616578926
60.40766453684937
56.3347972150542
61.67426843526413
63.92103995558282
58.15905667463144
58.79242002448581
65.10245964655367
61.60108050735229
60.042578094614385
56.64824483100053
60.04358640954996
65.33327019943819
58.78800841335631
62.5154785948857
59.80824675366596
60.892789401920545
57.37661216184026
56.92799663661188
58.265518294049826
54.971925935117206
59.81116100046831
57.58061006540631
56.22038529374364
57.053754001812884
53.49471164591434
50.786513037041225
53.32961889861348
56.914053426403754
52.71183413403074
51.704542606721446
54.25838551576319
51.16187420202039
53.76042074272716
55.095889775416616
54.205765703222696
54.801267297714794
55.68986274734413
53.59879950987531
56.178907018834614
55.98321221051521
53.07117967571512
56.96608655188245
54.601740790941705
55.13538926091753
59.532413311076034
60.15129855478355
59.141559814774574
61.222895380719144
53.958610204091464
55.12686376680563
55.294755747082654
60.3713050990128
58.128473140095196
56.101804812337804
57.96630640972076
57.55988266182226
56.19540016619243
54.395737362096085
56.23769194783894
59.01359479253428
58.51433079463252
60.10753435355032
58.59089966257222
58.057067599761794
54.986106694413856
55.695414742134204
58.86650876714602
58.57997327529519
58.38270950177175
54.38908486405409
54.566083900209975
59.6782589581924
59.15435346245996
58.002176613709345
58.70465515845302
60.6866461649166
56.91237539906394
60.1515149912406
58.3309904305017
57.93136717908152
57.39376355622849
57.55102070890658
51.93006937254686
54.09100745639087
56.748483355061154
60.11068316194829
53.512406888302536
52.29830192390136
56.710511890672564
57.345175698658274
58.72239123550962
56.219463910073465
55.27415202502068
56.87667476047725
52.21142341582362
57.17701167159008
59.943238483175485
58.26586096417395
51.91119618369884
57.92830880595033
58.1072036811826
56.36489490254404
52.30715897416055
54.31819927588029
53.61192699842888
49.35698759605762
49.09935904400162
51.312319292108505
48.53640560346603
49.592852286365925
48.78519031449819
50.56586423382274
51.0557471813755
53.961988121562406
51.01912638319202
53.26764386565764
52.07730550414674
48.109121560460515
51.017420154993935
51.474957008926864
53.66242819736315
53.312066479606294
52.50765900182318
53.998811412126116
51.61331429207243
47.53136468428796
46.20356470565831
49.26146402222785
47.715717085200524
50.450146431211614
51.89535120847577
51.504728354276196
50.10615378188173
52.164980349104226
52.43895618207151
49.715665217192324
57.126862832147715
55.880232298552045
55.00965814694764
54.96422960843295
52.873601388088844
52.67465297986735
55.95261562781553
52.64995966158141
55.402732428288054
52.23658978914162
54.11603631382688
53.79597797424838
51.99018315461109
56.523127079004986
57.41610010795171
55.64213336904578
54.59917261374787
55.983793991914354
60.031698192164455
59.05930562581288
59.55410860801736
51.46770473705719
54.4961391113265
52.24960187512076
55.03872238754915
53.9285538844285
53.92916675341852
50.329517038819795
50.19164686355619
51.746984264032086
53.83478455266558
50.437068652346895
52.511281833576774
53.59889152915318
52.48877614282534
49.426650901128895
53.31511768322327
48.460560687879735
48.303073787760184
48.67104961511521
52.77560782160974
52.582719592097945
50.12920174621709
50.37411664958986
53.86530741654309
53.096283665693946
50.723397909391544
56.50712921165541
54.10871208240705
54.72895169300159
53.04818343960851
50.739045015654575
49.53752246044506
52.11924708295166
51.153921348443184
52.40907233111662
54.21886759893728
52.18494055385862
50.321795766360175
48.31045022750537
53.46267735405038
50.3068212146678
48.22738857539027
51.03612357873417
52.485469064088285
51.91175741693616
51.769341072305366
51.441856747822776
53.40278848278827
53.52709238678258
56.60507614702608
57.26963483613905
52.83976165343778
52.95217548578476
55.1903182940872
51.74111597175879
52.12024958348044
56.0155907406442
53.3960920953406
49.4387708837561
51.322057832233824
56.77725738720161
52.72159981976648
50.91953671226154
49.9777609937239
51.52070131724969
50.0151313261757
48.05619591330449
49.7527956770201
51.22968641384445
52.113902594912105
48.71597884646694
49.70456841348532
49.71398990471478
53.26376186838702
52.34846972009313
53.620062601075375
57.844657829058804
57.43517991409128
57.26719352032524
54.87201040993464
56.75981846125164
54.00132184114695
51.78683358741703
56.214298292963576
54.943030027670005
53.048143600718255
50.94473484967288
52.41451433364793
56.371374917496944
57.20488804223545
52.540662195741064
47.38230519142464
48.05181588696916
50.29109252629209
52.0273984736621
51.177614653879466
54.19489632624907
47.41158982977167
48.24868884145878
48.58673379855506
52.690415997028204
50.80674785971779
50.89567469170658
51.82755163602522
55.14159910609133
54.56942137743863
55.28980471165453
53.113010747921386
54.82924622642553
55.34522829848495
52.484694899524186
54.5066213529467
57.45939488580626
55.89170640459446
54.72484135539393
52.61280816059585
51.95115677189171
52.195267037182965
49.29459829931691
50.28158923436564
50.913067661748954
49.62111928141445
52.64302503320796
48.04982174079985
54.36414279575255
56.44813338858636
56.105327750852176
57.64247556433605
49.42290141877064
51.4712799041307
55.991459878616496
53.74733926380355
48.72526129664317
52.593752295706174
55.31806661834646
54.75342863437323
48.387191470091885
51.028285314466146
55.37996591482763
52.895081599460674
49.39548907637909
54.08136013127378
50.646138419257625
48.99130487335999
49.65622750857942
56.06357796861156
53.61290278456986
52.61470028930174
51.44993859613739
52.62783998471955
51.641562945971
49.41076695377786
51.32969554927191
53.811867978285754
55.29998074395021
53.38963664450097
53.25230753629217
53.48243879740261
50.266882622485475
50.76759702082185
53.46634647113647
51.52997684524933
48.966168241879465
53.48433545781768
49.8317202211734
51.199021404400945
52.608279786546646
50.7042865898869
53.030709641914655
52.639703321810046
47.777519102944694
47.13542405856288
49.41476194015273
53.96925693119476
48.13213847467665
50.65377197303866
54.10329943736774
49.59957222785411
49.860594168543166
49.06160448832081
51.9428071847402
50.09073895943102
52.050548145643134
53.33509548029257
51.00268709416414
49.55471857877114
51.00789711023725
53.73207216034357
53.89194152355878
50.552501223540276
53.63796465523094
52.308377184596345
53.26212499873272
54.931526360061746
56.23456393612052
54.9504084436237
59.38018917536554
56.97485208186483
51.81915322576638
55.30469682586789
53.213313084151594
50.06432832965615
52.92736647814487
54.518186761771496
50.20708484488261
53.408676651770335
50.49703451226505
48.329946221172996
48.707867752834815
49.07585457713951
50.85467748993875
52.384910149219564
51.751483737900756
54.14430501621703
50.26056316610677
51.17591057670606
51.036613550515796
52.1617766322135
52.037365244490026
49.9509573825633
49.62261184857412
50.324436922018485
46.93350135865216
45.65300296365426
44.60892417181366
49.718447506409255
50.68056205915619
50.4747949617316
51.54831124374407
51.24022430589088
49.95983447095283
48.46749199294631
49.16292997727205
47.955935662933825
48.56226750643435
45.83943629569154
45.190591291776215
46.15420422855496
43.30960679304113
44.878006085184715
43.83356003163755
44.50817123146189
40.96924576971398
45.48006770823048
44.72456325674877
43.68187105290981
44.83362519269485
43.481072649194864
40.96168254275648
45.73958139004637
46.727585787995885
43.028771301675285
44.83000785258913
44.66583209479431
42.94970332317884
43.53602659598511
44.45130488754448
44.2900693386064
41.95009556553286
45.179297707352305
45.74784383105086
42.19814083881435
46.944215950723084
46.020913733371074
44.036297823389404
44.335668645408425
45.04631895812503
46.10502752355651
42.98652734897518
45.421185528950424
41.40311103477916
42.92189828194696
43.49917969130801
42.679429331288894
43.7946362753927
43.6685871031913
43.57199692114148
43.94139029214001
41.982794114422035
45.68366572580918
44.50553183907676
43.25664802517342
45.15344773355739
45.26574194062827
42.42557457621651
42.6704538825309
42.672581136196726
42.99751998068966
44.73684458313886
41.47104641024442
41.287810736785175
44.96978096055442
45.978743598528716
43.71560350031669
41.66058050578773
47.51886533336336
46.9464843133994
41.89623889816179
44.46477160752916
47.506350935932616
43.13321095598603
42.964237233987745
44.68335208316121
44.70861734497872
41.75595857729211
40.383022137592725
45.31577006045427
45.895935853258635
41.439883403770494
42.11369705354634
43.924348144606896
43.89337714500916
43.14548556268956
42.48742828961337
45.658876482719876
42.22409264995692
44.49734979812715
46.02889804963139
43.55224838678977
45.38667272817219
44.73062977910583
46.123457573447006
45.75510371165916
44.19026689895065
43.26350811438919
45.81090538131248
48.41839039648396
43.30273547158711
39.67889357258507
44.42691094882476
45.827207716518416
39.745727913897284
39.895995934551586
45.5931207421651
41.946807235647995
42.16008139423693
42.673552211101935
46.478364674444066
40.91859414377301
43.75264937598679
45.88767457493482
45.6358081809005
41.49790394127626
42.64144951642203
42.90788560849729
41.95937814148212
43.09225615718417
44.56205582090966
42.81070847077877
44.51716862271922
41.24903056450901
41.7704881897823
44.165088517897786
41.51064500245755
41.5013907666462
42.76146777737509
42.9887760142263
40.1175790283095
44.10125541697258
44.7482300019154
43.18921958892315
43.59144475707175
46.608556905520615
43.41033424560433
41.90043293372295
43.76747280393971
45.609550626955496
42.33309296669202
43.72638743137898
46.775912797708244
43.82246855478303
47.89738459559716
44.84437157283573
45.790341668679446
43.917060463124855
46.16545360967399
44.87652645264132
46.51155463218292
43.98445514688888
43.45056286885638
43.892434834571574
41.28629155147781
40.925404387139004
42.70223433580976
41.407808840391766
40.69385897716045
40.75384159423599
42.24108480670997
40.68315378704052
39.441257508366746
41.719393918810376
41.65101711761283
38.50793100969262
40.69788161781393
41.173873980434216
41.98452873451857
40.76970479332633
40.9619330554977
40.622657237633284
39.24252438554533
40.490509956690474
42.55255896935465
38.24128121113031
38.80443901721856
39.689918310551896
41.65747225665405
38.01703865206175
38.4195878237079
40.93329382891901
38.321393670970835
39.05357854640654
39.56125470420556
39.067010292771236
39.811991419269226
40.17640929251721
42.79076360676574
41.74304929385292
38.877545996497716
40.30065248945047
42.831138924643255
41.714296530873256
39.77929814554921
41.64017107824637
40.18042385566745
40.72558709363444
41.54021386844566
44.36432828961934
41.90603119357545
40.94436954189112
40.052290419468676
39.811477682663806
41.63817741919252
38.80350228299868
40.14853753370127
40.76353547060178
40.7420083335912
42.63095408260302
43.31869118774622
44.695411157964
44.03347917430659
46.160664770780876
45.72998146363333
41.642741929164586
41.35123192092292
42.87493341195717
41.4992613315992
41.19276030794923
41.11243513103822
40.28627567930104
43.322843909496896
41.74338308224297
41.893961835998724
41.61239635955284
40.64239383820621
44.55068579238845
43.64385450074805
44.540376437449616
46.43809025564189
42.708618647769235
42.74772971920196
46.36115528320946
44.11323382137673
44.200373751012336
45.375439581245665
45.47482209059359
44.86882673813191
48.240004898241466
44.9135460553781
47.84273280422639
44.67877608959037
43.566651136849
45.099386726525324
46.383668797110296
41.9353829320176
40.43983225922664
41.69570084468777
42.40273297805906
41.26067542692252
41.217265523239845
43.236663568159244
41.30668981865656
40.92744499619423
40.39200456262445
41.18055244422321
40.28227501768769
40.63726485361073
39.84858042991722
42.9049120594602
43.08097349351059
41.5244949805589
42.53716077380855
42.804031105046185
43.23975069204882
43.988424377107386
46.222056675949496
45.898373383553555
42.55987786497481
41.18672608454874
39.53229095308512
40.916456075790734
42.23154842329828
40.22217143669334
40.94148368168391
40.007056939401046
42.07842480633803
40.022782247142366
41.01581621208353
42.02614825246876
40.68659699368253
40.279745397653016
39.17419108668338
40.628877585191375
41.40433378567391
38.829939601903845
41.134477164344915
44.17947069707572
41.90632776902654
39.81560907681206
41.72617444868311
42.689260802887894
39.838992543310844
39.50634625751555
39.853908222007114
38.09775853921949
37.60823486189532
40.14087679868673
41.342797269473806
40.98841860135303
38.36783641548989
41.48949316034463
37.56270415239358
39.82772661218256
42.18050439445779
41.00774430436384
38.126070431753185
40.27346987721296
41.957716128663854
39.09069275350244
40.571387806188106
40.672056461421406
42.733754847775536
43.36126078015
43.14161443811911
44.16904028331447
43.71477704187458
42.784684413372425
45.027481457361844
45.98617929849255
43.053281850962364
43.462132896016165
45.30609752968407
44.48912615216539
42.805280838966446
43.55159251051693
44.41674096581724
45.95315162760235
43.94477511428031
45.141863527308644
44.81218667245997
43.77754813055941
46.01019390562779
43.686037991991704
41.47865859005735
40.458483442217826
42.51484908947531
42.8219196172412
43.187863230341506
40.38777199961364
40.45574854824858
42.657596860586764
45.65048712399254
43.556091735938296
37.80525952600504
44.17291071321535
40.84968664305474
39.29498167138863
38.6842552447585
38.99210784428551
38.8845113143247
38.82204600883181
37.00464254852589
38.4735776308436
38.333235957635054
39.37860635833524
38.15279215893727
38.70825662176821
40.61865454522146
41.23111286326068
38.88159232635196
38.056747407310915
42.47764436304888
38.550073296645344
39.00386942482101
38.725316064385595
39.189312550493014
39.194030127374965
40.1624339415683
39.60300943666529
38.293452782236685
39.148338472458676
41.91506178890476
41.15934059999134
40.38031435978402
39.29508936480394
40.61077086081248
40.801639429913116
40.052903401507685
40.931628665600904
38.28857819144721
40.62054697792591
39.922034343964974
41.30339088762617
41.95620900358323
41.914970199310176
43.38664437390349
41.79691410078578
41.330823221699355
41.49142090710545
40.627753306558446
41.4009109458716
36.64663914622776
37.95337368756237
36.70602730007383
38.731412070124506
37.72373695785238
39.34123009875471
36.018506363642835
37.1670160048034
41.23170409628895
40.71320576555757
39.027191732379464
40.89719524747394
37.415573772268566
39.28650472197724
39.698805809630805
41.83741611183226
41.1227477923912
40.337689400552
42.16980864436024
42.82032438633239
41.777395970313385
42.434887133519766
40.67288829103251
38.273042885363715
41.610892841626224
42.03236662735379
38.76013732383251
36.703479019025984
40.18130920192788
36.74134246590464
37.73991628261595
37.10810866248651
37.163746777587306
42.51700207153557
41.312298106237556
40.10512899085153
41.33126743101053
39.43660230768726
42.71264274306373
39.367657068402835
42.078764270503925
42.58129206177731
41.63349879904006
38.64924890808279
40.51918275664974
41.35106051437008
39.14361038524348
37.9764959971558
37.684326501661346
40.30055441977693
41.102036875056726
39.4540897971395
37.7309509177806
38.717397127181876
38.448639853423295
40.60829204377529
38.28278773014174
36.39957057238274
38.934196053380404
39.791190064405825
38.807676119104244
38.70552523188077
41.50795141719872
40.258865110228115
39.342857312660186
39.19244991843374
38.20264260477457
37.997954887634904
36.8822652848573
39.61651021057528
36.469433304271185
36.98116866358236
37.34403992234894
38.136277111057225
40.597911564292005
38.87644415537838
37.83147732843639
40.499601274172385
37.831059785449085
40.329074272391125
39.38113297502731
38.96592580688489
36.081957727011435
39.44602807566545
39.8272788646738
40.555974216000514
39.56292118702527
39.41076226877701
39.36871035253961
37.04033097828776
39.916531363359134
39.41934097248784
39.25638430472962
37.01372221453027
37.708347561623604
36.524351284372536
36.786364893548864
38.381535475959616
37.64746553792594
37.268121735378465
37.907955910506686
40.28604073043101
39.359431022969744
38.37319564947546
38.88994368645347
39.967758275044446
40.196218660015646
35.93015379529797
39.559797264751154
36.94343173611637
37.558725590917746
36.03815594791496
38.65763795405031
37.04724614141332
35.78752171562484
37.042485560046394
36.21959586181887
36.41233526249873
33.92492690323338
37.23240972021989
38.08117463767867
37.43373176321022
37.77569127558837
38.295463144304065
36.14845110060361
36.570302788017145
38.893115872339834
36.54416851883872
37.75057127813428
38.124700753721214
37.2239528993081
37.3034694916789
38.61247052181954
37.349595990291476
37.69062920407766
37.93818637465302
38.519177942528124
37.54549824396279
35.88439992886761
34.14651884964529
37.04953108386763
36.62442864222899
35.780430311107665
36.92484520595294
36.29369724821252
36.83400320756147
37.13560319881944
38.248895336916966
37.198841948589276
36.18882645298355
38.45768150016437
37.17191135266396
36.183345036228296
39.98383839773355
39.38268118197694
38.49560459748636
37.680103252696036
38.41651516219653
37.48942845279582
34.54140131953794
36.24629579555715
37.53272783472684
35.74208338937777
35.123823240767834
38.333075898293764
39.636244795918834
36.07173462257392
35.016729846966626
38.21966126600969
38.61180946573114
33.984079023206895
35.21888439800043
35.37189571648353
33.31585254228275
34.1797570631203
34.6394866822216
35.10986718731748
33.84204022776772
36.208973965226626
34.96848123909127
35.30915892955772
35.568234925549284
34.56151816806619
36.157773199620635
34.6617829787012
32.59325087623206
36.112444413395245
36.29920269741762
35.08489945398531
34.435867051070446
34.76802447409711
34.74645280528798
34.16351820597664
33.02041799630391
33.53614634069253
33.424265748440675
32.45392871079838
33.9372052158425
33.60169529426955
32.82669760133319
32.16402287675753
33.373549838280496
32.57821615549836
32.96300065042261
32.95796015890262
34.470221116391286
33.84479951752862
33.39027358213467
32.70221592989269
34.32480903606879
35.12187825726029
32.773892559910045
32.41466478535388
32.74509514937526
33.34638542606632
33.861771738779
32.89927534421363
33.70129946401733
33.64687305528017
33.43136391180366
32.99200039558146
34.482441286967116
34.16337768958619
33.600613263127464
34.07828547004593
33.8658970902516
35.43178587393422
34.725875023834504
35.34651883761299
33.51393491662151
34.22320252464406
34.459579685220106
33.25866739394132
33.3662845782396
33.06765780330994
33.22875300730098
33.18763892107973
33.17985526998779
33.69053478292999
32.13333778549134
33.83759325996374
32.839461301208466
32.51480605587272
33.67916173645966
33.11643607327702
32.47780241514173
33.376053649587874
33.23767598504799
33.36057624097528
33.77744737853706
33.06558816477672
33.94260743246551
34.481822412703906
32.150677723230636
33.277477517781236
32.90282600076082
32.51554500660258
32.18375047381808
33.17741507423313
32.89933020245761
32.25016875515442
32.27936693199919
32.591490390299974
32.400820782565
32.11955643324808
32.7784327603793
33.00795696709203
32.65314784106096
33.31264546743886
33.64914314544333
32.69411255606608
33.718557679847166
34.922026624609515
34.73723556917215
33.60229036609596
34.74690211486868
33.43393689703886
32.473757278645486
32.83444362983685
34.01418861465511
33.040579253310696
33.73626627070887
34.295551654437716
33.646607580014674
33.306509192735554
34.38453707842568
35.30396415860929
35.43442966250045
35.45879127708104
34.64650106950537
33.90803666430105
34.83356441081814
34.842835547977955
36.29167405734759
35.82137250873416
34.67236035361421
36.06479990122836
35.532998249319924
35.20319245635078
36.22790670424593
34.317591177367085
33.80099802933855
34.490908415168384
34.109818493236354
33.88735600137417
32.919106923795596
33.537045257870425
33.002395797015254
32.848108066996716
32.706083422203044
33.73104295230356
33.10354127677667
32.95701124587201
33.549654562632405
33.5710781740411
32.98689832437638
32.98198853841099
32.73177332790464
33.88059244500613
33.862625848013955
33.596883909845545
34.2351177588467
34.890207764769805
38.015872030945424
34.611225431766385
33.687687099017374
34.3602150617035
35.465788375238674
32.85915819711596
32.556919540575045
34.35420527916984
33.11536918170346
31.68333134694401
32.48144242248235
33.654609333096595
32.821737467138355
33.90338864706699
34.398957731241566
34.48148696659781
34.69434888726146
33.993524164077186
33.83039357870731
32.98287994518735
34.23883176984386
34.173568045001495
35.30216074522129
32.99742069662456
32.164321020584815
33.07452205711694
32.51115764541565
34.16063247914281
32.20920190278476
32.92776134749663
34.43165405936761
32.78401283483296
32.06859842445327
32.41404808775896
34.49134417436859
33.05126829430234
32.26249560227143
32.742063353313995
34.090147515738956
32.84431515504591
31.9524734969357
32.75033868358209
32.71647921826041
31.764192942872356
32.138497085613565
32.424888490504934
32.35703567510275
32.11330563129483
32.26819825386585
31.755527572561597
31.872688011756974
31.657579518263443
31.31607501997368
31.918162024570858
32.14052493047855
31.599247050484657
31.300903892228543
33.13184066920959
32.445200488078086
32.21037915592593
32.61417590756997
32.417295238367004
32.6958548357926
32.84187971655257
32.01238255705935
32.94354153079083
32.291207378464954
32.78305296200388
32.5731005434739
31.99935019623344
32.78068563902
32.456062797350484
32.96567872840237
31.712665898254365
31.6971407828431
32.100527983659234
32.58985340801667
31.423710133608346
31.822371279764575
32.88696650194721
31.87493465173904
31.731095421553682
32.71742625670049
32.72057132292723
32.245997355260585
31.69771937217727
31.897217058939695
32.31078225261733
31.387973092714148
31.474605866424895
33.29285282829495
32.22404346280396
31.86325937134641
32.312610828437656
33.09079834410422
31.575964936605104
31.69873693321387
31.405704517762643
31.98678286467406
31.486571834095834
31.786055373915342
31.8303969817004
31.712880783418576
31.73954008859838
31.742057537653427
31.44712465467359
31.746253423612178
31.45417771680194
31.46874210283521
31.442587653427623
31.288959358406682
31.72576868731179
31.415792826866383
31.69625863633876
31.544409896307506
31.36877709871162
31.90906855824037
31.47757813084947
31.59314827717396
31.532721584395627
31.845918184211214
31.405695264686592
31.34107940043586
31.955868307588222
31.760401385296362
31.872530108353246
31.76295677771709
31.745459675473356
32.10298284989005
32.259379595294085
31.976407892744255
31.661896198931863
31.347598442484415
31.92979801626049
31.95731286917481
31.43225986406178
31.225966913684132
31.787293201053345
31.652965803145843
31.408558989546282
31.492454168511664
31.805620488216064
31.54872930843846
31.459557145239675
31.542734155006347
31.31426196534705
31.474042086799063
31.710323305760504
32.73042957078641
31.911716150492115
31.383350753273913
31.6091272216246
32.77357613825106
32.18281291820225
32.16675686849564
32.55547168288578
31.94954891658399
32.80856217966946
32.45250515578819
33.127125959730094
33.33628747228419
33.745427364725714
33.2791511915493
32.98862092016595
32.9178526999427
32.81231723052174
32.94175310748994
32.588323970016866
32.01512296524471
32.805412222503435
31.592682057610094
32.27106729421455
31.619914736175495
31.656894173215814
31.7723341622298
32.09700408731332
31.44061396656502
31.828466387295048
32.161545557369465
31.057126556262464
31.744915308919513
31.667925134560473
31.453936378141453
31.24206028427198
31.153249327545286
31.1992441435369
31.357255937573992
31.072314990083164
31.320851345307236
31.25925038885487
30.88246523665654
31.298211153798967
31.778987131109826
31.25216448374559
31.605864415233658
31.12998824613875
31.41742825465745
31.21610706242713
31.23946745102943
31.475861219674744
32.32322317669023
32.31247873549048
32.20550113866041
31.29281217860738
32.677891168299155
31.218903354715895
31.789462846887908
32.273415069931985
31.132063333700945
31.03256379458274
31.92985788574666
31.42579795585129
31.929576739275
31.121644777301253
30.91256592211809
31.642956839226308
31.369569627759986
31.46416268329197
31.058065368216948
31.717228247056614
31.612377032863
32.11675757940603
31.502941364583304
31.550963466108065
31.48064620936051
31.049828861347734
31.456552346120617
31.23246341841008
31.377684402821796
31.23778791020646
31.57991551518373
31.21691928972973
32.00019855082605
30.742661482475558
31.272691681009846
31.238988559467835
31.326269878608144
31.139207584766556
31.158855864213166
31.019790437007515
31.5676394657799
31.056315849856368
30.917907159391294
31.315707188936027
31.159789453986534
31.053822143407697
31.234611688067798
30.783418691669777
31.775281694265118
31.130585009209966
31.126500438069233
31.443339144426755
31.72916528566122
31.249147825605696
31.447221515908605
24.25812036824962
25.155954762851533
42.354753402185615
42.856935592808334
44.86603980714339
43.94292496296837
47.33162804398615
41.12097850258485
42.75172162296725
42.76187346440557
37.80798278608112
40.51783212890087
43.6024765254887
41.709949101984755
35.40209677637882
40.34936281038113
43.68359475932805
42.51676971791386
44.908157100777665
41.511673886145246
41.03158516251159
42.302992011475396
38.761780842727795
43.71410377422547
40.30833485477081
41.61101461000275
40.96051820837226
44.448982592319155
41.7772964488116
42.86588468739741
45.772647114985155
45.13686796246593
42.15584653122022
41.2199490877553
38.681164429931115
43.95734304901267
42.47636132629743
41.407399074546646
41.28033410771182
33.58894129741946
41.919367911870125
48.83356324753799
41.84238791374768
42.54400438562285
42.23438831293184
38.111340186543664
43.69017669376465
40.243582014660674
38.08240201971308
38.35762911552453
32.25286838032827
34.871593053503354
42.608510716642414
40.98901684999955
37.65026706336188
34.9759668177329
32.021314930834045
41.31112043660041
43.54466414461629
38.54220903456123
34.96853266795883
29.196543923080444
41.323574134171665
38.831779979806974
45.06707727333556
39.91152155045994
36.58997100989137
40.83389846153629
40.59211259207928
44.34438625011989
36.405126708464984
34.50094628280837
41.29241611790085
38.96470124395331
35.015573342102854
39.141041191026176
38.606940889132275
32.39689775964458
37.96842090190128
37.76790303999391
34.47480036380996
33.83579562405809
34.02769354207484
33.57817743420244
33.2954746862179
34.042116713056956
35.779629154523825
35.77790692491722
33.76577320877355
32.69853766526386
33.04867550613899
32.40143873468781
33.34434584952547
32.53181177807607
32.69409441186366
32.726842014991355
32.469807838470324
32.325358504385996
32.55186548414287
33.111546952855576
32.655362580714446
33.03776558947664
34.81550310036627
34.43944985097598
33.47503897405549
33.26690020783752
34.79094018509097
32.576600053312305
32.82060899575867
32.75025139420645
34.327642623879434
32.363714180927374
32.78005913699306
31.80435148941847
32.35932848508348
31.381894487438856
31.184866383570398
31.93608828898821
31.529978458184928
31.184443067760636
31.23732148320627
32.011563067570485
31.91579589268189
30.934257952028865
31.870292369779335
31.704355632083956
31.112843793918433
31.53115771048028
30.92883709953261
31.221631342643448
31.18642277917369
31.191427687469403
30.89298912556326
30.845457573747172
31.1665537592748
30.981809111388966
31.25299749630384
31.841934615265234
30.85633706494941
30.75447851334241
31.742186432997084
31.320180886887016
31.46043708756213
31.024725303338176
31.396151489975427
31.258348957160905
31.13236701314747
31.46868689281283
31.96916094596907
31.363464563123216
30.718077970735322
31.203157891724782
31.289556480264814
31.005944902748112
30.868388773511032
30.972173286884555
31.211110993938142
31.59990632101585
31.101275052024565
31.751959960123216
31.315722632549996
31.348635994730692
31.406227817119756
31.355246399549834
31.321435783349393
31.994507786126977
31.589208320227954
31.217490593750355
31.810253746499235
30.72337204213597
30.909938127182564
31.24790043361468
30.657660254664226
30.899438799069422
31.165618890583595
30.900345014644905
30.637849040672965
30.87193232634969
31.258873796549768
31.010591956246877
30.75642738454981
30.862217314198023
30.64019714573582
30.835174780766593
30.99058986250111
30.807928080454484
30.60118338948819
30.962534976788476
31.03137664719126
31.107527831287577
31.51025726369155
31.357598080723438
31.05482708162471
30.742194513916274
31.307719580286488
31.137366884555135
30.97760154557269
30.846611564330615
30.89241626063228
30.63513124397199
30.841055705976082
30.827565803863344
30.851107686880106
30.745985883495358
31.11529790534408
31.03850749615729
30.837643118491815
30.88972836355083
30.68975753517475
30.792121420706
30.85329312662951
30.90024880825776
31.26281227807324
31.22051579355587
32.38130755464619
31.691970353695286
32.386027003080244
32.171463754212915
33.0350378073039
31.740252969292236
32.075072381121934
31.98826410457259
32.250871011888236
32.52627186111857
31.30034368420013
32.28145960529529
31.700723445159184
31.63420005622785
31.6908426879278
32.07628513867308
31.174865368745174
31.62727732766738
31.352160951908054
31.240334719563812
31.64739694388818
31.50644676216926
31.527129078813836
30.88897959048396
31.416095997527776
31.429375580837256
32.18417539994762
31.906800599033673
31.18354657255015
32.10739107024231
31.08082364124097
31.87827610781327
31.752065501214194
32.13811587289565
31.77222364877079
31.427779514944383
31.886554215363567
31.226322582792523
30.916899439472783
31.201120490142547
31.22202542439768
30.700136817578752
30.94583061554788
30.797138260256
31.012909977316028
30.92173319506445
30.858196628456717
31.33044558955339
30.965730750132643
30.95342670749254
30.798707159983795
30.912645965242845
31.13948269511101
30.894173897506437
30.861785702293346
30.955508342925405
30.91459299996085
30.848727588731517
30.70445189509808
30.781666464540958
30.859985179889264
31.01555647001622
30.821947070143928
30.555162968931935
30.77285013713733
30.70405400370911
30.77588616187523
30.744378078083926
30.81955973252788
31.14175478956443
31.253719994551332
31.350634565319698
31.161420631181137
31.714273715059225
31.272632834491652
30.628317512699297
31.667610082428872
30.800576256745806
31.007314402226225
31.04366005903733
31.45956913165543
31.18807192270584
30.700082943165636
30.71340854635105
30.66667342666262
30.5210083192417
30.820569008634333
30.72758758182877
30.689874647624887
30.70229859414774
30.655208955871444
30.582083717930473
30.698727193918455
30.64149236854308
30.705777696545603
30.70973538985836
30.8106249488321
30.883157010993063
30.533715123868816
30.753482054587213
30.727103464098555
30.557993004980453
31.009423767112306
30.880809652169
30.77991510319187
30.830761602913935
30.801047699248215
30.802677783748155
30.907304625025414
30.694713024813574
30.65767864835222
30.801423962608215
30.674691314430092
30.64841815370176
28.10993073055043
36.16927639160007
45.11472607692466
36.3549092345469
37.30689058008803
42.17620791422508
42.62703901891265
36.91743783616058
36.51432102390735
40.939029759358874
38.58267909444613
37.44346314516324
30.270399113260787
35.23884667863521
36.46995993918283
39.43786655162
34.85018511194597
35.055989235807814
43.74019067358973
39.55239542622656
38.8476024306051
38.3239239238703
37.592573848596665
36.841254185653305
37.84991783968465
33.90611449381651
33.93152080750075
31.604397982135715
43.34774951119788
41.35332950865425
39.880716286267315
42.562517733526605
45.15347997598541
42.08219365787691
39.85735723198449
38.919345928608365
41.45806841563882
40.317677666053356
39.12670443517727
38.87466768638483
39.37914133990612
39.808939575547676
35.40171769618279
38.89917519660118
40.33572624471445
36.89770513392358
36.8390187721605
38.269453210741
37.74952275355773
36.64422799547137
37.46909777892502
35.36695912918594
33.507357509471596
33.74315135767792
35.67106816343703
36.03868028534625
32.98740925764787
33.88023778951071
32.761885768086685
32.45665327258471
32.74890090080345
32.31334173145296
32.77695791945962
32.17259999278835
32.78473717942913
31.981905951113784
32.84391747447219
34.37643418263226
31.19201314432571
31.778509506414192
34.34270862440425
34.05490873897676
31.744599460734197
31.496729603348403
31.65237314606109
31.75557689449083
31.549788240944327
31.105290730117385
31.531830695306798
31.44055764883043
31.199120474577896
31.20125300787414
30.932320874650824
31.108110830042506
31.707369628930145
31.151872399601224
31.431886627442463
31.379857071797186
31.343280802885054
31.027969236176702
31.706969020465525
31.595965279228775
32.532273889741816
32.52157035836142
31.18512601069624
31.492339532373745
32.62083595948457
31.51585328450387
33.085487685029605
31.12311979059622
31.678630556437774
31.33799810688636
31.106197228075352
31.47552530907904
31.917202973367324
31.719046254782715
33.26385817404471
31.76445036336898
31.427474440179402
31.18736493156954
31.639162222812324
31.233031104637792
32.1433169890972
31.795717709163952
32.559173602715624
30.983049818703453
31.078638744211386
31.34051800668045
31.501558516805186
31.743169740964266
32.06788051179466
32.83375801564578
31.55986377385998
32.076688315508335
32.389617389075276
32.24661414201294
31.001530423727434
31.128661465978013
30.64510181097883
31.034756395790378
31.138855035161136
30.96573795769309
31.553625130326637
30.965096788950913
30.56092956261587
31.029219453642753
31.250486540831975
31.74846975483042
32.01882635205612
31.17499491377456
31.830145758453178
31.518851997775037
31.64973084127707
31.792971674058617
31.950093243204527
31.976763314684707
31.66514665695099
30.901298110989146
30.709023411684072
30.603720135725798
30.692166642389374
30.657415697856255
30.754737207185237
30.51203351900348
30.656006015437942
30.546059109264057
30.559648897229863
30.550531074118535
30.54487979548139
30.54023196334697
30.556300777316903
30.57252732365313
30.473471774515783
30.550937108074713
30.453568160679787
30.517737470962647
30.599502589597662
30.554866788301073
30.779090256797335
30.64509037060231
30.820942297155288
30.7994167049007
30.774142103931933
30.67749289395504
30.819245057583085
31.064606306745944
30.522080626857292
30.748567431439415
31.20135392220482
30.737407519321337
30.64937393538841
30.99726502705892
30.80776577477541
31.24348067010355
31.685615416351066
31.000868480229386
32.0553679817272
32.041599810649195
31.99709874260403
32.009780717672605
31.960061531543808
32.17339305200334
31.96874910778617
32.328257552887614
32.05880108425604
32.199604062951686
31.875733633431484
32.60922143741629
32.22992606061431
32.960613936831834
32.74225016632279
32.50380176120806
32.10137746600753
32.36596067062896
32.15196612511611
32.11727609973744
32.13089295004833
30.895531649897226
30.75904295732019
30.617888648960815
30.613551077907577
30.66402394501193
30.661171192276925
30.3828552996981
30.590863892604986
30.605166393893768
30.57805086550569
30.52095429489599
30.669227774066176
30.52544420432612
30.600369780048677
30.494768466593904
30.594506954396255
30.39123051733053
30.741183356495753
30.535109097235964
30.53191333193885
30.73536940586405
30.732773391019354
30.892110347677335
31.081805551714655
31.153719231887067
31.702318203910067
31.011173970338213
31.199198449050964
31.190955211147635
30.58974643110967
31.264639540635144
31.490143636469366
31.05013062814784
30.66820125718412
30.79557184845298
30.71777105844475
30.825158915168036
30.50560430229601
30.650957918628766
30.637164775324678
30.544455699512465
30.55765378367485
30.53416942028533
30.63193445598831
30.44781376270617
30.44400297787034
30.806726164264447
30.556927554536024
30.658875511742625
31.015564638351133
31.07748586121297
31.129532128802825
30.6250193536981
30.87141802301543
30.696276448945063
31.15139434966618
30.568940182704566
30.745634558480898
30.614376233166368
30.83694766105636
30.745519338925487
31.172674762470717
30.862120293430163
31.01014055012697
31.097144958713983
30.77719508860587
30.522908189863106
30.705029209674677
30.623340871975312
30.93354020793744
30.812436165018408
31.039232026318583
30.76851106601933
30.75574879853727
30.433509939871957
30.642764746451903
30.503644395235852
30.622078503991865
30.756905312829012
30.623779721253484
30.90877496072507
30.613362393524437
30.74009437581037
30.607401095469587
30.93367029886482
30.989108031710817
31.4499906852296
31.619365565135805
32.406643280536954
32.29347797561735
32.36995892307693
31.614616220296803
31.94484132266647
31.90951258357081
31.780097025987672
32.19663663555459
32.98833659616294
32.165978472370476
31.395522187498976
31.3022361243698
30.62598598916483
30.934354301662562
30.86460615654856
30.55709320265506
30.73825608275917
30.555927884986364
30.723568542352652
30.623605732980696
30.93371551149455
30.926886832372112
30.463074810181148
30.755442457247337
30.61516111162014
30.76011069577243
30.615215242422796
30.626513264873246
30.596084278821692
30.53036289417202
30.50997484133616
30.641167256166863
30.6272687323421
30.80090110199592
31.111439715738534
30.826108799472237
30.607137034039987
30.46577702909563
30.77910685844969
30.7152289973205
30.78069778271808
30.679903278373395
30.670083069455373
30.673454567995833
30.83594354451337
30.711822540114245
30.619794818456754
30.659449274618282
30.79999241161645
30.726783831772053
30.50415131075306
31.02819898021007
31.25158055313561
31.793415126723716
31.427761690938937
32.17361396982008
31.15918071588695
30.718760088185228
31.01460911797718
31.154452810005672
30.873961263510264
30.799419186633166
30.863632136109473
31.291193223753684
30.67796678145054
30.93970519907449
30.867519901336962
30.7887557465981
30.904483834712167
30.68499168041805
30.60954477785557
30.37302764850323
30.662119181535125
30.430312220546263
30.78578613500532
30.634253562902412
30.773173368282578
30.72680325765292
30.696993011556
30.478116017737
30.56799404765288
30.654788164743437
30.76036197519883
30.94687625077634
30.936198435749844
31.053115017195378
31.46244422691582
31.500931149325858
31.5792893902499
31.27578229043664
30.805523133524808
31.084336038344244
30.76159445593211
30.76812070082231
30.775143325317575
30.999909134909384
30.770108451827127
30.630076745033193
30.853081040203687
31.122894726078922
31.767169318533732
30.745190002207025
31.31476794254093
30.763901200484607
30.857938494512673
30.824210598187634
30.71789040635157
30.65645161069079
30.601901325718444
30.48959192822055
30.650436285802638
30.567315766568825
30.6105406710583
30.526886976213053
30.74683546525806
30.631939139796295
30.643681411192812
31.047284135467567
31.31708653286947
31.556605820208507
31.378233229774214
31.578293345554922
31.04574612292565
31.237429723684713
30.880932438425333
31.334877864242827
31.160593596901744
30.63456032303544
31.289982636570052
31.01080773303356
30.666972523394616
31.06416683281793
30.811501232079152
30.925100861548625
30.404286005452903
30.767543238183816
30.56392120922
30.46098282186155
30.829892995365427
30.635375245583294
30.747878803366362
30.766065998287658
30.657575095642887
30.56203429135271
30.594396740325937
30.642597922269776
30.797237698931266
30.93829503218696
30.49766793141433
30.890636909611267
30.944945818723692
31.50490726151099
31.547692169302
31.640375593949525
31.63765320660375
31.85405677769719
31.812981874286677
30.583027609245867
31.364269138676356
31.632666450001903
30.56433824472526
31.17241834062492
30.74477167014677
31.108873790191428
31.29863200896891
30.6241565921569
30.89525480592468
31.051162602472697
30.547679495272032
30.690177373118328
30.611046516336128
30.74626904088253
30.796217367096666
31.119705047812285
31.09493172597066
30.51594502959979
30.946645178153307
30.63844389088251
31.06688339651734
31.361761890059487
30.99899552732343
31.611955875486377
31.395663374277692
31.50627980658322
31.50405961172366
31.32914637776081
31.644434273121632
31.774421838575726
31.151614662719123
31.80019193517696
31.681559315034793
30.87981492601616
30.696697089649877
30.797627442391814
30.608595485006045
30.843709281372103
30.96504239372829
30.60073871703814
31.065779373280797
31.42489943877134
30.8883608330646
31.281939633814442
31.58166190318716
31.530118930085756
31.496694379553404
31.83767119759873
30.77632151056204
30.57687070550438
31.027157595603693
30.744551705393345
31.060096331366662
30.914984647375242
30.597353474781258
31.040987607778852
30.952592863409958
30.86320192596711
30.871319907596817
30.746089841413532
30.901382450744872
30.75584815506133
30.59968534423865
30.594836408987447
30.677281306749904
30.523715999947697
30.472718775781996
30.46714225314336
30.60277286282059
30.411628236953238
30.35206629200997
30.50716048022473
30.412241767236573
22.516383433837518
37.09483995114483
45.00891977959196
36.126280013214156
41.21588855798762
41.438413448189294
35.53313417625503
36.97762392181805
38.7361762130453
35.424281656315934
36.60181373752541
35.66307080696542
36.21791565913625
35.8123186670372
34.579044174161794
35.727585898785954
33.4325054490409
34.86633995314063
28.85137239743542
36.76979506557632
45.12326927699359
45.74420783687337
40.423239821200006
42.11140486791526
40.62692961351114
38.76607301640933
31.54339842496679
44.19423284159436
46.01498484395952
42.86077789648134
36.05733475699257
39.615195695173526
38.707076153290934
33.11032306549682
37.40334545540353
47.887398165296254
41.10084545856094
36.678303928281835
45.48529265790971
38.33009112492142
36.6465430816468
36.65455264815418
39.369954474716316
41.69484732029738
40.93913853166796
41.54716999837109
40.769229712958335
38.53618032815417
38.42844127167428
36.670016164783966
36.67096275684065
37.624682276395355
35.38229860006689
32.171112785990516
33.73445948972803
33.20336215229565
32.65127910796146
32.90164928380516
32.22500892813862
31.480898107092592
32.43632341525754
32.01196035500276
31.55140407680873
31.728752363069763
31.419093615306643
31.00866690676893
31.388310325869508
31.20352556475359
31.248950023868648
31.137397485622976
30.746821258639212
31.2767224946653
25.95930497141986
39.989629577452476
37.82554005047805
36.873769059462305
38.02719845143514
40.28276673434666
35.70923598266663
36.01385441712985
35.25376534593554
34.42301825163574
30.43698654168519
38.25571142256887
39.047372011631154
32.70766196514469
42.36349585381728
39.25646195636712
36.34673559947248
32.686651434523675
42.303248744578504
36.692067959854285
42.895688147255335
38.691423637018104
36.9845455285107
41.87571852700989
39.872270965899254
38.75566672481956
38.318989997440944
37.683619335667004
36.94513418046713
36.16618446427246
33.4419085982247
36.05621107502653
34.51387314152045
34.45827163089898
35.371691401701845
36.367832164444515
34.383974022908845
34.27886510930555
35.06309019973747
34.52298451270819
33.03092217709501
33.31139918053353
34.07164871450553
31.73182158493567
39.428516271377255
34.849864801319036
39.28851264807426
31.890987226173607
38.19944541270598
41.21774767678861
41.636221595854316
40.743265288495
34.8717498385508
40.3469239083892
39.578382030730864
38.73276859087501
42.123652555362696
38.85307849468663
37.0877449250834
38.64806520146022
40.19536424682096
37.39667628223729
37.809019351208086
35.03785089116922
31.801331059064395
35.67015688695141
32.33388776034275
34.18559059640103
32.80850333092699
33.36108184962755
32.22373462871062
31.914054845454253
33.716506250697755
31.87896497307581
31.995453547249646
32.02040556893049
32.36065880376084
32.09498859807275
31.312354284466302
32.42798093717313
31.997579729727395
32.67831588148448
32.295215975780344
31.492223765709422
30.997758586709864
33.30607498125505
31.30500631376196
32.24790496342596
32.63862639512362
31.255238960881776
31.087315703272502
31.54000826988537
30.84252839406023
30.69757025972631
30.86186140945202
30.828687744950667
30.943983273422802
30.619441165369118
30.66373748953704
30.493629281602857
30.63557186572325
30.69877936696203
30.645993365569385
30.636583619564554
30.68053880629642
30.550779870834678
30.779852259120876
30.67226147156441
30.830107078149723
30.93241398663352
30.54502849435063
30.588565944624797
30.687456224633817
30.497624214795277
30.568681832069515
30.755164075955754
30.733665813550623
30.604575940757904
31.16898771402564
30.548407395261446
30.621665591510638
30.59929166158393
30.879009680009503
30.51865232872128
30.60353835161227
30.677479437398773
30.87778513957291
30.74080455083229
31.084155324874605
30.91264627610949
31.32984150596552
31.661945297795384
30.686046892214055
30.868101306205343
30.704771604740948
30.52546696429887
30.839986080283087
30.811565317885087
30.73109753258581
30.50255783934603
30.580629764892773
30.841585881504226
30.834188481890887
31.285151369777733
31.773742354587185
30.40476870607772
31.30881754691635
30.66099117263775
30.55159521148474
30.66143859482868
30.549219432903747
30.707116626336077
30.82725686462511
30.588498677299786
30.688747036665685
30.563283251291477
30.492254800004403
30.54594506971067
30.54792369557619
30.595615499667307
30.856205658049262
30.821569301365326
30.828253701410123
30.822454595864155
30.99004715648421
30.477330359506713
30.869791430607485
30.689885961825897
30.5901441916237
30.59293614874062
30.61250284282753
30.600354858040074
30.52049971028532
31.098344243310653
30.59049113197599
30.512164640963775
30.5484096782696
30.646117683255223
30.527062372451645
30.49150922371832
30.59085129994087
30.501885412031825
30.69732403498033
30.46104842079925
30.64555105282272
31.038908405577804
30.87468329408093
30.465718850254934
30.762099138478256
30.67570966463534
30.957976626023793
30.723373999370303
30.679093493609106
30.695292568374672
30.639304715497236
30.552546539702224
30.53496392627555
30.568790831100614
30.64744551357634
30.54492272819946
30.653306862701687
30.800118927411745
30.957308719217487
30.69752298083769
31.5017499807624
31.728569760300935
32.196529963156785
31.99093160965421
30.674903572345688
31.600164374578263
31.646895515381928
32.07659277085766
31.970325867810615
32.07169103053917
33.648106138860584
33.92038991513148
31.457598422159272
31.861604489030793
31.34300342425151
31.54849941508303
31.392625312036103
31.61399602080991
32.07738324614595
32.459163712884084
32.77232531028558
32.3179726275459
31.87283944466767
31.26026340561191
31.640970323323874
31.552137520309905
32.06340697922078
32.054171695235475
32.027059863323636
32.10248762944618
31.314793136417638
31.5500240612555
31.63305785824554
31.31830998278031
31.286165486546388
31.261010176674272
31.382598995976995
31.135607695909176
31.365727865491163
31.266345206996466
30.840734670258826
31.1354636506849
31.205069713598494
31.178496761718023
31.03079461353647
30.84759119317233
30.772754121270445
31.02636779978574
31.0023886102607
31.130264367251552
31.039942797511074
31.002886124834458
30.97069106989019
30.86012592162976
30.86467960743632
30.988199278588887
30.92866324372798
30.69615218292155
31.437665816714745
31.215323147083993
30.787106335670547
30.933625812539912
31.011092644680875
30.915097201419936
30.918294079755373
30.76232639314864
30.992663677283065
30.75021742319706
30.849944472612734
31.039714425160355
30.939571274094522
31.002614917803
30.6666672543535
30.809974639437527
30.8809080944581
30.9271927902962
31.409737658761788
30.654620793203787
30.98066368456477
31.28690190653548
31.086170622973178
31.303730438752204
30.825892168808814
31.007431501549714
30.921872107345745
29.02948240181938
41.450355568914325
39.37040957607864
37.62969581821927
39.341714588591365
37.64986382528522
40.3557681049218
38.42150178493814
34.47976494275297
35.29937651657876
34.42792364450585
34.505605674947375
33.272333682240124
33.87750915805681
33.73934230407421
33.06152345358105
32.994902095734595
31.42231947584623
32.28216524284583
33.245951586180745
31.437503136810456
32.292119323094624
33.206886542555964
32.325168152983316
31.573168326709748
32.25107627493195
32.593705024883455
31.97409677646557
33.274198920121044
33.2932410169765
32.0224512078327
33.53408902631459
32.21247626269283
31.45818919450442
31.482853155498287
31.534845570865738
31.740083350400827
31.764613532788175
31.37494390878931
31.347238432452887
31.279812672456227
30.88478511432011
31.00978483161941
31.280122930021857
31.10694832873041
31.71270981418138
31.57521559277623
31.958028102681922
31.617302323168623
31.751255993047984
31.023622504760752
30.92904292644677
30.800028077139597
31.08809311049933
30.543022352945965
30.66344048454195
30.93023009958244
30.635408602457993
30.536387952895993
30.780385322826028
30.868034139782317
30.721484387298297
30.621976799117036
30.57706043757243
30.598705554258984
30.58561681961822
30.52616587345895
30.591782360658044
30.735370387160373
30.46825139122888
30.672737753973724
30.810357091670276
30.858372257234024
30.489461491161673
30.77773572051223
30.971995615082996
30.52352527357632
30.666367920789902
30.61817869447181
31.164249056252356
30.897106890716003
31.37035552905294
31.085379403189528
30.6468357910703
30.467522146305004
30.553940062585042
30.8005086336949
30.652797911877318
30.54265387461939
30.510459689800438
30.614707389205595
30.41237537953787
30.540782641634834
30.384143449187107
30.55046426434672
30.494194344704635
30.685617568572756
30.75787872226043
30.97242777423711
30.54996393306757
30.83324064312054
30.748994752850532
30.81739774463407
30.91427051398628
30.81767093490466
30.927833221802175
30.85344030560006
30.890914859989174
30.959512247750457
31.03218948812537
30.75041280283309
31.023597098085162
30.60391631774632
30.62064012666783
30.80324581271253
30.5223779221575
30.410240283548493
30.441454286677107
30.77748577796919
30.679576944250094
30.75820230213578
30.751897741158476
31.117227029733318
31.056740775085437
30.50429949671
30.77296558005055
30.540424673599773
30.741845830487918
30.69970089292419
30.7606412331706
30.51557933733933
30.541436321642294
30.692421872803315
30.514671596287837
30.64712714507367
30.58132986877489
30.65954524198708
30.67775684496537
30.984211845963355
30.604568204117086
30.79632816241303
30.383630636987036
30.389845940544536
30.47678147897771
30.33466450600106
30.346320386360357
30.237312370572955
30.32227645583652
30.536068646131852
30.38285282616882
30.43198454305354
30.4385626865328
30.584837636912017
30.36446734901131
30.59158074699933
30.617516227006004
30.65095725103847
30.498521635718507
30.578477632066516
30.406800107692035
30.307779404328993
30.36209950717999
30.23420222101033
30.304608194107413
30.290175505615753
30.29826747367354
30.28460305834041
30.401141455551013
30.275529985649214
30.33532618723076
30.3288402291699
30.328391898337728
30.462892615524144
30.280988695871155
30.437833388883792
30.3404601928976
30.269091837354537
30.335505595937494
30.30430553300952
30.293360942643
30.35389005894028
30.33746862960247
30.375098899380852
30.329842495127092
30.41711134591016
30.252766790669384
30.336710877743776
30.20988784491856
30.340299294335622
30.378726786220504
30.253838532585696
30.21213332795719
30.499222928293857
30.33348488546647
30.76413411482287
30.2858864799121
30.325861844569282
30.601602560459447
30.282273574285764
30.350285089530793
30.44058223042216
30.434988395500113
30.472016126591807
30.39390262115153
30.860525996371443
30.941022405817854
30.848414986029166
30.658434272455878
30.608288126349564
30.364195608919967
30.202639339706394
30.283031986788387
30.269909510221133
30.22809594411965
30.19331620404246
30.2175673972221
30.164378140274895
30.180047037021385
30.200406576259255
30.196270413783914
30.20989953237248
30.163762839700183
30.168773134551383
30.16337280135717
30.170624238307738
30.16197015709687
30.15865248664878
30.155450969919947
30.154876012833665
30.15364470132965
30.15442665872193
30.152471785033637
30.152447699842597
30.151456877520886
30.1519855228331
30.15215590436747
30.152013880576234
30.152455114165107
30.1521985510762
30.15182046722819
30.152002920909194
30.15205404562832
30.151580293208998
30.152072504167958
30.15149886252805
30.15181802351989
30.151926921711183
30.15176069441873
30.15140147589773
30.151417183234745
30.15126525144928
30.151277260513876
30.15149016495717
30.151372724833735
30.151291634892473
30.151647153973116
30.151250267317174
30.151237156047117
30.151299532332015
30.151258931821634
30.151368912721864
30.151255857380406
30.15131820750942
30.151298121890694
30.1512097382219
30.151277318701904
30.151238377788182
30.151250744585436
30.151351221519562
30.15128167552549
30.151179134749654
30.151299914578757
30.15126243267264
30.1512771230217
30.15124860262423
30.151257623531656
30.15121222731377
30.151294577346675
30.151202561644023
30.151206420168545
30.15122803121356
30.151225680943288
30.151240150982193
30.15120147191801
30.151204236519135
30.15120631418452
30.15118987051738
30.151322743873212
30.151267334835556
30.151305156293102
30.151257772156168
30.151256254206228
30.151400332107077
30.151348897117195
30.15134625573816
30.15142386977924
30.151405498950044
30.151419979026794
30.15139341055348
30.15148989995259
30.151354989514804
30.151328980654334
30.15144441678631
30.151555932667062
30.15141594607931
30.15146723953251
30.151438855376973
30.151526260055885
30.15156459501605
30.15163297152404
30.151844902857697
30.151625069840485
30.151478304929196
30.15134605337631
30.151333836990716
30.151366079384935
30.151338342951085
30.151382893575555
30.151288872087076
30.151323081644783
30.15136081963043
30.151348354609464
30.15130402824453
30.151386281864212
30.15136164763856
30.151388835442795
30.151394087169546
30.151337981443557
30.151243814771206
30.151349759603935
30.151302949577254
30.15127625118277
30.151291732708263
30.151356885836957
30.151223566694124
30.151288163711943
30.151365646671188
30.151292103620747
30.1512822755695
30.15126375517526
30.151276835299132
30.15122510435054
30.151257565024324
30.151229420716906
30.151243330679357
30.151261967658424
30.151231781361368
30.151277624700977
30.151317857789753
30.151272551463663
30.151232956505634
30.151222337606537
30.151265137053926
30.15124965766417
30.15121809349528
30.151287902969198
30.151188946614464
30.15124302022881
30.151222830964944
30.151227784122515
30.151255917124683
30.151256243019862
30.151230516442947
30.15121283246918
30.15123150381382
30.15123491550769
30.15124948878563
30.151216667615287
30.151266359183854
30.151221891854885
30.151244892479394
30.15130026989483
30.151284335975557
30.151330916057997
30.151488256103924
30.151700151311992
30.151720136508043
30.15145828409892
30.15141411437753
30.15133405003384
30.15127917029588
30.151229612770102
30.151265660759346
30.151318823100436
30.151430340225293
30.15133000580683
30.151543565768275
30.15185428539483
30.15158644651612
30.151203543542728
30.151405725720164
30.15122969888867
30.151259825170147
30.151255614783196
30.151275488451986
30.151197931506545
30.15129260608326
30.151268898614525
30.15127558347971
30.151280914667208
30.151310220220513
30.15119804288942
30.15119512945661
30.1512622722406
30.151211903406928
30.1512375662027
30.151193723043324
30.15123828953251
30.15125645951222
30.15119130221342
30.151180187332326
30.151226790836745
30.151210840616958
30.15119498567661
30.151204908940663
30.151267304132688
30.151182785878767
30.15119227883422
30.151200226718565
30.15121481413728
30.151209744511057
30.15119182927604
30.151196064623136
30.151206043654994
30.15122075662384
30.151211148716833
30.151211349642914
30.15119882248169
30.15120849083384
30.15118503499697
30.15119980222732
30.15128626995292
30.15121327772519
30.151237905220473
30.151208159264435
30.151231371987684
30.151267893294417
30.15127136578224
30.151263517506894
30.151460970207598
30.15135373159892
30.1515216958556
30.15123714091725
30.151297818354575
30.15119568895965
30.151317890182032
30.151303944321917
30.1513233979435
30.151502418600916
30.151752711055742
30.151288636545615
30.151544429007927
30.15137653990741
30.151332261154522
30.151371222031145
30.151213315755648
30.15122649857346
30.151262200274004
30.151298612318122
30.1512518679395
30.151183252899013
30.151213238370833
30.1512346297983
30.151282758289746
30.151248918013263
30.151260430518178
30.151310945679814
30.151220708984127
30.15125917593904
30.15121873588282
30.151171791585295
30.15121586957981
30.151199281605958
30.151218930334327
30.151209670358085
30.151247511173224
30.15118464527708
30.151200737127915
30.15121039214723
30.151189994247762
30.15117612733952
30.15121458640715
30.151217936538096
30.151204563676416
30.151161449349814
30.151202791745355
30.151250956464747
30.151244409107502
30.151181847274987
30.15116406639788
30.15121849321723
30.151203735235814
30.151243451962095
30.151214081451485
30.15123108595712
30.151318751621524
30.151176206983582
30.15129637912152
30.151160768856542
30.15120370169594
30.151219686612492
30.15116812468573
30.151271330328107
30.1512069452974
30.15118125572433
30.15119785323438
30.151176642569876
30.151197323838502
30.15123717331807
30.151207054147292
30.1511704284385
30.151220533560704
30.151206447349278
30.151197030001523
30.1512088277763
30.15119348629576
30.151238779593672
30.151232849137482
30.151224055753918
30.15120298185845
30.15120061074488
30.15127069014711
30.151209478900796
30.15126525254237
30.151199033469105
30.151181520363433
30.15127533866986
30.151333166597052
30.151276260894573
30.15126577368551
30.151195023555033
30.15125346580905
30.15124115789933
30.151223364865306
30.151205320405694
30.15119461748043
30.15120716474782
30.151267333436248
30.15127215039757
30.151241497367693
30.151195070939167
30.151217470835054
30.15129077804822
30.151263777015586
30.151250373253045
30.151228803340906
30.151318619828363
30.15124002816503
30.151294898015617
30.15147829524061
30.151522440281415
30.151417424574355
30.151725720560503
30.151787676963487
30.151649914889
30.15139934298802
30.151335449501108
30.151193053043393
30.151307028153397
30.151209933999407
30.151197576450592
30.151193103539462
30.151225880471898
30.151229723066887
30.151389961385167
30.151426618369545
30.15158355109618
30.15146581888177
30.1515940333081
30.151492471161
30.151660443069805
30.151630373740208
30.151610329833144
30.15142473940695
30.15155770312339
30.15161595131203
30.15159604118876
30.151539651344105
30.151500736516194
30.15149754271477
30.151451588377732
30.15159109697075
30.15156148571636
30.151424111967284
30.151474761697063
30.15149312451474
30.15154617832651
30.15138490348386
30.151329290332146
30.151420422854063
30.15133812578288
30.151326314769772
30.151444450191025
30.151388206527496
30.15131847422742
30.15141512793928
30.15148826125167
30.151533661425564
30.15140565450684
30.15149349816143
30.15135213565726
30.15139898421959
30.15126487645549
30.151268534730207
30.15127485101022
30.151359300872752
30.15130548043821
30.15125381561559
30.151308829879582
30.15133342753331
30.151300436012672
30.151275409398405
30.15137187320053
30.151299880211415
30.151453902079275
30.15126589762726
30.151318779426138
30.151568246081723
30.151492612037178
30.151255037912236
30.15152266207391
30.151424119299445
30.151315992670693
30.15134792840972
30.15147296587057
30.15146416128352
30.15141706770539
30.151384722883144
30.151455216342118
30.15166998974233
30.151796534093407
30.151649611995364
30.151990289072582
30.15168340162424
30.151592468330136
30.15215596225288
30.152445100599298
30.152522623721563
30.152057294090692
30.151663501353365
30.151631065348667
30.151415200147813
30.151399711347207
30.151449369381325
30.1511956897262
30.151460243227817
30.15135894740449
30.151396975771558
30.15176551755566
30.151478562161387
30.15166135635967
30.15127849151947
30.151521924595755
30.151317553702892
30.151187016887818
30.151370417371954
30.15133053724867
30.151186877664426
30.15142991536152
30.151293034637774
30.151767386771997
30.15121203236483
30.15137093260971
30.151752086907027
30.151259728316873
30.15130987549825
30.15240079530599
30.151935518260988
30.15135649527035
30.15128252680501
30.15176415305441
30.151345559621923
30.151239997967533
30.151213456597326
30.151424134620694
30.15146480520498
30.151222555587776
30.151197692647138
30.151501695184212
30.151181588190894
30.151207129977657
30.15125495732296
30.151196001172664
30.151250174854695
30.151186314081933
30.15120796865878
30.15118634091975
30.1511785883763
30.15121328349314
30.151183332679395
30.151186384328074
30.151183264921954
30.15116929107579
30.151200408477543
30.151191873743436
30.15119937956017
30.151162331032655
30.151200898174665
30.151175086228005
30.151221398697515
30.151194003431378
30.151181260755994
30.15117120577908
30.15122247143657
30.151196669037034
30.151185262956904
30.151174888722537
30.15118965385724
30.151182430419162
30.15116506401895
30.151199634655487
30.151181163249767
30.151183240029987
30.151180987765994
30.15117983562237
30.151198280814995
30.15119160658497
30.151177399074296
30.15117869066764
30.1511649921993
30.151166291291705
30.151169116397345
30.151169435763308
30.151165669358026
30.151174023618196
30.151164989517866
30.15116566317488
30.151164917226414
30.151163901839983
30.15116908133652
30.151163967678336
30.151162703769206
30.151159532299733
30.15116037503186
30.151160997289836
30.15115961701974
30.15116611312776
30.151164490905185
30.151160390514725
30.151168617783252
30.151159771215973
30.15116140863402
30.151160160339643
30.151158644236393
30.15115850547748
30.151158128018295
30.151158152018
30.151158624809387
30.15115780680312
30.15115814047419
30.15115746529058
30.151157430668146
30.151157979132048
30.15115735687514
30.151157326218577
30.151157829524145
30.151157752432
30.151157761558107
30.151158356281442
30.15115813709443
30.15115711698695
30.151157276732757
30.151157781172724
30.151157340841955
30.151157148452217
30.15115710448734
30.1511570170374
30.15115728149911
30.151157099077526
30.15115729312195
30.15115741893843
30.15115712645019
30.151157138474847
30.1511571879127
30.15115759432951
30.15115713354537
30.15115697420072
30.15115721347518
30.151156996769622
30.151157029286168
30.151156965203544
30.15115706722249
30.151156987433147
30.151156785686375
30.15115691907391
30.151156773331767
30.151156836457467
30.151156991161926
30.151157027482313
30.151157058559956
30.151156943211006
30.151157462436476
30.151157182840652
30.15115750542204
30.1511571539519
30.151157320148776
30.151157185621447
30.151157181658462
30.15115774153969
30.151158072776383
30.151157421923372
30.151158468107607
30.151157307988978
30.151157011606657
30.151157005436012
30.151156929317253
30.151156812915225
30.151156946807763
30.151157129756474
30.151157054024793
30.151156952613864
30.151157174951503
30.15115686071277
30.15115689963168
30.151156861667314
30.151157141745887
30.151157084998086
30.151157018431842
30.15115709137067
30.151157045337804
30.151156804702943
30.15115743517566
30.15115688997132
30.151156886649325
30.151156955650162
30.151156988356874
30.151157210088467
30.15115735880735
30.151157194439875
30.151156848697255
30.151157122429773
30.151157363352386
30.151157306441497
30.151158280698137
30.151158865775173
30.151158390813297
30.151158134923417
30.151157500904663
30.15115707268892
30.15115725972255
30.151157133033838
30.151156987465345
30.151157302424167
30.151157050892206
30.151156890299127
30.15115706439539
30.15115728050916
30.15115689331877
30.151157377087458
30.15115756927747
30.151156932546066
30.15115696848237
30.151157519344043
30.151157017969027
30.15115710148456
30.151157097260707
30.15115710667166
30.151157119424344
30.151156973427813
30.151157040834835
30.151156962904274
30.15115692494137
30.15115693923857
30.151157206678846
30.151157070332445
30.151157082688634
30.15115732444953
30.15115740498511
30.151157633711836
30.15115753152505
30.151158039159114
30.15115721755749
30.15115746436196
30.15115717453713
30.151157870389525
30.151158589529185
30.151158429077068
30.151159746859594
30.151157818356246
30.15115829809753
30.151158188198682
30.151157599634942
30.151157532522692
30.151157570348918
30.151157259866228
30.151157218031486
30.15115734811504
30.15115712223849
30.15115726364388
30.151157086172187
30.151156897440025
30.151157263117888
30.151157618772203
30.1511569786788
30.151157053226214
30.151157071045464
30.151156965930866
30.15115707110538
30.151157168883707
30.151157210326318
30.15115712890839
30.15115739868723
30.151157440796652
30.151157459732094
30.151156987588156
30.15115736150855
30.15115708012424
30.151157054509603
30.15115708322997
30.151157466530712
30.15115756412092
30.151157509965515
30.151157462274732
30.151157118041557
30.151158256432687
30.151158794416315
30.151159252409062
30.15115970148616
30.151160951687835
30.151160804956522
30.15116301733354
30.15116773387787
30.151165806260057
30.151168151242864
30.151165869267107
30.151167542771375
30.151175294935516
30.151165045217613
30.1511637531982
30.151166080412075
30.151172410880534
30.151161171561206
30.151165547283107
30.151164679200665
30.15116480312853
30.15116442035478
30.151161708772335
30.151159161448895
30.151159803211527
30.151159320397657
30.151159618338692
30.151160681951655
30.151162378702864
30.15116073629948
30.15116047762751
30.151159475887116
30.15115863081429
30.1511585473796
30.15115847418807
30.151158998197285
30.15115837312909
30.15115874271919
30.15115873740698
30.1511580456689
30.15115821464071
30.151157889786855
30.151158484326725
30.151158466287853
30.151158167649704
30.151157922205094
30.151158134768675
30.15115776328352
30.151158614176403
30.15115828136938
30.15115852200407
30.151158399123624
30.151158578379924
30.15115880486396
30.151158685399633
30.151158744615742
30.151158105452627
30.151158412492595
30.15115781733427
30.151158371090528
30.151158360829395
30.15115794797228
30.151158066455174
30.151158275925063
30.151158221213333
30.151158208437828
30.151157883205023
30.151158493330566
30.15115833046238
30.15115879859564
30.15115935125762
30.151158860477597
30.15115806786996
30.151158149845063
30.151158772560674
30.15115859761548
30.151157761517517
30.151158301821326
30.15115786520568
30.15115737333732
30.15115753452159
30.151158270585434
30.151157809238477
30.151157437385553
30.151157997773772
30.151157914211534
30.151157636263797
30.15115799994982
30.151158777491442
30.15115755045875
30.151157834792265
30.151158219135073
30.15115841707961
30.151157698886646
30.151158427736185
30.151158403959357
30.15116045067834
30.151159331775034
30.151158096211653
30.15115865874398
30.151157608767775
30.15115805966387
30.151158002166476
30.151157940456248
30.15115796291462
30.151158036939187
30.151158116214575
30.15115839038949
30.151157387619822
30.151157685544185
30.151157304483863
30.15115736301504
30.15115749807231
30.151157347787812
30.151157316842657
30.151157621122348
30.151157112191523
30.151157275560337
30.15115743942048
30.151157331636185
30.151157188220473
30.151157571853044
30.15115731411408
30.151157625437172
30.151157264163256
30.151157690208812
30.15115752405265
30.15115745866967
30.151157445035533
30.151157475327654
30.151157407508325
30.1511571067895
30.151157345138305
30.151157254860156
30.151157350164354
30.151157309732422
30.151157283487855
30.151156939921144
30.151157201188244
30.15115717345852
30.151157352101237
30.151157063857163
30.151157091458508
30.151156785773154
30.151156905131938
30.15115680871252
30.151156851732004
30.151156770303167
30.151156878169402
30.151156845606923
30.151156831119714
30.151156809779405
30.151156797316172
30.151156788324997
30.151156760674702
30.151156845010963
30.151156808615013
30.1511567923226
30.151156818553428
30.151156947477396
30.15115700372719
30.151157076319176
30.15115691279378
30.151157032804782
30.151156797908012
30.15115679110184
30.15115670573864
30.15115677027616
30.15115668280058
30.151156700190448
30.151156695391183
30.151156681659295
30.15115669491174
30.151156678264282
30.15115668531294
30.151156684455746
30.151156677635296
30.151156680462865
30.15115666774869
30.151156665718727
30.151156664039455
30.15115666279049
30.151156661869496
30.15115666159589
30.151156661633436
30.151156661305205
30.151156660516623
30.1511566602736
30.15115666019541
30.151156660388377
30.15115666035297
30.151156660374536
30.15115666020568
30.151156660035966
30.151156661032328
30.151156660196456
30.151156661324734
30.151156660809956
30.151156662371378
30.151156661666917
30.151156666320194
30.151156666401324
30.15115666175248
30.15115666173641
30.15115666178308
30.15115666228532
30.151156661701876
30.151156661934703
30.15115666302928
30.151156661833696
30.151156662037
30.151156662562038
30.15115666251281
30.151156661833674
30.151156662435884
30.151156661947656
30.15115666224452
30.15115666237461
30.151156662133836
30.151156662073863
30.151156661966805
30.1511566620774
30.151156662034456
30.151156662119682
30.151156662057783
30.151156662203952
30.1511566620773
30.151156662174245
30.15115666207347
30.151156661877
30.15115666185323
30.151156662024796
30.15115666184878
30.151156661889708
30.151156661542117
30.15115666124442
30.151156660997927
30.151156660896287
30.15115666085005
30.15115666087387
30.151156660822572
30.151156660870782
30.15115666088387
30.151156660784356
30.151156660832
30.151156660742895
30.151156660649214
30.15115666072984
30.15115666073588
30.151156660606166
30.1511566606561
30.151156660671774
30.151156660816376
30.15115666081924
30.151156660759735
30.15115666079076
30.151156660731548
30.151156660875554
30.151156660624384
30.151156660640105
30.151156660778508
30.15115666062561
30.15115666060693
30.15115666075737
30.15115666066262
30.151156660566006
30.151156660589596
30.151156660608194
30.151156660627137
30.151156660606247
30.15115666061246
30.15115666058914
30.15115666056944
30.151156660612113
30.151156660580728
30.15115666063074
30.15115666060384
30.151156660588985
30.151156660613488
30.15115666064039
30.151156660645757
30.151156660626775
30.151156660609946
30.15115666058645
30.151156660584014
30.15115666057118
30.151156660554907
30.151156660552136
30.15115666054814
30.15115666053681
30.15115666053399
30.151156660531022
30.151156660535452
30.15115666053409
30.15115666053284
30.151156660527832
30.15115666053007
30.151156660526507
30.151156660525235
30.151156660527267
30.15115666052993
30.15115666053258
30.151156660532205
30.151156660532262
30.151156660532738
30.15115666053329
30.151156660532944
30.1511566605324
30.151156660537357
30.151156660542348
30.151156660544096
