185.05801513262784
167.57696022749454
155.99549346050216
153.63110350736233
140.49618201526857
148.82800460595575
148.95745706490177
137.3406923722096
130.69198677759624
138.40028178334103
133.96542698847216
141.41088594864038
126.72209687664989
131.96539144434144
128.61434185881794
129.98717345316115
132.36529530423434
134.56100349591895
125.10461594393497
127.75364281740265
137.48638125493963
127.66471339021155
120.19430571667057
111.20426764444338
120.04647468736118
128.2486723546512
125.81293036708445
118.6565085072099
117.29684748417787
120.65354000949682
125.3628259516117
115.58034122334891
115.3325272649181
112.38517208468068
125.3770345844156
122.37605947424585
122.64363821102775
120.6255832630318
118.04526787288282
124.76885598382027
123.52178439838838
121.72272553750176
114.64524407186015
112.94540188716677
121.7737445857346
123.62197201769051
122.3210355733535
130.5685456905311
123.53055144744548
128.381396398431
130.42124804781741
124.57263445464895
128.31616057986292
127.13759606670959
127.09135712168249
125.24746577936966
118.7355954312253
126.38446666097472
121.22323343445375
121.65602863222207
126.25145047294129
131.81073011654672
131.3506573526596
132.57735183383681
133.42487743444116
125.97451313057459
126.39739597294502
131.53108632522387
124.86271862850688
134.65540071102433
126.60387054300216
126.9760957182301
127.7519739690548
127.88408209778733
126.66687247325167
133.5850031501963
128.58809019994408
125.78730821773838
128.2487889214881
125.9618884019629
121.66986148241477
128.94462325833737
127.31547132911787
123.77996071651243
125.43327366525558
130.32547716473007
134.01159815762477
134.25901688902402
130.28025990343193
133.422911073244
126.04665789268034
132.5273406396934
128.5852656840139
129.4659003529705
130.53435738248075
134.01431315146377
140.1542845615638
134.6920907039883
134.0338641708983
130.49808313542647
133.12144664177356
128.36525474926432
131.54866237869444
130.51336274248905
133.7211597363772
134.99259170091443
135.02916385657565
131.94426699276985
138.4380181020564
129.84609786788712
136.36392319637793
133.00972537454243
132.34585635051386
133.25149784218902
131.37992444026543
126.90852005022607
128.76307556097223
133.50307384225783
127.35051008151542
130.58203984969055
129.9959497433069
137.03102297990807
133.83210272630407
129.98770669036793
134.05131967894377
128.86185944105532
131.87578147278626
133.96421311252024
136.15413405158583
133.24663557349922
136.9306750849345
130.91580655482446
131.08242740300574
131.9484490893763
136.65334050033178
129.6290840095816
132.41881364226444
133.33690465204046
138.42907299398158
127.97636632999183
128.74267018293577
130.5899022012519
129.92426918357182
130.90228703052674
135.55014452881952
132.85769560453292
135.54903257775644
135.3728571247014
138.89204152087706
134.01367673409925
133.20835894237197
127.51533406165585
130.8057298145066
132.97324276133415
130.898242384191
127.1978350380833
127.05906784095747
138.11553313296577
137.3029232393888
132.28278667567076
132.66491543454478
134.69480330273873
137.3336424359337
130.84613830199552
131.39323793063198
130.01456383432776
138.09372912727085
137.36167972807522
131.87264812448245
129.53074079740227
130.86015355470508
128.85246417372488
128.5586096654107
134.95755848040469
134.33972855618703
129.4394418908953
123.89835641452667
127.63087902598286
128.1330840761003
133.48740569067192
123.80363384374922
129.3526982553883
130.22343936092463
134.19732817042413
130.29664496888378
129.075830923304
127.8220751804263
132.91410421734562
134.00202869349638
132.76298684619636
128.49664746379392
136.3757967593991
125.69742686951275
126.64160830278513
131.3773046171281
134.69619557610378
131.99628000537334
132.54778160945224
135.07703421390877
132.88514731951835
130.46354904626546
130.79880849770504
123.45716760364408
123.20347530230576
128.47727331248558
130.17991282860433
131.3663970040993
128.24027266875362
132.63652931001832
129.0319945067955
125.9519840337574
124.56058544350941
137.12599961004528
125.8900077142565
120.48615799888616
125.61822723197052
135.82113867470443
128.34935864978982
121.53373348539462
131.3441216748159
133.6302726469741
129.80109377872225
120.60062360692623
125.18624879343068
126.54636055927791
126.3290363416366
125.14371392483743
123.3992951984952
118.7996023604994
126.10690538523085
131.8787775293745
127.93251489536804
124.0144157202708
119.44148244216849
128.1347090224203
122.44751765775935
125.20970155197082
123.95019188422597
126.22576988856552
123.7229163810263
125.45226306562061
126.55931011476531
128.61658011047487
124.7909581566614
124.22503008247674
120.97707418004666
123.0030803156345
129.48695878601234
125.68477693294516
125.29642745290639
127.31976681977171
128.6733973123285
123.04621397368807
126.06773924494584
129.39383667022105
126.4340946080849
127.98147600802642
120.91627817886848
126.83136129897507
128.19973216075354
127.7779018212763
121.39688416239512
122.13078576043284
125.24757257243938
126.94066174434516
122.39725053257969
122.17755752794423
126.69317781887297
131.71682503805107
120.4601815422673
124.37395310696768
125.39838564087022
128.1346388177588
123.4234165472733
124.95934431638103
122.842658486637
120.89037938382755
126.28449365613741
130.0961856378234
121.25313844038875
114.58287266891057
119.5188634168257
128.0098724348943
129.0615975904656
124.8819612224372
124.17693946075484
124.60533365639408
123.61373485535398
124.51580666507664
124.08139169837585
125.97465925633617
124.53940626690817
125.00827353652137
125.02272208122864
123.29085212157261
120.83005456814095
120.65758411859485
127.81025299651736
122.8012217576175
116.86015599095292
124.59672871836669
127.23082268904423
121.51501899358566
122.5742421863504
116.02844401911794
124.8507979734847
119.1503821991268
118.6544962378045
120.53890570981878
121.3266652489813
121.05036136576634
114.64089799736968
114.99064205324663
128.35423566734246
124.35528135523687
120.54925543974278
119.07360008571483
121.0393184682255
127.18607729104534
123.62266646109525
116.13512024267999
116.92279569502412
121.86160894577174
124.75654788687363
121.79182459428175
114.74601477009783
121.36626996483825
119.68445134665842
122.78591655053903
121.1626362519123
119.21772894987345
120.45559229542054
120.27530663466433
122.39848241332218
121.78590457742277
119.42379982051229
118.33898902426641
120.30411115805865
114.55167050547128
120.59946967898182
123.07435811487215
124.45470895271275
124.20040511463984
122.97230850276657
118.39798849746904
121.87920435327197
125.66992567672646
121.80326012501816
120.12068994560519
119.28851917719963
121.3957782940488
125.07828267634795
121.23035048007718
117.94916471023245
121.22161769540715
122.31942411405733
120.26182534657079
124.62660772086916
119.57872791434669
120.6872704932197
126.30245057825363
121.73728509722572
115.59712555357187
115.09954532041087
119.93586359790464
121.76068255957442
116.91566136743482
113.70326323897771
119.53596953043387
121.39653618127468
116.83566797982054
117.9168189275241
120.39266733076168
120.2648706755151
115.58794318920276
116.90525295112262
120.48102527298626
116.20448696166444
120.68393966806663
121.36407364957151
121.65882695543978
124.0038780525292
118.69796065888924
120.44595848896839
120.95569976132876
120.22882405057757
116.90080766629042
119.90082608214476
121.1602055193942
120.81743843821646
119.69696186483856
118.45869129527922
118.42116952371751
119.00786978080242
121.5101623073745
119.95637312765761
116.50701745673472
117.05350907949489
120.451749320859
125.53369504073812
116.07744612759303
114.98219839525945
120.85423752781298
125.09856260093432
115.67919685368622
120.11500833076425
121.31847877912715
123.45005623602225
122.63210271406611
116.24007059253609
118.37079707664827
114.95870589044084
118.23497014599187
117.93760348095587
125.13395858625452
120.41568803267793
115.08904454142026
126.0407068628228
125.43368964931341
122.44315567823215
125.35122802109771
122.57141906466593
124.0063467780962
124.52885583703488
126.45848503948491
123.96107067122189
121.0078880159088
123.32393796914872
125.79248766404218
123.0007608193962
121.5754023154806
121.24701465205213
123.99107684939328
126.00235948020891
128.29848184974853
123.73784361384077
120.14177280435806
122.91888367192561
126.51903997446934
126.65740967880858
121.6293214380875
122.42713959906699
118.99036337407625
120.87267673501006
123.62340612345893
116.57258743568453
124.46558917006223
120.57201687980528
121.94456978071426
119.5997050462521
119.65055618035804
120.05796687234496
125.9172002917171
121.9003584542896
116.90377618461918
119.83959872390784
123.36387198203664
125.30368305447679
117.41851777928467
119.3836562260293
120.29516547888267
122.65776601187571
116.31137147109581
119.93137436707865
123.31908919905851
123.37264548711015
119.2124275664489
118.16147966489021
121.29586290078221
124.05123011970024
117.72023905760689
118.36123773865107
121.32091144796148
123.36525573166385
120.98149781597334
118.20409147647116
123.67498546342931
120.16400161190215
118.45617874843064
117.39311217362126
118.69671491652102
121.26951192538043
117.92130829284959
119.71284215449722
124.11680631210187
122.22697777631231
117.46047692694566
122.74136237921856
123.87242411118612
125.51201121222799
112.0309656396964
119.1620542310185
123.34096375833334
117.14295487860359
116.80997244936151
118.12079448891141
124.59971499678822
120.22053599621148
119.23003764548699
122.69835865656668
122.30722890838672
115.91824594063844
115.88364415507945
113.70318940465214
121.13993555665488
121.88671627814368
116.21152988202734
115.99463211603701
118.15833087026611
123.00695521555525
122.16378147250857
122.52224666836781
120.85692751274192
120.63846739356069
119.11800629882977
116.01299796854968
121.360710015121
120.13194387648083
122.45553466453083
122.27923949682801
118.80972944961195
116.875579236761
118.89998526895639
118.12954375158583
121.91196499078517
110.41685031293076
115.41826458249712
123.77735188846354
121.39077210060407
117.29900261347368
122.2994721016454
121.80131432117457
118.24881402896341
117.5799624247709
120.32804683567579
121.90420996798092
121.33308349072553
119.16285739907764
119.875767183504
117.18759838719033
119.95383841710728
118.64856599388709
118.47939043864402
124.57287405095198
115.91557421697256
116.00549917030807
118.69859942348754
125.16810757457267
119.00606713168658
118.36366057565309
121.49143129917016
122.73575598462699
118.7156239993995
116.83011913835385
115.25808282099835
120.61284024466855
118.77826366596113
119.05792892676438
114.83848496818648
116.09870129722941
115.7210873142146
119.94315611607813
118.93159908322795
117.72260223299578
123.09313668045914
120.88007560568666
121.76649964041766
117.18727920569225
120.13029583826926
122.6857170574478
119.36322299742125
117.8114298141648
114.80017179936152
117.93291477038225
120.20392671093151
119.82539842830062
117.83809784589825
117.72603631984444
120.90142710969423
118.3144591033224
121.26154771733816
118.48699307495671
117.86089390884081
119.64228665342718
118.50405788729013
114.90280162920713
118.0976138270235
116.50557976620075
116.28484993858766
113.7679842687926
116.97623519691177
118.87745927328577
118.04703353055338
121.48254002616345
117.99815122664913
119.96370577137291
115.70913301870522
118.18970916226161
120.11826369548338
118.82694475430505
115.65505983532006
118.64939932755865
120.53668167587358
120.29533298815744
115.17348128818549
116.19697178021012
120.71329699611691
116.99437091415555
119.11532628527382
121.63730411169301
120.41858837488547
122.00064965920217
119.19295397374015
117.585978075771
116.1500848041672
115.83027591231658
119.66466535975833
122.60708884431762
112.79595184206403
116.1558356174401
119.42071900931835
118.74357157488743
121.2789420382581
115.42353611315079
115.32853601236398
116.67115505617234
119.9805070100715
116.9003532945133
116.6712440332368
117.69177562773599
121.09538890351546
119.04978834572088
112.78818805633674
114.090550181037
120.27469632123513
117.21087934901588
117.71630146390076
117.67058916111658
121.82490768911565
119.11044768477905
112.14812137674649
114.43865939812464
121.81869305899129
113.3049486864797
114.3796181140187
115.551987330017
119.776224549592
115.06397718344736
116.9152413281511
118.57209389546176
119.24070832934116
116.98049487198372
118.79873292280463
116.94186694493152
118.9740165566044
123.26282353908701
121.89620794435632
119.7878196511848
120.5762081499507
120.19084458673991
116.47267590665655
123.8082579446155
117.63764912214702
118.36878428289964
120.0117366709686
117.02901164958595
115.0260686354364
119.37017448731021
118.71272909087891
119.8937004754099
119.95184204845137
117.54695427929262
114.3583683686765
115.06671036383895
118.81255608238138
114.6512565681848
117.73267518831125
119.4273258689952
118.42535355306805
123.30183574425904
119.19990177323169
114.9198665778774
119.3246147163282
121.25087320119219
120.03639509774158
118.82217283369201
118.98270177611684
116.83550576601698
114.41086842494873
116.75708362184076
113.86856463884313
118.2766600701688
118.76565327867685
118.54351733334357
116.9872154091369
115.05218637862319
118.6975619824351
116.1308785858184
115.62186379688794
113.82424117045394
112.34730750473908
117.72409463036533
114.3817633763345
119.27051906961088
118.96094310066391
119.30260019746927
118.15592527381239
116.67367973232615
115.42463336417036
122.37959304368381
120.24292413334764
118.57328711944098
113.6724117706966
117.53988451117628
120.2359428826238
117.7884899820019
112.49625163879027
116.93279788591923
116.42735601834896
114.84960179750688
120.91875230981616
117.68099045216552
112.07703527946938
114.16813160059641
116.45323275668672
110.72538694986827
112.12154515175305
116.26015409615567
116.50218304293288
114.00246352787828
112.62347150592944
113.3055814693551
118.01883768230844
113.61006869883879
115.83251850607601
113.43275317740529
114.63601823941252
115.48451664042423
116.57395495477027
116.21225563621593
113.50660102210192
114.97020981457881
119.28764212512327
120.77786826618383
115.78353112509554
116.46239578761862
119.13880972235918
115.73815598370813
117.49007627697287
120.75119331432104
114.87628252299947
119.45198961174582
116.59827079776282
113.46454480087607
115.95719789729286
118.88817034959237
119.303846156874
122.19220196136776
122.58291132477572
118.2961764069766
117.75342256167558
123.028774135542
126.09041664934429
117.78813409180243
122.53378875789603
121.12148104363627
119.8436558940272
113.93950606127993
120.16300534776131
121.08135396304587
118.778099555034
114.15230860458654
116.86501504578504
119.1946152327803
118.75838483905339
117.5880775042073
120.31876073456743
120.3514920972826
119.06987382197778
117.96699335935722
117.97274926943359
116.88667249972993
116.24329010713426
119.38875580976678
119.71222181683981
115.83828449314316
116.47612374512275
115.37615967636852
117.11545449955203
115.9402100179019
118.22869771589154
118.80846121450014
115.49542984622607
115.91506548636069
117.25173207437352
117.21341672741367
119.43241409149468
117.55582200286182
114.97763070371897
116.64778524072797
118.82325965843141
119.38834405760684
116.81927103266021
116.11819784118411
109.88790005725915
111.05075800329723
116.02560098867124
114.15919512719698
112.60745929883076
109.46928771720883
114.49882946945574
112.32497049068017
118.59211089954272
113.48529573955264
118.67260889162382
110.53373074878601
115.40131015921146
116.61066326312942
115.28709866202175
113.42601915698556
107.73929301584919
109.47398696797114
119.95146401852921
115.38514963005048
111.31038744568423
113.17581121746686
112.85323330299688
112.63291248105655
114.2571387956498
114.43716869845035
116.5472350198186
113.10615221473807
111.86009508623108
115.75988242641742
109.26538333140601
113.67260402762147
111.88874852993798
113.28287608189078
110.87865948015953
112.98966660890261
111.89172602489816
111.910460771212
111.75732831259866
113.96125449360301
112.06451427887148
111.56693208008657
117.11058433330646
114.3693754398013
109.51608816299773
108.59973548987273
112.5246066052086
114.30186281544144
109.12819905795503
109.50124851275554
114.14677140098476
112.10590154109305
113.06931584022132
111.35026594317014
109.09994570840989
107.97297149731492
114.77671099312734
115.95353331839662
112.21132995626913
112.76897850671531
113.74558970924446
113.8090848358768
112.45486894855065
111.60289085414566
112.36849106405556
111.43586456925615
113.64200646494928
113.95467035353573
116.91863424615548
111.21913696729864
118.5091220241003
112.21824061665897
116.94769697254618
111.00396193324788
111.38764912344602
113.15077497737452
114.20124321115269
113.70904821896531
114.75557620143213
112.56831191482954
113.29943148262392
116.40280830773618
110.5757542533621
111.73132928087185
112.26551472796754
112.0900826724157
111.11497866692122
113.00587377404725
114.35854355416164
112.10370221011127
112.97239570239715
116.63502337676378
117.8946337736673
116.85698213375294
111.85286831994571
113.45454700097882
115.00551945861422
116.72152040743543
116.11863441416016
115.88002362976589
113.63361136465464
111.70001466849779
110.23076843228681
110.67177899222264
115.62990263988551
114.72767673948535
110.50469247811259
114.99233587845596
113.08570610820294
114.72678050356957
113.35144852056807
115.48291486164452
111.38546319024564
109.33924911290232
115.01613738384465
114.75261646828281
114.27486703046266
107.97240174222304
112.57215688751283
114.80345919203292
113.59460292716635
113.86908452085552
111.91236784142018
111.8535956845963
109.43098873398998
114.49422155295939
109.85613177288985
113.06381838088244
109.27892431865588
113.9128004633252
117.482799926372
114.93230915676266
114.91969728904367
113.3765363828296
117.44112397446183
116.11012176939795
119.25610687611326
116.80677399970502
116.74514856335449
114.10575539001937
115.69371777239812
115.39459683474657
110.80483451626998
107.25339038421036
111.78310654685765
113.67089442819001
109.1525547228844
106.87362725284711
111.17831831844622
113.49882890960238
112.42134383162428
110.99358600745094
112.72060771548902
116.25034591116096
109.3420300563494
110.62211036065447
114.67634435199773
115.18574766534981
111.72430555656982
109.71467330798791
112.65571752787818
114.42000593450999
113.82150903974372
110.21601758126857
112.68492582211042
113.24771636272382
110.22692212830003
109.70328168820637
113.70320993374064
111.09960147698786
113.56345691572939
110.91088564306773
111.34040147595843
113.22705728689932
116.86901125795877
116.0703543057733
110.16815456163975
112.87909282980283
112.00606318373946
114.02423574616125
109.51553940189308
112.48390886414985
111.31695021661075
113.48603374716797
117.01417212478651
111.666648273797
112.11766703859811
118.63942972206947
115.92498918545739
118.82261477086388
114.85240303454401
112.78242477832522
113.24160930862537
114.53697818382847
113.98659600150935
110.80665194041504
113.11347062372529
113.4780295224765
110.7256257621869
110.88463030283226
113.297151061308
112.027759525363
112.51649033522808
113.39403544753664
116.9557551291176
116.39398693040063
110.10897417581243
116.7202875807504
119.21386475740955
114.69213387848293
110.73463749052917
112.47393622743108
111.57542039780837
111.85748923555064
110.29791688004407
110.48719871521571
114.43546534591823
112.34272323541614
110.70721819965645
113.19857071122834
112.87934039903186
111.95996045609394
111.46231323958028
110.78343009394315
110.94816438565562
111.59962379303798
115.18256944675868
110.17028349712396
113.90839009883173
111.77184922600674
109.80348006343962
107.96872153803652
109.90741893913948
109.27206972605535
107.28235733482569
109.01589559108598
111.6974778234609
111.03463923934312
112.6836615006847
117.10248763721518
116.4551184874103
108.3254825774485
110.56728689600844
114.90857556222913
112.7892538641353
111.2059504764053
112.10112109764391
116.83454746698817
112.071454064844
110.03707780334823
106.73953848203793
113.15616122773032
108.3109913515628
109.26574160421933
110.13125476295878
110.72946367452994
111.25514193658674
108.70268476195106
110.92981700017947
111.34514499570022
116.48672903867671
110.5188353423045
105.36343697200458
110.52423631434172
113.04441750162033
119.0723247788196
110.96482279955256
113.86947810577159
113.91312160153583
114.29830211765407
114.71204275260854
118.06627074902833
114.54232754994234
115.89292769442999
117.91942226448172
113.06632931634996
110.67436235549563
114.79490161405502
114.92787922415515
111.64627387721754
112.93968915594014
115.97136235593858
111.4214990437638
110.86788162467556
113.58764469088061
110.45939920442528
105.1028974003648
110.28664054698524
112.52066272395325
111.42199760997508
109.27296054604493
110.07781576163069
111.55435115291745
113.25146714939103
112.40697152322167
112.80681319532364
111.83733518963105
112.52475064906658
109.34210198112665
114.22250407378459
109.77201233336389
111.8429974726581
108.7982413235051
112.9324519903757
113.7035684457179
111.37967665079232
109.64158188173366
113.88952596969825
111.86960012392865
111.50499381562717
112.88353328528824
110.17906268785002
109.31005504202506
114.92192802596132
114.78881959927793
115.93263346841704
109.08782064136723
116.18069985959188
115.9301301338708
112.4564743988791
111.59376864775305
114.7862308594434
113.45587929819924
116.71757889978616
115.72752142761712
112.54148051108793
113.7224869026757
117.46036689035678
116.21981711996241
118.87869168805123
116.98413049395614
117.8390761360055
116.79489844671207
115.70329835953386
116.21994840769787
118.19235325182346
115.01867149541216
115.94023018024974
118.92666764624184
116.40421295800702
112.66099042272073
114.13472004604246
113.26763209381006
115.95668556593488
116.24668233491595
113.57790950904754
116.13065729780956
116.5270763258704
115.02604278646159
117.48204964450233
116.88904553165709
115.67131270013698
118.4601359608898
119.23051113220488
118.60957692896014
114.20355108331336
116.47402290755669
114.85987697476592
117.67814904290148
114.7007981873503
114.41347597078646
116.08957663946018
118.04525345036473
118.328232033566
118.9725830338827
120.50715038441986
115.58108066080823
114.95905355438732
118.95498334304189
117.7036992263413
116.80109634301816
115.26610716315234
112.03028710107803
117.0955989854823
116.4781506238781
115.2737965766264
117.4190199346235
118.14481371415579
117.00190825901883
112.2297496166356
113.88991833695405
114.95124746160454
114.59028121113269
118.02839020081753
117.00832384477198
115.88446028815723
118.7999988519575
115.27823670350794
109.72431523873155
112.94921570446542
118.840712121453
112.17036153238467
111.38406685370856
115.87003667228679
113.53248240564889
108.29887349801095
109.97699810846207
111.91799718712056
114.33802995246671
116.22994308922081
114.0616446108725
114.33465688951779
113.90300289530497
115.45105381922038
112.38536308497345
113.14992512465822
116.04788208318939
116.01663987767125
113.32739416546181
112.73260102616086
116.33372929679406
114.49737636999045
117.20233602221451
112.82309002761997
117.41105192635912
119.6291920102495
119.26647949182014
116.99621648074312
117.16286313902009
114.40168856473738
114.76617157440789
113.76298388053375
116.00091918155697
118.44597319387161
114.61700765532647
116.18365269084478
117.57348460633602
114.48317365028497
115.35925476432507
118.22741410132099
114.79984472223852
118.44241478739767
118.96852031858838
114.26347481308352
118.81346927853157
115.73820153559603
114.28801999346825
115.90785095881937
118.28604487469721
117.42901737672018
116.99566532159996
118.22991265092774
119.75264603115528
116.15737803724114
116.78761547982009
115.38656582281465
117.55116601800142
118.22624996936986
116.97607207475889
114.17300441931916
111.19803750230614
116.80941147492108
119.76013250611632
114.68196790414589
115.05551260444359
120.09779867501128
118.52644161634187
117.59927306932838
116.08456464598385
111.8387452796243
114.06693329509334
114.44528823202567
113.65170396022415
111.48333528305515
111.20247442844975
110.80027594139618
112.30558670906039
111.34740969802533
113.21210237275193
111.92549067797471
114.74090186832473
117.78710923927834
118.9838423838663
117.89588610554343
120.0552349371714
123.21267940825652
120.69688658703812
116.224703716843
115.7493660100218
115.30372930774742
119.50199700244656
114.93862506616493
116.63678134666029
117.69188486209616
115.62919086826143
113.07949734003027
117.81692700426461
118.06647918982344
114.36559902607598
116.38959976813989
118.21532494482064
121.94514233772125
120.40137679014074
121.30829239560994
122.55322790151531
118.32174574599094
113.98749912750186
116.9333937442254
116.41740993054977
113.82867609923815
112.77750588136219
113.82889632664643
110.66522864047054
111.87281141610896
111.77186313143224
112.45989965211021
109.97318684398226
111.15559412613845
113.42401274406213
109.24965247809945
114.69494240978213
117.45382094797333
115.08042370982572
114.20566273731318
117.28748570559198
116.88199280242418
114.794958309313
111.95026575404634
117.43827729089696
113.01882331986971
111.09985290753626
113.25367606332586
117.95465820668629
116.9778211951875
113.08206645621806
117.68848171758154
114.76755028506625
117.82560055055761
116.2387726555668
119.93757076868793
119.58531684456986
115.05868732730616
115.05230184439557
114.92961466998553
114.50215687127488
112.99065954013513
116.72493649672593
117.99201625260092
118.4520505913895
120.24318537851349
117.5468438823511
114.89822433835248
115.20656885519396
115.97347729449807
118.58082737087035
116.92105350743992
116.60310326161856
117.26732141201141
115.25593753427765
112.16198991396428
116.35161483577322
115.74701773715552
112.9286775680552
115.28924897139376
116.71192259816429
110.36187455585768
113.59077681223853
115.9807281730894
113.78231650401612
113.02615829752467
116.92442558906401
112.0307063269126
111.68700191753665
114.18599683865952
118.20360017630134
116.97944543187758
118.07049921053222
115.36654897620377
116.58836956259587
114.69216502031414
116.56465964863779
116.00811678398779
116.7395921325236
120.0589098043209
115.18922454336786
116.41932321323893
116.13714650151678
112.87484007311308
112.65863830624579
114.16674277950264
115.30667310408371
111.86944146173954
111.2170999298233
116.93217765121074
117.70727648060492
113.05493894767721
113.8054958209813
113.78653448444031
114.4009335502802
109.26118457170035
114.67403672209399
116.76142704096232
114.87109152332145
113.24942629856916
115.31914248148554
118.16213866166993
115.22632178604992
111.19371692206178
110.48843944198339
116.12133330709537
109.36797359294607
112.60938367655696
111.98313417151438
109.70322510162481
107.50036411979174
105.90203622058432
110.2789375552192
111.47851172538671
109.88053410055883
109.30871161087936
111.58226575248901
114.57001388895961
115.23858974034505
115.91859930574562
113.51863728195318
111.74545633407207
116.60431018365814
117.38916169999843
112.30360684908969
112.3741965357914
114.64341331730714
116.23372738651956
112.97584835908992
112.18128144235627
113.66750193516127
110.99881987409907
114.15267555984292
111.37406799427852
111.43128468354618
114.11695719479413
111.01407597387832
111.43762077827186
111.3458794363472
109.49662315855105
108.31627568523956
110.85879112663187
110.63386424330878
116.2124492462018
114.23351118313165
109.17282197776416
111.89325989824582
112.71079704951755
114.38433313245422
116.76516666004296
112.6746950535617
115.99918413088888
108.9047625801017
109.43016388384949
109.92212347097731
112.73322571738743
112.43312688439624
114.7806327979225
112.7107523584664
110.77859664185306
110.26863601022647
113.07099852346066
110.40654154491756
114.54444297288093
112.27707328553043
115.10762684459358
115.63792153791617
114.39711297914731
114.00472085035757
111.82973724781387
111.48850034683502
112.53735073258603
115.64965514651573
114.05278512586432
110.94429158071354
112.53023192300279
112.54195689960346
110.00216848859563
111.8677652886529
114.91906052331876
112.81388913667884
110.88058169610116
111.0124510281773
116.18041145206756
113.221538659869
115.13190086512758
114.937463939093
115.44300635427958
118.56266364723844
117.06682109642459
114.89537749007846
116.05196082812783
115.13905609978745
116.2351731934169
118.64453277779954
110.76157564853857
114.69150814817016
112.67223073371892
109.36683355254144
107.64693906973426
114.00893850929468
114.21054621306044
111.43153054202439
112.2835840722562
113.41061491809356
115.04470026171558
112.01075554922345
109.50006766085401
112.06959552469209
113.77367973145425
109.49024364086773
108.57575575067501
111.67908896430167
109.43978151170228
109.91046291589373
109.64358756097317
113.36244340189438
113.64175820966797
110.70428393148065
113.68383005328502
114.89405568947244
112.19094437111667
112.97518302883864
110.35702963141895
111.86438022394685
111.35505797098025
112.35606884354407
110.02091483228877
109.05215363611846
108.68888094127246
112.44763910125843
111.73287262334374
109.60661515755778
112.01213672826916
112.29152617093709
109.78751573856144
112.08507372613026
113.54725385076766
112.41042879881843
108.12395937884172
106.87730438350873
110.1622350532655
110.90910103030058
107.27755601127288
108.09948426839769
107.37175426926146
108.7449282082897
109.80180243196843
107.8931410254662
106.16284492411967
107.80986204577134
108.20111143615227
111.0373235461157
108.51960486067608
112.02591547898417
109.92903721646027
111.28124852064036
111.03292098095211
111.96827147072567
113.26501963375111
109.74099519083218
114.97651187574235
113.79260344817163
114.34949139641762
111.0682964631629
112.72956116767155
111.09926327673635
111.24080654897956
113.61422678639684
113.87776251026823
112.50296451161017
111.42461229323288
109.96255203928247
110.00303310289921
111.71447656860917
110.5035627624044
108.42324524728829
111.58339082065369
107.71187163334017
110.34110508089456
110.67624627988806
111.35642432103488
110.38558562008639
113.42451978277929
109.68238702146458
109.47391950080866
112.20906434495026
111.12393103555918
111.91831901143334
108.83912840644425
107.51957177321033
107.34590105124389
111.16644221041945
108.64099547341415
107.37678015780462
110.64610651009849
108.45907057578526
110.22769939218792
107.41094921222948
110.99840162713396
110.02206689888139
111.20732956570127
113.4529066239838
112.08024447391152
108.3062563844398
111.63806152133674
110.77599223459747
110.7277113772982
107.38072736151342
107.4086571998401
108.55164072408539
112.53209845032394
109.48376032743155
108.63746096584332
106.52365242128943
110.71884644367415
108.67539950251278
109.16844000877104
106.6049631486616
107.8971280751229
109.18582594401181
109.45917142830265
112.26069779195255
112.64627007044216
111.29972370029351
111.61508811979286
110.58635865693945
112.73811520575892
111.62772387415941
110.41940511826456
109.76495308141023
108.42161211458078
108.89999081289704
108.50153201040499
106.89300070414193
106.29107279426427
104.57770409104694
108.573546577346
109.08463212350517
105.1594930231635
105.30713731928212
108.02762917785941
110.43877275789328
107.62550264606651
108.5010483692811
112.06256499343442
112.03868666629431
109.95311057957197
108.55823524500201
107.84447550081218
109.98067425935133
110.28731255991876
108.53751954411808
110.89875770933936
108.04102735655484
109.2001130741801
112.28120498090787
108.15271549914942
110.3406579072012
109.8036632397373
110.9245409413466
108.56078181407695
106.81586185800545
104.75961779295444
107.46235255642914
108.46393460697925
108.0302237550692
108.08623317325062
108.78222202574827
107.97637466457479
107.86428106940998
110.7689918663157
109.60758648216235
108.6020294203105
106.6070883334192
109.55811637825016
105.85882878423789
108.8909978014545
104.33837312903182
108.58936795019152
105.15829596733474
103.24858549613738
109.5325871401896
109.38829618129043
107.13020712608427
109.33376276666833
109.2846854673227
107.81090080038175
105.93230117811886
110.14003792515355
109.63949548967638
109.46606169367759
109.91909735498638
110.90947861815097
107.99401977570741
110.63446767119527
109.76465200647901
108.56418676157915
107.29870503568068
109.86455498934215
112.33208964320121
110.10378562391907
110.61210321436691
111.67500083805258
107.66784584337239
106.19096997578526
106.87166394741169
106.06960179776719
108.05578553204694
107.64245518234806
109.36827180753157
108.96318480998546
105.61412826487114
108.33105723072487
107.60853310587854
108.14386251112697
106.65072552635448
106.21918466751441
108.50295188177034
109.76835377577295
105.33449198785824
103.05151685671903
110.32262804422942
106.90777104241232
107.15722819234588
106.23810273412151
106.70205900033993
103.66141620869953
108.34937361552915
109.64855622941508
106.37720580460712
104.74506612127126
106.70345283368096
109.9111538279777
105.69909715324312
107.36823959955088
107.57630992015089
107.07579866830922
108.42116470044981
109.03034782613744
106.6863373694676
106.78916545036849
106.79991411929397
103.66579941455537
106.4585139214393
106.26142433209698
104.64297427471247
103.64064906343127
102.8216065466968
105.8059930680467
101.43871519695443
105.94197021312216
103.74803666417621
105.25394297005431
105.23891592684622
105.43324541015573
107.71127789486985
102.9937823640291
104.4243757173395
108.75604925626232
107.61545815736484
105.57441473548265
105.55396367665864
106.51747256762994
105.18184962948432
106.31550186920227
105.1596640583145
108.28756489940524
107.17529761806091
106.40426766403284
104.93426944968061
106.70065584966382
105.98823950292176
109.22586552162691
105.03125568165395
105.74078438388995
107.637953649427
104.65711969453652
108.1868294844441
107.44070286597221
107.61108941918856
106.12106825820649
106.15604012284855
104.33477791297933
107.07082361237312
103.23764441221171
105.98796243312938
108.21430602299388
108.56749454895493
107.74758707120647
105.44235687947679
103.17517128032667
105.55878854341125
107.86577863769944
103.9131099609764
103.63486423161922
104.42390547584662
103.55247131625464
103.42418939588607
104.68445367712816
104.00185878625557
103.44207512950459
104.10101527717168
104.14336418919375
103.80913439970755
102.86681226993198
102.72348425477503
100.700547563078
102.47518036494439
101.84860771316289
105.384179941801
103.43576246064272
105.85272901316128
105.62773487913142
106.36960594641825
105.09468229645121
104.90765652789588
107.78027531725502
106.04877243995132
106.01607047251096
105.76141915288066
108.17082489507284
105.17480475887264
105.28898388296388
106.65669703275984
106.96466492374522
103.97514235549752
107.07639319796068
105.21325793211543
109.35058940053861
105.39732243980005
100.00853340190497
106.03956930182161
110.41110352397865
108.30505322922433
103.98901383180979
105.73380835753034
107.63886258305857
106.6368657566586
108.3936694907275
105.5071682713716
104.93199767776224
105.85356565146833
106.57574687555287
103.75528057188666
105.1131969104565
104.55655483118174
102.96724202159679
104.0506857620154
104.99130870262569
107.13630302864775
104.12428402329292
103.19154174971568
101.59213789939014
105.14508973625482
101.45863944464938
101.70051375270968
104.11324850531362
106.75394885756089
101.55141867955788
102.6830155892768
104.49330529260405
102.10033344574957
100.36422089093514
102.21369691943113
104.64343303502805
102.4127675764658
103.45449319311166
102.67502914284196
98.79416961164088
102.63194133691837
101.79699910646596
102.13123012325521
100.07333972400266
98.69698324956407
103.57844571234365
103.05532550619041
103.10853906541941
100.54650678552827
103.64435275672997
101.79805880003903
100.23395383445786
104.04582073416766
100.89042622804796
106.08825652077456
105.29419192015173
103.05098823766268
102.71927992975372
102.67966291538414
102.76843435845967
103.61129834147796
100.92711739295282
105.73260908669923
101.19890443446221
103.20238086139811
102.89053541364183
104.45621718287333
105.67884986796655
104.60052033942344
102.36374920584898
103.78464737864742
106.53085833082419
105.63157148090764
102.98325611041213
103.12545485720052
107.67030804967631
103.52583643060382
100.76187471128382
101.10888191554218
105.61923500111315
104.0189106951225
104.7334559404404
100.03008654883062
104.76076535943128
102.13838895843843
101.28459911715748
103.01228456167689
107.18737426521594
104.17589455244621
104.96028073068763
106.3396693119139
107.15810635997191
104.69100389942324
103.0987464676196
105.00139777424192
103.900485752177
101.47793052583926
104.03536739241234
103.54699994353612
103.5001271805873
104.84065083716254
103.79613837816403
102.85223423249141
106.37369609901354
102.9588864680973
100.43132806929155
105.28454164535248
104.11404363512857
104.83683152638882
106.3533411769156
104.94017908547103
102.00361088453428
101.44334376831999
103.1970765695475
105.42715162724015
101.48932094411315
100.97623309871669
100.75329918876662
102.98449373343982
104.35958180852658
103.48366277020457
103.58178142297956
103.98727890649094
104.58209681372273
103.0959381187576
105.16208064123403
104.76293155369498
103.41214313513233
106.12857403248022
103.076926019272
105.49490854338345
100.7504606193355
103.18193371194575
98.55397244426473
104.11431272886668
103.37240059465465
103.4715726597242
102.35357243884748
106.05646545088311
104.93087216229887
102.72605099099874
103.68465901468498
100.81919498723215
102.84145908867042
103.37310767054556
104.06462585015407
102.94663687930101
100.8432944818298
102.34307268215227
103.1092430948969
104.45972778636865
102.47570710055317
103.81884975630898
103.1848688445447
107.2254599469125
105.89191480263634
105.74270222906074
108.0975226099405
102.50683444555932
101.66496626790676
100.44612825152373
103.18940037635228
96.95931596605514
102.9628155615978
99.80321229324582
101.54493048765184
99.89064287112058
98.58644437106477
100.1603955349978
101.8357922619019
98.3120344753562
98.88676974694941
102.41109447501869
103.22767662650422
101.81058825980256
102.5315137061739
99.6370494065006
101.69283003226792
102.2091848895341
102.08573781343347
101.03769409558655
99.72058411802286
102.70142197398992
102.52299849164633
101.32606468559462
99.25646548540331
102.88533371693455
102.66956352132394
102.76404401526881
103.62615649988693
99.73997853193102
99.27526653111786
101.95572245049684
104.64381976852411
102.28432738181556
101.4878804051169
103.96392799432
101.81836859346153
101.64454564360565
103.64007829118425
105.39410838232287
102.16808706735532
104.30585309096911
102.14618226210442
103.6872996755401
103.50798402512468
102.54174420586816
103.87744284294823
103.82477580936997
100.30283963599042
100.45834533063694
105.3299963304475
102.93276185541225
101.62019184453818
101.97205253273323
102.45896548301116
102.1520034597631
100.79490428300466
101.59369623020548
100.87487278500117
102.96657832595461
104.88183421691187
98.84403890483563
101.39740332821302
103.47581168649475
99.65669017357797
97.36651784225697
96.9035273371534
99.465763504427
98.40417232478875
98.16835254640759
97.01911766518715
99.30845809761108
99.20421176365622
98.7100578031511
99.3695949881216
98.5591608322619
100.57359846554333
99.76812274356035
97.44223449583899
96.13789704272274
97.55440019581052
98.64423374023124
96.17544411742587
97.23260524035375
95.89310784147543
95.57843683864394
95.37240997707839
96.5326530870951
95.9974582609062
96.20112888686006
98.15246654093814
95.04394261517167
97.54544511526227
97.41988129065591
93.95250911786968
95.38297110385784
96.97572449579951
96.213329530939
95.9380409148745
95.7508789941483
95.5281107070033
99.26959658472046
98.78758481948998
98.50939833225992
98.04861850149227
101.35484111245499
98.69063906442192
98.93927594338227
100.70058596390015
95.98607209493878
95.9493712994292
95.83390820058412
96.54417300371699
97.17313309726272
96.28412138834909
96.7194596473323
100.99718405141746
98.23817045501964
96.33290148500036
98.07462097710406
95.92503703758577
95.6197915838487
96.71957243734498
95.58516984585658
95.87579059653326
98.9013484817248
96.55277167747155
96.88476081021905
95.26482663736766
95.50536625006615
94.85522574961132
94.4197589714867
95.15397796113574
98.60829798513147
95.2493964073588
93.61151535088797
94.74689598281442
97.03982513754032
97.09122764600153
95.6594855175206
95.98411334521933
93.59549786470481
96.75430059089699
96.54681065657265
96.97088862872815
95.71556700055491
96.88071489309885
94.71106724959414
93.41819539169083
93.99151615348646
96.7465300425427
95.6371746149151
93.09224451790982
96.00202319561811
95.74574981135895
94.37222287280645
94.62751375263284
94.80788795415377
96.48513961448705
95.04615214119616
95.70614562334927
95.98721238461867
96.55805492784468
97.72522581125897
98.10165648783067
96.99502374535463
96.91590102751852
96.028009282219
95.07213143118453
95.52323007539916
96.19900438470471
95.72847415886125
98.05114181953817
95.9235829702098
94.59390422164473
93.73041557892701
95.98617101959097
97.00016576987964
95.91278419542212
95.63494711019648
96.30323285963769
97.4891724668963
95.88944489283506
94.05551601526037
96.61677455152214
95.70120021857505
94.80965725086513
96.21947519483487
97.18628735084336
94.59790389668247
94.33162591513475
94.11544380988433
96.6757825218709
94.71876583171141
94.65555589590069
96.88861137976188
96.74380135022432
97.84749905977976
94.55484085196684
98.01620913822609
96.37532531736211
96.33171400735496
95.99547986089412
95.48236273535244
95.9639306478899
94.63312820723691
93.35215955494063
93.8363831194031
94.78858319584243
94.3987606411554
94.88801607104499
95.188397453558
93.57416844587414
96.50605134359598
95.24485992670608
95.81904107531918
94.65443188383182
94.03477137071617
95.91084013203123
94.87282759025088
95.89567821623004
95.31050527531424
96.44545158793653
96.61961753604204
94.3041959562849
96.30292546415261
96.4765091830989
95.59712720698214
96.11351563763655
97.46677344863969
92.7920777078336
92.44325591122016
94.71201959906566
95.2854026156861
93.21445897826823
94.25083415534792
94.83736767047193
92.92253300937415
92.49630577610617
92.13046621257563
92.92645842018402
93.19404788819676
94.25359016390003
93.3392729161178
92.02044635080267
92.66381217309073
94.70739735911287
93.53920764042005
92.30478804938917
93.75764459242673
92.5430180397371
92.104235795536
93.02575729799781
93.05002146208426
90.74347087039105
94.12983956412552
93.63620003752483
93.00245822276676
91.4634364686792
93.04168544122511
94.1798958537064
93.128132330416
93.5361264990228
91.57616294714431
92.83974416818455
93.33852774205351
93.9428239250728
92.80160339129405
92.28508089795736
92.5838763057648
93.48195566069842
93.61626369339058
94.45574200398273
93.84411442372216
94.23230993822322
94.60920571491323
94.84643901738096
94.1266921178115
94.97421599588937
94.84127477766683
94.03255858790045
94.40606910680158
93.39191681702343
92.38940008381141
91.8639733713088
92.01883020102073
92.63109701547474
91.6947063891957
92.2594975885754
91.94751841190048
93.38392889670811
92.111644159276
92.82803380887249
93.18509536132431
91.53883692857463
92.05817406078546
91.1125118479711
91.05016544069022
90.99189960508767
91.47599294503995
92.89401697958107
92.5817493940236
92.92102840118977
92.30745483967031
91.46542624094562
93.13432431070754
93.00302305933614
92.78457010648953
92.07743994802688
93.06168523673423
92.5996163888921
90.86832267640061
90.86325670663348
91.85127202857407
91.97866500096468
91.41361261978238
91.13196171807144
93.88961731705156
93.15863183872136
92.20962069312351
93.46568290081625
91.6866193262737
92.29389184299896
92.81159107002357
92.11928505660744
92.07021103137816
92.84040501840154
93.96474070847587
92.75170082882605
94.90256999906076
92.62315077248684
92.64253981454314
91.81308544066738
92.17918629518861
90.46227472460141
90.21561417537065
91.85010340096953
92.49850879613348
90.7074354397323
91.44967133798939
93.23129356856387
92.98195118853872
92.67997211451402
91.21482904383524
91.4464423273148
93.17250272941862
92.83215400434605
92.75738303512075
92.60004496970149
91.47020210728468
92.53392551816218
91.30558773912612
90.94949016262235
90.45782991902674
90.41360566843778
91.6813868603572
91.66617546262823
91.58056228200113
90.39377772987022
91.08417025489624
91.38788699020817
91.05512591487323
92.27436608043848
91.31814315056266
91.33459371846612
90.39320586613506
91.07346417182225
90.83526346030857
91.4076524910445
92.0734588759792
92.03533879645678
90.98764366489635
90.5057867804149
91.4734653499916
91.64632283862143
91.16795528760557
91.24587609849273
91.7827811721487
92.06648283550328
92.05785054029319
93.12920437929664
92.57525694579161
92.4527819342829
94.06518493509256
93.94721449658125
92.05486902102199
91.54004162194164
92.55489975945758
91.48512711746851
92.58203716335889
92.17408145648993
93.58135003014398
94.1955311340617
92.98331748120319
93.24053080852795
92.5645328513077
94.06064372821429
93.21362380578958
93.1967522789392
94.13919238102417
94.34127961256083
92.69965442577718
92.65469895297635
91.68407304617325
92.92700271916051
91.36951940174346
91.93733056686968
92.4101519768084
93.50326458206956
92.25177011307115
91.67416526690238
93.10110055399795
92.66866559794173
92.07463758473521
91.1885720457029
91.52656413543926
92.32593306891482
92.66401510241454
90.47383553963118
89.9778460811842
90.70220943951433
91.23149963037868
91.51573901099484
91.20390588854771
91.50487545280633
90.17227746670699
90.06139941859372
90.5091574263931
91.39693558414034
90.71622669691915
90.72015042042266
91.49847740809238
91.48300250854122
90.30970656197744
91.05424775023741
91.19889912732842
92.17313411329488
91.77964755327179
91.23965705647657
91.85109319140096
92.38749622402689
90.90820403115077
91.09972464992967
90.38050981902508
91.26379729528274
91.332358820688
91.51909502739771
91.08529673147547
90.93668109734946
91.35279337690689
90.04081811571443
91.38593411929482
90.57816817211933
90.92495708576035
90.63162740646864
90.68353678721247
90.34213216932032
90.2809961339881
91.1439539317209
90.77152249451757
91.32535973553964
91.42787522447031
90.6347541067258
91.54158633663228
92.1197226400213
90.59541535581371
90.79125236718991
90.91573825864575
91.11373170042701
91.54539932039512
91.00857284547979
91.52902622177447
91.13653165328066
92.00431920428447
91.32592693869343
91.5454221361602
90.33583621277842
90.86589482502892
90.84087499716213
90.89892875107392
91.59215321503468
90.97772122159763
91.45677571592597
90.91623373622151
91.26210973941295
91.0641232468521
91.28376128942284
92.1038175255245
91.53114499844747
90.73811490543726
92.10689380093065
92.06778429314664
91.49413953604073
90.98076619058567
93.03443303567616
92.03069096040237
91.03745123208434
91.49761002006781
92.40489313348779
93.57850757022875
92.0121925370046
93.1053356454774
93.11698657702306
93.93668550888455
92.05308426636162
93.22362579624823
94.09851386746233
93.22201241403462
93.5005056655816
92.11109528415676
92.79521113946124
92.77788377806999
92.15838835152363
90.8745238888047
91.85378458456269
93.24167223754783
93.27965078867027
93.7302718300254
91.6909723047154
91.84328835033764
91.479787409287
91.66990052735284
91.56191018684628
92.00679248172453
92.44183168715634
91.55453857776334
91.64292924774546
91.92287048959872
93.57937081870121
93.20699161090656
92.78647263162954
92.80671157866159
93.37668638588562
93.81066806019136
93.08764820632607
92.18314109339852
91.4892492278733
92.26642277573795
92.22349327473299
91.49625050962983
91.63724631768535
91.52424301742035
92.04202588402106
91.29598331405941
90.42771108418972
91.55407229092569
91.41328514446985
91.33880555359924
91.5039259792111
91.65790763492404
91.89255003150524
92.23202638589242
91.8823729289885
90.80329182232215
91.14453152307087
90.81987363639915
91.35621067904827
90.89403113832594
90.55481671823527
90.33491451320548
91.37453377888531
90.48536706219875
90.8916404266269
91.67684255389904
91.6081349733176
91.86387679858329
91.6883946032301
91.60991995603978
91.1706554161828
91.42682768963219
90.75391391014388
90.89557254525938
90.80759852380989
91.19792586157467
90.90270460068474
91.20579946093
90.87616165661802
92.7690101912885
91.82001057059546
91.96510215461352
92.49316933775408
91.64423913879385
91.20574803926465
90.3716728096571
90.5960555409683
90.5883307440343
90.78526149461614
90.81848587943547
89.82507545157017
91.61505666661391
90.34088163845924
89.99276527852746
90.69073707975696
91.1362382026912
90.37278694728688
90.20131393188677
90.82080618103952
90.8384008596368
91.97976724254121
91.4132052117682
91.76022677726185
91.42823910504903
91.33332171490378
91.48937760637281
90.55896318394706
90.64396501194861
91.92030761000717
90.27651151867289
90.50838546473828
90.7813141145271
91.46147264364207
90.61417954500769
90.22415711013731
90.530677025259
91.01788661227789
91.51303571858247
91.85153924718105
91.58329755992355
90.892143166382
91.41543052929207
91.15715507442725
89.90560614329698
90.4586057948014
91.70178011956004
89.95127476929976
91.5408155551702
93.09633809014325
90.71813940692937
90.30825328602008
91.5781050801792
92.01274785827226
90.38760210010746
91.27443919808758
92.7156049608692
92.88372877633167
93.44594757041443
93.3951915220371
92.36576956001441
90.39465408084793
99.28726710998185
101.7502309817454
95.26532879122024
97.16157847488525
99.95764230460976
97.9752352471837
96.82847570455024
97.81469033279159
96.92205875003512
95.79271228131321
95.34541325388858
94.10350500676083
94.18981459002545
94.0265311829896
93.43822161255933
94.12543047172657
95.37599019577014
95.36702831587205
94.51902361674118
96.41773778774731
94.52458925325412
93.81951296719872
94.5430917706072
94.54394457474213
94.81082488181815
94.54770463601294
95.45497906284113
93.57393205347783
94.82884864456561
93.82875936066523
92.804947575876
93.117833644758
92.48833974171285
93.29881018109117
94.21698291635981
93.3902784501913
93.34676134571393
92.52037608635652
94.05878595721522
94.39229730164449
93.32704883277815
93.24801306492179
94.11859561413621
91.81946947364682
93.85164330291148
91.39680442578506
92.07016620588874
91.20805978934266
91.88614379220935
91.70023039100262
91.33353646496649
91.67391584232656
91.21011723777461
92.53737528841306
92.36564163911531
92.58209866811488
91.14770092952217
92.85238611051801
92.84284825482818
92.59909306225804
94.01617872225518
94.34922665426647
93.76287567133465
92.05761454246658
91.23829825592254
91.46491523480549
91.06469507631515
92.75635042781913
92.6316666012779
92.26451587273928
92.94264786779786
93.11133443848216
92.36065458981786
92.87684599475944
92.72396699603735
92.01244311392891
91.87887216968846
94.1719982461023
92.62086346792934
92.39706763886912
92.11238048369933
92.8238354268313
91.92687932399426
92.15556085955956
92.65082085154647
92.13737252240067
93.19679189462286
91.70446303147558
92.37867864983419
94.52259702111854
97.15235087182685
100.6564999611849
100.87311057463212
99.41428904236706
99.46747245082334
97.48299471165448
95.74101047870114
96.35062566504895
96.87700267996246
95.33142469549064
95.22706896696218
95.48524433277929
98.64025954494933
100.60386534504461
99.05527035451611
96.9165912163382
98.35223950655342
100.72201211989068
99.33417422007909
95.36704508043833
97.37705801789988
96.79986219968232
95.68069274296711
96.61810372217322
96.57483587549373
95.62534863385092
95.62388458475229
97.14084738510356
96.63535563223446
95.84565999806658
97.36386143615681
96.02205880920111
95.0096130600254
94.86467869578071
95.14744775785476
94.3568062977896
96.43096523330112
95.94068199164559
94.0007075371555
93.14231558529853
93.9864177508611
94.48188674593148
93.23282448741541
93.84356515222497
93.99174571235413
94.1246956753038
94.06799548464802
93.50817176574317
93.91804339367329
93.23770496400783
93.49894684434686
91.97314702781382
94.04608068109225
92.53996519941349
92.73294865218311
91.82470666290972
92.95526751732042
91.94834410336887
91.80981243694434
92.7694439391543
92.12094742989173
91.03113859946676
90.9376148654655
91.51430731445078
90.4280818349559
91.23033518078378
90.93434214691017
92.35293618743181
92.5491920158093
91.84230428725455
91.1283746871314
91.91033057333483
90.91414257852647
91.68031205309582
90.97524787430558
91.47731932881209
92.85130917026228
92.4637116309283
93.2174917968722
93.14965861032684
92.98419323416529
92.52093868332469
92.33953928888282
91.28207980097261
91.69147575758255
91.11834770985519
92.31317650270802
91.6148435394767
92.18604392284941
92.40890245606681
91.44410805267306
91.40644616393364
92.46888052098438
92.56590940106831
93.13649385403582
93.17318762028273
90.49127890640528
90.28210246721639
90.38447717677846
90.00134103108303
90.47067015824946
91.54771114096114
91.66303662503218
91.24025693736199
91.52184378839938
91.41999558657155
90.08549541247923
90.88371682295994
90.61110152160767
92.20192663537357
92.15826575913665
92.00635213300673
91.86354138215458
92.43322399191443
90.10719422769151
90.40312352288682
90.7733776026639
90.75340362170314
90.44950514662749
91.8442030698348
92.17827093357928
91.7413558095529
91.4919682099689
91.79822003481799
91.9183595738524
91.7968181167992
91.83210860831522
90.94304974426012
90.98372872243276
90.71320231273091
90.79395044065937
92.2578713780531
91.36118975210618
91.34012742619407
90.51026662725364
91.43666765733938
92.10984564887679
90.68726294840157
90.68441132839195
91.87822421527467
90.77652820162847
90.48607780353599
90.94010359913683
91.80430711608162
91.04313909527264
91.7054832844483
90.60179444242374
91.09746641944854
91.51942047452077
92.01175234568207
91.45857860560346
91.37653604336887
91.81085752297618
90.41880438221433
91.90793455413036
90.47893694884925
91.03278762751987
91.25254280200379
90.76621619199426
91.81237906606843
90.72026797851002
91.02376062897106
89.58397864704493
90.61222846681513
89.92151692007661
90.27642449952621
90.38802938063684
90.30944416711085
91.59886619183601
90.33589141905564
89.90623520963891
91.43124824597955
90.33128017767973
91.29143919842625
90.85024300629212
90.87346466621922
90.6694086605432
90.6029402210246
90.87071606157158
90.42286695203207
90.61327717376578
90.74363922371268
91.43241057763414
92.28703739635466
91.0479580832133
91.64929780196748
91.31982128293976
91.03683769571364
91.03555225238318
91.1136129488627
90.52008962414615
89.4322297187447
89.55809304400381
92.20036316218837
92.38838625218004
91.73705812804648
90.51456141931601
90.7383021613174
89.37995002458048
90.2044551396015
92.02651065735382
91.9173277910308
92.01919491025178
92.17019031011378
92.19719704550972
92.04828416486087
92.20773469399457
90.48371660695724
90.7712762343955
91.3574316234569
90.98513326899567
90.96917303833871
91.05463513591589
91.08466996969037
91.28582811894537
92.16000929226595
91.02747854189965
90.90086044002956
90.20389728807328
90.13276906949235
90.81120071531183
91.02206828747185
90.14121541844926
90.4417065773388
91.12376775029595
91.57893546483534
91.27464284296697
91.46561319919805
91.07678950387024
90.72862620147411
91.86510919296626
91.25896998009821
91.53810398634842
90.64047685838555
91.36297094435045
90.98921645360814
90.43284545727289
89.43628122401493
90.84519295401172
90.84849507006089
90.98881280550117
90.4586873921924
90.4844882650877
91.62284254049928
90.36817679217762
90.71364210826107
90.60825878298837
90.59786331812943
90.1522511371037
89.7506560877099
89.92746263765464
90.78376106294772
90.89180316895344
90.64295961073145
91.15853168022403
91.47999851529522
91.1058769702287
91.21350906951113
90.43861945413457
90.76638295870067
90.62498981047206
90.93366339013807
91.0408459805878
90.39270860839524
90.99816678789419
91.01956635727655
90.17953695544115
90.46814059312433
90.619052950892
90.42053593398654
90.10732224066767
90.85244835062196
90.6477584348438
90.07007849169825
90.23544445371896
90.38415749804133
89.98936508374071
89.46285025323996
90.28173026533382
90.14383528804697
89.91947525817783
90.52009583484401
91.28730204517218
91.31633898531469
91.29427105438889
90.93020008508411
90.70159205059721
91.01016897513176
90.31601024958294
90.35437627747065
90.93937949054701
90.15533360279649
90.16117091586491
90.69601617957579
90.63362876598136
90.9371133201899
90.88274293882543
90.37572597965807
91.64164576486475
90.28858347391797
91.00098585117803
90.39449956422555
91.18499658093158
90.64410967724788
90.99150816044695
90.50950654741813
90.34266917397694
91.07012994799868
91.06504127405974
90.09640258589413
90.3105483806416
90.52671919083697
90.65584505456977
90.37387071919126
90.32510210455843
91.17468415822582
90.70576483826524
90.97501654261715
90.76928593646664
90.12463673126571
89.82950680259611
90.51900105505625
90.01313112420783
90.30230666015478
90.28142908833321
90.68581032598767
91.12763611114222
90.99744869096153
90.12385212528508
90.4958631600848
90.04363040934753
92.07632101654565
91.98912014470682
90.53242180441234
90.62524316185441
90.30920011726505
90.67002044270214
90.2137644440196
90.10013852297405
89.70192994766987
90.17800843741135
91.20353290031028
90.40224449994945
90.27268204396651
90.66948641598435
90.44055406717384
89.73970689992473
89.71390891125982
90.75915092734964
91.04717159173488
91.01814422999294
90.8542421708426
89.62971430676042
90.33584662677305
90.8391457439575
90.96768437214712
90.99499355493255
90.11075123985088
90.72198533991224
90.95702897960291
91.0118176422332
90.74995226917723
89.85170189546098
90.36183234677999
90.13392900795873
89.98228566415537
90.2388822941934
91.04606918141586
91.08619941790522
91.21903700912644
90.71286477800662
91.32894093725032
90.79660541947644
90.21113697188247
90.52126266023463
90.25569298461116
89.93905558967828
89.48188591245707
89.69271640146424
90.27187441006105
89.83855408303192
90.63805023466477
89.79012179022688
89.48647913901127
89.62210460172712
89.90453740045751
91.56272587771275
91.54241409665241
91.71850604689392
91.13447540018882
91.49133576667191
91.95019051587683
91.24195383453018
89.7766969441531
91.27122084075783
90.40007851750558
89.35987076247788
90.61482227035687
91.21953707491498
90.53889872590862
89.82555696496092
90.20843669456161
89.69550779681144
89.14693588732605
89.75537427317624
90.49526751930087
89.63549267781413
90.03810266596703
90.98246097521674
91.1838943233847
90.63306646649609
90.05899391106372
90.26943752278864
90.8856565190904
90.93575457465386
90.71785013236004
90.56204650284734
89.85287250519472
89.76727359186259
90.62616412146897
90.51391023737887
90.100090933056
89.95003504904707
89.78659607783726
90.44090018974435
90.452933666472
90.47603175602666
89.77731829576656
91.37879354897755
91.08452816163305
90.85740642783371
90.60869564615984
90.01315365841918
89.84622503179266
90.19838640285447
90.87442902442841
89.80216864038987
90.10859335830773
90.58327497322047
91.11367353888227
90.8240088693437
90.36542859609905
91.56428194134551
91.48402778540108
90.42819942552796
89.8939728823848
90.4399918806598
90.61734070623966
90.32826769772754
89.96600399975954
91.10118983262923
91.22355098682772
91.57638805528968
89.5139489471772
90.64905816834595
90.35882786416641
91.7840514989676
89.82016885772063
90.12069983119241
90.4886165116818
89.5487278155053
89.05208029261699
90.17299003731127
89.89987840899884
89.8947037596381
90.58053038714316
89.51554638680508
90.5339838755803
90.11017253800406
90.20444372960856
89.73315944986334
89.35118047142619
90.58589349072972
90.66079252854044
90.77621827881438
89.9502833376668
90.20188659919835
90.57178040220344
89.46707259473473
89.51922938653234
89.25694419146186
90.08104309874852
89.75007526693105
90.02571873648739
89.75856869137873
89.36410604858102
89.37338319973831
89.58187944005644
89.23092640326112
89.98701368921263
89.8722617631518
89.70540360227271
91.12339257988405
91.19520031226213
89.6579557334294
89.7207876575908
89.84290460076063
90.58629185994943
90.89335643057017
90.05485861799589
90.35129053097673
89.58162576185046
90.40785097147219
90.67187090020819
89.37414161788884
90.16273063927758
89.26315965634885
91.30251409670473
91.63751872740102
90.60795843466691
91.36645532275288
91.46761021653589
90.72321260317072
90.83946651366946
90.64628163507955
90.58470939047307
90.36094588024352
90.20080029619818
90.7569675881205
91.14727898678265
91.55890589647373
91.73228541801338
91.74749582497128
92.1929337996214
92.88818400139145
91.26580750013487
90.62270749113824
89.96488007672632
90.09886167243064
90.4520159020435
90.99559330138378
91.52139190284481
91.7563656313542
91.18507501395186
90.69186452443388
90.09790290392435
89.74666468992622
89.94326857426945
88.8551435586534
89.69217992138474
90.66739103656214
91.48701848365103
90.76882315451458
91.51829638324313
90.81825558232805
90.9645277010265
90.12875082524565
89.40344771566211
90.38662630018955
91.56419376213327
90.705681131328
91.18424622182097
91.00272871108126
90.16069664131581
90.00680914506846
88.83478186674124
90.67986685023352
90.82294372312123
89.54849308465771
89.6188525565941
89.35950151701374
89.5566448278284
89.65712149355375
90.21367418985112
89.39368567611784
90.80968933591724
90.95763051790645
91.60819610483144
91.1796087959373
90.640464854972
90.84991608335244
90.71199492278636
91.00793262715355
90.31702555267425
90.22174115083966
90.01190079182679
89.82709142963152
90.52247103588817
90.76787739571807
90.27631820298191
90.12760992918506
90.24980782548688
89.5725607750821
89.53243374896418
89.55467855523962
90.00956594499621
89.34114664307255
89.35663464582905
90.78988043634757
90.94491212033749
91.07346778269059
89.40321393126433
89.50462774208276
88.91029537495764
89.75336296541755
89.73025337884303
89.6321697852729
90.11150668865959
90.08918073534493
89.89763222030255
92.13628641912311
91.7655496195622
91.95400950511554
91.76533726103408
90.83355730126226
89.1594979306633
90.22174242580758
89.58551666858624
90.33517303189285
89.87591955452964
90.1711832383834
90.50494343715681
89.62702253404532
89.75634190841494
90.57877116233664
90.14630910068574
90.11676389972098
89.85302491147414
90.7743011238204
90.14115833314578
90.1414190920285
90.99021386883676
89.52170261876856
89.47412776726047
89.97000790852267
89.53347247181064
89.73163473308641
88.95220820416918
90.44667490719723
90.40920986746201
89.99729019780244
89.26751787346406
89.69738046024271
89.3845471528235
89.01882208853769
89.42399962250873
90.00586130813922
90.1319933412062
90.02723050871418
89.15449468702707
89.38645040259425
90.07437032824544
89.93644764039156
89.25982455656197
89.63843746350379
90.03186013775692
89.55764952572801
89.68577037032965
90.71066093968551
89.490218864253
90.76266176237219
89.4930200523253
91.04100891859075
89.72784973589816
90.12870925357939
90.18214000500392
90.38051802150584
90.71761028884285
90.47416067822127
89.54093668578857
91.6098459519312
91.54747666733914
90.20149994349562
90.56141740108538
89.44193793117724
90.43504595930749
90.21882685613603
89.58499326016322
89.91619207120638
90.48519483367926
90.1649242031143
89.87343422924012
95.24987703598534
99.06312598074132
97.8697627592569
97.825775562088
96.14789827202229
98.72205247904527
99.86044941551661
98.33401383180008
96.59986894139158
97.376236766687
97.24970930117539
99.21007699923415
98.86877719855882
97.66639499653948
94.67984653738033
94.88370495101091
94.67912520350494
95.89429262890052
95.2775169825301
93.97366959221887
94.0119723833388
94.96120562603355
94.39605889266254
97.78143573900024
99.65772689981364
100.71364566919664
97.59790283715085
97.06160052011994
95.91828804246147
95.57766597539513
95.74353936285173
95.77195356028962
92.34545366265773
95.14215892109485
93.89749024690495
92.88834624264032
94.04006691496565
94.10036928000903
92.61088009918393
92.24799580498562
93.88376271907761
94.16191365674935
92.04332675644768
93.59768354021071
92.64332940230948
92.28404364687997
90.8403102627836
91.27922439591464
90.98863220541902
90.48268915512243
90.69387054690205
90.60465975283863
90.60342840948547
90.43469656247531
90.4116147583329
90.7765541609247
90.41507869136069
91.34843374366065
91.54326201431111
90.88227728117516
90.7470286028678
92.81535603631582
91.07992066988638
90.63504321682247
89.8462502574468
90.24851857323014
90.63952359843537
89.81095764601163
90.56871553686416
90.3417325908667
89.81486904956301
89.35533099967559
90.11377945536175
89.68307887294878
89.4388249734424
90.23386633884988
90.19070171705202
90.17168399930866
89.87819064855636
89.33366797514918
90.32183111844937
89.71034269197956
89.57182798987623
90.50548466832436
90.16180497219585
90.00219329510972
90.57839677326116
89.72300559295414
90.28601060186742
89.69794291981088
90.94584710638686
89.65178071199747
89.70668237650123
90.83140333728166
89.98917043087906
89.8604069161217
90.56254179455249
89.85457800110444
89.77367817455993
89.82475299458218
89.69963805762674
89.80989262760858
91.14999183471538
90.23599461835707
88.89919270628117
90.10169169072026
90.03453641223095
90.13858008659864
89.78003051962233
89.86562081801075
89.5714620426782
89.97110371321207
89.45595970638051
89.33992819049796
90.44094495235885
89.45251718096115
90.00413750883608
89.97559069111112
89.54419981592764
89.75435571326616
89.48034483530806
89.8835723437208
89.46191979466545
89.48151383690383
89.92244319996877
90.67131768367275
90.14038150939517
89.97048865721445
90.40439854397528
90.68552549052646
90.30076233971366
89.55151589383415
90.36567561488681
89.88283509158687
90.22613444689362
89.99192005713539
89.72555378527476
90.41821450942938
89.81919458101409
89.32853524111786
89.5865451709446
89.63155196549386
89.62099958400216
90.605673327133
90.39721344761297
90.6982950620716
90.36518436893894
90.38985106743193
90.54775406737883
90.46751481377792
89.98287515375365
89.95975615172715
90.77532242816322
89.7529046343732
89.49632338333062
89.70561408203196
90.38257259638777
90.20918164693131
89.71071955736905
89.88707728444192
90.23935432985375
90.33580533988994
90.39813139120771
90.13911246268721
90.22782073193176
90.12781455042023
90.14284567005187
90.07328507022456
90.580362405461
90.25313554655322
90.20230380516449
89.6840377031603
90.47978019002058
89.96135538269337
90.14744349657465
89.86984824735151
89.80986790908453
90.05517401822607
89.64124776268598
89.63187252115733
90.00057752417928
90.29035603521478
90.29293260818416
89.68205989713215
90.0112246919119
90.16394046602203
89.72361936899817
90.4050845092782
90.66428768846339
89.47365002341415
89.24815124159504
90.77331753857983
90.56908367960082
89.87161865715375
89.512496221736
90.33986614666065
90.09854084494204
89.68152567522607
89.66283881507485
89.37988242110703
90.53865507000201
90.39563798502597
89.54290115025309
89.49843462874682
88.91032409880185
89.79741731211841
89.72722846333586
89.47300163525237
90.0633651950692
90.22519498626774
89.42977657830197
89.67834264265777
90.26634910758108
89.82198401419068
90.50993500889093
90.21455888769238
90.11216497010096
89.9945522319213
89.45650219747324
89.47594759722244
89.96311148919129
90.16817927532198
90.07376054531633
89.60977125538162
90.45582700899078
89.67877455533406
89.46233593313076
90.26315687499839
89.96647043096891
90.14451714534124
89.5837770941544
90.12109140972989
90.10048521401637
89.36247247937736
89.50831092083713
89.5441423002429
89.80448637057648
89.45313650565589
90.05149738786902
89.99771388038381
90.26003518304601
90.01015070803045
89.52645736259085
89.9859374111324
89.31494088440357
90.07152145010487
89.75112059617207
89.63005859406775
90.45737999322657
90.37719488611458
90.41240422097388
89.80705811598519
90.28246519498698
89.59918838896901
89.30163543675312
89.56805841747384
90.16467755225763
89.5523351616238
90.10101811551301
89.74505692609515
90.22706499397215
89.64570857577435
89.93601151520765
90.11199233558142
90.23910652290981
89.63972960597816
89.79421791018943
90.8055192499848
90.80109835265893
89.38755648237105
89.54345660068331
89.47667773688265
90.58072915859739
90.21456283634225
89.99508101617118
89.53988482010328
89.51504313127454
89.06283787517383
90.27115841535145
90.32994223151934
89.22145054647791
90.49893723370202
89.73143163560333
90.80575990605594
90.0712987202333
90.24490043623439
89.60236543026792
90.0341854015279
90.23022309344398
90.59422431663056
90.21051225454927
90.18736930710624
90.21264958962455
90.42738794781253
89.79923053226926
89.61149376674635
90.14421427300493
90.28001621676447
89.7432828411537
90.23860894325807
89.98614819169518
90.00178484959764
90.26036841411938
90.76383783574298
89.56482311375805
89.50168823209945
90.1136188472924
89.9134267885521
90.35682406177759
90.14184369315895
89.19513003817487
89.55382093268294
90.29618310145752
90.2766892186298
89.62470212100553
89.87727098333738
89.3236047116371
90.14817910716125
89.43366454942279
90.35338883032422
90.44425354427837
90.03092027886991
90.26037396344411
90.00987190413221
90.07259292886016
90.74217982099486
90.4273312765376
89.9364247792471
90.17615911522981
90.31847280058511
89.56843551368195
89.74786181781091
89.73454085781378
90.08279302627894
89.48728732927593
90.34375711157386
89.70393873653762
90.03981777962242
90.08356377760097
90.26650868399996
90.39020342906629
90.12063539282806
90.04478085246247
89.73210935798707
90.56939938517077
89.71202445885125
90.21344946691578
90.28349427221059
90.36259796668213
90.42243302872214
90.85568520111222
89.88317401167838
89.97632879488276
91.09206188818759
91.29583700241906
90.55450649736486
91.3639573868216
91.44975210736504
89.84880552815804
90.59096988448015
90.86355910677219
90.1361153303808
89.6728721338676
89.41350851740033
90.7044604792415
90.9252595021479
91.76985222830172
91.64611292488817
92.05879908022564
91.3481899151907
91.46935169862692
90.30724051504629
92.06928121455398
89.87403301177906
90.55506443823826
90.59077305628261
90.33962414079053
90.31808076378776
90.54870355506087
90.88083082859848
90.12452943822831
90.72479474620661
90.1879846506536
90.50768329188755
90.1147843525931
90.5974493916754
90.32886537806782
90.69618672042496
91.0305053328236
90.25794231387538
89.6601221412095
90.27981506292923
89.89945885383773
90.30200678237867
90.47025237996006
89.92829842246796
89.92892728791946
90.2749513915413
89.99647736229618
89.42687437616735
89.53114529579585
89.2711032155604
90.30589823126618
89.99575785734031
90.1790214643065
90.2741540581816
90.05057737265408
90.33727058428413
89.65493892801376
89.41185278886749
89.37174275334492
89.5570339709189
90.68591013116077
90.5701625478518
89.62242132459436
89.54492120943432
90.5565868039745
90.19523711872633
89.54643182592855
90.1203377719972
89.2435612024005
90.20666795834632
89.66341063016365
90.25574004164844
89.06397345842284
90.39069381389241
89.83862674969305
89.48969183382297
89.49017721914208
89.78847866285125
89.64325047486554
89.25681781721856
89.92503412777718
89.42420290949408
89.88432819378677
90.3435484042234
90.80682075390195
90.66257701466817
90.68358788283103
91.02878190480034
90.39620330735376
90.3445433540369
90.25515153469121
90.55193431728979
90.50867219461239
89.98971453765814
89.9213436956631
89.84275933889758
90.86519104107876
89.583866409541
89.41526961215149
90.48850397239188
89.9284397975748
89.94244521684622
90.59053058505229
90.51492702490299
89.08717458220355
90.17180812817013
91.1001948421638
89.45806317267815
90.01031356849175
89.84440437004527
90.10886785613977
90.47060534478435
90.06950828704397
90.59077290683403
91.19127459651732
90.44504806178107
90.15809641112985
90.33291227284708
90.51196390552282
89.37187490628202
89.7139318866802
90.63678182563696
90.52081686968688
90.63110612005353
90.56442420961865
90.52565086583867
90.34962789723475
90.63856562398229
90.52194152347576
89.86745854300119
90.02411790231898
90.03201839164836
89.89593691045393
89.39714156383256
89.96029992567578
89.24421825254576
89.7942638316178
89.80264474084845
89.81882699964801
90.81346419463716
89.83735285565828
90.24176433153156
89.77101914134138
90.18609941681862
89.61815438568698
89.66266014389595
90.29222334840452
89.39723927053285
89.38411778644635
90.09579882698776
89.84559919321237
89.62941791296366
90.04737450223617
89.93173729817245
89.1482310455974
89.83542273657687
89.56249331865696
89.86384694023909
90.43354248130613
90.51536766238479
89.30840003330475
89.3381517444784
88.81566302113087
90.64676277686137
90.85431011566394
90.22072103739474
89.70307337316432
89.7388558981894
89.84831459308674
90.03995149049392
89.18391991707065
90.32165867461046
89.96091344187124
89.56481256145749
89.5332809367766
90.25628441130586
89.95680217455865
90.41413340212712
89.93537468105043
89.58610767153604
89.87824157701314
89.49271842048209
90.68986240653248
90.8495985786416
90.56361882146089
90.76938551030318
90.49493454390526
90.19239308365631
90.7010357321611
90.73360500731516
90.45422908798854
90.37923880740456
90.39204406395667
90.59503536091103
90.60599714182148
90.37689491649708
90.48367731231227
90.71674174663244
90.69684016400396
90.63789187153834
89.66901775806629
89.69386297208933
90.71587098814234
90.63843764493187
89.89461276054253
89.88139748471416
90.20098993124287
90.03395618013805
89.849966666521
89.63933361777437
90.83573343627398
90.73637462142939
90.6990450073501
90.88485615476279
90.82890832478186
90.67584992832832
90.4444152524682
90.77803150727082
90.93923705156864
96.37134914724129
97.24257796302061
96.52323590335476
98.14839140457185
97.64143056021341
96.39126245879697
95.20367899838712
95.96438268024745
95.59968265283118
94.3888542376641
94.96557765593563
99.27920945323963
99.61947738290884
99.20847079723002
97.13492788773212
99.14241460967813
95.2160917486794
94.72941635317633
94.76036673939758
94.81142839048069
94.21572767111581
95.14615741057925
94.34843442952238
97.28684278848135
96.61089026271995
93.99907960488196
93.55011236427308
97.74658253154485
97.06359693021648
94.62568146360049
95.25444592774039
91.07112834565648
94.42948993220978
97.6343434383123
95.9030307579918
94.42517354027164
96.29804860995661
93.89579807678187
94.29995101465356
95.32583090549956
94.36195976035309
91.42012367541388
92.9536210126067
93.16591391831095
94.42233647049852
96.2882732079849
101.25376187765292
97.18930695971659
95.50777275194399
96.19503017396615
95.54570268845431
94.28729474187865
94.98398092023612
94.94555727819534
94.36106162383898
93.48812890226286
94.71161234163746
92.39485921453871
92.35789156778715
92.74132879048595
93.07075217847665
93.7390981290551
93.13575980514622
91.64863587238341
91.1423510823334
93.0217693212826
91.86835675036731
90.51624946950609
91.64002465062636
92.50655017694329
92.10546449067097
91.4089912130851
91.27904847792007
92.08169753150138
90.89039129919948
93.72461570891133
94.65404128374095
93.86613733963829
92.84288265654581
92.80345784576842
92.69490314015852
93.58065255267114
92.19398807158281
91.60653774747095
91.58142309437861
91.2549466570616
91.62256213714822
90.50602268363
90.96739650987071
90.48458306821854
90.68420254088778
90.01866690947679
92.16447540895271
91.38723462901639
90.76068258678923
90.86004680445541
90.71935577963639
90.41418674175428
89.99550034720714
90.66050615291375
90.00137214345729
89.35249017675127
89.38945918455198
89.12767605195266
90.53781654496957
90.61448820346564
90.19068582936872
89.81075319492436
87.27198603950072
93.13851787045893
95.97100459797468
94.06445191588595
91.89993121537238
93.19163448612943
94.35269986296693
93.94175548605523
93.98765515366519
91.97115643139492
92.7293681369582
92.46113445249165
92.58340106718268
93.2252565809036
92.30586088369662
92.35159420152586
93.16185646258425
91.90135169034451
92.00733894403017
91.90142614761648
91.60518240695662
90.62832304701041
92.30384243300509
92.33697120283979
91.91863276552394
92.02176192949331
92.53987676956174
90.79332586603627
90.87028193692736
90.48725923000697
90.77791688404352
90.75144438081878
90.19801999418561
91.20704717857308
91.0161350370126
89.67470970323899
90.61269258285854
90.41256933718745
89.99389045723649
90.3546877997734
91.36164296913624
91.29127819759377
91.65473929416844
91.98372974832883
91.6089802712182
91.00714827658379
91.83827907605082
91.78685393166305
91.27096700959639
91.20316253163496
91.17033932368429
91.41755315982549
91.19320178238004
91.42437080082124
91.22463807462819
91.04583663187437
91.0266978906597
91.34112162848527
91.11918932377947
91.1877983022488
91.39321266687551
91.36047845032732
91.7482971870903
91.65989099876364
90.46364799406707
90.1211487513704
89.89122063393167
89.9381793205665
89.16994335643552
89.38802000302691
90.09924726939404
89.98284411380702
90.02763170138185
89.28646639172379
90.32466882238481
90.09535503649491
89.79997459384762
90.63746301762257
90.53511720108553
90.78217931012718
90.36304803262945
90.51894634513879
90.51962089422953
89.8685707076142
89.94610688632392
90.38580955133064
89.97942454227392
90.2316338094065
89.51150369490935
90.00558551288017
90.0656503511303
89.45748217506514
89.87173991579888
90.37637693560765
90.09289360389943
89.8809623410214
90.11678466158733
90.01426354728119
90.16493858691837
90.11326235133807
89.05563214017101
89.51612812422691
89.43825010198186
89.50084009253405
90.14833837069426
89.65704721095648
88.91403976446017
89.11708510266604
89.13598802271689
89.60202370751371
90.13995594536165
89.79265128841698
89.4879971223916
90.15624697404427
89.54672999624323
90.19670490819358
89.75173272150434
89.46202530772844
89.331960354998
89.73404661479785
89.21999752711217
89.41674457359196
89.6678804066172
89.55743471653997
89.85638258480374
89.77242469985075
89.66822505195395
89.85398693231336
89.04318156320542
89.50732740514955
89.69354729540265
90.10156990718548
90.59423885163426
89.25764107136773
89.17181542041617
89.88356417189105
89.60882058695417
89.08762946423984
90.31500716289145
90.59018726289541
90.48543177577862
89.89570218309245
90.0169872511342
89.30599401029784
90.3590771960449
90.44144703285897
90.07552672329413
90.58888750686529
89.9767414215738
89.19007515723735
89.06177451070702
90.22332889279166
90.65898271123928
90.36462062333091
90.2292201733766
90.24179679058079
89.80719320004157
89.345760219347
89.38759432643411
90.0000382750631
89.63447535947559
89.19280623799834
89.6660771150462
89.94489601091016
89.43602654000073
88.87282735411969
89.90161987155989
90.09503900286211
88.83617395297348
90.43297266671533
89.42626663819821
89.42490061308945
89.00855042246484
89.37210299423137
89.41590491109095
90.41233897377158
89.75840804985145
89.21258018541889
89.39863208435179
89.93015458313879
89.59169622988463
90.31166525934285
90.12429726562992
89.51646461946218
90.68135641640978
89.51996899698291
90.4575821854374
90.19829442548551
90.1492110286014
89.93504786054754
90.1192861353546
90.19795373796686
90.68576154232741
90.58610836002492
90.327467288868
90.24760398184193
90.20589777746271
90.00599374215959
90.1046430424867
90.22551956386458
90.36413050935727
90.03162753901444
90.63964800855942
89.96164502451371
89.52780074938164
90.14104966432367
90.00783889237658
89.96168395076704
89.80744570979685
89.56127597422905
90.29830905471471
91.05412684858493
90.71445973432401
89.7440894316039
90.11061135067888
90.35392945032152
90.62086527166059
90.82796540495528
90.46277501003051
90.38730198033291
89.43242797285644
90.10519638377347
90.40732553186542
90.42084944831116
90.72127028957364
90.45225058027744
89.84199150154068
89.97389697308097
89.14781038098215
89.733758189615
90.0686902882325
89.37790489431615
89.65527413621169
89.75235029180685
89.47959758966255
90.02403528444138
89.2933759942006
89.751053023349
89.73582097584074
90.3406317503794
89.52596135106918
89.48588335824003
89.99866864498406
90.03473746829017
89.71707601547809
90.15216045752803
89.24750379317518
89.71090520142968
89.8238760142004
90.75527262240223
90.64678506718475
90.17519147997584
90.43024494298355
90.1035385227619
90.39721537907593
90.40056328303315
88.89437927728943
90.2534742893533
89.98357424919777
88.95508058898383
89.96662528973852
89.34159269054375
89.53944240415024
90.28172446600885
90.080944368672
89.3139356260097
89.40014672757056
89.5717647465758
89.38516190896276
90.14335007982518
90.07916865878106
88.879799272153
89.75597708762177
89.8401532754021
89.61001796241817
89.64478744847189
89.81674395131125
89.6411079361636
89.55954420878544
88.87658332689166
89.51451793363282
90.21185893478001
90.40875557827185
90.60656213845478
90.37690526595516
90.09547813881355
90.6562876700191
90.18577288761564
88.90734071357612
89.49884693069913
90.76541847069898
90.61779564473937
90.18016292676351
90.05545799814739
90.1774677437598
89.44439613217284
90.12707185456752
89.45965743512687
89.09485412408782
89.5148917781813
89.16540062440694
89.67155980819625
89.29733259395664
89.15078176811168
90.17111339576034
89.2722492908877
89.77632410274622
89.92045968235806
89.08915675828595
89.19729994996823
89.16714858572672
89.53760110111563
89.121624613919
89.75283931935624
89.33027453365673
89.57931984148664
90.03081247874572
89.53185221652683
89.26516882111409
89.08568116304662
89.86758108007702
89.64435081289633
89.66892546332369
89.57099367472794
89.6241021719683
89.77544536381909
89.22952319964621
89.68697784821845
89.41893178713853
90.00443647381526
89.66074466792048
88.86548315937344
89.86330309553064
89.38739827067526
88.82340323424486
90.27611022839501
90.41476894435807
90.21834315900416
89.92975959872464
89.85090571655455
90.13311882705791
90.03159211459202
90.35694063478441
90.07475193921702
89.95485492901133
90.03754178123341
89.87248656317257
90.24094550493646
90.08627503613384
89.67807745365975
89.44811768584303
89.69287264204617
89.04450375786854
90.08219674160642
90.04978435372102
90.19250641265172
89.93668976459263
89.08785357223319
88.86371901106246
89.37319531478711
89.56499041317532
89.57284691764758
89.57910416763382
89.44651758156684
89.4199578979851
89.22271751013055
89.48959519168325
90.00252309992624
89.46676225688785
90.14522885808474
90.13127063608259
89.84942478811827
89.46162056887457
89.99639102674143
89.15337806419718
89.48839419449982
89.21987829609108
90.16846331418309
90.75713209136543
89.54176435984326
89.99440958469143
89.40797699442115
89.14250026717171
89.9112797539974
89.74023643452566
89.96633586221402
89.86339008464907
89.96306328084945
89.98859931181643
90.09583014769174
90.59276854348113
90.47658515190058
89.43731879251145
89.04020786901748
89.65026825251347
90.00890523119415
89.82159563387867
89.91704787354085
89.89400776562655
90.42774213046607
89.56014627624438
88.79472568484296
90.00060764966946
89.66197394659127
89.43017242922382
89.57314453048036
89.47867374053935
89.94821040808202
90.21179332830133
89.78250042946647
89.93834307797376
89.93255288976758
89.89598062079534
89.51260295362968
91.13305557036875
90.26148886297577
90.51511315955122
89.6972154988911
89.52562219659428
90.00510408426746
90.1731900494764
89.71564051320469
89.78137246487172
89.7819324267023
88.9820375555811
89.40667660893756
89.20721840371516
90.17377735040579
90.38569889512254
90.09380969957223
90.20870593963075
89.56024935208713
89.63474307997927
89.57040958975143
89.89892864752068
89.28342613731985
89.78930363322193
89.60688756463033
89.37844552643872
90.19704149786534
89.84640932884206
89.45064430338209
90.01747986415816
89.8500876365892
90.27515876078574
90.17053658636553
89.66537833751296
89.82901561680852
90.1057567010169
89.44597463475989
89.87462982769634
89.93076460019405
90.24676330823353
90.65449620971135
89.77783712508852
90.39025958220705
89.44437495270658
89.85131596233309
89.66777786070188
89.0983935817743
89.14073408300064
89.3152694535612
89.2058403426929
89.87492243931138
90.26062245196235
89.81746434429067
89.42051392570673
89.40833391723729
89.69564616592267
89.39710429873085
89.41597741654428
90.07499657863619
89.74602477422785
89.73091224815579
90.57208945374329
90.52571538093602
89.78347713996833
89.581336166654
89.74588704219197
89.93800835170686
90.02430701332847
89.6669751760995
90.11229481429324
90.49727519089873
90.59793918460353
90.04357818178228
89.31078907830222
90.18709359620543
90.2129243299275
89.6256709272911
89.45366225263315
90.02315527610864
89.84904351846966
89.65617059920838
90.24479363578678
89.88136777540215
89.39617001563947
89.92150593821411
89.27313020526677
89.6813191752819
89.7222454613113
89.7397510117035
89.38784909057652
89.40844562984005
89.75968251084247
89.67075282956768
89.91709514443431
90.38207034384357
90.80309432289825
90.11612177308896
90.32111163620863
90.5055438231825
90.48321584704087
90.66374571697601
90.35212250113753
90.3253033870563
91.39467181423271
90.79094323248034
90.76625189489863
90.57677842937028
90.00394431538378
90.29735558074998
90.43565135986326
90.24281029762436
90.83368961615498
90.32909000807629
90.20110446803399
90.86895215054145
90.12466596812934
90.23736680150668
89.74157309367766
91.53575037657018
91.76722803238044
91.29349310710347
91.42344892965808
90.23195857620708
90.10861207789367
91.14101436902055
90.42444707081387
90.28945829071225
89.5972614219946
89.90941692559926
90.31792745238504
90.4810912883504
89.71974201772666
89.968166709257
90.56135500038664
90.19859350588231
90.278112957716
89.91477807987863
90.31157313036296
90.2779635944144
90.11429218324918
89.71133484436469
90.42348591526861
90.23764448975804
89.83959730285163
90.10341282729745
90.20520444128093
90.05457339160095
90.53620089002679
90.43246533143498
90.47189866589159
90.25057104136431
89.83073544800014
89.63243780754452
90.93953625694965
90.54407564085602
90.16753612524658
89.88520055107318
90.18498491286769
90.79459810638127
90.44178234437578
90.82308522692944
91.2622180809143
91.22724804190999
90.73044311486815
90.59719673068048
90.2493695004753
90.95173501532128
89.73957794148464
89.31446448948972
89.53714590987913
91.39049202605514
91.35072534760937
91.0943943422301
91.45775356409018
91.34638097782867
89.54380727894157
90.15811069314375
90.27233434144244
90.32064621672275
89.94648119834231
91.27881873639446
90.83666579282946
91.11152656295977
91.25315079920944
91.22541911621771
91.11683416548092
90.25293301040037
90.54689901999193
90.09925480215426
90.64792414717144
90.82864693328102
90.56694848379402
91.25406002771868
90.5976452741499
89.9482330422887
91.00721274296062
91.29130477673004
89.75642994063193
90.66343117619822
89.70413141162877
89.89243157900671
90.14013963001415
89.54730976150574
90.33428078248063
89.67080448976722
90.36835384003489
90.77091141876464
90.46942085287506
90.47260337753679
91.002381838199
90.4065649355036
89.55561690451253
89.73644861347928
90.7068907475589
90.98090730310146
91.04614827674868
91.07500474125791
91.14141019119725
90.0155260001533
90.6951201234476
90.07129956151695
90.13423653277543
89.9612247067422
90.03052492163046
90.52822393656676
90.46130422352185
89.83689968078545
89.9593194194874
89.66890613368945
89.73237259563899
90.34264259588781
90.23144488000345
89.78639169954917
90.45324802667619
89.77541676933404
89.12029341747541
90.83929520879255
90.49537760515196
90.72743186824873
90.38497117334633
90.42509677313461
90.22560059558484
90.50793275032221
90.23510704482516
90.16412560707776
89.76139420618358
90.12974633170273
89.55491259238042
89.27340090673643
90.46925860563584
89.30456967721322
90.28822208715721
90.2898923309167
89.85887043322633
89.92077476415736
90.11379622659192
90.30761863886445
90.50308781290504
90.37732701615936
89.4687812200508
89.81166474967333
89.17911307000934
89.66806422176386
89.95493042227078
90.97083855133356
91.21128678652465
90.70488415254803
90.85824968458748
90.50744526016017
90.52564720865016
90.28919024301292
89.88681396584175
90.6540114294241
89.94082635852561
90.15830170974318
90.15976628843521
90.76423324689215
90.73695589724962
90.5890580362248
90.31017706989783
89.48854795635022
90.84310668896114
90.36654740781542
90.74585676316381
89.85142853559009
89.90552917503392
90.7049725550356
90.68385631682584
90.99784901037278
90.57906404981459
89.93481077891674
90.6909181886612
90.27954419073774
90.3122821522817
89.82050168836838
91.19439729908183
90.28400622188745
90.31744301981729
90.39055670278343
90.22236794137324
89.68400429984213
90.93761510940021
90.81758148162925
90.53339604516734
89.19439406692464
91.2090040994727
90.52233689885476
90.72414615439857
90.59918913702253
90.7103835290522
90.52174406773253
90.80161263137688
90.6265457238652
90.28410004562883
90.07031233439159
90.91066416254958
90.7043457548688
89.59196303405011
90.19824391920098
90.09058026692466
89.80124772401156
89.94736896612172
89.76319575833033
89.9833067286488
90.04244712343925
90.11268692041503
89.7302692733305
89.17969372488389
89.3740795386112
89.26891276613941
89.8740861884388
89.62395630881849
90.11464094352861
89.78849562021891
90.32815726325659
89.9375162952125
89.71329778078365
90.40946214916957
89.6313334022608
89.5338304899798
91.51347922942176
89.67684785186106
89.67502063885733
90.52783555446254
90.55499345680417
90.24736345700079
90.76663591045781
89.89592166864051
90.75525569180677
90.74145286763749
90.22886452918766
90.72939366473592
90.59002585136069
90.38521525247084
90.6366317507967
89.1999426504331
90.41264507128984
91.02443397002571
90.43696591026446
90.2984151083684
89.93228036759989
89.76191820463751
90.26558402161872
89.85031240297671
89.69499249961343
89.13995898245277
90.29945679214714
90.51727330153074
89.87610759008216
90.80852448401602
90.42397299278967
90.31250932250754
89.84074223053794
89.98761129885439
90.41006953328913
89.8287798163162
90.19106883026357
89.7194777014379
89.73283286996444
89.68472872114745
90.0195077688176
90.14737019703827
90.32547516625837
90.13844478095274
89.72560099478137
89.94118610696712
90.07026977065924
90.6187698370342
90.2535308374873
90.5950115840948
89.82564346719221
90.17854610407227
89.71129027560062
90.45261394225348
90.64930803280204
90.23054906720802
90.35866884703454
89.60922162546187
89.5463606018907
88.88372074684449
89.4499352463111
89.09287994524257
90.09383253236184
90.18966065876666
89.75480272538502
90.02543785572777
90.085455326828
90.0193080274105
89.7672358429263
89.63930808607523
90.09726128795748
90.33857724854863
90.10179873039404
90.2241133933502
89.89671762301674
89.94424328620778
89.85815351124873
89.21864223070418
89.66586862276223
89.29226153141376
89.49940610532903
90.00367503206314
90.24272676227376
89.53547195877418
89.37205148397706
89.4924389311199
90.6672754589472
89.80122315303397
89.84306376147255
90.54349449317169
90.07002910270312
90.24753809904108
89.87337113329968
90.54877433836445
90.13282136881024
90.14964642542131
90.35572983518279
90.59823933610961
90.18329690706716
88.84109579844227
89.46419812198337
89.62338515241619
89.85050056764426
89.33868631499334
90.00468477999426
90.0692495828943
89.67665141843646
90.27627073425842
89.46950775110236
90.37085455928954
90.56176520233944
89.82566614803564
89.92263514595055
89.45816958231198
89.59627301144093
90.15761032473125
89.43073372330433
89.68540455030933
90.18241635957276
89.14310431216205
90.1983791509018
89.80081832297728
90.04688479258849
89.87101641636328
89.9865078599476
88.89106821115915
90.27934245209264
90.41871770556145
89.34235574428308
89.88249508871577
89.5859656346937
90.15311875807883
90.3073621690747
90.25463951488493
89.97520669798182
90.57620501001455
90.38246315736204
90.47746420500873
90.85088465203366
90.57909373637477
89.52792017907555
89.65621104487589
90.03387868491487
89.16833719536494
89.81802505484791
89.44537381917404
90.66122629458289
89.58472618328487
89.8687378532541
89.46030234502119
90.45930744647572
101.29398914505133
96.60368270359103
98.2861648164512
98.2496159890072
93.5183160973462
94.28878606991162
92.41066374601667
97.10022773410248
93.71334159300167
94.2261386129807
95.81536021500868
95.04429261228323
94.38319459250856
93.2607027786569
94.5392414290342
93.34298607247158
96.33338478554147
97.8470153864519
97.17025933379752
94.7013242636167
98.16538169351126
96.94576680907564
93.75169624816334
94.02903287290245
95.60322286590497
92.65244380961354
93.25284683068601
