188.69058245616296
147.37828699550366
142.52941858947386
129.86493496714394
132.2044520399915
122.90102865446119
122.89797613506205
127.16527426774297
126.25663064786576
115.83380823841638
120.90175870990397
123.83660205212009
128.7738925522085
121.69446820090958
124.72552340523042
125.38244077645955
120.50163598825097
123.30223272225692
116.33942907478188
118.73607699151258
124.90375608429822
126.37636516320507
127.9150017667174
127.66020598714225
125.16866331059501
130.91105362615573
128.03671837870476
130.86213619819137
130.00191291560716
132.50594907403104
124.20887890141384
130.80408799798434
133.01930919868562
134.8014137678797
117.05513028960398
126.64866378309847
122.94573238325833
123.4071040296982
117.91586907316054
120.91815121318768
124.88082337614709
128.50467326060306
117.01726829688299
125.2842459096674
127.90871565620813
118.18505229680122
115.01320722479257
119.93266880086358
119.14741140765028
119.95051932396484
117.0013940638533
113.84399409557433
120.7454959410482
117.17910912605916
117.9111010075564
117.53151932833221
114.19521374601817
114.46618125814392
119.01132037479978
116.84081936385422
116.29945262511865
117.58654206582806
116.58558814513043
115.60435994927391
118.80384042989382
116.27205983283162
113.5437561114634
112.39780406563453
111.76618837725513
112.33761856180375
107.5810904096168
111.83293240842588
113.53956122025758
110.94922328672583
109.19909804667383
111.34298275782093
117.86871957251034
112.21531789952245
110.19527424033785
101.55920630620182
114.49396745829989
121.1734052025127
106.9964243371951
114.1050906413313
113.2480728241005
115.64831050313012
112.47667061681072
105.77652535483874
112.46008839087233
109.43587436952835
112.68438786839073
106.34021555868134
111.07757493487291
106.0970263275145
110.31743152104993
112.5995108959973
110.20536164823835
107.46468157386258
115.1618515874774
109.06500114737032
109.21192139412368
111.28830554153737
117.52481117102484
112.64851098204603
115.0021764552791
109.41547906734827
114.87711265926373
106.89456024098284
107.23778318777153
106.64924302020091
115.12935738211061
112.0733959365551
104.66763519872414
107.62638367844028
110.28613781112759
112.40270032091422
110.29341175967676
109.87773636372636
111.78279469875923
108.58557425642452
111.00811947894657
113.56752689006626
111.43460498119053
109.38090174688718
111.04018309121392
112.8295956250925
113.14463447931193
115.51835720539447
111.11382861823651
111.88808026464376
111.97706300973734
111.54298303626055
109.44486336782406
115.61300480510192
111.22842810149922
114.75694428648127
113.62121189786993
113.58257251754107
112.12703954720283
108.62145804189258
112.70510123234672
113.274162027573
110.96650427750002
102.44985584904585
109.70657983182194
114.58639367566231
111.74291521506588
112.095159042126
110.35653447151876
112.89162494281453
113.40351520181736
111.87517383151037
116.91306006133662
117.23905146554443
108.15424215974247
111.80475964697428
112.87046156298908
122.39296411172585
111.62696144761132
114.54753977200788
108.80341738246516
116.60627013703164
111.42891696576115
110.21525289169527
111.40466818837099
110.46050525553775
107.32994484310015
111.51745458196561
111.15351889770311
109.18656484551423
107.93496882031955
103.4477411994812
105.49527015715383
108.96917416698022
112.67604195143771
105.01529540935755
106.17374578267197
115.20285727798915
114.12547944441094
112.09422730104917
110.23458624905255
109.6980555604391
115.38028907918131
111.30865206328421
107.6735436342005
107.74982665058556
112.2287220409603
115.52289844561764
108.23495313412695
114.9183931216558
110.77685835892544
109.69232444699193
107.14249289322645
115.34772843707195
114.5086762214528
113.83690800168254
113.38515022002036
111.90827528435535
111.02807550663427
116.12788112443423
111.5651491718983
115.38993487345219
112.56997016644445
110.88135178803422
114.221445946185
114.66003877665655
110.72616567076513
108.34283811801585
110.99964030952236
111.31727770744213
114.05521222549554
111.10777745565447
110.72289807209773
108.24380604877288
109.6459299008994
105.04556318588853
109.25935907984356
116.84047460724997
109.30942181232226
113.6087756991167
107.7497354095183
110.3260841398211
112.04821526977317
111.06959715557734
106.61058687889647
109.69311500732233
106.14217939474442
109.55363550344491
107.47751171297892
111.78250224835959
115.35434081506031
109.07730899660989
104.49859160174887
110.00858116268489
114.57540633504094
112.1562636922199
106.91817402885458
117.88141976748004
108.15294826871359
107.96900660152754
107.7174381764391
118.91150839907178
111.6232199628009
105.72271971889789
109.38776033136253
109.64583484990209
110.30533275229106
109.6441457487785
109.37012210528779
109.97441745631711
104.37529523774643
110.34027548598901
117.36388740932081
109.36313944831277
106.38206091529796
103.18353166812096
111.70567793073005
106.85685959629595
108.68809988853758
111.15797081110661
117.52617894773823
110.20968465736573
112.29334856637314
106.32887527885777
113.25872935553583
108.65313213492566
113.93257255209592
112.38782854193698
113.56210138997189
110.14301402571874
104.77148855682073
113.46465680835226
111.1984113275714
109.30467838351785
110.24886256178087
105.94408573067986
113.72727426299244
114.39551623791438
103.12749219849847
109.29142269294745
107.51453756979599
109.37187728744804
105.31135690218888
113.417783139088
111.68473818495866
106.82953266225618
107.27532091506664
110.49251001220739
117.69693456354901
106.33249504715849
104.83676969378264
109.04348068017717
104.16304089337005
106.70216758295236
113.6862776014404
108.25805603195315
109.8815375724735
108.66149721367023
107.36757693515658
107.64459469703694
106.43994655680147
111.3524174330743
114.02630317998326
102.34849138459467
105.55769003482142
110.49416864471588
106.37163099783088
110.37668170985867
110.51206976821518
107.28825397543383
104.02127588286629
106.36663355589926
113.99493339175922
109.35487818539889
107.90837248234737
112.36173366153082
108.96043218599124
105.00186561924822
100.9681590260693
113.59148219262558
105.43067297367095
105.70024235450892
108.32008295655137
112.12152782022932
109.67277319543057
106.4544814815069
105.19458110721325
103.29648564493246
105.62316871334576
111.32172825231277
112.914362902435
101.02508371115702
105.90531058842062
113.16630435450014
114.73606912454248
110.18206129418071
110.66769980562815
114.66790497335168
109.61975168088587
112.01925462096635
111.42919372714627
110.20209121229374
110.30820668182245
111.09588118424355
107.351711714423
107.42291670277046
106.78194756247413
114.09028843231914
111.50712955026225
109.1038257212597
112.1140066488363
115.53630368922397
113.24487974821783
107.3448397466654
108.39974896653185
111.57461475338289
110.89831829270142
104.03807351968727
104.81963945671954
116.03966526260584
112.6823429577401
109.57731462262667
106.20736481383966
113.16768771620856
107.53652011878297
108.07231554567785
101.77896958434958
112.35652651506632
112.71766277037543
108.55160847233655
103.98440199671502
108.06313391891932
115.83985366487963
110.8455848802727
111.3177247557728
110.9343706106517
109.9298300626461
107.31191997619237
111.11826927029153
112.23059797767499
109.34361245689465
108.21712122132722
117.17514632188268
103.8695155508479
106.56161585217701
105.99412494511347
109.68813220260127
112.93087703227042
104.89129617322604
107.58643919469934
104.38851207398075
111.92727300109324
93.88595132461998
110.5573084143259
109.60410517705733
105.27202854190158
105.07996389298995
108.6383858977599
106.93205024260953
100.40583136088664
102.21590963403192
111.03366510450248
104.70020528098678
105.520059838272
105.73954843667943
111.22202296246815
111.91170967609449
102.43036014691974
107.05998647098788
105.17936932574537
104.47132998915659
103.61919038431374
106.33219648022215
104.92078083264322
109.30740744312199
105.21541744456702
104.06589352002865
104.93121423644254
112.72243430578445
101.97172707198922
104.80703074967163
101.15343995750918
101.42236665412719
104.58608664853254
102.48519154151629
101.66859982620397
100.63755956083841
108.60258443324419
102.84844589102009
100.92950972619663
104.86364379258087
107.4380048699076
107.10983056593757
108.95286464140848
105.13591625277618
104.93669554615815
107.01495855038164
104.24449688782515
107.82612852429637
109.41380461500037
109.81071001971966
100.55330094977236
107.61429130391888
109.46388650438602
108.18012140788929
106.76767043080541
103.78976796683247
101.58816477809006
104.74956984939372
107.04276238648494
104.19636059078071
103.60105175430598
102.67599195034269
107.4455084912802
108.45965768392105
102.48442779029133
102.98944364852818
103.1921539372993
102.96679169716758
102.36023715915132
104.43113118144228
103.17421351366669
104.12210967093995
106.10409677451734
105.56332999111783
104.66412445672444
106.50616647175761
110.98153832516341
101.49087821992464
105.61090771137137
106.4129883021875
105.80771969511419
107.55446158962255
104.12627665582966
105.67314317659817
105.37350607754558
104.39662065791175
103.1891854310146
104.86227640413271
104.11072532141989
103.36890295221306
104.68303316297562
102.00478898711894
99.13581705649013
99.01835021021095
100.6303302616781
99.01406610468588
103.05342149630482
102.72478888649825
100.69996534554451
101.22821628032989
103.12392424013011
98.87418677753679
102.51921637221909
106.18789730110944
100.67591351050167
103.03624821676665
98.37002179472434
104.60437375607216
98.90306460126575
101.71611441196376
103.06157617795088
103.56114958397652
104.2036667494909
103.85068836959759
105.35039443038528
100.70802194867225
104.72294950617326
110.70587617041079
111.31433406516487
107.93771748156776
108.055538108894
105.07365738244933
104.7614353616758
105.01113368068265
102.43046822834752
104.91270427526206
103.57845771660695
100.25260224293983
104.05962303976679
111.49878024986504
112.4100091739689
100.85281845334808
103.57261885294855
110.60497329474688
96.72185042747718
104.56831390217562
103.78744635760876
108.32047785183663
99.695779612991
105.36254917082948
105.78862469322809
105.87174054096864
101.02134406096872
102.78875699770435
107.08388403233515
106.79578017658456
105.60714340568964
103.72408161372506
106.80327412272344
108.22285272279748
100.63596200613108
102.21413521755606
107.39177231537029
105.01564510571649
101.58230885651496
104.31522724856481
106.49533186631226
104.27402517843076
100.0247356557869
99.51026656529736
100.50931103043902
104.53241124596352
102.12570567373923
105.160138700396
102.2547023962129
99.79949705811498
98.98886968033185
103.9849565368561
107.32986811039699
97.57752806067094
99.01324156188062
109.09095113296254
104.60356134860069
102.76838472614645
108.47719619921575
110.19622229361885
102.9107445355775
100.29921350320157
106.21331201201912
106.43190371697712
100.40746830259104
101.57062551928406
103.03170924499533
100.90276088389629
102.61743844223689
100.55891946800836
105.00273318463832
103.89640778046734
100.59937452383684
101.15174293785049
106.38189891182188
101.67475595910538
98.76932445946862
95.97529533254438
104.26053963854531
104.59732102787063
100.52983929526563
100.27185968087575
103.2111095889634
107.61534495433273
99.95155957772253
104.49979201796324
102.69191838829315
106.46008381091278
102.75673512582263
105.8566037639806
102.51226696730029
102.5208514506566
103.21587814847953
100.64396597305726
104.85353499901159
99.59471939102801
102.14409207188048
109.00275265294496
105.8203398395942
100.89862151964664
102.22491643003399
105.75413099995933
104.87228593164771
106.22777311106282
100.33070430126335
99.31295600089607
99.57628305399906
108.13092420081425
99.50963087193448
101.08857365436452
104.5791278924892
104.24880226739522
97.09574264632484
99.85822971753811
111.59241973250555
107.56214506536736
101.70020134482195
98.81955487811429
111.30514396924087
104.46610460277026
100.26988193289617
106.63383911686084
106.02664121892082
102.06377517091296
105.80124096136934
106.87791084527758
101.59159294192749
100.16915066532638
105.75827786329029
107.64899646129841
103.96345603652604
103.17490013456627
101.83668196872546
107.22565225811859
103.57259594975604
101.09944225150743
104.27236420104205
102.21035316460576
102.30120432284158
101.87937395720765
103.11148053229668
104.36968931844582
104.80456500550164
101.11908843086374
107.33670122474649
100.71370190678591
106.15080207963769
102.38871340965747
103.47355024535149
103.67638844437467
106.88246302717607
100.52291950625877
102.34060933543519
101.78194575117935
102.94666706713832
99.83248056961953
100.95427233110203
104.5238788988829
103.47022571399391
100.30800621903246
99.63905096813069
103.09588114858452
103.48272267160588
94.33797269517183
103.22131238013277
106.54299259614554
103.1172013589256
101.92967729913642
101.97927176511563
102.03873509198866
101.84281593473959
102.19406465724946
101.10599540752084
99.19973233838716
98.40922910973153
102.94387143006294
101.19154515283012
97.76850357341105
104.48995872876817
102.99406504310954
103.88200972564107
101.24265476002765
99.10285886030066
103.09233620711005
99.57376302382657
102.3449060491994
100.17162392128517
100.31706509810829
103.12214354812502
100.3094346951123
105.43799449572394
105.54691197356273
92.5841658887564
99.09805348979903
102.05459702754932
105.80133306011767
94.9276618697992
97.70990604376648
105.40858167996494
102.56230215677886
100.22477056921154
100.42431391420803
105.53619475079397
102.92095551120286
100.01008441252763
102.61123630935407
101.38159362131537
107.75616971682797
100.79631383649263
103.20946017586758
102.52297425913693
100.30211489040194
99.79316780508448
101.22398665970769
103.00587371493526
96.11579959873288
97.97061717641832
101.34356368099088
106.38302161369913
106.22105192587118
95.30963161852416
99.32904429158822
99.52625137498177
97.70049799223766
95.84848139285255
103.71521368654886
103.8940655503358
96.85783909446724
98.15400770739298
104.03807592227909
102.03458669551154
95.45407863602408
95.16682884735648
105.09858458605889
100.91877043897472
95.19625550717808
102.27694720088034
104.16145451071309
97.7657326370875
96.50783776431226
98.68899150472102
103.71294481799556
101.67407386506933
99.71020090035759
105.24749568778927
103.66028045270092
101.69296264936824
102.42497339940513
106.3335627738496
101.52934543840094
98.68399169738372
100.06758112012814
107.14739861693815
100.09198524824201
97.32946674843701
100.22052397795181
94.48955672600296
107.65611714821881
103.57022538580895
104.92194955814615
101.86644893477558
102.07235101824233
99.17402172689118
105.13388271290405
100.58163440084473
101.85550653144132
99.01979106492512
106.93396194562109
104.26345949230388
103.13285437156756
106.70144779972037
105.31223241006347
105.17610842027774
108.48607447484899
108.3951676899003
104.59655493790979
101.90966142559486
109.49040918075202
104.98153942241352
103.45639844322287
105.03935788152812
110.18366048534016
108.40951976201988
100.97919527301339
99.14161300097469
106.06508235864457
103.284697879386
102.90057125629181
102.70246396966726
106.58048767385337
105.76422404745746
98.85131012369969
99.24939952422199
102.46601693742612
103.539629828369
98.02907181940776
98.84459187398012
104.93532347779961
102.92187731671092
102.06807897932283
101.07588318817169
103.1189540095526
103.04105397775128
99.90585260775292
100.66826661201914
105.15452941314079
105.23452240086023
97.58345043356213
104.29642892110947
104.59802140075494
103.12806227111331
99.48820270952619
100.4457170120578
109.60047507444571
105.54015100446173
99.64740754407289
100.50720789002538
105.8896857959728
102.93329072331751
99.9599235542102
108.91471119674019
105.5264512165738
103.19469900268385
108.60201715756175
106.63943732485689
106.55890460568324
100.52044724808722
101.17571500308875
111.13309025828899
107.9102609053904
104.41866048071638
106.54615706744703
108.9690969304076
109.3579605481251
106.48326462163557
102.34119884548632
104.65488817666632
110.34008195828527
111.24712103594787
112.10764224684903
107.18785160032074
108.40726219434873
107.12777563734566
108.33849599641843
108.93106898711528
106.23515031258894
110.13392233079827
107.60788258316167
106.46177167648446
111.81935089510749
110.9974630428578
105.98243119952923
110.61279223529031
110.33644348972766
110.19086614401658
106.8830308290583
107.54227430257166
106.75908341642493
110.89616958126233
110.76126936407752
110.7532221581458
106.80499750321516
107.99447292944434
104.71275548403288
105.91530549220715
109.78764244521382
110.88375542428949
109.27039483105942
108.04702337027604
107.15324573572943
112.22497697065347
105.33844323118618
103.71350907561626
106.29971891905326
109.95645627059459
112.10084407520735
115.46160917462603
113.90531883261461
113.74705852169036
107.86241244871351
109.81583199386941
106.86649709866852
109.12795968020724
107.55799926318093
109.21826964269387
104.99168814875097
101.5740524672201
101.95781520852472
105.01478470861257
104.56163508219888
103.38195284370079
100.69975374314006
101.7483255415656
104.04097091085058
108.50402016390345
106.37599913685834
102.2215152982665
107.09903129545229
104.60028944065775
104.82929686004691
101.58589725920636
106.982549322062
105.1640825354501
104.83262475571397
105.38953366622769
102.58717883854635
103.64766406895588
104.24993125982515
101.06047627364951
101.45365061934544
102.01340176578658
101.11247025681838
99.91764982308383
97.42851915926029
100.38757856502455
100.15360297342654
107.01751285049573
105.38803638064462
105.06099045900595
103.07277455411862
106.10332394418732
108.10884724723644
104.12938333512342
101.25081724281357
103.60847845329187
109.37194059335393
110.59978460763651
107.33203902551719
109.37187167933266
114.14491688161627
112.33619509252014
111.15505179495707
112.3412111068546
110.41771399117872
107.43394768292633
108.32894457647254
105.65974173937957
103.7588234160325
108.08944461082639
108.93830578809568
103.17224124644814
105.42424979749796
105.51308307714464
106.55305035081608
103.52520268566423
103.19996731351654
102.95815976310146
106.62671274718178
104.00595993855731
106.04988591830676
109.03720879939075
107.74155828563144
110.73109160236831
110.4468443476234
109.50541477868654
109.01983798637924
110.34077462428853
107.30895615464564
108.70174427783691
102.39907163663698
103.4459217448602
104.62053121134322
107.79039801742242
108.84258272409566
107.53631331838292
105.69932663177349
110.31146604258724
110.04796268828203
106.71234174484226
104.55461917928875
108.3134199297729
108.68139408817491
108.02615531245628
105.51077972585523
107.14465300094007
108.00248499072424
108.70254777452563
106.88902716225903
108.44831587550657
107.3165907294732
108.80700838074434
103.69775738342452
105.78016193014051
106.6364069201021
109.00680505511926
103.2122645845166
103.2425134784605
104.00424450289538
101.53298531042739
103.15241006597425
99.72111277113956
105.40902861092528
105.43433448892934
106.50554269975814
105.04087433720626
103.24960875074107
98.77545359535478
101.51416776004692
100.6650172411583
95.94729144441722
99.3659384108939
100.30983994594222
101.3026096820099
99.4203344722592
101.95009633309164
101.64733185341531
102.82878033326624
100.31310317891341
100.18689265663032
101.74281876876465
96.21302384146566
101.34877971391735
101.21668985231673
98.87349052517257
98.02307226365005
99.7790636070242
99.58969223915523
104.58158104773716
100.49993786743977
99.20359553088922
99.37811082538849
99.86316659950695
95.92638465104048
95.79521079568487
100.08319683469718
102.13823758308314
98.76352911762737
98.23085627633347
95.96412154749272
98.71519197664693
98.72896293069944
99.09495023058264
102.53684224140451
101.67788756094753
98.79847082245398
98.49052857459192
98.46708858332069
98.34463941904949
99.74777553870724
102.24571791734571
95.67251792299396
96.16390327039952
101.40780261425562
101.45752884126996
99.80416838543486
98.27259352224611
103.05844589611537
98.82288747366239
97.08569197564015
101.20749449108975
101.43910184195441
99.84331757747037
104.44836673428789
99.30471219251773
102.85062514840014
102.43762127321973
107.99417711261053
108.29380666764774
103.05555797126623
104.49498641852648
98.31934447685562
104.37650926906987
98.57526826245338
104.5253043220552
108.28394399200722
106.88631373903561
103.50168557061765
108.71480808284018
107.32139170437989
109.23848229830134
102.70281529549968
106.13528635530525
105.45377658859849
108.0680466763128
108.09755678694371
109.25330734632334
110.09107565929345
111.12904874215215
110.54561375907225
110.84061953051196
110.58447959919653
108.09176062169887
109.23396893996429
112.58245060722584
111.98226713700626
110.20730457823949
114.41791733662943
112.46622170013296
117.16312026533576
117.23263986272656
114.30496021448445
114.5491755896316
116.38841698536416
114.30752803042142
113.08815363624518
110.82669654463766
110.04831522252567
107.45546216085617
104.41907931188271
105.71963965623621
107.04590564975206
105.34181505255172
106.98967515509764
107.38623252573203
106.03403849984734
105.2488337424296
102.18363626561913
103.52322513299413
102.90032829783843
101.20422706670772
104.25501846805415
102.70231838981715
105.12163164960714
106.91689397150776
107.10762638124295
101.83964428348929
100.35863217910169
102.8144384248851
104.4905866895107
100.33099522061046
103.22241576928879
104.56566128667134
102.1180788943338
100.11614286249431
102.14782455624768
107.09642153082838
104.35563537146547
103.76695964762432
99.07409169961127
103.66624488652464
108.28895005048577
104.88607090510439
103.77446399378256
103.20267319387632
107.1772381185563
101.81592415798032
104.26589890385115
105.4846001244421
107.38765825498668
105.97828750054312
103.23072206716209
106.06057176175881
108.0866798192972
105.3291796888223
102.16472969028364
103.04147919537907
102.52645398100118
100.64526888773817
103.1947504178842
104.34948211506611
103.93831386695354
99.5865666680357
101.08207106253461
103.50527123198226
102.64038079841345
97.74189194330752
102.2052576354297
103.12758281055889
100.78739822821771
98.05448629205422
98.82083680090682
99.26591148686988
99.85489578532024
97.94108454264189
97.0827662643363
99.78814740008308
99.66153994410652
101.551006896919
104.17051122999803
106.11669260298432
106.7922728588741
104.23559554959385
101.19713412486631
104.33047115787095
103.45668125733587
104.07284482907096
104.30028847113252
103.47203374610145
99.09931380513808
102.32879875449224
102.99324278731508
104.17053402318287
105.56627687666267
101.90424305456969
103.68585798651252
104.5391560496469
105.29638159778322
102.4738549635495
100.45670214667655
97.6214135175206
105.01942088749179
100.8542563641434
97.29576152378519
98.01996868847546
102.67449501725373
104.21704128278283
101.64363365961827
101.37369792927763
105.17482883625412
107.53981144635692
104.91982284025015
99.60551631263024
108.4484247675052
101.48675744341035
104.34429255933945
104.4244369372057
110.26163538762142
107.16692254812635
110.32788980830918
109.45421405714679
109.7811033507271
104.71570866642911
103.12746963185856
108.37305573000434
107.20141444809303
105.22848398055113
106.05411508660902
104.6456774341438
106.65009926506615
107.53017298484708
110.35100072661675
109.52049278729852
106.58223873469798
110.14602844336281
108.23588144580141
102.49587010159263
104.60361338313564
105.90841050554876
106.31136426146128
104.83329747236616
101.90132864963252
105.51401399532942
103.43312726495243
108.41863265812677
104.00617521027296
103.12187235487929
109.59443461138768
104.93284488320778
102.23231861815384
99.87237956196776
104.4813886500745
102.35546042893405
95.15608790991234
98.70683092715225
100.44939332986293
96.19874733336297
95.44878595379375
96.70070816424803
94.00306258535512
100.5981265394382
99.54104190337556
91.95234340462247
92.12767996306567
96.73028066451778
95.8215724343948
92.96617104645138
93.10115081434496
94.50540254378186
93.36517666382154
89.16974529638064
96.82517784186145
91.40467035888399
91.17092306933417
94.05547828801775
96.22024913071773
93.27342972324153
93.06742424781046
93.36957222313478
95.57978127467067
90.19908039114871
91.31303960012995
92.20674190135117
95.30096837454602
95.45348086406783
92.46401523364773
93.86654028917872
88.66433544226464
91.11188210611064
93.31529170495415
91.89627114133309
94.16343571896228
94.75533554756898
94.6427060104007
96.77010644129169
94.8567048168602
97.77816993017714
96.29475187734442
96.03383329031331
93.00775221872955
96.57188362729346
92.81754246311749
90.79139046163425
94.4617721418745
94.43704429205413
94.79276004856435
91.01295977530746
90.66784510936897
89.27284379601252
89.5845111803875
91.54158472071558
94.70664228315276
91.8930548321769
90.76203726193575
91.0366004427524
91.52472075223551
87.88737478481717
91.89956630137677
91.78497875512821
98.03255792293199
95.52755553206039
88.97209028766781
90.26658443446384
93.82641769991683
95.08298724397119
95.57637491550234
96.45954666677108
93.33882402374809
98.95933255965352
96.4160756308601
94.34739677695023
100.50969331655544
96.16431666139552
94.93413109028432
93.53309690557501
93.77717949765442
95.47426602913252
98.81985106282653
95.437234804945
93.10231606513169
91.73150893483404
93.27829821156361
97.28695877392589
93.24171260089399
95.97938500408554
91.23378202692481
93.35562992154901
91.78326844851341
97.31096866977694
95.3980034761634
90.12410177745376
91.44788753504282
93.52801118589755
88.75424933262813
89.34299598988564
92.98899099461883
95.08605378886153
93.50624749804018
88.64059458221568
93.04861634663861
91.69994484281247
93.10136874240295
92.83170330715716
92.12892259195957
96.59987633279637
97.80940338960988
95.19537197767698
96.46774160417168
96.63967704029159
96.09651296036704
93.02443903217709
93.00785851675195
98.21782303515381
94.74235896094186
90.79003552571682
95.8599579747807
98.89130291483099
97.82805571571758
94.4274988165119
97.9235385309395
100.42736384376003
97.27275949344414
94.90362077330506
93.39809339489544
98.22594083333699
98.77964506135356
95.94066349544802
96.57618601386406
91.9311410098991
93.67644086667907
93.45459385110149
89.26472641573277
88.76232476059698
94.35966383305036
93.98873412463529
88.30651770446119
88.61642451059541
95.21016424661313
93.97939505489738
89.60740730430298
91.07375402476276
92.47915402392528
91.6150335773854
90.37752169985171
91.59150387218138
90.84544293136263
90.2087434016402
90.55740886362823
90.55054649115671
94.58819626806228
89.70385292025122
88.09480517863726
91.6795062330217
93.8298011101376
90.56123817582585
90.25915829774158
91.71511100885236
90.42400931240016
87.7399489220707
91.51447054804633
93.64012438130773
89.7288919278576
91.0221539764434
95.15298576413768
92.24008377274528
91.329013597934
93.52432975800394
93.62441545344721
90.24124352393412
90.81000005414543
91.61973685265221
91.6281177638839
92.20632124592939
92.47130517961276
96.06909813305244
92.86545610806868
92.39721712392235
91.31357753933857
93.51950002344384
92.74406282014003
91.3230973235043
91.32291678632686
97.69416139988758
92.13842197704332
91.15127940423987
93.20106503926378
95.84246373356886
93.8879877368515
89.4522451118463
93.07113226643783
95.85647786066626
93.66615777996131
94.76637557339959
95.33881421581869
93.3782618547315
92.78622742435003
93.61785160393916
93.7724509031172
92.49196350996523
89.38833347958598
90.8554489630021
88.68256185306922
89.57671058324806
91.00056200002783
93.2947456693225
89.04265993577208
89.25491845666276
89.46164119545462
90.35903519643311
89.0476443628651
89.1719081061752
89.82499228159573
90.61695200190519
90.83639949806155
91.85647565941399
92.95111533861954
89.29540952065989
91.51584204567132
90.65107704041488
89.59520407773944
92.23511465099178
85.91894725994774
87.51168095912084
89.1888399556257
89.85893813728833
90.87513978482846
91.32983794437725
94.37131233367043
90.13863185861439
90.7234155161374
92.59685625531628
87.34420864686741
85.95019913318382
88.86880930556163
91.59341501294756
88.61456742304726
88.22117524006494
89.11158107095547
90.68505290312862
88.25315570770334
87.34825709932518
88.23998718808728
90.24734027721362
90.67165048304273
87.72666005464366
88.59182685602337
91.07157057897058
92.1412351119945
87.67997409779622
88.35785616898102
88.6992835507415
91.61517314304788
87.89671672308664
87.26623325662825
88.70538415844464
88.48263411694137
85.64026613568767
89.211830007387
86.03577063732791
87.42627754091315
85.42165840498463
84.63472456501243
88.36002098061581
86.88017949018405
87.40483216884765
87.64337738548264
86.39778865703957
85.54016942365166
86.27330062829627
87.6476551339528
84.8619755700773
86.21356828430704
86.78270875623475
85.50479077981457
85.00574797327337
86.0023346427122
85.37596118399935
86.1484625832579
83.72173552403105
84.44513578713105
85.90723593644961
84.22313739300313
85.74465658972069
84.9161158811504
82.21851597880203
82.80894033670394
84.76885378351179
83.28839467175949
82.72024382848649
82.89287415659419
80.20150385855311
82.29940742834079
84.81808727610237
86.8460173883316
81.25282267058428
82.4096529220544
86.46279684308138
87.87285877517363
85.99703388359896
84.18732974121957
84.18516451676425
85.82207678497714
86.07883846892815
82.19194508225209
84.27978478512873
88.02870374464878
83.9361704683935
88.01993146385615
85.44437668521422
84.79902865669925
84.24749765722594
87.16884244239847
83.30211529691238
84.80048793830144
81.39573145720787
87.23201123446528
86.0795131048379
84.3465565207266
85.59731656696171
86.86239654910246
88.18917072027642
88.39193686689141
84.85771051037132
84.89203496689792
83.92516208122164
86.22963035600974
86.4407072759635
86.21758587838889
85.15425094679715
90.13818404667471
85.34522609729534
85.28905188613328
82.57062043736373
80.89374772008983
82.42133425828169
84.31795427600058
83.70794644039874
82.64921773416383
86.86744535243069
85.43184725771874
84.76668088331044
82.46753378173833
86.16386993716053
82.21558386529631
86.16938070155601
86.07985352178375
84.85360099627687
86.00978747990986
84.63352546930706
82.25431105992784
80.92623624447077
84.61750611212128
82.58329126947613
81.10743402213258
81.3854454248025
85.02337818820979
83.00637748368366
80.64038294934453
82.8946524903192
83.24210458810339
84.60920551979389
83.45575111494065
83.4743326269793
84.18344477508019
80.21566026004707
83.5230200254147
82.61607563283995
82.87681340548747
82.60821088923083
85.68957545714187
82.64491757042516
82.27364848460138
84.14043936428676
85.64643983024048
83.91941920822786
82.59491055884115
84.17371095994778
84.65358995197435
86.01992869000097
83.53903102372742
82.39403799733658
85.59099617975419
84.45255050890573
79.9905285798211
83.7943710511973
85.01358571291286
82.17043643048113
83.06840097933669
80.9193063377713
81.2005103736281
82.59746507412578
82.18290483912176
80.60691320761863
80.59363156506578
80.83603365502383
81.91534979038457
80.9830393512627
81.33728435144103
82.16549170510184
82.22628729541377
82.32208280488196
79.89771922258866
83.05902142674744
83.84103693685073
82.99813678545695
82.07744906173322
84.57204058346795
84.7035002276998
85.05683911012875
82.03839082266461
85.33848058685122
84.71867094813247
83.7557415900211
80.98186162538076
83.79214441543645
84.57543377820575
82.26570519198758
79.50532712994412
82.60805522890347
85.86663958137699
82.90421482742782
82.02388288514254
82.81664191359562
82.6694345791199
83.81009640587698
85.396340291382
85.1179903061421
83.4720236063656
86.75348438049336
83.39702722600748
83.06559252249994
83.6488401118352
86.0427055361412
82.31759572582716
83.69533646337896
81.57516530994604
83.55445182794952
81.40723301611757
81.71699042150657
80.44814390193902
83.77395947203264
81.11790508462755
82.62136601001032
84.07469094056893
83.61973413692769
85.38143742963807
83.15648327004158
85.1580768244375
82.68935683508631
82.95228049785703
81.08909708735808
81.4838265196308
81.32083854844731
79.80680721730543
80.58601128471742
79.04864570162566
79.23498136058916
78.81473718177148
80.57333213582885
80.37869963528289
80.2066727792548
82.29592577044122
78.76501158278982
80.75207543342931
81.06506033125662
81.29930880390228
80.09814458137734
78.80973056944057
79.72898343937857
77.25514066757373
80.84258800817622
80.09283525706502
82.65458172308587
80.06267910195588
79.28200237230533
80.80894646539305
81.56436266762509
81.5820725816062
80.42462988082389
79.45248063291947
77.56860111100345
76.97122911432297
76.51201632489955
77.78849538439611
77.0193726881103
77.05016404692928
78.403299709458
80.7226145689808
78.65295376018737
79.06363359112467
79.60465528078066
80.54622944232446
78.49824052817327
78.65901887667741
77.8383379716192
78.14256249019927
77.90375773085415
77.41262694483676
78.45406741997428
76.93351313556457
78.16988810059546
77.38542476612886
77.12018820038593
76.36745361364612
77.58046396018835
75.43517699411946
75.22637423060482
77.52013791552838
77.96887441335451
75.2564237546754
77.2092898118618
78.04156623572149
78.1655456970378
78.16359563211775
77.44223141121735
79.40846378609025
78.34311684774498
79.43940260109301
78.8055345448374
78.74337746251416
79.53800427941513
80.19708382063526
80.26770033979966
78.36987655533733
76.9845855602755
80.12139434910529
78.34343342780726
80.05084284174026
80.16104048739575
79.82949204441711
80.61088627966166
80.67604072097902
79.71383636770231
80.30276749700819
79.21934634493054
79.4272194265814
77.77024543508227
80.49322169735889
78.5201220584137
80.87108198972388
81.68602256598959
79.21150148209892
79.61638364828052
78.72725994660048
79.25406172101684
81.1354023495355
80.49371089921229
78.95219424161697
79.85385835149118
79.92971866946564
78.22580589506741
77.42052339746816
77.78892946431264
76.52140909046611
77.58873666683674
79.33115869031234
77.67412464422353
79.76939103954484
76.13713492562938
77.22356592219586
81.12167144427072
79.22999450113939
78.77701100390857
80.8378822547731
79.69673951810742
78.2304780619129
78.78851798603746
82.83490848045193
77.6699389163893
78.67577801905675
80.53170190204438
82.21970133096355
80.37103093915225
78.48503376030257
80.73731554051926
78.98029543943981
81.09235284674406
82.7159433720704
82.91802567568907
81.66387055998635
80.73825810602756
81.397858963232
79.65417714036796
81.12312991203481
79.48933729436264
80.26040674849916
82.12184295996187
84.22859169069571
82.99453041342393
83.18410556907949
80.71800844168624
80.9342971857226
79.63138817467927
81.0009700302594
81.22472031997904
79.94548996171604
79.28742422809707
80.1476988001371
78.13452895704441
77.59750435648581
81.96257069375632
77.60718436598991
80.11912724758508
78.60518834714165
78.01540012158793
77.02278027642905
79.89105782605229
78.6647197471698
76.50118772044668
79.03026670027091
78.75358088982776
77.78126124462726
78.32821663324214
81.18501223061908
80.32103959359215
79.89652685175069
82.37761089582818
81.83977476645094
81.1286825222763
82.6201685452796
82.1212809772027
81.02258408053123
79.71553739248995
81.8125616855465
82.01767817366829
76.87361160875452
80.64705257466132
77.77407457301436
80.48120469022005
79.76433107039954
77.54272904401948
79.0040878534216
77.86327598667751
81.15564832766357
78.32106224849795
78.30947547917614
79.47152840681369
78.94350386299053
80.42511719151436
78.98717514429306
76.98994327225357
79.66829762074735
75.95671896719035
78.18653188218076
81.34841324318313
81.39763525346586
80.93318395158444
79.80338109714604
81.29447639673066
81.212049307243
81.74875745417808
83.21303585998605
84.28800104843334
77.33133611419207
83.2831325027961
84.74963037086957
79.87427229150776
81.42766243819416
82.14331372343234
81.20008110716421
78.96916968421743
80.10086243847107
80.33289939952645
76.80554818117528
76.56912620908155
77.26728000008217
80.07877611436493
77.67669787815085
76.28286594173147
79.21134424990251
79.89742769568939
76.65467875282607
80.85109438964568
79.71837456333357
78.31289085496844
82.2087531404677
79.26668858494334
77.26385688068855
81.21434560049954
79.91700069922697
78.21944423301511
79.1087286181835
76.97437409093824
77.10539228627572
78.95520312596716
78.45953405170695
80.1944527359064
82.24288748393354
80.97726185507024
79.1168997274845
80.32103207883789
79.94929193493562
80.82603197485425
79.01613026250206
78.0980002060558
80.01962723284363
78.90295173156731
79.97964696041795
77.1581287720003
76.12923933500218
78.48127346468165
77.00996715883257
80.32171517761672
81.06003746384637
78.23833727706112
82.0910852007869
80.56625093236437
79.97788350947604
79.56788200785755
72.9839486141277
78.74004744138001
81.85054955618808
81.10092202521939
80.20877006960126
80.64433654451562
80.16493959735922
82.37049881502207
77.97751420952382
79.6462641746164
81.54944846190689
80.64683220049011
78.47982903463708
79.11926430397538
80.35250282628152
80.87384319148573
78.98075007882275
84.087649376635
81.0577826424722
83.69430283131474
85.4498297770536
84.17217285974701
82.26611857155112
81.9752391432579
82.89377582856365
79.9832304750899
82.66072468543351
81.10722003555904
78.12096519338614
80.79007981972188
80.78131011186399
79.34225204300543
78.94647382149165
79.32706799635288
81.34641536897256
83.5944049206466
80.87580107382324
83.5013506643934
80.65348862076435
80.54159228635307
78.83119150632281
74.6568630237717
77.71061015762157
78.2518982722566
77.92533817064128
78.15678119803444
77.0831895703627
78.63331623986447
78.90108112428115
77.7964073133081
78.91743983216034
77.24470820931228
78.7925855499392
80.41248109609853
79.32018238851202
79.5034914493822
77.90165612818276
76.81466550559999
76.59173322269318
76.13967252778448
76.43703032810811
74.87441314331255
76.23402956263241
75.53443579786955
75.17185755386888
74.66374351861135
74.31156737357328
74.95943992051049
74.20253864238735
74.7836515898927
74.72201043794324
74.48511089412126
73.16206435972717
75.51593376637769
74.50808536468996
73.76813312098399
73.91938968304243
74.96727333286275
76.48383023247477
74.62243642254808
75.83610439598762
76.54905861962354
77.18906743250261
74.22288119945416
73.88669823839318
75.1272957089877
74.78338605072666
78.4872474028333
76.73694269738422
76.2003282750081
76.60334900043074
76.62495760521833
77.09195808478758
77.69927468260407
77.25467274823825
74.60039213672863
77.95912486876885
76.57327189175592
76.98379067770836
76.49273403547713
78.33479770961115
78.44208343713953
78.03956431310442
77.31509013957219
79.44196005873808
78.4799592066684
79.1073746010847
76.55689516111083
79.09062159837866
74.60358096029428
77.91779319568117
77.04355096088499
77.06035101805269
74.23247866106493
76.52444048134421
76.07680278838298
75.94948508193666
74.53320661126848
75.89704730444492
76.54347539808452
78.07199083020596
78.46873519431847
77.02921915001733
77.24290143152537
77.5043478366213
75.71991292751996
76.85165608638238
77.08144674403847
75.36324679299987
76.43461727458323
74.94944286567774
75.35815771778404
77.62932647654625
77.8278664866977
74.83121214391589
79.19746907074361
79.44454725463765
79.2935973793149
80.4854283521823
78.01963228136566
79.14045417936752
76.39892054801264
77.35541649729737
78.2298552911447
81.21779405014583
77.96830835459282
78.98172936256464
80.7581784274758
77.98677834037147
79.28319212706603
78.4193222044553
77.37805986270956
78.30637943763871
76.87008920646603
76.51619659829487
76.19980437463016
76.5988120510281
76.79352840168961
76.01420146918683
76.24287330087991
75.69548008953397
76.19379071903407
74.17474858074334
74.72691942647916
74.72789736121156
74.78239919756881
72.556551396401
74.93178338261046
74.63853657044409
76.7956876993984
78.33038598726174
79.71895881669585
77.16028248833726
77.84030843532435
79.1489745274703
77.33539923922164
79.32236640548889
76.83783049869197
79.09266684870865
76.29760493157329
77.48663183788496
77.58835639025561
78.7352637609221
79.92587240048378
77.61184355853415
78.72638126326446
80.07154750072687
78.21699527702576
77.72434061826164
76.47305759751158
78.86117667116132
76.41247382397896
76.4961583548591
76.04005271385336
75.48392775810991
75.46247651077454
74.58641100700981
73.8119879864387
75.77084483328547
75.3680544799498
73.17755757693499
76.0845829544241
73.58343657176194
76.18702661891038
76.43933202110557
74.2083417747685
74.57085613787562
74.80048991269223
75.30643232378343
74.9236525647167
75.42454553223854
75.04856829456904
76.2910700673351
78.11323113789167
78.45508874257712
79.13933091970232
79.09420124345883
79.29142842541017
78.22054643671711
80.63138513928504
77.96782458364784
77.59749661924415
79.70624452448625
77.68861419119402
77.36793559182952
79.32512050353846
76.94097196848342
74.87056007366542
75.80867783566377
77.62778887637198
76.54884534001772
78.1590326997766
77.35115896935945
78.99883541228543
81.1004746071643
79.84353102666105
75.86822064921614
75.48740107780803
78.87760970421732
74.74534141959657
75.0070635154525
77.86813469880877
76.33574769074727
78.22578953822726
78.67987771089372
75.97419452429254
76.72513083638702
74.72856609306841
76.0599741862252
76.77332813511936
76.77969479756705
75.61927527835348
74.98850255003146
75.56230408922198
77.31426561532112
75.34526126404366
77.21181084716758
76.89675785770345
77.1384849555951
75.99122216246425
76.45262984361659
76.95371426491826
77.82796941489643
77.08935468412736
77.49565346884336
75.64453748068456
76.72093373760485
76.43199339409982
76.73362029113312
75.55686991678256
76.02539708554363
77.36599565328348
75.37559845860616
75.53918298588515
74.65727376536123
75.25170105422606
75.23891137047741
74.1423082314501
75.03869429000908
74.69546160741231
74.93778883164788
75.39896446142826
78.36412126179265
77.2700224449973
77.87332530951831
79.02386718290195
75.93988532351419
76.53322583698508
78.31337302780895
76.24374215200373
77.13772310945589
75.44935405905488
77.18349980551385
75.90068005960805
76.82789534515605
71.73109244054481
71.72269303138103
73.41337366753784
72.38099616541726
71.45978883593978
73.12661684836388
75.43152035589578
73.62188157141381
72.52957030634273
75.47868224157357
74.74485767317636
73.69339435262762
74.11923608716627
74.45124201312328
79.18261072279235
78.44072229948497
76.50592273164293
75.086074867067
75.23377195654518
77.74593140024352
75.16506339441459
76.42213888599801
76.61957360044819
76.67561523480428
75.32977133997694
76.7144103419139
76.72495851680249
76.84934869919012
76.4448342503879
76.93138651432359
75.46191650081144
74.47789566336587
76.25752704170422
76.76759078075887
78.33633815875066
76.27095169521046
77.97705043433609
77.77102207980573
77.32681079398546
76.05539024440579
75.56855979523414
75.24976699995842
76.04043589287161
73.40820389811368
75.23284603854876
74.32923567628936
73.82088992388691
74.23006195522427
75.42635186091198
76.64064553030667
78.18281473882034
77.17699036849035
77.17570281768758
74.8728255206234
75.02257287916252
74.79797278142757
74.30484820236416
73.57578611998294
74.92696079268066
77.71915968580214
80.23362710493785
76.0129071775853
77.20566017783955
79.75372334799725
79.86399211434879
77.58624446023707
79.18145439572994
78.15545468840126
76.88581445275685
79.27876645821395
78.62801128347725
78.99532242374929
78.01311013821301
77.34715776619927
79.37945663735117
79.14573289548046
76.73548924370095
76.7948362628774
79.0607390063703
80.29985555826832
76.2259552930946
76.83722669211156
78.92740040144413
79.00019065736765
78.75078192629582
78.45441454254004
79.27993042723901
79.13321581750142
78.07904782656183
78.97137447483573
78.71892197624247
77.35802382322008
77.2852566075562
75.37088097164865
75.23008805465449
75.86630344641628
77.5140795290604
76.07589465614303
77.09804278447324
78.1134321876964
76.98709137777466
75.52187512730544
76.02220302130371
75.18952201746647
78.83725084786668
78.93243859616742
78.44647242623083
80.30107489890985
81.56482669219147
78.82504128709695
78.48217649895805
78.37072515858503
76.51605067827717
77.30511809212811
77.69832005145308
77.69728735980375
75.27468406673758
76.01761307048531
75.52725778708952
74.36890312283315
74.68837974487968
74.10043495840009
74.31597390747571
72.90215266062813
74.56036927396872
75.62333200553236
73.51489181982413
74.74083473899573
73.37672059768525
76.06553907511146
75.3519081536248
76.57613714907531
74.34449015448087
76.43350003304283
75.57713005640049
73.72001395920086
73.02268390977973
72.7643342349723
74.5684561010382
75.03202214872228
74.53683880881607
76.41796547477395
77.41131482171018
77.47502586510926
76.49178243413404
77.07013039057176
78.61404027628774
75.11948515049754
78.27712946677066
78.27344914179972
78.00281008551737
75.817145010605
75.38412757651385
77.99345306569627
75.79928730293067
75.37755612588649
75.55446699531656
77.00766935797552
74.30771582583594
75.85573578636628
77.33957666132477
75.91062987989771
76.69094922046929
77.21932814492381
76.61742789223466
73.9116130252217
79.62159192419355
77.27501533165834
77.18333801409412
77.63035954802122
76.86403305391053
77.7457926503644
77.2529173615093
73.81686784429816
75.8779467882314
78.44548887454366
77.48752661735152
77.82669002588673
77.10412891149367
74.81859955039138
72.86035410278596
75.45889918095322
71.9736864894587
71.97805660895399
75.93649583314988
73.21082136518001
73.09570077139347
76.52780837354219
74.00218965705153
74.00311625777003
72.04084251542231
74.65819280267583
77.4982047902099
78.11081689334092
76.20731599046466
74.60713919773023
75.05300310917072
75.38399565608826
76.69576569217077
76.85774697121053
74.36979075817688
74.87719228249857
75.5077318399246
74.97347391905494
76.88636028466061
75.68574763244291
75.71251636348126
75.75571740095154
76.01473818193205
75.84927279454803
73.04927478817767
73.53507962493175
71.5386190438616
73.46747374855666
75.08013604162916
75.8439273354239
80.07139150586947
77.4131001969773
76.79969225956408
76.5597663783244
76.0182834494707
77.93976908232789
77.27326977683289
79.14329680985284
75.70335225076298
77.43533763402564
77.02305976424553
78.53196465551031
80.5559875413155
79.72361543695958
77.81045171504857
77.34445595192466
77.63234417633542
75.35128990722535
75.94843959478085
76.54053528440595
75.53899716498077
75.47643248456326
75.78261725037541
76.33577693446098
73.77086888919018
75.23513716347817
75.07770379716422
74.07993712401709
75.52153808301871
73.2259698429736
74.0955654083164
75.80050255516178
76.09448814352604
75.93198660195128
76.00146735308635
77.06457582018149
75.98452063245789
75.08084843665816
76.57523190058913
76.01239722986813
73.64168724793696
70.36402196684377
72.41856354163959
71.61208824433294
72.51093100259452
73.8316963015018
73.59226089248645
73.33899059996726
73.137259846762
72.45176986585757
70.47027181250172
71.74711659930762
71.10752170288838
71.65382551445202
71.00031422430186
73.3156307231895
73.96555871897459
75.1507615633273
75.05370175921782
74.92445601505041
75.65126060830616
75.43148532037327
75.46198619371185
76.40538364264074
75.20111403552066
76.56612725220538
76.45822882700293
77.64723005466013
75.92352353074358
76.01913526162024
76.09016615829029
73.26203056765188
72.87904200683688
74.0344800064988
73.14253227475221
72.61083509157544
72.23066068769282
73.5005834402852
74.4316439439187
74.21147056341226
73.68707044667092
72.65311268515502
78.05380040333945
78.33373587767464
78.36010641170763
77.41717843305405
78.63285619896942
76.7767223835546
76.65218174869753
76.5113556894341
75.3004422118035
74.16907313540993
77.02336442571809
76.22876725947494
75.8833593335152
76.33410821902265
75.4428505806431
73.32229519272484
76.58501423427589
74.44316880701624
76.1601713351823
76.37610794541983
75.83801915619628
74.34961393479055
75.63939647154054
77.17699604748834
77.12952596565816
78.87157144887203
75.76994639567788
75.63304742324813
77.03234195212161
77.93485769505044
77.36206254390756
76.45632002305453
73.12971254630794
77.1455671668808
79.84790644550907
79.50119339379489
76.16491891581386
74.13844655016888
74.90856933452123
76.64866757709846
74.80036416501588
77.10505042487807
76.52264228508682
78.16994897417263
76.410028544461
76.90568508451297
76.13135695768727
78.93225277851614
78.56146341823307
75.06810651367701
75.05311378932231
73.78957920866624
74.11833317404374
75.31052370561171
73.77069932893296
71.97258373666706
78.40676251177447
77.9480844782071
75.58224115262531
75.772854257179
75.1898491821342
75.12185712578167
75.2238542043974
74.90130699495784
76.24772275835564
75.05095014722828
74.09099282175724
74.42826714157447
74.48699195558956
75.21328657290817
74.11709741934096
73.88595271104131
74.77453483210618
75.18675484922603
75.9460628527268
75.7557563752009
75.5076311672433
74.00614729706089
74.14879650361496
74.08587414848311
73.20462241955835
73.93843618176234
72.80782684908321
72.88865522469885
74.5161955744472
74.30455525829743
75.65157292719756
71.97553665464183
74.10022062554947
74.49855669615201
72.48600208836575
73.94673167622544
75.51288572803833
74.33043577853348
70.26922879935067
74.14784801130757
76.86207124561034
76.4302646056421
76.4665043565738
74.9394162248705
73.91275340802999
76.0909476228549
74.24273477089764
74.86740955832836
74.9563913332373
74.59483366736895
77.00262414702301
73.57371490534415
71.70727390177625
73.22668586931427
73.73824779245727
74.47494945966541
73.84001074394627
76.05880939118622
77.76005131158938
76.30355404037964
77.69883824683733
76.22585920920197
76.15995110369377
75.60929816910183
77.02668621053773
76.41242453219564
77.078233085985
76.9589154669133
77.64118764603506
77.00550918106048
76.3500709495599
75.01995265120036
74.89686538273713
74.61685093348682
73.02406446644133
73.72351422323455
75.78260071258087
75.01141016603403
72.66852331225107
75.25515892863628
72.69157421959119
69.5248252971208
75.92861073484201
76.70142438925713
76.28716974169913
75.59712869454876
75.03647388648038
78.67595985902588
77.18624329761286
75.52886870050195
74.41320113870194
80.12327553869721
78.72249891336253
77.33976683556631
76.91075320667368
76.06231915722877
75.52688099262123
76.90254954817193
75.28055139485957
75.86699565087905
73.69758374819132
75.11639505792304
74.14358204493433
75.59262958663548
74.99304484365571
73.16099171841098
72.3182393784831
71.9690686696216
72.33853060728458
72.91293901665568
72.01172390699654
71.50262502407199
72.62809461419756
70.83078248304268
71.09645052051033
72.28042729445488
73.27579327282567
73.48040240819677
73.29850818524815
71.144532844583
72.77791106774767
73.16438913881827
73.17932490327863
72.17470087282909
72.71545743188113
72.79366752950008
73.36885151633611
71.28204434249719
74.0883470490353
78.5192684807858
76.62385410622329
75.95479325906267
74.85648976373653
77.01243456484254
77.78796137046074
77.51520998087406
77.6891396356751
76.95247780068371
77.0879157461694
75.8148283050919
78.20200801571553
75.65734736180627
76.03964568192846
75.81688269478921
76.61811201325835
78.14207848794953
76.10960072890046
75.03484503758483
75.13804369676932
75.43015080972377
73.93808003372177
74.18613970714503
73.86083744781871
74.76164926564783
73.31068234059038
72.83894462313903
74.04746626838312
73.52345371403784
72.23658535434437
73.44747123881503
73.19237919795458
72.81863542000103
71.86730615566734
72.77804575218262
72.98765604808767
72.87381562239256
72.79353513386813
73.59322532125162
74.0838817163085
74.21029596420055
72.38759972688099
72.98254868355343
72.75044415756298
73.30952327994395
72.64708469016824
72.5777175539582
72.25786722519808
71.65625238375691
72.20760083063871
76.3645342850317
72.52518579323356
75.11132619520603
75.67120286326582
74.26522971867847
73.8972068473504
76.64619640935587
74.4035379201453
72.23932103313852
72.75998392724782
73.09316709692541
73.90580103473899
74.15940492547243
76.88442426996573
75.17944162431924
76.07339006335063
76.40637121615585
75.7078052111188
73.8550834723313
74.91775545875714
73.36102977831627
74.10507843174705
76.2512385766904
74.9799056869929
75.47923619632347
75.7256330633813
73.65407976161352
74.451192912304
74.0702326301865
73.12208515143249
73.44627923487265
73.54699978960036
75.15913034220114
75.75104232850718
76.66005910837544
75.91834850189765
75.67852841884988
76.58636329213947
76.05517893661789
74.52182501381384
73.44459274174339
75.03524195914294
74.17934879452545
73.60683951717077
70.78494742993254
76.84040524430279
75.39325899295284
69.82099526021987
76.71079699579587
78.51907183979743
76.95348540352907
76.4457675630979
77.57606750357215
76.23344143008458
76.3244013560192
75.32802575276175
73.20989008450151
74.37382875040537
71.4018968080661
73.15906339579774
76.85686208266291
72.64718258278414
76.691910212538
71.18378166616841
73.24669347481826
70.59227245120563
70.8308798838067
73.03597635819078
73.36496331095985
73.69703217553639
73.68428786030644
73.89497677690592
73.05210469970469
71.58959503295314
72.56773548185322
73.34041462514784
71.551955944207
74.33008103419371
70.99718501175182
70.40380758787487
69.08064675384732
73.91336397656193
73.73403564139618
72.64721435036179
74.41764190757549
73.30480652685584
75.42527542025569
74.54350893487086
72.51665949688193
73.6140254934735
73.19629388336975
74.29848525722345
73.75057845329809
73.3763892134939
75.14599823113555
74.42110053412901
71.44865174817232
68.98658484762647
72.32887616583751
70.76259239529465
70.60976710149663
71.00650091987458
70.5110754532436
71.21644307548196
70.48385202430012
71.29229266293183
73.72775730209932
73.53941005567454
74.19532299116297
73.50154511272572
74.83440459134643
77.98520027117146
75.84054041407299
76.78473814022452
76.54335364636668
76.89808711710987
75.22776361326032
76.48466899844374
76.01869400354319
75.29503965520486
75.2365233532317
77.04748407414704
75.09215011152645
75.29106325129754
75.61518162444128
75.08774101258145
74.5537142443415
75.64938199210819
74.97196609401091
74.91264491506148
75.96882969178004
72.98450010710762
75.30120854695159
76.7593401246883
72.76509326768792
75.00395709635478
76.03622080748387
73.7479059080093
73.79396719433491
77.0395647731656
71.45779806069622
72.05645983067164
72.40677176727296
73.0356819033003
72.51379469076035
71.8319840558684
70.74540811289472
71.90412798881859
72.74053751836225
70.08425362935998
72.2408281393405
72.23219280523382
71.4038622955645
71.75588529427193
73.80405504912338
73.0360273648758
73.11009759789881
71.00613038757098
71.83260114690009
73.84040417510221
75.28349887086523
76.41612343947399
74.48873469402265
75.05446577274945
74.21295901606463
75.63903544667815
74.88660989472041
71.38521689878746
76.02207923547552
75.44827863584086
74.86740830438305
75.06374693486015
73.00295558657228
74.95982730141574
72.48841769851046
71.21872819964292
77.03170732665969
76.23174108758239
76.06669414447462
76.17407045026494
75.70477923750947
74.7827630826661
74.18164057538269
73.38969152071115
72.68714843886296
76.09864404189257
75.29120675015544
76.62588274373591
75.81330923836703
76.17328561231184
75.72449556136982
75.1576335636634
75.19203302353684
73.6164584147636
75.45394142212237
74.93252586258717
72.76529394330719
74.53092856309125
74.53429625543785
72.41391237762517
73.54907829238951
73.50089513689491
73.44297401909431
72.29983729647621
72.53874372374345
72.45844693288302
71.71015430660728
72.79315862570868
72.41398268563391
71.9105373680323
72.93454625344748
72.8247524287781
73.57496885979033
71.91737398014514
71.95569171397591
73.26397380629203
72.85733753002721
71.01508792337489
72.42957700409507
71.13467702327677
71.85374041607609
71.76769044869818
71.51651731816702
72.30691385373665
71.71037445652308
72.38679853619007
73.07399528447259
71.69944017457199
72.77593023272937
74.32858046584397
72.70576006761897
73.23502382232427
72.10083293237103
72.4299260675382
77.04138025959051
76.85255662640762
75.77765450283731
73.70615194969942
74.91726570296161
75.32811865336603
74.65838451283773
75.97830348182501
74.23791547499444
75.81025799046577
74.77530865029945
72.33752959546882
76.55691040739337
78.53828057105953
76.62762563042143
74.08180794562968
74.20284806069427
75.76648556042205
76.84765001476039
74.67926375473967
73.59251248679
76.42569228368048
76.1040902980596
75.6463660430747
76.16147751630872
73.27286486590863
72.83151542054588
74.57054062246507
74.19627592354627
71.92535240236674
72.68065315183115
72.24759146091593
72.94909364327013
73.42078925559129
74.24768466009266
72.93855262948665
72.73925527111447
73.15190635518789
73.14989557332356
72.85172796504379
71.71144707096883
72.8336626972743
72.71281434940869
72.07507163408913
73.37313248913199
73.30317858650214
73.49449867386153
72.79391957654354
73.88255470379798
72.17862685096034
72.88006310898773
73.61409332966633
72.19143316901675
72.0688577268945
72.41686644758113
74.06252569274076
72.51542593530012
71.09649192841457
72.4815293648723
72.16234277223752
73.44755854980515
76.54837253146786
75.29738651346577
73.75578230032548
75.64043752566327
75.69090496213404
74.70733252016691
74.74248759709235
74.76590969184787
72.33257097508597
72.34926370326228
72.86163497465967
74.47569027062906
76.76747986329814
77.78699459230776
73.75180902050714
75.63255097962895
75.62912137866425
76.81227279999023
75.72145106091499
75.35939441240727
75.13775330606471
76.33649481726252
73.2018102203788
70.47019711740028
74.83498702498338
74.99373955469743
75.05350939861358
74.77119520116834
74.80765607549333
73.97381957265226
75.70667061820039
72.81547755955452
75.392903139808
75.05406833055841
72.99220741813588
73.10863593963815
70.50366425557856
65.87810785918983
68.68787276494214
69.36473527746917
64.45501167314279
70.59733063684045
72.75435716932925
71.78218736837995
68.43001454783536
69.83672671445001
72.23416888359212
69.34194356451324
69.8686353356749
72.27040616095084
70.74261693362237
71.13134997976387
74.01903706350126
73.67275887606287
71.46235655183239
71.77276285843668
71.94893972176158
71.6496330378537
73.10990031365472
74.46987671464498
76.20406924775887
73.23949804775835
74.68383226146588
73.93714197556541
73.7087493758443
74.36631982715852
76.01022458590046
72.42414842918848
73.47594443568744
70.98802109131059
72.1241032548544
74.99462193915888
73.17313498720794
70.8363873150536
69.4444397953986
70.66258948898974
71.87909685330891
71.39369597468121
69.88716293591659
70.80424519027638
71.10355476134647
71.08653300621748
72.68300562094605
72.20637680593059
73.6012517891866
74.51975030398597
74.22218309530346
68.221485821819
68.25140831478038
67.4763673362245
65.51483985912336
62.441388518791626
67.04550311603747
64.68014703721828
63.311774892437406
61.55879925029016
61.648822002845115
59.51735172441106
59.611561183267966
61.170743854107776
58.16054542792992
59.31863789528812
58.185208681418246
56.67216313143721
53.54021674801412
51.34570884485775
53.1478405357114
51.6586795635883
50.09112999680597
54.47970374687583
55.93759470539181
56.25908552655021
51.705731971580846
50.28976831224746
52.49192478421086
52.934443673411344
53.703376167884464
50.922982408203055
49.267131625099374
50.75107967897101
53.60666677028735
52.48667339011532
58.20682733890233
54.7362153697872
58.94929950127519
58.599005628522264
58.78162581162366
58.01202242616393
56.223143454563285
55.454925253851734
52.89793066819653
56.19433100066295
56.100855516456285
55.17613459561531
55.0132690676334
55.42005785862697
55.48445211119913
54.83483040541774
56.10398835251447
55.96659907121452
55.10880324390886
56.77892710569758
54.48259147551808
54.97540957990847
55.966264152574766
51.96908041812787
49.086025767338576
49.1132586150323
52.18148745401436
50.793484039457155
52.75324533515407
49.36384466672869
52.726653872123634
52.54567868006003
51.99312231956109
55.681226182300705
59.17973736429872
59.29001568808283
54.57947117832649
50.928217995575935
55.819512199177204
52.5729653387976
52.28756652071597
51.70736620419022
47.314903442082574
48.13989222203593
42.768227999870575
40.087069350251404
43.709413137291655
46.439266099355045
42.48690486456556
40.57190610237901
44.727066216200186
48.43353811392067
49.923424634590766
51.94266955585118
50.00862158026741
47.35334222647053
48.34413692910567
51.28389535987096
47.66659806320263
47.95404871700171
42.15404821031503
45.10411602676258
45.886141872301344
45.23683062234799
45.879058118908695
44.52354529036961
40.568975725739364
43.727061574075776
45.10053898314495
42.90095157485751
42.23100520451329
43.16730257364024
41.03938162967899
36.73199782563172
36.13443457826293
35.435044391859336
31.027218932155705
34.30805632441823
38.15425332082617
40.31302527181998
41.014917300159176
44.84512901605919
43.18563961089808
46.188750538668174
48.37290060616099
45.90183775940533
51.738900281093045
52.00933392071591
50.58386203107339
47.14583347129052
41.55732091524074
40.54536319830364
39.93249418070192
38.56268319694038
41.42774576036016
41.13897400031814
40.72787670592389
37.82100519743889
40.53020188536945
41.14839479242269
39.24460016594011
37.587826193699684
33.98466849113689
34.779929058367294
30.28142110356953
32.46594958814304
36.55879604034834
32.86865086037411
34.68777107713294
37.21904730305108
42.9351174048271
40.64988285666793
40.22043838919039
34.53194576490404
35.17622055693488
35.56931472135873
36.44926059168634
37.71318631807858
37.860168860352104
38.14911401168815
39.70916779589102
42.82569332800749
37.91446484030271
34.67048582202875
34.70249060359992
29.622109311043623
28.199468705055807
28.674439601970427
34.65291142287362
33.524944632927635
36.28921722313481
36.40127025542715
35.041014898126036
34.313499948091696
30.319290784247215
35.193014470296646
34.40788584660585
38.64704108269763
45.24063778653359
43.20755541723993
47.753895680370206
44.976659093299496
42.27162345699387
37.20247858503825
36.73497842798203
41.2826573033566
41.039817667070274
41.50450294606501
40.402373106292565
44.065051596289884
44.32580217102135
48.05847431147084
45.23384421293989
43.9478901187963
45.05902964065929
41.435315645903195
37.788509406361825
35.17218920027029
33.632132763878
28.399823321805833
31.046569219371403
27.607549019297345
31.84624622079506
26.757561489204626
26.54070453270141
28.829205333569938
24.874825442322734
28.31318477405343
26.607534192356184
33.77929164718573
35.02957486071573
35.9594894426257
36.676101831386134
39.9251705471469
36.85376509833892
37.834900774175004
39.37474243719671
38.26709171588856
35.18181897872063
31.868648598451472
29.56832705503221
22.902041348659587
23.731934493015686
24.243723664062742
26.565134649004413
25.44946947437865
26.97722609386576
25.278640615830046
20.821385445686037
21.19646252709454
20.847907883164307
19.37569531534679
17.445295054786047
16.260271528363777
15.722628679991395
17.802934667762685
22.353618678323734
21.384758258902348
20.949731219525475
23.424942468062646
23.539690136414848
28.50247757651591
29.046493815130205
28.100783152750836
28.844502555894454
34.88234909066669
30.740577002217513
35.786902047682716
32.8062157553553
32.961633001894626
30.774532708489417
34.23136419738235
33.84786667163374
35.12372191425453
37.60649730337005
33.893785173979424
37.244378869133314
29.897072355064946
23.506479572719403
26.445214508465252
27.814378229001612
28.742049390956804
29.074846982864027
34.47883994860715
33.54468507550555
34.5499020844268
39.791369757706256
37.7928003355243
38.43000175905664
36.67484347958546
40.410567053683984
39.67400661438754
36.59658954178262
37.587282350177546
33.11298127250826
32.39992573105403
33.19461146052899
30.94401122304471
28.6554641765649
31.255143214318878
33.79009331567642
29.275318451039233
27.583151530694163
29.080271619636996
25.284420299038455
22.320509622675743
25.46165957128986
28.60961685350031
27.392642341958744
25.939735703166537
24.813805888360434
21.93760294974497
19.887081149994927
13.734072465530234
16.621565150526266
16.55974730871916
15.113645673311702
13.894383541591512
20.79165935848053
19.963721941495045
20.943650701901962
20.82823874399396
21.71135671499569
21.171381175424006
22.907398373267235
17.234139343591675
16.631520130832175
15.227360439447152
14.179606120162116
15.33915326207081
16.552508979489897
11.98294115046951
11.959464545060753
12.195151104111932
12.679367907005185
14.91701342306369
15.33444477310557
15.119000683065343
16.822450524340816
17.948295494876135
17.761867573167148
18.165339825627218
17.339499297185913
21.320921984423908
18.25787071921565
15.614390105954731
20.40336772945709
20.9507849671371
20.586349014108222
20.218866640896234
20.15922304249256
19.641637712622206
20.51962110067494
19.086648344999357
22.092579512357528
21.248398334715557
21.62838990415776
23.668974651971336
25.93735180992273
25.34579050720239
25.924299913509202
26.605144813003317
26.42537790121807
27.51814160760999
28.889886068902427
29.090908224939298
28.6048131726674
27.769555242915743
27.294637921301952
26.010648119841616
25.806841255412923
25.88582004404395
26.33561454609386
26.21695367062462
22.26710816008119
20.964628883033694
20.30471172252105
16.388458822622304
14.198994368571748
12.955522654146876
11.212446540657044
12.029597832190586
13.192889022162676
12.543955622749754
12.646059285079291
11.374106009970228
12.13452227043528
13.330247917923693
11.23663063631904
12.583150653183793
12.442124976918894
12.704486772372565
10.934546454679781
11.48416881836939
9.021169934249983
13.947535717654175
16.543637432078192
17.309900778996845
14.148513040360921
10.010050208914945
8.303213319883916
8.606300303496969
6.572650324223688
7.250501357970101
6.264257405519604
5.9989829173401725
6.480430140613424
8.781972356823994
8.04847403396625
4.802346109354211
4.980038577095772
8.560745718193004
10.03499830401031
10.169733691854265
9.290597890486508
8.096200529420646
5.683832380933803
4.390405615973879
7.382978005743882
9.730649253043095
10.663805783651236
10.17680247622426
8.617559372392506
11.365841163465399
9.272006951410113
11.8392385138612
8.94878153863975
8.628390947640948
9.938116607857626
12.56312441397933
15.04130149763525
10.685478363089487
8.472064557546128
7.053995775096057
10.025461704981785
9.744683852391988
9.153947605860731
6.248914945493866
7.081604842425861
6.999072160800897
6.243139450908786
6.885562261295405
6.251636786661857
5.660898085753397
6.5322853186622885
6.673176185183126
7.375281208607085
7.1153898095415675
8.518192602883804
8.349168796272322
8.183426164821048
8.235975718991137
4.1634085366395155
5.201517674439492
5.6200521162976145
8.009302625309468
5.719148580834726
4.121969099745911
5.001133751117155
3.3483803750137584
4.3200171775423595
6.6865584792117785
6.733166684855089
7.462244819417509
8.443228369712912
7.271071159844564
4.78826730697095
2.584575017882263
5.3434161105462215
4.713275677168642
3.9866628948440246
3.0098033361662426
2.798457126741438
3.5421329050628145
2.92249792223217
6.649524281132226
3.2708205694540196
5.1971910680745665
8.533039121532374
3.8219114221317803
4.56410307135755
4.560451810446815
3.856071246825323
2.5264126568981577
1.7674440514044534
1.8802232030916008
5.130787456421208
8.936105354858839
7.401148952947142
7.652871471336893
9.44235652333261
9.297518894332608
9.323192028695049
9.36880022537772
6.655116721179605
4.944028932923177
4.031879806806569
4.759099365484345
8.165181389438695
7.2047942266452765
6.3481913616225825
8.288399193133154
8.82383471917235
8.504128079933805
6.888263996600346
6.367900370518985
7.6094188006888235
8.06848758536055
6.283503941751842
7.33108179659541
8.125583197721586
6.959115012229229
7.8303538777667105
7.463063329657687
7.460811259666109
8.11499734634496
10.325428546921252
14.307644276225954
14.405749490325142
14.382444664708526
14.36787007181461
14.161852756705493
10.4204082707353
6.02235498087671
6.775105019777869
4.279463182664313
7.968024292774955
8.675005328680216
5.476061503269879
5.2686014850483245
6.186721921025951
10.243883835227352
10.075881126960331
9.88806577331621
10.121677336676983
10.358344454349623
9.851916193735944
10.100064270649632
9.436152209952406
9.237045593148679
8.949947011192592
8.790644587311698
9.426800255020387
9.44053573928514
5.5928509899969425
6.049838074102961
6.037447158938366
4.291276820512483
4.16132207069364
5.856437936561772
5.691509827527998
5.485468400208083
5.344404431414505
5.358429800949495
3.739227435637426
4.724475136301704
3.8878766422217312
4.751840702760458
5.119116268304599
5.231527465282064
4.059712845213835
3.709429526377845
7.712834403555848
7.820962651858687
9.726671414504139
10.124980797345877
9.796216552361468
9.672162199448907
6.61533908748499
5.184673101132316
5.044562991559456
3.7810131639248983
5.952981052840557
5.847356862443552
6.635302021866662
5.156794330576221
5.770304013860578
3.6462372637998954
5.964277514038884
5.4069693362317865
5.865531037317953
5.160453259272298
6.451297649061797
4.831726249448567
4.354285835130604
4.653162880011758
8.904661031046299
7.261255883893155
10.226536403204914
8.797235697433793
8.884619380186898
7.581184774098963
10.695623317389309
11.084203593894436
13.303749253980866
13.641488365371025
12.996811513469401
13.1535820684231
11.688937364093931
11.357665352857381
9.932184838749809
10.535026542715865
10.352063730275017
10.3840574387293
10.780300175114421
10.687388373820463
10.12446499944045
10.96806016085704
7.126279417301653
3.8785909693472114
4.382683711923392
4.801067502883098
6.137156980545086
5.628352888087063
6.159782001462198
5.026084297040513
5.798084982025262
5.612284623204708
6.049810667847812
4.833216100338051
4.976042382068167
7.471440536523168
6.678785806723999
6.497712061131999
6.988248773539101
7.044503509522849
2.7448052888868575
4.412200904384776
6.991402228069444
6.914814388982458
6.501330912781615
6.9524874194834005
6.9691790441678405
3.9198274759111893
3.39837041179236
2.9124551163282297
3.676741780605688
3.86487601955512
1.6957467763540983
1.7048351707843394
4.709715847796303
6.432953007208908
7.85954556840168
7.1108730290508255
7.363389015320088
9.340979464551612
9.336472665764905
11.83205144580505
12.308380413017785
12.164229785021202
12.459533048174862
12.8293436962542
12.460618947837586
12.432652216414715
8.573174797872596
7.619060276751508
7.7231531209869955
8.791126338469704
8.728560897275836
8.734027160560377
8.694807749819317
9.176515330787188
6.894976247800117
7.145796294343527
8.296427750350515
7.262377779192069
7.174047460402667
3.2322659903520874
7.086447595834446
8.903878724832751
10.964491116057873
8.950176680461503
8.631194101174911
9.23820209497004
8.746465543401522
9.762530950090436
9.82800267995241
7.465487118675578
11.371837783776993
11.478807045171154
11.893546803497825
11.755659666138786
11.357550338148236
11.346638220846522
11.417075108936842
11.356880357770704
8.927073964391784
11.17788252925635
8.496979167350261
7.993404838330884
8.43966854080779
8.292472321863194
9.047637864361901
5.15518229475849
4.953305642001251
5.290824568790786
4.698400359324764
5.217282267270864
5.201679667277543
5.185358211515512
3.5768876118760677
3.804155744352056
4.873024652469337
4.764079867289829
8.346358263830549
7.950024634037297
12.768939937883392
13.180198869264204
12.41108476082577
12.233072438693716
12.321020553470087
12.20818867127075
12.107636432903524
12.092648712490414
12.810327444768017
13.231658395513678
13.03435797040723
12.724147244502849
11.966839414524298
12.405029416674257
11.945056607167373
12.34323823684625
10.131557183747079
9.790189515535227
10.407297408658614
10.526646522262144
6.848429709984944
9.855485528234393
10.239776009146926
10.218240453424807
10.444917570130126
10.094717954939188
9.99082531907952
6.060783638595979
3.8710356611180554
3.909678003120666
4.320369382422941
5.10102593594184
4.259361386460291
7.44348837237739
7.328837575462851
7.007524225897985
7.528403792704608
7.459260829522856
9.086123459130645
8.887966589406348
8.893754866144398
8.911026576002955
7.703975844304463
9.59253658760596
9.575683518392193
6.973888256719333
6.016420794512796
3.600528972503515
4.194742419631792
3.062709072052755
1.8356073811272524
2.870704427296858
4.432654664326966
2.1781415486758626
1.7648339369325345
3.9465900309210973
3.743565908770714
2.8457080791482823
2.941582941707686
4.162413412692387
3.5027954559444208
3.8472777782360223
2.8856811261537008
1.9131879324799628
1.9235494573762835
3.9921771009683287
4.059548411560166
1.9778580573446225
3.7304927243351518
3.8224114523958304
2.470888440133268
3.613753272519203
1.7654044085431662
4.618582562478524
3.142119451974226
3.6147576544096025
4.084452159101765
3.6293938743585796
2.981043708725805
3.54794307086872
2.785449947209829
1.8345690188915398
3.5333960872110426
2.181857536799347
5.094889572320398
4.90414628527124
4.723931573377388
3.6241747063318015
3.4007119626107816
4.177481338453253
6.410631395704988
6.697768059178782
4.466219137951753
4.878532784217203
6.4845148874839404
6.165470149667701
7.998797956485744
8.139546522126798
7.034347472106495
6.710897579811363
6.6390322698911906
10.280343830104895
11.835797889556149
11.759357469560117
11.767998621943883
12.476650767488891
11.057030802605377
10.90574716406527
10.919704477831965
11.627799540128363
9.9019992122703
5.655245114891496
5.627903090146476
6.961703397558033
8.374315897820804
8.054110134277783
6.602403921154685
9.762597545243427
13.26451097093008
9.874536151145184
10.114275220140904
8.663853708255214
8.510282309410982
8.544197844153041
9.16341805720078
13.132143010354097
12.742176234889746
12.545431335836751
12.496512246448075
12.329619003985078
12.368958712680518
12.587213470670513
12.762688454986312
13.36709766587073
11.681315472894688
11.839158763352001
11.637696216694351
11.857071432335088
11.950487010646626
11.884066611241042
11.162559288523076
10.914610582647086
8.707621959181811
9.112031914578575
13.240869425033388
13.128337956513679
12.919225866990327
13.010978928733397
12.83485909568115
13.332526875058896
12.30267769925676
12.067910797643679
13.720807098897726
13.85754753756592
13.846302102413693
13.570607987396606
13.466894043788887
13.476855565559454
13.837525099873693
14.286852514930525
13.880538821897243
13.990330867772936
11.884881473194815
9.14268976417274
9.2821679087184
9.214627179886484
9.544018572296862
8.681752852477695
11.54525536483306
12.146516889494597
12.759119615940454
12.587788123271226
11.543851442395479
11.933662494498027
11.852820422774466
11.585090878561726
10.202585457620023
10.179093450222027
10.178280560064115
9.762833128923642
6.752039337741142
7.26859396068824
5.57773041342595
4.739296795504597
5.357813839342973
4.7517669040632
4.294655719296049
4.0674888570393755
3.4273565244119872
2.897366760124491
4.1247182056044265
7.542965490876123
6.646223135840123
8.702704687936908
8.82178666432371
7.162608787437939
7.476179092300555
7.033803454037777
8.414918060751768
8.870184865362539
8.577583980827148
9.893335178747078
10.35685647655426
10.008431113416442
11.475929628891402
11.304742728435242
10.526053822734152
10.491612985020971
9.514988168233607
6.95236788219233
11.570981387162304
11.1822346557526
7.532667986422718
6.596996549397128
6.601480187727467
4.189523668022548
5.817860269518289
4.459323497295167
6.237744404778779
2.579599340628385
2.5811731278898007
3.4240213170897573
5.163473316163825
3.1566530038013294
2.5207447059020733
3.8203403188702896
1.7686082321135674
6.265906802646294
6.449379279980733
7.412450836202086
7.335416134998882
6.872314286919484
8.89776747716207
8.991127899549458
9.05541922319717
8.607501559347511
8.364825789008728
9.360826997528918
10.73829243317774
7.856286931893585
8.171466506965517
8.296827737149439
4.867246745699773
5.587345371851107
5.567476609633255
5.702717933606436
3.0900859741392277
1.8032616908576515
4.0867801487222515
4.87994168318092
5.663900676893204
7.610108649305721
11.412715752696776
11.277036606978285
11.74631372647334
11.581157387296265
11.064683586017491
10.686491071196519
10.613398880926402
10.721510734089463
10.352769795636686
10.812195227243464
9.2132848105781
11.352883056059119
10.245822966719102
5.746474555802093
6.529845761301991
6.483596000898427
5.792596182761384
7.4665746664766
7.97364249462149
7.3038885149085395
5.732159899882279
5.197600898699044
6.014370167596158
6.573143529544084
3.877017847833902
2.2953803146382707
3.9878308996550733
2.685843114287362
3.812718789691214
5.4207841378196875
3.7569069540067437
4.20409767086799
6.7969357717353045
6.230909933656145
5.748061291738018
4.256231570928406
5.548866447296186
3.9741233029024183
8.28690213155452
9.006987063184663
9.14158375158787
8.687305607086406
8.462837749496186
4.78986274105664
8.060745726604473
7.035938207977263
6.858267237690391
8.311763805667642
9.513674179817016
10.126941706506628
6.579297759745222
6.6469775967697675
6.173901103690894
9.102298155242842
7.622560856896885
7.6107281635087425
9.982416119919169
9.559434622837085
10.09700921580094
10.105372147936471
9.919992409460924
9.875941453759872
9.993626732866572
9.815127350895256
9.824785067197292
10.753146370568716
12.66809844797826
11.99346841125655
7.967123520280929
6.181559330164357
6.868753688182046
10.347737638439764
10.573027583351601
10.571838757398213
9.978732893685985
9.108923336164013
9.116776582114401
11.578488411920741
11.036773314046332
11.010831558240154
11.713301302317175
13.291673762847253
13.159655240851302
13.184483257344732
13.099831253624474
10.809090803473714
10.887429608688421
11.961293802094605
12.155011655090345
12.53637579093077
12.490000647237506
12.203181284367764
12.040303658183893
12.498880924490875
12.036830623876854
7.933899903382959
8.31017199277966
12.736895234190932
13.021649324669795
13.04303910112727
13.082935553459409
13.277141367324418
13.386120952545845
12.97820336902794
13.352579924527335
12.536292102164644
12.44591253646458
12.531584109892353
12.442360857813453
12.461133477389954
12.183267173627742
7.730201287657701
7.726662529230291
7.590039626502713
7.181723645220118
9.411158528141192
8.09695236205124
6.1599699929701845
6.486106311390025
6.736093840996393
6.904681412454349
6.862979936537216
9.904133272232869
10.187782984260995
6.295944871116404
5.989115436846987
6.984058011141497
9.057126992871071
8.910421523102917
8.81906937859952
9.305096687548744
9.522951440706844
6.734008392468576
6.884929151821532
6.000080518301253
5.204980796809824
3.610733581742794
3.66011974889683
3.3595341775510246
4.171647399995763
7.313713244720364
10.27994181993979
10.579280675377893
7.009756418664137
8.655640687761794
8.807806289387159
8.562616739043206
8.573906312049854
9.035979743751737
9.089189932743368
9.464789869252444
12.269985610414006
10.644217778013434
10.333760653613217
10.413769040834355
10.14863412603803
10.342538921055667
10.427407985576542
10.098225677551248
13.063455776625908
12.907650372629472
13.23198242070078
13.289404700318991
12.866244986367665
12.90158128658971
12.90207816109221
13.160168401037321
13.0308114250799
13.08085734687583
13.49913519427435
12.744238047250123
12.769978857170512
10.63289997536232
10.634074678186634
6.72829670747501
10.98243683511076
8.497281206232138
7.658829592380966
5.797358706718582
3.6008041603586425
3.2489677528294076
2.026051525024064
3.1539779912766903
3.451875207379633
1.7357684394189863
2.6347984498414525
2.476849695885544
3.780654215028795
5.567760569302257
5.6420993215239035
3.480051616380351
1.6464340371383752
3.1481189897554156
3.5827724533944703
4.198718929454296
3.78396377555443
3.297872523192245
2.131781801592082
2.1267366016664564
2.1753532442167405
1.9557580473885667
3.622133442596605
4.310887656354655
4.57894118186478
4.745241561117108
4.63507544061105
1.6734020678367454
2.2278130423025915
3.1052578869220224
4.496480782467378
1.1027264330234297
2.3334096317933133
4.4268073586372925
1.7046265927029602
1.1803473454829796
2.8218798896183044
2.9355596511422912
5.348144419812391
3.7779500834548934
3.7243703248695668
4.25334218710596
3.4289555589608485
4.215261150893582
5.055405918589107
4.576486142335886
5.056608119794492
5.562379471662841
3.0766367063149693
4.541029614735293
3.7593447385471914
4.423637080209014
3.865111715117308
6.260747472494798
5.100144097066295
5.533123972045835
5.189526501826022
5.051204237163529
2.1446238084943556
2.078267703469074
3.180293125789259
3.1365510147821665
4.707078011863099
4.295915976731515
6.516919464218713
8.992708999377834
13.312054265736993
13.0177802748476
10.35176383123297
9.07424095172853
9.070218643243843
9.053768107056761
9.434413567893591
9.380920982306552
7.501085944091708
6.15605007143902
9.596341554950984
9.472195956075788
9.471226962061943
9.974718239553601
10.057022369369205
9.840128308965824
9.549364748746466
8.494511808637398
8.194913813461822
7.3092617000399125
5.16267198068708
5.226700139695638
5.623173913329583
4.240961552238689
5.168921154372958
5.529016481147941
5.95340138069713
4.938705163050782
5.449900046925299
5.836809184008891
7.933075731377355
8.42922969220112
8.194690744192409
6.581228164140387
10.25403313778534
10.077212049946372
9.872425572340195
10.65042841581368
10.152792497072463
10.544059725300535
10.47454838162807
10.3196527716744
10.360615029435177
6.18184997166365
5.776907042568114
2.882038778923361
3.5350857849992408
3.174404410954862
6.916532816428511
6.928702161978672
6.576579358442611
6.531420475592094
7.1092215658813505
7.152675044628378
7.183479735703354
5.644361370517159
7.829872387624018
7.780497135534632
8.104788175904647
8.275287960197538
7.9453680894029
8.02019009485163
7.770859391250934
8.458535800695442
7.7884836604860475
7.755727606918842
12.658490693631641
12.440432440592144
12.496613558111143
12.35941343461605
12.161946217157336
12.548878549880465
12.14369614794874
8.293008672918281
9.20569247823803
6.1758380906817
7.771883465629535
8.225556846371529
7.855371754755108
8.755756361285329
10.370620339174902
10.082653362603807
10.612986765047976
10.591741047079346
10.525159159166124
10.479062284364698
10.71846911148395
7.685780589613144
8.303505644282595
7.928444882170549
9.802449569314874
8.924723840362386
5.45717075798705
10.698787300437086
12.219862916552534
11.948637020454958
12.248551627910825
12.126300493861146
12.139422419298063
10.426839527801803
10.860557775735565
10.414429771546954
10.996217181200983
11.186262063140061
10.867342040079539
12.476118965327792
12.91377389018076
12.891152668099096
8.44633182772592
8.214630223092463
8.757218149306022
7.712175877573535
7.350051564748826
10.883905014298328
10.232674785923823
9.616700541646393
9.190898968228714
8.801897379386862
8.610109227259423
11.093333093146265
13.877819424341999
13.419730934237567
13.661175324428063
13.600793148863442
13.297249743732541
13.816210390863333
13.443917944148657
11.559111562978869
11.673160181741004
11.310229693817972
6.82576997735846
5.3738249352544765
3.6282077395589774
3.681755717426212
4.322537610563888
3.8870164792803483
5.171430322114662
5.188110857601469
6.1169145128921905
6.330585064825367
6.059873420117006
4.566005568731706
4.636181979302343
3.857977320832983
4.833247005895594
4.642428821986962
2.756589465069238
4.0785212571142315
3.3992060187941373
1.5119694500499685
2.72863874514778
1.7055460223887988
2.447344571308551
3.91342128679173
5.056326338100884
3.4729076237104435
6.423129843881917
3.1770390634940067
2.7669879879104387
4.092076001673031
2.671313994632439
3.0239616299908256
3.753339706646207
2.678582522159303
5.41711017059836
4.297116278257065
3.847207453489832
2.579323423268576
3.772216177116954
5.535439485529286
8.485858544844088
6.505606116810803
5.759775802199772
7.197830231712357
7.685850426722609
7.8340279420186905
10.222178205345692
5.658831415703454
7.007221499559109
6.580165331024414
6.581107381034736
4.259666967745225
4.261921858139262
4.258492041687972
4.8503759089801095
5.5274433923278785
8.784918267553657
7.199395497636531
3.679499564906072
3.8865794846131068
3.6138546276845416
4.19227385730812
5.027310260662471
4.979712263400839
5.313502353565793
7.9033209285181645
7.735874490900771
7.853084765674415
8.098655583469695
8.341078333999794
4.929588306156734
3.461534841293491
3.7961262038104513
4.66691217542938
5.4782364840926565
6.4710925453844075
5.4647714412045705
8.09053608475507
7.5790942031102535
5.607970072458215
6.1710033633841785
5.535766548707279
4.017801262953781
4.1360695970956005
2.8289894855867415
3.9734326416986874
2.2955865965435884
2.349663689824992
1.588439207800768
2.1100252878189236
3.215597391282269
5.007166050354938
2.1751657673758973
4.025799763576932
3.675295552610078
4.60392985081226
2.0278761369229277
1.6151610221884496
1.2050770377893383
3.374085364035666
3.8653157799871862
3.5514706394039384
3.459018905747005
2.6741198539066193
2.7101031680352157
2.657364471372601
3.4248369911198338
0.9628228660723704
0.5768474141477905
0.4528596173510526
0.21602778116442348
0.25738011521546
0.3646143793849794
0.24793710659509313
0.2490940117206918
0.20134149485407782
0.3315534301976973
0.14439824605526905
0.13334265164864387
0.08934390124687866
0.04116736707047875
0.05168072200875742
0.04908765353212642
0.01820639524402047
0.020300237468181895
0.03897923940567163
0.0068215034980654765
0.018565777091647223
0.026511819844994906
0.023736042186958784
0.005370809543630183
0.010285586919755306
0.009708777208488763
0.010507604824206575
0.0035504200904588655
0.004740287093061339
0.0029442991697773133
0.0020485948996508308
0.0015431260043118334
0.0013016757156871872
0.00152895946864647
0.0013129002867314952
0.0021066263484201876
0.002812690323378803
0.001287998625218642
0.0015997656130666321
0.001928727290310801
0.0017993280549265744
0.001062613168332212
0.0011878907240931212
0.001009497587024101
0.0011881731487653412
0.0009603311015359792
0.0011202934165370456
0.0029079034715919845
0.003252833991987239
0.0015398154261311448
0.0012244580722909724
0.0019329025310635564
0.0013372985864337778
0.0026195410846665173
0.0006824060652590133
0.0010818033144377624
0.0009014879698073402
0.00036327872344698903
0.00043909215835526925
0.0004523706006845
0.00012241062801772847
0.0002370642851632126
0.0002545236133620723
0.00023918261654001742
0.00016048069710170018
0.0001829701311565879
0.0002514363032169417
0.00010531698559387185
0.0001749997019471735
0.0002503052345522486
0.0002418008298544433
0.00015818288836411755
0.00011284775298676639
0.00011742165590806885
0.00014660541015861823
0.00022272049272651292
0.000112604880313104
9.422776928321355e-05
9.999518670386868e-05
0.00010163906908358978
8.40762421836596e-05
5.940796881179226e-05
5.424069772697941e-05
5.11324973239446e-05
4.574372741803938e-05
4.0691520629346845e-05
3.6137678779878154e-05
3.440713569185343e-05
3.116669743375328e-05
2.66049045279018e-05
2.874945366042522e-05
2.7448179037270864e-05
3.1189073024449276e-05
3.142847787660249e-05
3.765534908570834e-05
2.760803280980854e-05
2.9646967353373363e-05
3.611044707392954e-05
4.612796814815939e-05
5.9903494805242195e-05
2.598607722834475e-05
3.989972778573164e-05
3.0301264500450256e-05
2.6329700151787884e-05
2.8826759392923057e-05
2.809693406026828e-05
2.9901633963388493e-05
2.731496292674548e-05
2.961602182932852e-05
3.171781700092828e-05
3.795214318185153e-05
3.580644552023875e-05
5.1482836600714336e-05
4.7829931481351754e-05
5.3411214605963724e-05
5.243988567698046e-05
3.115451239933571e-05
3.9479283310269815e-05
2.990197055754031e-05
3.067931132502748e-05
2.966043737686356e-05
2.7071899107289067e-05
2.7254043704406204e-05
2.799114647554982e-05
2.743730962584609e-05
3.013286498275654e-05
3.5107986973643446e-05
3.3546711630804604e-05
4.442752316648389e-05
3.674455527675761e-05
3.1057841534717085e-05
3.096981183314165e-05
2.6760779613021836e-05
2.6265887890102594e-05
2.6614566012377355e-05
2.763708438169493e-05
2.7887103335577707e-05
2.9345172029725383e-05
3.4806353260691693e-05
3.460864087895237e-05
4.5547254901415e-05
4.749086331368581e-05
4.774900165440271e-05
4.737309528284948e-05
4.2017219470988564e-05
3.6314245944444543e-05
3.329032801824756e-05
2.6797540400877273e-05
3.052929438254442e-05
3.141808478860284e-05
2.9822449329094165e-05
3.321014852223152e-05
3.075516594754033e-05
3.715157064603015e-05
2.837071627462772e-05
3.235284093950312e-05
2.9742839875785402e-05
2.961916388855592e-05
2.761151769313285e-05
3.1616966425257464e-05
3.09616039818728e-05
2.825835497046452e-05
2.8105629830750416e-05
2.669419150271425e-05
2.706146666406572e-05
2.484637909498728e-05
2.4808281170553254e-05
2.5667264211742684e-05
2.794322364008012e-05
2.7988109282804293e-05
2.8514452060596078e-05
3.12744691159117e-05
2.8099282551395638e-05
2.941343634596708e-05
3.221153269642078e-05
2.7622329592901766e-05
3.040546575842652e-05
3.026615472436018e-05
2.8511987551712686e-05
2.682836072889105e-05
2.6143483072644407e-05
2.499564897366329e-05
2.642060651320441e-05
2.752407076236142e-05
2.842322369001565e-05
2.9488618505834527e-05
2.865437275462186e-05
2.7061483947012368e-05
2.786263855457392e-05
2.7440013056365632e-05
2.7858187257871e-05
2.9454770646751803e-05
2.811087935941066e-05
2.7135270268768466e-05
2.665499823697985e-05
2.6624419463302418e-05
2.522997697343083e-05
2.7054447605781885e-05
2.55390595537001e-05
2.623895630341371e-05
2.617078889555194e-05
2.7868506028253007e-05
2.6547073988499e-05
2.6935833021659853e-05
2.588913776964252e-05
2.762798842038303e-05
2.8089146708578477e-05
2.7307811740422175e-05
2.849660196176217e-05
3.0206536748105646e-05
3.088937803926492e-05
2.600458335456939e-05
3.037273368370763e-05
3.146263735573122e-05
2.81994591720278e-05
3.1730845221547174e-05
3.278418224310503e-05
3.7991710487314844e-05
3.1892164009311495e-05
4.9297841125837484e-05
2.6252854262341464e-05
3.243876835088784e-05
3.0350092022742558e-05
2.6136448482386724e-05
2.688466730548844e-05
2.688366920382539e-05
2.55522499055351e-05
2.673410241276922e-05
2.5711685502930382e-05
2.6958264643698315e-05
2.910629395375903e-05
2.9397718786922425e-05
2.883699033662721e-05
3.387953014004599e-05
3.253470603282799e-05
3.169853826147229e-05
3.523073382432896e-05
3.829559934469686e-05
5.253164152492453e-05
3.970957660422018e-05
4.431935999492471e-05
5.174848946384529e-05
3.7364253306161165e-05
3.258056274712379e-05
3.967269591628422e-05
2.8775394571031462e-05
2.938294092455361e-05
3.053043543632081e-05
2.574836247241443e-05
2.7784150042726433e-05
2.693388923570043e-05
2.855342576957419e-05
2.8459936634591775e-05
2.831679256223108e-05
2.8200457204143425e-05
3.266944606303426e-05
2.857679583550074e-05
3.682721849461874e-05
3.2705379971952536e-05
2.7141736551242445e-05
2.608613273681355e-05
2.5724545815080622e-05
2.5711371528798833e-05
2.7641321893100545e-05
2.6047151811686902e-05
2.6294280593604554e-05
2.9480848253999477e-05
2.5952045027015643e-05
2.8637719221971215e-05
2.6091116636661228e-05
2.7425135804974636e-05
2.609902015916707e-05
2.6307807017505936e-05
2.5311348210866827e-05
2.5265095690262158e-05
2.79487100664972e-05
2.8586674642948193e-05
2.838393504790277e-05
2.8473095135181833e-05
3.166359883587108e-05
2.943559791994589e-05
2.5790462493446524e-05
2.934520185181081e-05
2.7369841202766124e-05
2.8596382223832034e-05
2.8935909003994306e-05
2.546897107525086e-05
2.582972878015747e-05
2.674857446146458e-05
2.924298722856997e-05
2.9072739828463658e-05
3.03746313485663e-05
3.14893326111807e-05
3.639000721955844e-05
2.6959212764472162e-05
3.0569654706488904e-05
3.067734669103117e-05
2.6213927644714178e-05
2.557435448987778e-05
2.7026132128992594e-05
2.6917704180444878e-05
2.6811393183940668e-05
2.992334814730349e-05
3.21889610553801e-05
3.346179032872078e-05
2.8864206437988208e-05
3.714142515827384e-05
2.8164512180214822e-05
2.633222491869338e-05
2.7319095228902323e-05
2.794458611988221e-05
2.68247503822282e-05
2.8425418845346935e-05
2.6116622058774505e-05
3.028807930199419e-05
2.960773157291613e-05
2.931343677588078e-05
2.6304483281822477e-05
2.7189792904659912e-05
2.7686455865744332e-05
2.7621565127937355e-05
2.975334867444066e-05
2.8317241571724183e-05
2.9204317443611006e-05
2.745576686486342e-05
2.6624517165819116e-05
3.0691779939731277e-05
3.5188377175366625e-05
3.214146674081691e-05
3.00721379377936e-05
3.090394802413482e-05
3.0336406373616624e-05
2.801094946344283e-05
2.9417318996109702e-05
2.614752157873909e-05
2.7072726582677685e-05
2.714518010075013e-05
2.830755361823702e-05
2.8862714946128483e-05
2.631424664806122e-05
2.7410522904245725e-05
3.276411978923412e-05
3.267426294444719e-05
3.015233128642491e-05
2.57248254578371e-05
2.631299563484362e-05
2.9669835712867747e-05
2.7981151879425156e-05
2.8800952054768726e-05
2.7885675392278178e-05
3.152202681694343e-05
3.05228391726724e-05
2.7735773764328385e-05
2.8847514304082164e-05
2.7714895489167278e-05
2.8530406564307248e-05
3.28777039660612e-05
3.254555629849877e-05
2.7685851619392932e-05
2.7402684181388633e-05
2.659747939827344e-05
2.554056016957347e-05
2.5069447410497387e-05
2.6198214775789915e-05
2.7843943388927314e-05
2.5973782833501368e-05
3.0239368322892015e-05
3.028304547019648e-05
2.7565997511105784e-05
2.6539600868576386e-05
2.917719482107286e-05
2.632289188691705e-05
2.6973392421468422e-05
2.5891736777689345e-05
2.8985251886788528e-05
2.6175734520042506e-05
2.7118244742437048e-05
2.4703264620068656e-05
2.6801194715436205e-05
2.6875037678520154e-05
2.646756848270435e-05
2.6927574524951954e-05
2.6240415632881078e-05
2.6007772964961474e-05
2.8323746776176924e-05
2.9097784009399065e-05
2.7242341493423872e-05
2.857415323005136e-05
2.73208964600786e-05
2.544027413622093e-05
2.802363013824288e-05
2.8115060192681773e-05
2.828011363850181e-05
2.602238184574818e-05
2.858432541315177e-05
3.0073681525567147e-05
2.6068803344276086e-05
3.0444587704843716e-05
2.955119809142844e-05
3.0106335222642443e-05
3.1534051477055616e-05
2.89923361246877e-05
3.047287709504454e-05
2.8540473015596196e-05
3.199949893983781e-05
3.2139907952891106e-05
3.1669892364243843e-05
2.9623441489503732e-05
2.8662185496121363e-05
3.176817435139271e-05
