175.96631158826247
132.9694095329145
146.03453410802717
147.46043725344205
146.65899021645947
128.7684494958952
127.39872357394547
124.82764221538025
124.58054764039888
119.96194585151548
118.79472462159782
116.86185551263372
126.40625564293583
123.61003048708356
121.05614436057874
130.3680934693991
119.29580989614799
123.26818353348503
108.98422676947166
114.94528593415616
107.8740573722532
117.29786686045767
110.2272234127541
106.54631489915715
112.15108071691968
116.70094087119597
102.35736124303752
119.91882262254893
112.927630729175
116.43903373257774
101.97024725310337
110.94920264383778
116.20128682666156
118.40525111759675
113.93613284704944
99.94788214887551
110.93242924624526
104.13355545555777
116.81237255963305
109.95438205340018
109.02447930710349
104.62891950459905
110.60068512646109
111.32730578238639
114.25847240366075
106.96114596170425
112.28221606252814
115.44751865015591
114.07574970130445
112.96275946713511
106.92527444476775
111.20059532413012
111.78927878213698
113.57104982739442
101.82189896255274
113.05523828748224
109.35397303057255
114.10414504557794
100.63456123749755
100.3594153267857
111.2612070360396
115.10993392551376
105.14741711347716
104.1109646880762
104.99935395483676
108.55132747588392
107.88545761244494
108.80756011852147
101.87287466734075
102.27114022717389
107.12628161779686
105.84206854779717
107.55138901465729
106.31679377552908
109.77734530236319
105.29435787152813
107.96077112137783
104.62910390137
104.46035086195594
105.81358643955616
107.9989749582483
107.43129361897321
112.02805062933984
114.79360733022914
104.62014606312158
107.6010881656058
111.27841836041894
109.93877609450928
102.2072885147557
105.77214571662815
112.29622345262014
107.72627053831671
108.80558788888598
108.38474540194403
109.22433925350644
105.75005328923353
104.99366238022154
106.28800096099302
104.44371205483925
105.22638575408833
103.69439506942946
100.20023499629343
109.52953649031079
106.70766741209042
107.19252901553389
102.90073963846272
111.8053873499196
112.17984150267104
110.90488207331262
107.79343336487851
110.63475118357829
103.50468308977885
107.84030382410718
104.05972749771159
96.65041155619441
98.64957938098563
106.86700506409775
101.69347147585044
101.20513700194566
107.17255245648084
106.90177739956543
101.27988040765268
105.57842736354836
105.59580535301413
108.39545014755578
104.81156825015437
103.2135185792881
104.99922027643737
114.00028489075281
102.67117587205928
100.21964609566832
109.30263878727823
106.69345056201064
107.22336971750046
107.65934555602759
104.24110394249638
95.11808893502872
102.86429089057857
104.67761944977732
106.27141178911751
104.3405913658998
104.25787832018926
103.16460946124771
102.57437146349332
106.74162195771936
103.00822372939103
97.09907391227172
108.46482686406034
101.75598446677272
108.65591731356412
102.39865903272427
103.9293940413124
103.57145872570311
106.31383819832375
104.46910114520213
101.27322366561158
104.8505575968466
108.62714024382429
107.23433422418464
102.13697828090302
106.77159496172877
110.62848914014516
106.21022906803915
102.10478677377472
101.03305253485443
109.84869567745845
106.78313843661662
100.1612816389096
101.55539734909885
101.94047956815102
108.63923992645074
97.8081590371768
97.75564272419484
102.42068718814889
104.27876437719401
108.16868778540196
99.5073253438927
107.12126855347182
102.27931546048396
99.11021205928931
102.09886914485033
106.93538337132712
102.39450471389753
103.52889736983546
104.78618306640963
102.51181211738586
108.51743926714094
99.81126155516627
96.93851508327862
101.04643674006935
107.38441414787134
97.00826745477303
102.08183233132758
108.67695653022311
104.27314312863439
98.466662775877
107.73704692798594
108.78951450253462
97.93598757830016
98.46342414095656
99.77483549590848
99.22859260787897
104.3191180083975
105.41598486407983
102.62491194420286
102.16452254662624
107.12860909120207
102.74772220601244
104.09293568215618
103.22899541525459
109.26404250869098
104.6510063698696
110.67406445523076
101.56078145064188
105.33387488457328
102.4508835160648
106.84787875229736
110.77540811667772
103.35894293823829
102.7622562625125
107.99180237323921
108.76229185786225
91.7594670830139
101.08198390541759
112.92927375519147
105.73282377004003
105.92398539917569
105.3459033431642
105.9650236280078
111.1773829649746
106.91802262006914
104.82256481186533
103.67634622028844
103.19813850723742
106.57822932077859
104.1147155645914
102.09878872717486
104.46802111739777
103.38158558835795
104.46781876488643
113.63087544782145
107.05807380670943
107.73488060625046
109.76904788854081
107.01262780077315
109.35714607601345
108.66022148352327
99.63073305529892
103.83729650718755
106.27281847591865
117.3892154084848
114.85338351307172
111.13973474095773
106.40555352746215
110.03758515990043
107.25412857701824
107.18434583876304
107.38430183623494
103.13188629168289
108.46794570167634
113.39556115188378
111.10308163476743
108.70916881125301
108.90371879469721
103.3364704108263
103.60127466970287
105.37328898613556
108.28254402313131
107.21346966704179
100.07010191997563
98.16513587481248
103.17824128148648
107.55392360044934
101.81460548701605
101.30243415048022
101.47341513979445
101.64009729810635
117.02490660618976
109.06036355810701
96.5050788525451
106.20789523232438
113.21603319702322
108.58396892413116
113.88386770293353
106.00005938123654
105.16247268627605
104.50074922052045
98.7215670698796
107.35909150358776
112.07889789379529
105.09478304623754
107.69623615375458
108.54933486162045
100.36178395020048
104.21644874760771
111.55020715195583
110.65981272686689
108.22323429123719
103.44023348710918
114.47056611830347
110.72711484207666
107.45597294172414
102.72344979499753
103.63116207186478
99.85135159154325
107.07222395202781
112.0818839957966
106.4264657323755
106.45310476502844
103.96819339073016
104.5869080768779
109.38114298069881
108.17970909662472
103.43427249723347
97.53944595940186
107.85507823963853
107.41458300772625
109.11641513750102
108.53609636845144
110.07789765859711
106.50431122001235
106.08337011690791
107.7786484812719
107.53980920312922
106.36413983893841
100.64993428528764
104.89067561267285
109.47228054461779
106.44931981326273
100.39959151710872
105.57923733224888
111.0655516726945
102.48959846213874
99.26490227780667
108.32241808791183
110.45319895751294
101.19749375831555
101.99240006741637
110.82695171928735
103.13326067035516
95.83523908944828
102.51780721245125
104.73972124131681
99.85734606392862
98.84039126529336
101.62048922904619
110.83119145037298
101.16273793924073
91.73905591571558
98.12667582427355
104.2767755444726
110.0146395263088
100.80822077446278
97.26642791955496
105.3860349556742
98.38828493830806
94.34222602544632
111.32486082904313
105.35429275587998
99.48298649213022
101.92236467230094
89.59514667888936
104.33965047708625
107.68567493195101
109.16375204375035
102.65579064356689
102.84905904711046
97.36505294184131
108.84444229548039
104.49799115563097
95.80679243671932
96.510724839348
103.20698613070334
114.74306600450828
100.62193037930456
106.55757841601786
108.12884741611998
105.17439629190852
97.94304065766886
104.44785505511055
103.81446592584194
100.76845007419938
97.84547843582428
98.95871910319651
106.02517120584052
99.00116512540997
99.05897681171011
94.59266704086563
103.16277613413118
103.76660948646361
102.90131369030618
95.5727496961137
100.02826538292203
108.64986310801396
106.60947312461275
94.91694569581989
98.35794688083705
103.95580417950954
101.8712381010106
99.83248737089347
96.49694787266806
105.78977160854112
104.46173014322689
97.66587130941778
100.17432641500858
95.92706886826483
102.14274341271896
103.08549385083697
103.14002663543752
102.64927108805983
94.58811192714042
100.74346433095663
103.72165143018766
99.34633261025719
98.0074442626556
103.74648618211951
107.95043242859657
107.69441419553479
94.97306775821781
99.02048545265883
108.07221974022409
101.79251288522931
103.72777138308173
97.20727957675928
102.79196641168619
104.57381205924237
99.05231079565172
100.88911181059083
100.09008865422828
100.8595604407294
95.3436047153619
98.53458520040287
99.35818951528601
96.30841458619645
97.50884002327453
106.16753371488468
99.61037347171413
103.12357665701813
100.75355692496255
102.68935787362604
97.95246169427357
104.53987245020775
103.891059488115
101.8334837082903
98.69361167736791
100.96333528941933
99.17630457522566
97.77202774439316
107.49574383089741
96.58946391470057
97.3473631704158
101.48130888215664
107.79334448327673
104.3947963500534
101.60909607710124
102.28267629842249
104.90822294144341
108.53005508124649
101.05538290717263
99.07132754478796
112.9268675655614
107.97939242377774
102.36296468470896
104.78578709859455
103.98385070431193
97.13107103103188
98.74270136025235
104.75447361582908
108.9243175349773
100.720566973112
98.13215120356803
104.79451702931823
95.3416006423859
103.85996543030123
101.15463467212008
98.21537463978463
101.05689724343992
100.88081982566914
100.20521691297319
90.10956892902979
99.98403219540329
99.53583581114248
95.82420345483311
97.01123485550085
101.51141235094532
100.55259540374428
99.85837542907055
95.19381633374955
98.80059617431093
103.49153863528892
97.74342850632179
99.61149339701329
100.29603675040917
100.36191111890692
102.44808161261653
100.25987695999643
93.77399548178991
100.7967588563772
97.73739066144202
105.83940017386288
99.93663337201426
102.24183245494164
102.10655414100212
101.06383997060291
97.03168749505134
100.95337787230247
98.233314611022
100.00161671210641
99.52725938424784
101.07354402891094
102.34843003012057
102.32966362669347
97.84845442392233
98.73395988539549
98.86129312925233
98.13103662180748
92.4470846309351
97.26785088788239
97.83358854173377
100.2328610237077
96.3566712790701
95.25686227515536
92.8357843029888
94.47340286760084
94.42191758205433
100.33256322132989
101.73491212960194
96.73176663494007
97.9495868763166
95.4120777163018
93.71306672891835
92.79279156817248
96.32958751472572
102.2238219222528
98.56623306721251
95.4907623439678
98.45361723219375
95.08487466922811
94.387881472359
99.12326862210473
96.81345193359759
96.44647695814689
94.21637017322765
92.277478483692
95.3526292970641
92.89690985362239
97.43930524741019
100.3118318204485
97.41496065336274
91.52161631297419
96.17765041023736
92.44529008541863
94.46284208610149
95.74653396448828
100.15280141310727
90.78258638218756
98.36806211913908
99.40809889971617
99.75696862857534
100.57003843695165
101.24528372803746
99.89598360708227
101.1200770815588
101.57592521759575
96.96449421988345
94.02739543421616
94.67418064927735
105.9026531269514
101.61078133761156
100.21773252658544
98.58741731117082
97.50477111232782
104.17661098719154
101.37682064842258
98.73770898490952
94.38518943756648
98.07906731220523
103.92800765949721
101.7402953154996
100.68677264296788
98.0206773271386
100.01483901068259
95.63647555030296
100.3672388636443
106.359968826017
109.45498827156398
102.91687123854521
103.38150090681886
105.9682715398173
109.60169691315781
106.65900106518005
108.76804741561595
105.37695193331827
107.41197137046234
103.10451492896091
99.82307504195151
96.30450482244547
103.50116534745678
101.19959091504057
104.78271499394786
102.1408128197898
104.41393078032414
104.10099347317067
110.26439936840762
112.43438812716516
103.95988888532942
104.37430000960005
107.2106918867249
109.56467704926746
107.04342771872663
104.67467239645222
105.1332055123673
102.54841805914027
106.87505190080662
103.90753720975377
107.4274733778781
101.72223015280717
98.09100510075118
105.01426531858635
111.25678268544362
107.6276401738074
100.28987424900653
103.69609165975535
102.30661442442714
101.97997730649593
103.66168481835743
103.0296368637303
103.41735153787067
100.8196427357298
100.63687131754797
98.16527590395853
98.72916818805079
97.17329185765419
99.37183863605188
101.96123864154222
97.2946300449977
101.2993864852151
93.29833117767548
90.68457607363014
98.75655543627232
97.70919666230373
93.95257087683008
93.56362311893957
98.09314706199679
96.75571935504274
94.90173551943194
95.45747218680808
97.36488125679774
94.2764384623676
93.59695520731198
92.5997081902812
99.30646231191386
98.05970575813997
97.9534021832603
97.07400283723035
91.89992210630753
96.31673473767277
93.89868632030615
98.77921493266469
94.37586492425734
92.46543122902978
94.50977847235806
93.32787633809787
93.49044720008395
94.3831545015487
93.29118934796821
96.2763653137206
93.74798786532988
104.69691661096658
94.92051317651108
98.32012275089464
97.2841772048493
96.47320128674826
94.5754446154537
95.74816593323806
99.12039878293437
99.65521931899718
96.91326406071002
101.58889835239025
102.50111137547708
102.82039312161811
101.93014048213098
104.32448692711193
103.89289039238827
106.420069015683
105.6848945232743
104.37156344143904
106.64273773841295
101.45818747911763
101.45312825964923
102.38739626867002
96.77583318134248
97.40914125268858
97.28082431350106
100.48887545067508
99.38157582174998
95.39703671156344
94.94339987739593
98.46828979902253
92.75901806974451
98.88132790258256
99.31299491249507
100.88492306818611
95.76727323721185
95.97081417295459
96.75199773610592
98.78116886835964
94.24110834814647
90.5949703566932
90.64915074088795
98.17585740603597
97.63173242705965
93.96225403827196
95.42551184446219
94.73972971435367
92.63428171495916
95.1296392808997
97.11730723124646
92.19572826271582
94.1178814746369
94.58912247023225
92.39172013497115
91.79956750119327
95.02013453996014
94.07630813696959
99.68577911106306
95.16969114262508
98.45118267303639
98.59921860693176
98.00619422845438
95.1413250397384
99.66273240792424
96.12690644685091
92.1308962267359
95.4676682379072
96.29516419054133
99.82330693703585
93.88138057386996
93.85935137876567
99.29738121156228
99.07172454579842
99.29122423405579
96.7848415631636
95.77598855332508
96.5986024530292
92.99090519042907
96.00817004929701
96.54474577318499
97.53637922357382
95.65668439654287
91.60108499687412
89.83694267059438
97.78329657509391
100.82292951603223
98.5376412587415
100.37444345384101
96.83539571656452
99.05967060538863
96.00880399176512
91.7475800345089
91.88271008823247
93.50733434987899
96.84290332607452
96.76545512063369
96.83611046395858
96.82263705953878
100.32592033337576
97.37601063488891
95.63357657419618
96.38081144733593
99.89911291317446
105.3804796416801
101.57828676928983
98.60498209424343
96.49930633897532
96.49423331453566
98.58752426611213
97.9082788677566
99.58131806487025
103.05262545065642
102.59895917495612
101.77912963546706
100.36406719583225
102.4487184713119
102.83402804497037
104.71114770579288
107.89419956246924
101.74297704842176
98.96169654785577
99.01795300937869
101.65442755641216
104.71471584509895
104.97688537265385
98.85183627333736
100.8625132357861
103.82959646135818
95.95048278689765
89.86067554197197
98.73647165855067
101.51316148769354
98.44627489069696
92.29493110001422
97.94618625437144
100.25532804216006
99.29905694452933
98.70395023306727
96.96827393966741
95.16575678881036
98.59514207715938
98.53270980003421
93.76304854939846
96.06299574263576
97.9706982153158
90.67335646893447
96.60153645678687
96.57182084591706
92.11743523690257
96.02430560914401
93.7412747359125
95.75866954591952
95.23496959517577
95.67497069973608
95.51710179385937
97.10762174880442
96.90130192809983
95.4192078568255
98.21067965638464
99.943047748298
97.96234215555847
100.26753852917574
99.03668534276974
99.96852985821954
99.78568486099056
101.13733493018616
100.06309919436495
97.23536391429882
98.69649148170753
102.8649517710291
100.0836988226398
98.09162084731183
101.23870415098288
98.11117742644397
95.68523343654317
95.29077393354815
99.66043909207966
93.15769407159326
90.41010514889034
93.62974424865654
93.91254381431747
91.31803331589492
92.79080998062047
94.5338896746746
93.17435085865274
90.36842794450435
92.15623846660627
94.90922017270923
92.31718259093869
97.21591084898071
95.05693602384294
94.82701643931449
97.57240381003365
98.62268523947135
99.59515250615752
97.18799070554795
96.10385908146495
99.65792768709984
97.69178883024252
94.5904932682028
93.73362476747454
97.60359625668649
99.04541717022086
94.95597562687558
91.22607576521501
91.85178048357464
94.03567243500098
92.83025248666804
96.32463191289732
93.46701820784615
94.34467503064384
92.97622565705373
97.01641367581716
95.1619290238361
94.27075769519622
95.67187061059427
98.4894771217724
96.50060471805767
95.69891673903061
95.57662484811341
98.55211972143225
99.532072288964
97.63802329023139
92.67755870295973
91.53519601909251
95.74311509025003
101.48330062159606
96.91093008781561
97.92829676351884
97.30665384402481
91.0784948941599
90.76861808393936
94.3934579332847
93.93232571205
93.07832140171097
89.53909786340155
93.94487951214269
96.82772990891789
92.76110117160759
88.85522454810976
94.21605363973005
91.44564444310002
91.72489737448548
94.816661256673
95.95780876290014
94.1035924776719
89.19168064925714
91.82001680195401
95.25065793864778
98.87310219319144
93.66991885213586
90.98472781000275
96.42985260929086
95.35456833194509
99.16750475222088
96.43118275251626
92.22031286886624
93.95663280574153
100.00264168792242
96.16981385211564
95.1222040921581
97.09196195845277
96.87064655236851
92.89572980869012
94.32550631163453
93.73549441965427
94.29881207694125
96.95848410672957
91.47486713547252
98.38020750692529
97.29639072038063
99.02696958482039
93.49639251394171
95.91956949182354
98.73329432758477
97.99134359983418
99.65968869014547
96.42079725436935
97.91438573511786
95.37232905133584
92.02427831796122
95.69144373694817
98.07185544315313
92.12636388184175
95.13323680295387
98.438769356821
96.53939856972613
93.73715992584982
91.79618987010504
97.81968156303694
104.26579121026141
101.89610259941122
95.97913257078424
93.00821656050488
93.77201679842783
87.50235709378077
93.4009997358292
95.07419118962076
93.55301753215059
93.76674608251881
95.71086821596829
94.2509213483414
95.89267997828716
92.77304288261536
94.82255150893434
93.4478951819965
94.82648538411621
95.47429013069339
97.18487174723519
96.11571457620202
95.0552815187548
97.63168001942867
97.38365711018177
95.12796269718328
94.62383607585791
93.85047116004253
93.44183566934544
95.06967467686817
92.27492938579297
94.84915336482483
99.69065723387466
96.11786770769268
95.55141431388249
89.87945827743383
97.95872198677047
99.83239663517168
98.92611627254922
89.02221470933851
97.48598489042718
93.64647391688493
91.137328034569
93.34744576803348
98.02304926075016
93.93205082576048
88.93781173240963
90.63515815658175
92.42558273490829
94.70827051433342
95.36427328364029
96.12304031993443
94.7853886103984
91.9811781912532
89.08912912669588
95.70211394407372
98.52453483397639
98.51652410454096
92.83469644798339
96.25443666532692
91.16309563137482
94.73602739506676
88.71415197041398
89.88645359236904
93.55535032846663
94.55276785874764
94.04753348322727
96.85418170960791
93.65023850249916
96.74870652495014
97.35022851705588
96.20188757091294
95.00309561751173
92.32029519562374
92.98208231510188
94.96453388509047
95.80068608761496
96.78248208390663
91.0341198216072
92.55857855754904
92.28221233739968
89.66528494401257
89.22069461494634
89.09117555557121
89.68378742104201
91.36771748204748
90.72483268025579
87.69634316912764
88.32520935577462
90.01750362944827
88.33530937140942
87.64877720887412
89.29606160277189
91.07048330126571
84.64977257893138
86.4295344747572
93.6332903773247
91.11745686422175
87.95597418774392
87.05360300599361
91.12475361273769
89.47095090997362
88.49466445659567
91.6421510904267
89.8056737163219
85.88492504192565
86.64725081513461
91.48751466849244
90.89079220246154
93.91611106916069
91.58963299514318
89.63534445948363
93.88484953715495
92.67646845331583
94.90339305403396
90.89717557260946
90.55805864391097
85.85067500750594
92.45126289656736
93.4141042318218
93.81014678286861
92.54622713174511
89.77211148675946
85.44253789072073
91.72139090333661
96.58780382762922
95.05307716422762
93.92658323658388
90.65210028706852
91.03636669469842
92.378091098634
94.60759424446161
95.13759241596006
91.38965543705021
90.36533678164764
90.512298821008
89.2783259248159
93.28191391237546
89.08464566858154
87.79803263608729
93.06720959915123
90.60574910645668
90.89068440019102
91.26548681256452
90.20827344660619
86.07445612936051
90.14649872230763
94.27073093061021
90.54369498802811
90.34605211725045
91.36396468101691
93.69902754519013
94.31715215555072
91.42099953268747
92.88083716963233
97.67021898782018
83.29100133728294
86.90263692236059
82.42062349739368
86.62908395002381
90.5796726481925
91.02072767973524
89.8410180115551
89.24832150504531
91.60545814684251
89.77957472909453
90.14810136512504
91.89356556280524
90.44137788499702
89.26244199348885
88.20276301731656
92.42035652730017
90.36370542878817
89.45318825734049
89.3132615187533
93.09381816334012
91.22729195674175
90.3459263277473
90.55270413731444
93.72204737065309
92.40078208570975
90.54719725234295
91.05779871904477
94.84411231460236
95.7195375538943
92.44289951183472
94.27173967833274
89.77946275936627
89.61650257912669
92.38655167902161
95.4099960062661
96.05292672252723
91.75455295775119
92.1353404451407
93.72063083934303
91.88061710204919
90.80852342219343
89.04937874577855
90.95396594782179
87.79105284885985
90.09023399029618
91.22249743637866
92.12492482991351
87.14573620846355
87.22161893481493
92.23238290019098
93.02247245422504
88.87904655453494
85.70522901558286
89.2854309755818
88.81780829987602
87.74559175695401
86.4464913944454
89.74172232212491
88.19980138972772
86.22043265503126
86.02933316458568
92.41973364829946
88.70967539550496
87.78627434008517
86.30131766878888
90.75903448910921
87.50205649471523
92.77998275630333
93.78131280015296
86.39076624588584
84.84644247015896
89.60909690205203
93.49372648342036
92.70365637366248
93.27686958639784
94.87206152667109
97.77901231394586
91.61355910426363
90.93736610672518
93.074879907173
91.97921256118927
87.0980758499714
92.3613740700109
90.40224258013491
90.40011799874785
85.62686648301991
87.02938035937176
90.21927995933555
87.73730340478251
88.09661722533336
91.18945056582896
91.13324167876759
93.25521174293053
94.73067679078068
89.1163083184743
92.68747554966907
97.33829880361492
93.18046350242359
94.50860728715514
94.92516675864834
94.96653738687066
95.9359965316746
99.57438703321144
92.2284359957404
93.9002977420281
93.65066543292448
92.60218209291419
94.3687308620519
94.6681637614476
93.24597970861036
87.70564895047396
89.29505284493
92.78899572883725
88.74845749100169
89.24175003352612
87.89327185255621
93.41506931462854
92.74001803808969
93.26847780730519
98.06861597970567
93.75441690768555
91.26975118923733
91.90573672035035
89.91527685256376
91.5950908716918
91.19774028086741
95.42843751354549
90.58832779998687
94.3712392773578
90.56564501001135
90.45118014581455
89.71548065996116
90.83547587237015
92.04721553491899
92.04445654204524
88.4130917394597
91.18510105718804
90.06744916675954
91.18872984033511
90.22294132430547
87.53166015618619
92.28115363616902
91.0502820307275
91.31058709253628
89.7164924410397
89.7276760833406
89.00320880721465
92.0392337884024
90.27940190931666
88.23463861932468
90.22357516591579
92.7024732239703
88.61793027954272
93.9108432183874
91.57374035411294
90.33883877507546
85.5830796276048
88.06756956213303
88.42489622278593
93.56216052917452
93.17320856296855
93.94086279927984
95.37413306112688
89.20354973048299
88.93065976266165
89.72936447902013
93.09841359682382
89.09169547092888
90.05484157670864
90.59606390371111
90.31566868044884
85.52938816333425
89.30302964836066
91.55167097990164
91.26918838359747
88.03876731515389
88.74416865208022
86.10529775427852
88.275133462397
86.98255657331163
83.58128035386359
86.79931176507682
91.12682563659298
91.63462157957628
90.15049610428214
92.61255026572282
92.46789093028872
89.63435677999763
89.91822275145712
89.61175437339894
88.72451552382546
89.87464129034328
90.30982574220882
88.93051488010205
87.25732021096186
84.02109877032245
87.33514737891164
87.23172669715886
84.66380161935479
87.18704535135608
89.11910527534303
90.82422962274846
84.58874625139062
89.60872484370037
84.89088783836894
85.42241316920862
88.45207830790113
92.28396245091
93.4200155592181
90.28524993373827
91.02154373880374
91.22343138372653
88.83855069494543
85.56614738759271
84.60663518312063
89.4733597184766
91.34363093882645
90.04882078429709
90.53318305079637
91.50768015465543
90.85841282409022
90.82064450314854
95.3087916426555
98.04152198666972
95.85871395036165
93.45144474354873
91.89477888798326
96.30808043339097
88.31674483466894
89.88033285222922
95.6760228304905
94.93232441406839
92.8614060370903
91.12670523224038
88.6942435745811
89.5520464207718
87.31806897321299
86.3687425034984
88.75738366440488
90.55253098794823
90.15639718862163
84.76841533434337
80.62632576591368
81.70352635045688
86.60278643106376
87.25482076947442
85.38410756319131
85.709211538017
85.69669466678974
88.03845971946015
88.62275717788845
85.15967436988244
82.8068164773256
82.21919126786047
87.2932360153704
86.30319884381153
85.09054801686551
84.36501052659229
85.81945919155658
87.10506064890113
89.45432593198774
89.63127808275472
91.89799134413417
87.0706712597132
85.59785756041272
83.804303718049
89.7965531315318
88.51773647183545
83.8263297130232
87.45543929181576
87.29481507411063
86.10407754667256
82.81574607356677
82.25960407055058
86.66050341984486
84.21186430764516
82.4733326547083
87.17728700434579
83.84108880939532
87.01458546471461
86.08878452801856
81.98561974188058
82.25069575750658
86.70054816035972
87.71995453540153
86.6922577658918
91.26625453168766
90.19915983879368
90.7522696081732
86.02324936277806
86.3805700563623
88.81431554289742
83.96378708283842
86.91315696338792
85.90051563231607
83.54674287120511
85.0326981587911
83.35257170091805
84.8238178285753
83.11203817922961
84.06634124939923
86.23902839784878
85.745160973592
85.16199135536732
87.3300098564721
86.45716084229046
84.89968666676582
83.66000924810032
85.94369670101078
85.72866112213673
77.88121926324534
84.34682281581343
84.85922158325491
84.41902340354518
79.90677808689941
79.3931667779939
84.68500314353349
81.4859060244465
81.26944215664412
86.35540879886004
83.31794361838692
84.9401485404617
85.63611180949479
89.18011262805689
90.49166832439269
89.0976229515814
87.46783949599336
86.40266323308418
90.18839507596287
88.6532579729463
84.26325854635583
81.67880896123786
88.12366810085922
83.2676422917893
82.04818803775466
79.69982089260382
83.0416790687163
84.41743429865248
78.02595651704605
80.11480669433504
84.08788132291934
79.2468559932666
79.4868142222445
83.08654981500244
82.47813969350722
81.10137567651658
81.58284949002734
80.517814742715
82.50064652464172
81.56819595781754
83.95434462357393
83.68553625847079
82.20299939966766
81.42248212215249
85.79569107280744
83.47677178311741
79.27971536918729
81.59700868320789
82.30267862758267
81.42743563721997
81.40973482509
81.72705566948494
87.53339362020859
84.03341958930655
80.2616451492538
80.62011651570548
83.63852466039395
80.77799723600592
76.26567069106545
79.74456180917119
83.27819681592538
83.84858245381983
83.84493274382257
85.2902748475347
84.31142423436827
80.46722041139587
83.5376812682944
81.12931865724882
84.02188554707269
82.89011611263872
80.91731068189667
81.37170887942844
80.52336745711155
81.00987974069017
79.97828699590781
81.73949662211068
77.75920145643384
77.59114689121661
81.0721736080119
79.36944804855594
76.52817801686219
81.27449857246002
77.02538252628918
77.47884816278857
81.49285149576312
77.89885272154321
78.4407302672617
78.83608762729305
75.49570734774562
81.0489935783323
83.99096192452221
80.79380031422662
86.14747545449166
86.40074427135453
80.80115492995701
79.49781434012911
81.50876413553392
86.87551171853057
80.34381266847295
79.08419353581466
79.36614391218296
82.93942163147142
81.81388820490811
82.22469026774446
80.14675937042412
83.29606374810544
83.69207625927564
84.74377545821
84.39065566038822
87.86139742755743
84.52012697601612
83.72402554328607
86.77587273406898
80.94235313310942
79.8345264687102
82.82551912025947
81.52641497021976
82.55801715833623
85.96274561991544
86.63259984189807
85.44214379640962
85.55498074173357
84.34669224051278
83.29412205616448
85.00106680020136
82.77646668936893
81.44729289270109
79.36514885782775
83.3766766439514
77.18225640386954
77.29368780080155
78.65871955130595
79.00677166660823
79.74907595583403
81.93899809217965
81.21201581163999
85.55190902075822
85.31307568790575
80.9725105460261
77.65041911642618
76.87279966397388
83.78357154362158
82.91714826647065
81.15388907297103
78.57354324578414
75.73232928282454
82.04780708544335
82.8903944936987
81.54141271598577
82.03700075910028
81.16076459130178
79.36749507214901
80.01918613798534
79.62132405778065
77.17096003047338
79.39176137572942
82.6725490811115
83.46453824946734
82.91314799020508
83.79183902079396
87.01259219783853
84.58804158639958
86.07062192393172
82.05263788892915
82.02266089958722
81.94972943076073
82.23056873065893
80.63890425720305
84.30628711856608
89.08160646569009
85.52125788914248
83.34490089640356
82.8064958901423
85.09511676539285
83.32671473555065
81.47680856606026
82.11358570716683
81.43847119078947
83.43999125949715
84.30275510003425
80.80811286892482
84.6957966484224
83.35588481634663
85.58085041767032
81.60779781700212
77.78663916561605
84.01311514201402
81.8780949322831
80.27156030906167
83.07785740343226
85.27229490754132
84.52432210634423
81.56528475366396
82.66076571894902
82.550608462203
86.0013318505682
84.51092147081137
83.35145979683124
83.00613311466161
82.63924751914168
79.62244561929025
83.59734586806066
86.3505618905018
86.50532377988665
81.69637164828208
81.26209681612474
85.46527894920057
86.30974064843818
81.29600718667454
82.53714640777481
81.44889689715191
81.57396187976865
82.46774447323338
80.57950320417844
79.43968517928772
77.8334280792676
78.00045113824496
81.11207558951149
80.9542336975988
80.33473528526687
79.80074154745154
82.91631658941874
81.56445106240119
82.06617976176126
81.85884605994609
78.05962699847495
79.02631171015804
80.60898524719323
79.72181765866651
77.0410409013241
79.38318716219415
80.09004239485154
77.8069065382911
78.76449785182076
80.57541656339157
79.87732384560927
83.3653864728384
79.31344672941597
79.91262106564473
78.1172588826068
79.12103113768576
81.10162554460277
81.20452330104222
82.29042961293118
81.52429345031175
81.76925081915728
77.15891157474505
80.78479096920678
83.01562768886316
81.54551640788675
85.54715372301888
83.15783448209264
82.53160434054483
82.7307071583142
82.36037273615133
80.27686031081899
78.6645954267898
80.62239593655818
81.54565572714921
81.75009201542083
80.20870399764772
82.77000942055831
82.1572404767433
82.21321122375797
78.7054878995139
83.63278202775884
85.35048016557226
83.05226934094793
80.79453398483105
78.49953765146587
80.28738017009691
79.5107775751464
80.03528242619846
79.01895681349845
75.94338220261744
75.9075421963775
77.37669032592088
77.64302342438013
76.3354637935925
78.28242708751746
80.17081541757278
80.02243509147281
80.27756488868569
80.27749529385554
79.57105526475301
78.54170045950097
80.4781327517576
80.75512328904159
80.84274300452657
81.27716709013399
80.29332142179291
78.60396910217793
79.84706446686873
79.57800810625417
82.73775591868976
82.37662193489828
81.63592921809419
80.96813390911488
83.69415339257894
80.73038193203298
78.0278920396884
77.96968544796685
78.96680687701777
77.71529748920146
77.57411704754891
81.86480019753061
80.2323921054264
76.81813562275093
78.05879451447801
81.93849952513165
80.75087899475494
79.29202743034386
78.87919229922709
79.63840743995854
79.8199127066282
79.39397125339748
81.51895914994047
80.79829704667127
77.84390008390443
78.15109436017043
82.74830740070325
78.63348246372648
78.35517278024416
76.4577937720298
79.25815148544922
77.62735703605668
78.04012760717491
76.02078982706922
75.70107430273848
76.29336361041973
78.66025703105862
73.89880451423977
75.91449725668878
79.40258181121705
81.18270201511805
82.98974542839807
82.44016889806326
80.48264275963506
81.82719229334279
81.19442851361167
79.5130340407773
81.96693648339603
82.651635235606
77.89238609439828
81.81193510478984
80.1243608746761
81.66011073709527
79.30773103430226
83.13851869756829
82.98310232816078
79.75253033486364
77.75144137600302
81.928846896639
80.47490601410746
80.21690384345847
78.24484366261213
81.4407765469549
80.38154128649349
76.08884142111214
77.23592518957514
76.66662942214826
75.01305762271804
79.35766290005554
79.26868596113951
78.7860941019062
78.0530505006464
77.8143549553796
75.77765775959996
77.56213382656748
77.58708022825272
75.99022639612429
79.81164822477625
75.75484884526685
75.84451289597895
75.51806578327107
76.27383034498808
76.18019581818275
75.16133535229697
74.96148059861719
77.10705071665957
78.73431840111726
74.98930252197486
77.78811399194846
75.95896720417359
76.81180633987925
72.28416953007145
74.89143005897306
75.16861508165591
74.8276291414266
74.4532180907434
74.31664110875417
72.53477905367059
73.8787987141014
74.64049613056055
76.4202929405575
76.29659315215585
75.604788202568
78.32827636228505
78.90793828092984
74.95449343476218
77.6189872520878
77.33663661839476
75.11781818585763
74.48001649860402
77.17966017732218
74.3866171900865
74.75934309801018
77.18394518368305
78.48179881185268
77.02242721263917
79.53417849543389
75.22815986428998
75.69574932236834
75.14103592684644
75.43877344647812
78.8930691855742
79.08139293662448
77.57284987181292
77.90700765224724
76.58514832654049
75.34778683399253
74.78230082391123
73.6043097953175
74.0885378590287
74.88153124977116
73.86677104602711
75.17370409536984
73.5412658879153
74.07278886763373
74.36494171694089
76.24010632604671
76.76298341521014
75.80258475211771
76.43577161019434
77.63331183852874
79.79272943494115
75.62404514941798
78.19214193471174
79.35539223841651
77.42717790370547
76.47601879566571
74.86822197817978
75.85697175973388
75.8162718544461
73.41271603012333
74.15584547760913
75.19768303547782
72.89952144633342
72.08266623831435
73.68676676373104
74.13585078815045
73.55791705107654
72.10146073546561
76.39957102335956
74.97020108989368
73.97799925163682
75.60375687775033
75.78065212982553
72.26410522847658
71.84710020622947
74.95354594291298
76.40391568239075
75.75447894057083
74.42219005268673
76.22957668205717
71.99604979888657
74.43618699674911
72.48239487254504
74.18220605061448
71.93497690385203
71.83792326300599
72.96189998941614
72.2324817668454
71.77658692652133
75.53565906213471
73.12405785805795
74.15132323729709
73.92171778049232
73.78978009698585
72.74762332445866
74.0744445405008
73.61216652555444
75.24488071112076
74.82505276434384
75.15173835309577
75.4361221797823
75.95175304744085
74.56568457142818
77.32768884756806
75.82147500797724
72.13002213371972
74.34816181151331
76.95399827280094
71.8952608322455
73.25973435331571
78.95716376841727
75.75355256756112
74.51470843444693
75.36412850466081
76.23317158665043
73.67369168887093
72.7398526842554
75.04295231619882
72.17518769968724
74.27739989674038
72.25963873745661
73.3297626848708
75.63941356684637
74.36338216504559
72.06144459509174
74.04643419131008
73.08550704846519
71.61600204052345
73.33869717263359
74.1357283110837
73.95659720407221
72.49936031052879
71.32605556520315
74.3477748359842
74.07334496659406
71.0043918460478
72.84164922475411
72.09045806830183
75.67158740818707
78.25990601920935
81.28156214678002
76.31785575129962
79.12496056272649
79.23207153473231
75.4489246807123
76.56721219071333
78.32556323003118
75.91024943767803
78.7152745352667
74.87338208585533
74.48393452009674
75.41038378238953
74.21371519423
74.88537675654635
69.43977001649267
71.10680930615501
74.9443642169597
74.90523771909714
72.29119776890282
74.97291840206913
79.61267114632709
75.46601796970323
75.42702061973003
77.02616711415978
76.65946815942489
71.14984483740702
65.72930453658539
76.00286335331789
82.04696481827658
75.55813862538378
80.11930052296893
81.80063332894734
77.25301874601286
73.7339426313277
76.33149807250517
79.76219787318108
79.54675164850114
75.58939237878884
78.24326680193732
76.05363808571086
74.71919577761133
74.9333220664559
75.2352768648182
75.25667566716376
74.02273819032247
73.51188431028545
73.6645607612964
71.0004402757042
74.91324246109505
74.91302983774064
72.91159682313997
72.82095580603735
75.69604220061876
72.7461897095242
72.3683333476148
70.97091964639284
74.00193659049842
73.42868214158099
75.20424566552542
73.24814884771635
75.38823031591276
71.69892483559845
73.42322966894245
73.098737680596
72.57877947384017
71.12385139854575
73.62633704520658
72.79825146594189
72.55388261615828
72.22089271340936
71.17900414235505
71.05215450256833
70.99083095472032
73.96024865180782
72.21667323731312
68.95356277610145
70.91755549916317
71.61150310835328
70.84203225094615
71.70957631561868
71.49392295599951
72.25238196898582
72.69899590913346
73.2189610530253
71.42467845926845
72.39453147991361
71.90749679607923
71.35592545572858
73.21059182586872
72.39574175276421
70.5934063848304
72.32994234487785
69.91961870269435
69.80115416840222
70.99262524822706
71.79318338002662
72.3394887822208
71.39976704600782
70.88199984762743
71.08755874520074
69.96816016796497
70.82575094459247
71.31073905188434
71.9958693309398
74.62578633369928
74.74538353770113
76.31763306171577
73.14125329804045
76.35508559812097
72.47695375505788
72.27488784062496
72.70941483053767
70.89978227617867
72.41314162535373
70.76881995337548
70.88680634005556
71.17194800386491
73.42796026359925
71.92738921430542
72.8862147535445
71.08105703187852
70.21022517391525
72.7372336187073
72.57818052523443
71.36355336675555
70.151024096467
71.10043728096345
71.7005486507176
72.92515787389591
74.64608060709153
72.20835023340538
72.55949988795498
72.37761936329667
72.56901971236579
72.70232201248014
72.12138763493208
71.80467813054973
71.84475107959757
70.99157812944158
71.43100129535685
72.80972812683542
70.1603019983512
71.39066733615591
68.9886289631643
71.31109164972916
70.41652537831823
70.80093980784102
70.5635867851995
69.47015308735484
68.63099459316034
68.59429432276461
70.6957123676876
69.80689667295228
69.75385274293838
70.34022918826048
70.08146771067675
69.38621565549424
69.6983287098251
71.10348979837897
70.16380092017404
68.45810856311599
71.75798684170252
70.73540616157854
68.98327413068597
70.56698797748068
71.96142211400922
70.25260166789823
69.07874593640118
69.71893913613593
69.81452519558724
70.773153338966
70.07693030743881
69.8908267330115
69.25193160569508
68.65483274369888
68.26254226526017
69.04195729949751
68.20746047264362
69.09105685367157
68.81354480633655
69.15900686702797
69.69036771218587
68.55990479578253
68.65105270203252
70.30251781994744
69.08691116831777
69.78964742456941
70.30429318517312
68.64212556704301
69.4936382252176
67.84236813200951
69.09351799416353
68.0078603221905
69.22123449804208
69.58086949851295
69.81908114202962
69.79759603049737
69.62175987570679
69.5473244350282
69.74775711987247
68.83270908578058
68.1752354794306
68.72980219254475
68.98715076747914
69.48833767404932
70.00139960115236
69.62538109198216
69.44321554308033
69.66502117674658
68.15973721199471
69.44723880952995
70.40600960928721
68.71712886903452
69.4791990208061
69.98073002105819
70.57841924939777
71.45156603478667
69.31004592027338
70.23309408264791
69.72559436994838
69.7973662019526
70.87693907850469
71.02156677864497
71.56087693534819
71.24468287259855
70.69048159288212
73.13605280711722
73.55775897672032
72.52947314072787
72.41758520862884
74.52141790534284
71.00326063128686
69.60021192252229
70.9873942454229
70.72956159986202
71.57311465678066
68.689378775925
72.61533107708868
72.27056759647044
69.57668742703127
68.5558486161475
69.22893388580157
70.23022534265117
69.41191431743775
69.42346508492132
70.2488466117239
70.29300552528294
68.5131745758857
70.67877373757807
70.23527303565575
69.18556708940051
68.37811287831208
69.092742513715
69.68229379443308
69.19509549006068
68.57381581044538
67.4455298558809
69.68496444699558
67.93566453052328
68.86414290511357
68.39380590762613
69.40245673014986
68.72960245910345
68.22412266859885
67.24901284531737
68.15918251369625
68.31784513907715
67.69696227225727
67.29474969113568
67.51185976200378
67.65305867838329
66.97795459454643
67.93103426216472
68.78725851595617
66.97940653490775
67.36590837166092
67.82465894456026
69.55848247447811
69.54446950531805
70.85145181649926
71.83268875477161
71.68240726342546
72.01215583403538
72.26537661893171
72.43383427243118
70.57081622435153
69.25201090031713
70.06473668034165
69.99511892798506
69.8013588090398
69.7400762891931
69.08544422389743
70.8556000372209
69.78580406538235
69.84854087167442
68.76483417899856
69.22510183900066
69.61606740655581
68.8766218247548
67.88272482952124
68.745748579204
67.50708764885026
67.56196645532512
69.08968952742252
68.18526555970989
68.23052645357538
68.47604705069851
68.53956227015532
67.32321793852716
68.03564402660751
67.72960137942289
66.47668423532149
66.53714001718141
66.50030441847441
66.33390208124013
66.08809645467203
67.060217666476
66.85007668593558
66.44498545516306
67.62089863201184
67.52460190785231
66.04779597737549
67.07227323080059
66.72549323137135
67.17829989461426
65.9538846767536
66.79316767616585
66.55540209074279
67.20522738257297
66.00831600845044
66.59948123384342
66.8103994735484
66.06387342403382
66.51399920260593
67.13078511874039
66.74017709528785
66.58419904106782
67.01293014775192
67.0404588426583
67.25608926348158
66.58946594521018
66.77471278950684
66.53133764837791
66.96006183083435
67.21096392036307
67.45521781699779
67.67702836698852
67.5707598284284
66.84818017198883
66.70272079929845
66.31586332459727
67.22638096459819
66.21308457188621
66.47912209105115
65.8049046510816
66.23648415173552
66.28240826834592
67.26830742628934
66.67267657067778
65.87022230826283
67.23116759016312
66.54597032433483
66.50522713536064
67.27757924040718
66.89318538348085
68.24880872725889
68.47646143735179
67.1201423972592
67.54092378166109
66.42760263136144
66.16548870597916
66.37801915552114
67.37216248878534
67.0102700833589
67.90838049736803
66.25446299775828
68.16889108647985
67.5772267886832
66.64676722428081
66.40810020064464
67.67779513485259
67.6945541014893
67.51404786585407
67.85262543740174
67.93506977221517
67.33207596515389
65.65792902665693
65.82151626649005
68.29515740893706
65.47392659456573
65.73664287566346
65.4541318493141
67.1040504600275
64.97181389575094
64.99132554007315
66.52406355017597
66.31331836024151
65.4881524906954
66.46665203054977
66.07732609453929
65.79445741960471
65.12039493157903
65.69888690923852
66.02831321894648
65.2259842887169
65.8119582188541
66.15038015766393
66.01136074793162
66.53640746327066
65.56770788801327
66.1954396329939
66.91220004066604
66.97699093358507
66.32918691225412
66.34367830572836
65.75235436485728
66.0271904933858
66.04142486072607
66.57070526969352
65.54128821178416
66.78706363448134
65.51238192271735
66.606227354576
66.79341155517488
66.88472654408639
66.5884416836746
67.61389852082375
66.2145770783618
67.2009986844304
67.21412931320752
66.51976601097473
66.55779436120066
67.0227965343912
66.29574408333252
65.84685762497332
67.39399849086698
67.21022270763211
66.67384785773727
66.70123879280311
66.04707852495103
67.00251136708209
66.31419170657115
66.02879156987942
66.80297789511961
66.50358095772414
65.72145110089421
65.7474921285441
66.72652849646083
65.2007352349127
65.72318824553315
65.97129579866845
65.96947339852291
65.62294047186127
65.8875378093657
65.31881097902273
65.26306517233185
65.56270471119932
65.43755874173948
65.12450165638205
65.34366400305325
65.15897515532724
65.34535360704868
65.34289195913956
65.76143839495168
66.0317114320979
64.97726420240365
65.52887021446193
66.02684966815832
66.41792640093121
65.58247257830902
65.69214973988348
67.51458950300517
65.92546712298832
66.05590074588878
66.46757978355964
66.86678539165058
66.14214188328948
65.27924495771911
65.46030172891454
66.41315345385972
65.54048217109212
65.01120789012613
66.46172257200058
65.66387602027135
65.05584529186413
65.45360044381675
65.49250717952614
66.56586530692579
65.9698024568367
66.09688416915769
65.50264178702301
64.83489702686107
65.56364975516877
65.69932780574086
65.28394584526174
65.07726527641874
65.37320997503713
64.86124944645536
64.73385027408175
65.32408500188792
64.86886978777103
65.9113131347969
64.81248666130102
65.16935192861675
65.77639644410392
65.68596581461517
66.39225396857132
66.22293826327035
66.33389605654875
66.0315013231988
66.13124585736674
65.34558593129975
65.39491997445397
65.64676299397844
65.64880242498813
65.84844486967606
65.91335802635682
65.78230522942053
66.26681016414672
66.00548693683723
64.60038345817813
65.34872359755875
65.21538244861341
65.10519443100674
64.8311207487896
65.24653606800106
65.89040665419867
66.0729858438719
65.28675343201094
66.68582859062157
66.10617418709475
65.7650944376013
64.91931785567422
65.86468326408507
65.27573486549674
65.44329574725417
65.59669265813436
66.22892549964018
65.92596890299171
65.8909588578598
65.63156298908375
66.44392298609272
65.58754495711068
66.02188754113634
65.37651483691778
65.0798289166209
65.7811370998645
65.53374736534421
65.9309967268147
65.14337477496433
65.56879784808044
65.78993277036656
66.10453646297351
66.26010775974663
66.02450969644522
66.69307434531358
67.10794891481672
66.4645223348297
66.1337105495453
65.32483422473751
68.33463002702578
66.76096586598482
67.6832155918369
65.75770634586016
66.12614648208236
65.55440268148136
66.0840850497177
66.11730779384263
65.52011676795881
65.44114547817018
65.78658106286599
65.5144631111803
65.36080397759476
65.60671646277717
65.40347884287388
65.78562812644151
65.1723007453902
64.96458911811781
65.29619538111632
65.69077036830991
65.88948017404405
65.59055046941309
65.30486525400357
65.36467111213487
65.38701144393065
66.11331336384417
65.05698792399791
66.11025276987394
67.7990222599614
64.34155667042995
65.3195022988561
66.87099405939958
66.44036813743054
65.21329937968859
67.07644925861983
68.06410028160934
66.04104949195757
66.84903493881872
66.05096626442543
66.27553288580717
67.80045667015229
67.79588809057266
68.31896098575788
67.56961083112851
67.8899336047144
65.76193944886181
65.52539168863585
67.29318795745122
66.72997902732583
66.7664795833788
65.57034281984397
65.91733864214642
67.31007687302481
66.26231660506136
66.15538646620931
67.34045276149622
66.32968584233632
65.33776772443673
66.4791623449652
65.54576335339274
66.44772096338438
65.96079670680814
65.69569596808124
65.78209335991357
65.73521932434615
64.6251359986299
64.99689307788859
66.01734829895231
65.48902947905083
65.21863702287416
66.84935415673094
65.80599592225518
65.80362158600168
66.03837518884067
65.66056389835455
66.60233917946456
65.74322719705683
66.27023922402572
66.14135236066579
66.91156924343764
65.33013835199637
65.30094963206207
65.9598823583817
65.24683688175556
64.86838120495011
65.68640725333003
65.43124011187071
64.88196477524504
65.01321856552387
65.81104693562062
64.92452156333276
65.3383448074785
65.0259613242732
65.20011183166463
64.61557092500489
65.644595629336
65.61361380031636
65.70651423225242
67.21826579709449
66.86422883909705
67.58851285639949
66.4990908429593
66.5860278573799
64.79268515788247
64.81357752895833
64.64678787906288
66.41268678046701
64.85294172978838
64.92616846007974
66.08595263652118
64.75584933357834
65.28142055476077
65.07088428901334
65.44731211708277
65.07774381880887
64.96138707709869
64.67899585443436
64.88615885491026
64.68692102404202
64.80578003493194
65.01561993820356
64.75197111981544
64.86732036187173
65.09832185341826
65.83680976205699
65.72221023440432
65.35352284633053
64.90531883839314
64.82838721991757
65.13303867491167
64.85799989968841
64.66183571326043
65.03605313700457
64.39282226507584
64.76315881563613
65.17841650897361
64.72950804189409
65.17954022351388
64.82635592475158
64.92586304752581
64.78936463339643
65.72894513655172
65.06193757803963
64.78381257736025
65.1426549518451
65.0492201867505
65.10557859992359
65.16538856299888
65.46573668874471
65.25949448358558
65.0172382953469
65.28397385476597
65.1872340073491
64.8786663898734
65.52211869147118
65.45741733121508
65.11741367893661
65.47898636936925
65.5818189349305
65.05747165289448
65.03974661122813
65.62273609385836
65.35688168173989
65.0060459749796
65.50495363651757
65.24204014274939
65.16708221436382
65.00875974307624
65.1078132571246
65.07290639294892
65.0474344253591
65.39607023470255
65.43610089117522
65.33310916235938
66.02474922675754
66.09496146061774
66.01217227911766
66.3400870905254
66.15709677597032
66.60717111464015
65.63292443039104
65.83857064425546
66.49295588035338
66.47514887999603
65.81311859219426
64.868513537674
65.92948364727974
65.26792523340711
65.2636658166023
65.71025096308695
65.65574712949827
64.81483408142032
65.48035793764798
65.51796549954291
64.9774611311917
64.93830721090313
65.81543186956644
65.46024767053565
64.90562056551855
65.23373885279203
65.4685039666708
65.68931522530009
66.26522812952271
66.57435422251774
67.03620405780231
66.2144656617719
65.0052730420755
65.93911959641393
65.4443358848708
65.59584209499947
67.20603150520792
66.16562412129223
66.31536040048641
66.15348456788824
65.46930461224895
66.16951637960706
65.88979475877596
65.62989954854481
65.83617413557015
65.56167848374578
65.85260180448283
65.70442067256384
65.36805173595971
65.84403259943231
65.7693959014151
65.93523275013125
66.22497364352533
66.64550126250538
65.90770729862808
66.06495373467774
64.99214424895958
66.03454677950991
65.57543849861109
65.61399736842745
65.28680315136619
67.13463047625872
67.34551246909216
66.40422942150157
65.10397506557561
66.58976777507452
66.25339809547944
65.90520426399246
64.63486235992215
66.6924823366271
65.94094523397557
66.37049603932621
65.27991969301688
65.63982081097933
66.51351429157452
68.16845496778983
68.44789777941573
67.07635317664999
64.79046706129391
65.97235866136987
65.82747876282193
66.16076769257613
65.69147822162353
66.16990867771703
65.98007362902678
65.82544508594941
64.9862900151494
64.50271088206942
64.78262643566757
64.85048501949522
65.42620176733747
65.45845984336172
65.81287515464534
66.47864482105996
65.78013317372071
65.57940477374949
65.08986247081191
65.79471605634531
65.56856493701083
65.14292580607686
65.15863379076318
64.96071220179827
65.2966473045646
65.54172095106478
66.41002728763095
65.67798469773942
65.94800612030241
65.04936920916708
65.51792043393009
65.28529144974571
65.33200896674545
65.53946073460575
65.48312399731098
65.56615701110896
66.49385977085699
66.12663161366837
66.26605195866895
66.30734788017976
66.39461551989383
66.39947921318087
66.42937400135888
65.0432591927578
65.74239221447544
64.80420948059177
65.55030984491154
65.42706215051692
65.40260793194642
65.34914391178383
64.7614427878998
65.31028674119253
64.7893784378755
64.54219467002815
64.5966917430579
64.90423084929022
64.9812136187789
64.46674035352349
65.08508872013985
65.22567688971824
65.02735037917904
65.28228971797063
64.72647533265865
65.01819768797091
65.75689011326341
65.17168342841461
64.44165005988992
65.78443772123563
65.80162476902267
64.42630271157476
65.06527892242852
66.55500913071307
66.83806019927735
65.14183753259341
64.77264148504334
65.20184237653604
66.42717642191788
64.89604610570179
64.94100656125876
64.77286139349849
64.89124994167003
64.59016371890631
64.85828772439635
64.6515173443208
66.35416067245819
66.7333626606298
67.15802651602762
66.34755747030535
66.0239464185843
66.78221157419132
65.56283941950247
65.18103377623693
65.90585443769973
65.19638039803354
65.03543583778884
65.39214286728551
65.97813541566607
65.02286441711482
64.68415099866007
65.59413447002504
65.45903320220354
65.04038388749377
65.24501263203585
64.79652162265748
64.72235124462378
64.85019155946834
65.53633464004419
64.53559771978226
65.50742709219433
65.0403770979002
64.61687652428742
64.83867102172013
65.60783814910182
64.7841598218297
65.12299916567066
65.76161962979597
64.51017310745723
65.17196827218724
65.36280436675905
65.60559511162529
65.06099566234536
65.47125974446259
66.0917847516625
66.26038316176074
66.37736667722433
66.19111889021684
65.11110989596885
65.70278574651051
65.35407154045504
64.56911239397199
65.05836487831507
65.21639783312133
64.5288049769051
64.90643801499611
64.85836114342001
64.53497669290117
64.39896834227373
64.53445517861073
64.46645952825594
64.95295856144257
64.72393676298968
64.81202696872073
64.43332085553504
65.05834359031722
65.70705235050667
64.72342655316056
65.03282263833425
64.83523105121441
64.53406553534388
65.04889407494032
65.19517177066963
64.97727633003113
66.08804142241985
65.8610281135044
66.24075578671058
64.92971472560218
64.98398570107605
64.77118013982322
65.32405982243299
64.56976059312059
65.06199594092516
65.76588043437896
64.82172317594136
65.02586342051904
65.23884466732996
65.36758270298162
65.03241537379724
65.22468516909275
65.11337578457214
65.16669248342247
64.81039717193606
65.59701065334056
64.56479494322899
65.00917538853652
64.94199244653112
64.74184055393093
64.42010339455986
64.6501964244213
64.85994232833725
64.5114873460893
64.58846366815118
64.73382100196099
64.47406130007754
64.54272034488487
64.38971130110131
64.7097319701205
64.71614310126432
64.75020172032752
64.6397618244119
64.71122660123844
65.04996320608379
64.84436335036357
65.13131302100192
65.17180067358927
64.72893472085815
65.12594563132193
64.71339364722469
64.85118435965217
65.26339496475943
64.51371540532095
64.8200075659974
65.46541754174926
64.7439106028599
64.83215895092486
65.46427921620763
64.92456820874226
65.04466504166123
64.95817570811306
65.0232366454613
65.4345184597995
65.27144560703688
65.91485293636391
65.80374228384454
65.83509208181617
66.36173075893133
66.5326149139804
66.59847610021066
65.88354410979233
65.45295339151782
64.98085357516943
65.65490591664134
65.90964249717946
65.79369151189654
65.12025267977312
64.8590107593618
65.41874183662351
65.01354843464746
65.68483047831955
65.0760809467612
66.06299827207754
67.13398350674332
66.37835237233298
64.69551403700324
65.97922936527313
65.56532512871007
65.47766669782388
65.31203306300787
64.92465994651542
65.23578460006117
64.88909676573273
64.55300669574397
64.77742074195741
64.90184794767234
64.6071657897182
64.50105065896425
64.548471917845
64.54147619232954
64.76673849679395
64.75183018729342
64.58014875367863
64.92506358325213
64.71613470917644
64.82902700707754
65.54678881049489
64.60915501634653
65.07979421453541
64.95158774507975
64.44262072027836
65.31929352249148
64.80084931926167
64.4668273741161
64.81051497701154
64.81725460639501
64.56503740412604
64.55531910273977
64.73776729865357
64.81161305750747
64.58526376431118
64.68944602762731
65.48090745783486
65.32337593704523
64.91073257400946
65.05310478186769
64.90727299110134
64.93882009273189
65.81589209536651
65.34711392556258
65.13883650233215
65.57820704004551
64.64603449427085
64.83738436161809
64.84724960911656
65.59877718609565
64.48442586315339
64.66605293003481
65.16951442292918
65.03040684171414
65.753925589911
66.52549957273685
64.83326954336331
65.33545239629262
65.02701823036399
66.16287255087599
65.11293236183309
65.14107388570667
65.44375379531454
65.65450250219985
65.7603327163797
65.4833715926509
65.22660632989025
65.33623680897155
64.67057937747131
64.86499612671669
64.46612280089167
64.89805363600779
64.66518120170821
64.42236199680286
64.7961460495589
64.49200139364204
64.8469663660181
64.58392913676674
64.71227020057292
64.80511908353013
64.6539435650423
64.60281549720547
64.68299380249536
64.37500841899063
64.56537456400956
64.62331806250222
64.49904138901796
64.57941902510716
64.5454897732088
64.62098007306282
64.62038421966335
64.28151144271281
64.4448913506322
64.32712705476627
64.38782915956271
64.39765594850078
64.54077657393935
64.73997809159493
64.55163088773675
65.03125134485765
64.34936267613205
64.536584932203
64.52146911158322
64.72244208283837
64.43187552457692
64.33786045586977
65.46196864946428
64.37922847824305
64.44341106448643
65.83558974989609
65.93839079524315
64.33661202023488
64.57640606264133
64.39261331513471
65.00491413630095
64.43833645599378
64.45671404420958
64.6245148577068
64.52802069333556
64.36603191519684
64.67026144231686
64.61481404165717
64.46883064075965
64.70078018103116
64.41719022278659
64.46904735724885
64.40320011967572
64.46597053965843
64.50620783057052
64.48463300927901
64.40281778771396
64.45803466580051
64.42792915847923
64.37271257155363
64.32992928390254
64.92514869675043
64.70014510209452
64.67562045466943
64.93998780423802
65.54357554873704
65.74505135593174
64.78945644419409
64.42605442511487
65.34517274841119
64.68245525354939
64.78091584726388
65.21910182832251
64.83279353446525
64.4585049872671
64.86991291153036
64.74712002762308
64.48482557798667
64.54993607313813
64.77743585825216
64.74243773738102
64.53562613039352
65.14665588758342
64.49396799818396
64.59901964334671
64.96593506536054
64.4068721980711
64.71967980758524
64.51757784592839
64.65570192998712
64.88784730494034
64.44854411326652
64.2118535933044
64.58094482961589
64.4527973038178
64.10353396126803
64.4353527296839
64.46083476569214
64.38423052513578
64.5350418826829
64.52018313956746
64.48716302999284
64.81294350013843
64.56154855183843
64.57459161334174
64.7955980757473
64.8868115851246
64.71449039912173
64.53985656042114
64.90363024241688
64.48281149803262
64.65847151377149
64.76797054527252
64.75895389027077
64.56015584470077
64.35608980530112
65.0066896094458
64.43996698969084
64.4009775674152
65.24411473003933
64.46411188673221
64.31662895857181
64.57436910989207
64.81578033836476
64.69623698668926
64.49774520178539
64.78396326008169
64.95329091163691
64.73291719937345
64.90413597393189
65.63661759652716
65.72544343262105
65.4935807307208
64.61388319890706
65.10489051558558
64.57467687909988
64.49244799365269
64.75659693134682
64.64735791653881
64.62697552513926
64.76834429613136
64.78738500861729
64.48017866223519
64.66470812974983
64.68672405073542
64.65298538233094
65.05668004555682
65.09975020013165
64.73775012141097
64.55672481517794
65.29566504491206
65.1596568729284
64.57178395282862
64.30565744996424
65.35869890258715
64.543367455482
64.49697474464146
67.48028889270039
65.87705451565205
65.83489330767014
65.88615297066934
65.15948736841843
64.95540239475022
66.02609453805489
65.89136569628663
65.05540503519569
65.932306191326
66.05951044682834
66.23365478005113
64.70823481763875
65.06881007001677
65.05151603661953
65.80800717616793
65.09673527920272
65.62854432765323
65.28216605666364
64.38552400156604
65.2054003134922
66.05453085068932
65.63679915948836
64.5757779165176
65.4571064238146
64.56566641284941
64.74984105637068
64.9455988258393
65.69843746587964
65.18167984400037
64.81071173331883
64.79201152614326
65.0903458955417
64.8280672814386
64.74709397605643
64.40506563875086
64.47024887353948
64.61723103607693
64.43377276504565
64.52370193990534
64.8494327379288
64.57290951255317
64.60614208500498
64.55084007338552
64.59261442732239
64.5154521950926
64.4901855700483
64.52401196795712
64.74439709241761
64.44592986563458
64.4141062197497
64.33191848728933
64.48230528742658
64.39895287274881
64.57403559627107
64.91215077862962
64.83941931181184
64.55506214137081
64.82539391571373
65.04746314610362
64.84498410798977
64.95078970307429
65.06742121569984
64.8353370999895
64.78615541791713
65.15785471093545
65.20052489419048
65.09286703785483
64.98210923577034
65.00096656590071
65.03550696626948
64.77304130713917
64.99592599236138
64.53930812650341
64.79330875932739
64.83700707760312
64.69157132408972
64.88531932769575
64.77201849748026
64.99379325934896
64.5487580858025
64.8431844532322
65.03152105374343
64.59895507346681
64.3613185004851
64.61196176245494
64.54991330262592
64.55871225479552
64.573556971432
64.60069866763773
64.44325675857215
64.76927321670492
64.73348099353562
64.27681415788335
64.63477252540501
64.57479578672653
64.51149792817836
64.45501836402586
64.58909154832585
64.63704282747102
64.8713640662272
64.92216081674458
65.62972856722595
65.79767557655315
66.17366452066885
65.79307417073929
65.46910025409876
65.77531915281413
66.02580526517715
66.40891391429855
65.52339054084614
65.71670379987445
65.23672217736765
64.74667032694607
64.69695754030303
64.95528707517207
64.8732148848183
65.21353350229921
64.77166315662662
64.44670010303044
64.70087352707247
64.93307926262109
64.73247825242623
64.75711283369724
65.0722459500698
64.76730914214166
64.4557605183436
65.33360495215648
64.8385706509167
64.30951699997351
64.78153479449503
64.69914087981775
64.88740572579255
64.99833589322179
64.99622620915788
64.4134215214408
64.70266237278162
64.49000154881445
64.69539273225335
64.46473312085558
64.5528582269165
64.6551654931603
64.3780112821365
64.4307215093738
64.4318591401259
64.37298077384243
64.49075219134257
64.35009799668967
64.29970184727783
65.19534491185932
64.25551435146896
64.31660828908693
64.9778981821413
64.77238911773162
64.29329192930226
64.69041219390964
64.3037758976294
64.40761844646802
64.5192698029061
64.71777001717336
64.62856031275741
64.44545857117636
64.86826245418847
64.65503303550618
64.25363886728294
64.49128932308818
64.4608349272519
64.39916678204472
64.52742706254719
64.50800418099305
64.19771888592608
64.33622853179537
64.4314888239209
64.22346917278148
64.28462128893185
64.34306257961127
64.24720620122554
64.42782029922576
64.46757298610072
64.27598066417639
64.54522632894103
64.47450265070037
64.34030652938682
64.67433656099496
64.50662136717065
64.68003238924366
64.52604289718487
64.4959510051759
64.54800199245794
64.40171615392474
64.40173200889015
64.55745168556007
64.53601333676944
64.57257739870393
64.7655063106425
64.57639498624715
64.78463601154257
65.27045998279415
64.35595335802172
64.65706725725725
64.96804894187866
64.42266858102889
65.5668144733877
65.14791195762686
65.13037422275694
65.00411027741032
65.09280802815297
65.1021152590653
65.01848182828915
64.86557262694885
64.962176096079
64.94310837141602
64.69862208120696
64.92027053577878
64.87434219528723
64.79549470582917
65.03733371772168
65.0667356220344
64.86160745396631
65.08735315858134
64.7605953368424
65.17730962188118
65.16117305783014
65.1168594888866
64.99535562538793
64.97446489509905
65.08154312187861
65.18141186483162
65.06576722732294
64.76763315445089
65.00472893692002
65.06641660937744
65.61352457968444
65.24913159700432
65.55318602285338
65.4845981279451
66.00077126681124
64.87598174117386
65.52176611136645
65.23599062174861
65.38931784078216
65.208642348483
64.84073770682151
65.14267196392018
65.07678295627802
64.89764908387147
64.76015153154997
64.80336890074113
64.83837103096506
64.71356721333568
64.81757510934993
65.03625472052838
64.76032459137704
64.95566204972548
64.63462469626592
64.98245526826688
65.00665585838091
64.79089371072874
64.5829175930614
65.26422667140325
64.69376080149476
64.79282211823077
65.10703108491357
64.91400054585658
65.11247642391854
65.42605533901705
65.59193109496142
64.76294749238417
65.69773385746831
65.76936013458867
65.02153306492339
65.02819112449802
65.01802833233418
65.03385246367658
64.99833470529647
65.10353904482811
65.10868424054674
65.05839323623373
64.84472798553811
64.81513462800774
65.11208466735411
64.85488979045275
65.18334827608253
65.18684311164616
65.07739485247131
65.11199714705278
65.14647578879675
64.98656562437965
65.0131929703589
65.1309460580683
64.95023924495712
65.15418327527668
64.9242469965837
64.4044027041406
67.31782842459195
68.04932255222243
66.71793228177611
66.95934908254316
64.53490966043613
67.11959148494752
65.9369876338395
66.77852504861349
66.42907222880802
66.95928671349431
65.69241380770805
69.59586167038871
69.0877851566902
64.11425939354312
67.17066384957829
70.28042697198069
68.06556352949033
68.30979345116819
63.870788720203265
69.90800116501606
72.35215889545336
64.98194819766725
67.48790602631244
67.04766921173342
63.96905696577603
65.82649841464534
67.56138639117935
59.89864613852447
65.13842161130077
62.629060288005455
64.7141054440517
67.34911863609219
67.91922030218329
69.29850389215544
69.66074291561377
69.1990182433897
65.68282166899742
68.2841199126657
68.98527991193433
68.0648336150448
67.57673391614235
67.71076006940241
62.5032956184634
61.497158079455716
64.49947743482308
62.73531113289004
61.29563658421661
61.68668661587512
59.08339547208399
65.47695507546268
63.86367435490818
65.53545000945094
65.53087237356316
67.44653556224472
67.5368953248114
67.20183173326959
66.47217073303013
70.04440076488942
63.72895992622063
65.86696589373678
68.71877583342582
67.03382428269865
64.35830983313019
68.43806053930243
67.95186291401299
69.94035731104368
66.81975682232954
68.25217329701881
69.39159882241017
67.42468397717985
68.83373766653717
68.18642958666446
67.46955462685258
71.11370617603293
70.97888447324402
69.7922913479258
68.85378212137937
71.07324475385734
68.68382419193271
67.75684321879932
66.0260755044905
66.65626933721431
65.34739172199897
66.13571508779177
65.54834026105715
64.300682815749
63.88616422970725
64.56226150427827
64.45203313905671
64.31495288279957
64.59232087283503
64.69418180800099
64.2758296318916
63.97109744539953
64.05416844004303
64.1611405920574
63.93200505635672
64.888751408
64.03982298298804
64.19726389347376
64.8842761128829
64.22199757214707
64.57332722891444
64.15739119854548
64.74805010990681
64.57149070469592
63.965565704786584
65.27635316294628
64.19351824855288
63.714571376939986
63.73456641589486
63.680452684570184
63.66944471307352
63.880262870999715
63.99936439732493
63.84698921208827
63.86885190215669
64.36999357052603
64.37997391408433
64.87730879184922
64.36838036986327
64.7899451707022
64.52705557416131
63.79827712296494
64.87044919645837
64.23044747595668
64.36342092313829
63.94957420082008
64.05727291780508
63.9650635728417
63.75827211320788
63.738968965535435
63.84453724184252
64.33044265654485
63.79242428284169
63.97700803235569
63.87509898318041
64.03600351447184
64.12156121124903
64.10664794725139
64.98146938530202
63.93209784420962
64.65690097762982
64.26707135596519
64.32103309111174
64.03883736165473
64.22775520896288
64.80997010131168
64.07822282359237
64.18983473510988
64.1726055868914
64.25322453507462
64.01247486538836
64.58334343461621
64.38760732789127
64.11570362846024
64.10475135957255
64.00354557770254
63.82141654156391
64.00259927537745
64.23209670512534
64.11090902952822
64.8157324974136
64.08289390154219
64.33010721276236
64.46852033746137
64.14510701663407
64.23674319234698
64.19600162509347
64.08441362703999
64.53534493664888
64.2980181993801
64.5586921041474
64.57651721199706
65.03460290015198
64.93451611346549
65.02189009496871
65.4504125879792
65.62692477301158
65.13119233859561
65.13449490100413
65.22477716744352
65.02108945249687
64.13615561263012
65.01575751980891
64.0944494574551
64.33689095304506
63.782781292973
64.2874260392858
64.04242645619816
63.995185496139236
64.19567532672228
64.00644937431389
64.25244960111044
64.24873781775973
64.24779236497257
64.28174236254182
63.93126523222482
63.957630462472345
63.711063808662786
64.07768734887709
63.80822660774691
63.88979855124293
64.08154207969318
63.86090649577902
63.819301215632
64.40983581669407
63.9748710448915
64.33108984621926
64.13606227036796
64.30782396859082
64.0535883560585
64.25391832600928
63.87790547139786
64.1712093742268
64.16132182619808
63.96393667712142
63.81667006049459
64.01084919534325
64.1382441750072
63.728075277874765
64.13463192597357
64.17971087186342
63.98683537984661
64.08891927279778
64.45260673160817
64.77809773365547
64.26736219544203
64.17270889389847
63.89758726241815
64.02323199147767
64.22340256191393
64.30911671929972
64.22115743126537
63.958644599190194
64.0132697154388
64.01520618419985
64.08848458465746
64.15787774784745
64.18477408568718
63.92117702554959
64.05333011726691
63.72199005053371
63.75129694960804
63.67234839919616
63.99817114749606
63.760565567551964
63.84614527337577
63.88023859319056
63.683357872243214
63.7504373835251
63.682618388470736
63.663931903873745
63.847078632779215
63.630004218330306
63.76442500122411
63.841732548854914
63.80114119977695
63.73503717143132
63.91329916594728
63.877955841121235
63.6469122604665
64.02168176812775
63.8839027066998
63.84327575229339
64.41834292307712
63.99429726829771
64.17868413128058
64.18751367707051
64.03630892654549
63.873714296029306
63.91041688472293
63.855594653673194
64.10152091642766
64.11332512626933
64.59757848046755
64.53187134486255
64.77924074267672
64.45427868047967
64.52209788181447
64.37450987233694
63.85172142493438
63.71281348672761
63.722144844181024
63.811155296331016
63.83503620641603
63.75592858469157
63.95030485607781
63.90053761641807
64.20270496772142
63.740878606157146
63.92689268561632
63.626571150934836
63.78742809097552
63.91659506695672
63.91896316833401
64.14423276315688
64.36859342513645
64.46333123296591
64.62733208895546
64.61074390690827
66.59343089480001
68.42110788434735
69.17495639472007
68.39532915219624
69.97684186888169
69.15930838171765
68.13762132634076
65.79633472227886
67.89216895720764
67.3818690537987
65.06505301317173
70.60230936854407
69.68464662220049
67.21776270840158
64.59367052997305
68.43600546306648
68.0763567945039
66.4773871786323
67.93085389890096
67.25808256569982
66.31617729603036
66.138292960414
66.1364815889018
67.34471319345212
67.20213467719594
66.13834185311597
66.67998535283486
65.95523747476369
66.2174243593917
65.82905659055682
65.24095583416211
65.4825946498807
65.27949034097202
67.06055491727182
66.67564507494916
66.36980006851877
64.20396369231001
65.06012057596739
65.60738064190464
64.85412514876562
64.51380218890112
65.40389042480294
65.37065807198123
64.53273865257783
64.34423161636091
66.34917256664662
65.05599627324733
65.03986226244801
66.2621853047758
65.44113827713649
65.08389106235225
65.2315812377971
65.61317814808592
65.46307804748746
65.41030960858103
65.31843984622009
65.14471683919324
65.51271648364869
64.95307458721871
65.3269912032832
64.46524300472416
64.59107977332121
63.879522279017856
64.19481299665175
63.87523214641951
64.23105106727469
64.08282750160127
64.26373348453994
64.05875619644617
63.861590308957126
63.92221855456045
63.66420573703037
63.926257475272486
64.01519646466218
63.741741122376354
63.77856626760866
64.82963943333185
63.775616464899905
64.39671571002
63.91061931922464
63.765212024708426
63.90863426844508
63.60993341109061
63.777998429857696
63.90035087681112
63.89371278840672
63.84920292404113
64.13915057379849
64.12267792828473
64.12848590761729
64.02699695284738
64.3450565583339
64.77719303608215
64.81634908429687
65.06793120325699
64.95289416009365
64.7858526224061
64.48983356325031
70.17673741466659
71.66188471796748
69.34991263055677
66.40158680998498
69.1763692447012
67.82693914075593
66.69393826044997
66.38743492004971
67.46989193936783
68.33345536135948
65.1705858348983
66.4101291895436
67.12811215658459
64.9485132826332
65.78033822161615
65.42877251960432
64.64156801733458
65.65735850936304
65.36517031326638
64.8984188325806
65.57200156165099
64.6054848297812
64.536797927936
65.10207896211283
64.66773252078193
65.13963353906783
64.85055355030464
65.23403858098425
65.04644271224286
64.33681713545673
64.73633262705256
64.69438993058831
64.68591592297449
64.54682734486488
64.5492919783896
64.61315438342588
64.47723026787835
64.42417512791414
64.49267129262854
64.43547574719713
64.66482431010704
64.7317447831622
64.4930701418654
64.47763220274015
64.28696787181528
64.31627033733292
64.32289469721364
64.32704986280385
64.24226312379325
64.3489116658586
64.30570626872816
64.22406405221024
64.03545369535526
64.6298888982318
64.16102206197303
64.57566070999144
64.81349436282738
64.48249494163252
64.49129227316975
64.40234178761678
64.79139743203567
64.23611594834166
64.58886939944198
64.60500400366404
64.71305461337892
64.48607594920549
64.8700979037249
64.66656333949298
64.72141751233909
64.51054919785405
65.23758651029608
64.89129221003228
64.52414121230571
64.36304400773643
64.87617348963448
64.48773679347562
64.27786323981556
64.97130454130607
64.3642551156023
64.66572674462482
64.69981032109696
64.59677703486537
64.30322573538542
64.22642537569334
64.33221888208051
64.22660360855387
64.20532410783841
64.29932400008808
64.16799723782474
64.19199827823974
64.18944697957461
64.24470244624445
64.47460975222917
64.54882554402543
64.36709014726826
64.34965129672061
64.75436636910678
64.78193973963803
64.4639130337201
64.33511382978581
64.53066291894527
64.24688823123485
64.5075213412788
64.33941969119414
64.11317077952522
64.20628567520393
64.44625627440533
64.21167187807636
64.36514829885016
64.33490324096714
64.12098112970307
64.3835033131373
64.31654596169851
64.333519662227
64.22953960491061
64.30995997537515
64.33779300646806
64.40887571342763
64.26463167630935
64.2060463935006
64.15854690594675
64.52086865383367
64.33165221297354
64.04435839483291
64.22095581403329
64.55811453256791
64.18483081893311
64.19579186661399
64.31749235486048
64.20999886558413
64.20725880106623
64.51147408904072
64.21560809472285
64.50460763405806
64.36144411443237
64.42431267603793
64.22663071423406
64.27507320636545
64.22471251509678
64.26226821065045
64.2167224648172
64.22062034171067
64.20029507217676
64.09930578251145
64.09866152302655
64.2744073773551
64.22303140717422
64.28469956396292
64.40482294429421
64.35632999769221
64.2737380917285
64.15011095763948
64.28424943485734
64.19990461573094
64.33772556124373
64.34566816905216
64.11353710222113
64.785593522949
64.17058679242777
64.37043671581834
64.31719401404573
64.45504305057399
64.31777896838821
64.42683598458297
64.91011248486483
64.1227683835899
64.17409534108751
64.45830281768497
64.40668731047754
64.47220320952542
64.30565903093844
64.29205112344229
64.17790156826604
64.21212301789905
64.18063231510946
64.29635828373276
64.14376679716035
64.46561513856606
64.25327189763154
64.13403422750407
64.33419013267518
64.24377368632948
64.11169437385598
64.31593253362344
64.18455750848689
64.22490943586291
64.25748513435634
64.13502251984202
64.64471383330549
64.26773319685324
64.13718517925192
64.39624043499173
64.29470786527891
64.37007154835138
64.39715108152744
64.44774957538667
64.24591997401762
64.55640028920855
64.49546440341057
64.41422614881809
64.30381642059352
64.46137546823344
64.34978088200405
64.24167368400921
64.37290102041017
64.3462098301919
64.17227085039171
64.2813298892331
64.23344404927448
64.20941475970065
64.37669678358435
64.27649880679033
64.49825817877901
64.2286171756663
64.137327845689
64.5069466734415
64.3097999606074
64.25905479440345
64.53394659396928
64.42693732444228
64.2750343653192
64.38875224963535
64.19351452001224
64.34639318145769
64.44932525225289
64.21204166756752
64.31618304710231
64.70958971970003
64.2529030086694
64.21992073975511
64.37937113674249
64.26439953816515
64.20083337648344
64.20124908955123
64.73099539959165
65.13993715972921
64.46547212986903
64.4935240654048
64.43216422413215
64.27032808846447
64.06845910853919
64.270119205788
64.3976729934431
64.20427817795371
64.26140912962069
64.30319348669201
64.35821710789695
64.27163553886385
64.25654595364
64.2404046208384
64.29899636477353
64.29373742917306
64.66321391302779
64.45111569193901
64.64799843876672
64.5569557483349
64.17884488526401
64.37972821243956
64.4473768108472
64.17733539579966
64.197304660952
64.35598983984438
64.26364707755076
64.23379632337088
64.436285438092
64.16322302824784
64.23518981119344
64.42271763154646
64.18292564859289
64.28436809876035
64.78901543024195
64.97459720549895
64.48181034552609
64.54920058515063
64.43294610946327
64.28571402412514
64.33042054525161
64.30215707272652
64.56990383856143
64.2757566704005
64.44081310858007
64.62234108667269
64.44301405081889
64.47913376165432
64.95138319725952
64.47010507196845
64.30179241533666
64.8081518704412
64.50443499462484
65.22174571433563
64.21774510153762
64.72883479011624
64.34569706328006
64.23206343444646
64.67283612848472
64.61949037391297
64.07054751264027
64.58140782425622
64.31457132423479
64.46383242592326
64.32209941442194
64.38983652784749
64.41021686825894
64.33504631256332
64.30624320834602
64.31354431333884
64.2498561633318
64.24087262510758
64.26566754154142
64.35590175388114
64.20840557899223
64.33147856450337
64.56481975609802
64.30624340516664
64.33924258169652
64.57366691993072
64.10602306706062
64.5178652989148
64.14368383019416
64.43888826850305
64.26529297687331
64.23504864216189
64.34086691944927
64.28182006448327
64.28084663533441
64.33514010704481
64.24290816811714
64.39698900615738
64.23987508521601
64.28905947119314
64.20527675504798
64.23518545064519
64.38860220507667
64.26024547616207
64.19889726817263
64.3538058068421
64.34350173084069
64.4105820422607
64.36987066802227
64.51414129077844
64.52645902868238
64.41293092560147
64.40408774257992
64.47790414205811
64.23428813591983
64.26726642592554
64.52315111349755
64.19888145230098
64.17738010065585
64.88136026376833
65.09260095167829
64.35556592180885
65.43088499726346
64.24385754195154
65.38824155749516
64.19640600313062
64.3889035686878
64.69049898068478
64.35761034902171
64.29404039155605
64.24431350604512
64.3515461995836
64.24198775054604
64.30787537979832
64.33139870011435
64.28319141378319
64.37065608946976
64.36179274836766
64.19042044806928
64.11273944838692
64.12271507163106
64.29393846161061
64.10358492698887
64.12479149553167
64.20510741341711
64.31758121846354
64.06165704460456
64.19400732315283
64.30914607047559
64.12988403908204
64.25048843720059
64.18903585256025
64.35038988816429
64.24445645405298
64.3199018812044
64.17399204159317
64.68187995345085
64.12234716724019
64.13850077117444
64.47811222181585
64.10073618512997
64.18098963112283
64.32881995005351
64.44890492228318
64.3358591725966
64.19819104430674
64.26464343731224
64.41349977003009
64.26547584803548
64.41483823388744
64.45376288847018
64.39327360315865
64.38655641146542
64.176385480062
64.1712458285192
64.14159961933613
64.22215441694401
64.21237593324234
64.42485000210335
64.1531629437082
64.18103309364844
64.25984365676145
64.19240198280579
64.26486809850178
64.31056734157525
64.20504931634255
64.33482484817554
64.15179075199468
64.50482614149801
64.15110426087978
65.12442515774262
64.16658859891191
64.54808649045664
64.22694360628803
64.12983420583382
64.15069674357991
64.26216557766556
64.17667457501108
64.28869635272963
64.30343068949088
64.50051119214902
64.15684746754783
64.23198113836594
64.25822699440906
64.330222356159
64.42156807843111
64.1262635525172
64.5603132865325
64.38052341616934
64.09154356903197
64.4378925041248
64.15683291042643
64.0879772663235
64.27414537639736
64.28516044235597
64.14735930528319
64.31198002963828
64.20300700409794
64.2337946162534
64.33420442193614
64.07985872519977
64.38266753532095
64.06135218933764
64.20476499935268
64.65120876613307
64.09251576170072
64.2016108817239
64.26187546914504
64.0827386983312
64.40756246877581
64.46476126777935
64.18532755485764
64.36938200924631
64.11401811546843
64.29735088732903
64.22470483149505
64.22389256042356
64.2683335217763
64.35433696950324
64.43386881714838
64.48492980115651
64.22061543863623
64.34558817927025
64.3182118648071
64.19829052072953
64.39548495152108
64.24479747838897
64.3317222779231
64.26647449178496
64.40607496116638
64.45309615568345
64.14243434357351
64.51009599224496
64.44395831800469
64.287916038944
64.30167478964812
64.18077345710188
64.48552854060617
64.36536952687406
64.50528836709587
64.67048865387638
64.8477847774906
64.42041273931648
64.57031504215922
64.5516259864951
64.47273658355716
64.63669364518147
64.69917214789531
64.95671113416054
64.38495716140278
64.71475528556044
64.15637397500781
64.23020589367336
64.32024563407161
64.30093073164359
64.08592296866634
64.30396880262715
64.17517205597981
64.14218799560443
64.31005547715468
64.3126756613017
64.15879667629953
64.20456319483804
64.91653758679413
64.2080019993525
64.41931193348128
64.33821847412227
64.32672741615845
64.13579921745247
64.23649402791968
64.16812722237964
64.2133821651145
64.18172580807575
64.20949688630489
64.23696922857144
64.18356761742704
64.2929910008957
64.35323765610232
64.38269379142481
64.13778192132465
64.11806700827435
64.2947306873727
64.19214534258741
64.26115897381892
64.31597722635985
64.18245609963348
64.27405916022597
64.19535705899156
64.17288844044191
64.10343742957365
64.2008845844225
64.21764842971807
64.18945706463558
64.11765923177511
64.32049758856627
64.32033563253323
64.28695495360432
64.38481034775812
64.29421111422114
64.29955894699346
64.34283664903693
64.56486300448613
64.48093906287251
64.46494276030016
64.73096518369456
64.49593638243452
64.33523445871268
64.3417677911312
64.8599786166415
64.7180100393827
64.73002600967418
64.8929175925393
64.66541682869159
65.02806646714879
64.76884851623733
64.9249044746639
64.66540347435297
64.65516249961637
64.91635990174672
64.69709527860658
64.65308021118427
64.88446330285186
64.73457521758763
64.80058526952581
64.66601050241097
64.65074934542301
64.83952839536434
64.8147520064892
64.95236104363734
64.99550518524113
64.95123447557653
64.82698853314656
64.70156019887594
64.71282787884539
64.87956843925186
64.84522710910754
64.84452290329175
64.70447423535715
64.73051261957592
64.66408008910237
64.7464005194713
65.12433226471258
64.70620201529823
64.71924440923058
64.69416977639413
64.74479126476525
64.62893622965791
64.74651669018112
64.60813483673901
64.81698691255143
64.62962125875039
65.46842597558278
64.70226904160059
64.61183475434561
64.64667877843594
64.81015968799085
64.62428081904436
64.70110589856574
64.76571546640433
64.79157612095145
64.63693876263967
64.63576232156434
64.88240840568895
64.59928168758084
64.82297451543108
64.72986943607248
64.8013442363719
65.39148571583159
64.57291258090973
64.8439053649453
64.6383078585926
64.75656921176989
64.87446119339424
64.88058202274894
65.01872379382218
64.8144355513857
64.84587375715886
64.7058391570209
64.74854544405729
64.78681876372801
64.62345550832796
64.85234942033014
65.21708465627653
65.08884087815511
65.06405158632249
65.58747422964498
65.25952432691047
65.1419690467609
65.2422392661908
65.15373755239429
65.08835577784795
65.17310721535874
65.14617009728148
65.22105357526111
65.05835846876606
65.06200537507148
65.11127505327661
65.08404092223842
65.08045651322566
65.30855656908741
65.06798108225998
65.07985327934693
65.04748029482502
65.17607530885988
65.04417037418382
65.10587736260719
65.05731141815905
65.09166264456378
65.16818164431496
65.14266826077501
65.22575230519953
65.25664529969366
65.05656652037337
65.10769420123981
65.18229707721312
65.18098229838448
65.06339845887717
65.10448453230408
65.25858514373728
65.1699622760626
65.08202633752143
65.39630535626097
65.00925968343789
65.45729855662208
65.15757044780183
65.04940299223452
65.51565575235747
65.92670483152753
65.72532509938706
65.39002113073589
65.70446221183116
65.45985511561982
65.35107284742294
65.54420759904451
65.70641714891184
65.3491868879755
65.59633319935325
65.44975718254261
65.48937392567348
65.86516886111562
65.45409127619004
65.34639758206974
65.53238831666411
65.70848088122857
65.55655417158015
65.40634569894306
65.47633305138253
65.64723825168602
65.50366727973619
65.50628093455217
65.38282749957551
65.51018528110757
65.57647384752441
65.56207971407547
65.54302682719741
65.49663348477957
65.51300111733002
65.45625765064086
65.56545360380261
65.39706231200215
65.41314063506174
65.40676175876833
65.46279605692771
65.28012972185178
65.57406144031151
65.42464680515378
65.49408452394172
65.54623872971271
65.41967963390725
65.57489583679465
65.61917503623339
65.63600655071377
65.6464194379116
65.40873902946787
65.40968467814773
65.44204654050763
65.43380667641712
65.46186323606088
65.39718283628966
65.65592415732195
65.47769271805981
65.37672825253829
65.38071345359414
65.41648908664318
65.41975824807945
65.49955815585417
65.46577801256979
65.40603456093008
65.3753804062487
65.39525631380491
65.34751277858432
65.43589658863654
65.50678404891407
65.31467298587812
65.42716487921288
65.92874772433817
65.40303934117665
65.45032885071649
65.475914702442
65.47224561614681
65.40022562860396
65.49838795850927
65.51727405508147
65.4377072691899
65.46988435767042
65.46972407055532
65.4255862703045
65.48606258465168
65.3452675878783
65.50016565677868
65.38024444523316
65.45924944176934
65.66406796403805
65.39004226718471
65.55223740742497
65.39645716482501
65.34803944007686
65.59895910157691
65.47205567705778
65.44983292888574
65.62346181666287
65.33034673285964
65.38541986233643
65.6648037205388
65.42111623551983
65.43901891181245
65.42887891889453
65.44812218005544
65.3942608075166
65.49762608680575
65.35735839407451
65.35958281419678
65.4650626791429
65.39836737515878
65.489110842548
65.50575631782472
65.50887008329781
66.04198737700652
65.75081686278757
65.71050156045331
65.44140429389698
65.99820648854023
65.78436644491264
65.40455479968001
65.54638304142264
65.3818452316988
65.43995284482344
65.39814898837902
65.54602090684861
65.39625823281253
65.36782916766185
65.5432812873172
65.55166194938691
65.42025028945797
65.48923508192472
65.3559900777166
65.41600189158561
65.41230087703498
65.36691546632032
65.34893824163034
65.53496379099914
65.57219818487725
65.52428975170898
65.57887006955991
65.68335483200207
65.44431888789221
65.49832998178786
65.54153791530118
65.42750923524888
65.41172662593912
65.44144829574674
65.41621862429595
65.4278365157813
65.36525317174218
65.36978254804984
65.46775465340471
65.39871663960875
65.38333093819307
65.30560667707256
65.45184261421493
65.49628949387902
65.27661778606908
65.52098702059148
65.46281487078726
65.40067048218265
65.45612867418899
65.42806751156908
65.47239676021997
65.48666845638755
65.60630330932361
65.60899002387086
65.39816366099005
65.52016203721047
65.52865066663053
65.40390593027969
65.63631172103561
65.65220032215241
65.69154554767691
65.7440124865492
65.5419881334981
65.89822508391977
65.56847259013341
65.59125437817349
65.70708443338184
65.96737225649714
65.55403791273916
65.44972084652184
65.59418745253959
65.46964054553897
65.56110360899191
65.51512141319465
65.45966727332716
65.64029688162991
65.50819603833465
65.40461361167635
65.97949511657326
65.81776918487274
65.5555452659464
65.76732265574708
65.75178460838173
65.73197122948227
65.67844598078092
65.7341881073423
65.71411978604652
65.74019815662335
65.77384987045785
65.67723985252081
65.69130696697188
65.64743627063443
65.69652576258557
65.64119295682835
65.7298479230236
65.73284479314057
65.68172716639104
65.79793278214471
65.77304524030522
65.76272184218857
65.7097122189338
65.69375881441894
65.91917333943873
66.11950292826499
65.68185068805296
66.13135719282407
65.72615772340214
65.70414250177409
65.77499158740352
65.76294936615406
65.7409750755785
65.67243325304626
65.792059456146
66.0184440692574
65.73110882789616
66.01197619625023
65.7993212676317
65.77642573603606
65.86519608793853
65.75906350673415
65.80186712539671
65.80160054706498
65.7328891681607
65.77837416122412
65.77366445726341
65.74658895166095
66.07511947487727
65.73308774213983
65.77122015680682
65.80422391985213
65.66514555153589
65.76960984805415
65.75726154758335
65.64123043661444
65.72958430265903
65.87555001167394
65.69472715988206
65.89387301368015
65.7179645418802
65.72927141506509
65.71051097966222
65.73220037459926
65.80998564906174
65.76924092882759
65.78169590200149
65.74316506935486
65.98508217609923
65.7178885587843
65.74275110227256
65.68818880932866
65.74357122192819
65.7519741700576
65.77162045129903
65.81281744422209
65.7531110326519
65.81285311414378
65.8787238789383
65.92405319909507
66.27823815666636
65.93525272109889
65.81717161308056
65.73365945336674
65.738364005657
65.75249889188885
65.7384556315799
65.73180296038915
65.80977182647447
65.81671499638908
65.66303840633324
65.76155655946397
65.89288517850417
65.73861705234482
65.69827442643012
65.65670098612208
65.81925946118209
65.81676669269176
65.75676797560645
65.78543402267438
65.8152713864967
65.72841589089573
65.77113621235384
65.88249065181208
65.87567955803512
65.91808702371955
65.78534630977754
65.77921323657938
65.7661599795305
65.71382710720837
65.95241610826596
65.96399664212386
65.77522997579463
65.69782419670908
65.69841082620046
65.75968783075339
65.73625113838276
65.72291605781822
65.87320547826748
65.6698624955544
65.74501437686804
65.8062234779011
65.74741847508808
65.76331913815335
65.65894694387428
65.71692621353091
65.72170176351118
65.66964678221304
65.68333374402046
65.74546380453383
65.73037722592227
65.65153912893025
65.7087576928937
65.73089232001698
65.70412190426703
65.74850916546154
65.78223930503819
65.7560584366189
65.77077370205386
65.74554107464394
65.726249793241
65.76244324656832
65.68753013847619
65.69814120885796
65.71694729808371
65.65816312166707
65.767132250594
65.65266864329611
65.68021641265243
65.75259877140012
65.69969548078514
65.64985665092739
65.76119870755585
65.74470920788289
65.66589640562144
65.7290340534868
65.82672009991119
65.67359491593541
65.70501012611358
65.6986430429995
65.84601039407148
65.90055234362367
65.83293019455719
65.60000331630928
65.7771006603872
65.76475761303983
65.71316487484897
65.83388674896986
65.77194661489051
65.69902412454928
65.72764825863598
65.89477453620003
65.66478154982636
65.82392952283234
65.80276944604064
65.90092219753747
65.72701673244795
65.76858316541288
65.76307028676746
65.84116602966532
65.90064451522066
65.91849613173547
65.72704034627282
65.86430337002875
65.91996041543162
65.85942448687092
65.77509686297054
65.87642124979203
65.91708041484847
65.71183304403132
65.85733672203799
65.70860753101184
65.7530202265584
65.77978618417032
65.89963123882423
65.76821901777302
66.16320855263376
66.01302693093547
65.88442067782907
65.97373014944422
65.87656637569765
66.02256215710727
66.21296445410016
66.00352069788777
65.96123008578655
65.91946793873825
65.99108189329291
65.9626770324625
65.92380084822784
65.91883346383622
65.93414691263102
65.9635129363622
66.00725698761788
65.97945064876517
65.99671012580662
65.98555880689844
66.03393389238332
66.08132388154668
65.9525410999163
