189.94724767131564
139.10778570271822
133.80744629941623
134.8951263926166
120.01837411172761
124.78293401834264
111.07742425643153
118.27732468087822
102.13693206759329
116.38993321478483
111.08867763464909
103.73930281319471
111.58657175837885
107.56893099642215
109.14224669220602
127.63355499308669
128.6814296673952
110.8078222009729
116.78087294435299
129.60613680819463
125.74879734138447
117.48766072397876
107.64795936337995
110.21938322244272
120.49996638226908
120.29068749193877
131.82607012992375
126.10981528354127
110.86093709464838
122.84107931875677
126.5018228905651
122.21782511220273
123.07879297713804
129.3641059030874
131.6859170240259
114.58005710581583
122.25874994260604
123.45234588663153
124.70502493496522
122.36753422864201
119.06519210267965
125.05938148274753
131.44681325117367
122.80768202813505
113.78184984897158
113.97230448823574
116.20475302807179
121.08818029228121
113.82537948865448
114.75511374557071
117.22143234877825
127.81716542498788
116.70604009114764
121.04684544033184
113.61961405481034
102.39816822972124
112.09908773256491
134.34827432134782
128.4635271634671
113.68172913848488
92.48643066957305
91.73957634819486
102.88654696551016
108.79067479472108
107.18712128104295
101.54378274417255
103.68692478324168
110.47961383976252
103.24945046091328
92.45343642411899
104.57240838560979
94.06353282288609
100.31619678262352
95.57922145346143
100.5458982058287
99.30623829917796
95.11164990573835
93.47298980912927
92.14003908980818
86.4653423627928
91.77762036869677
91.72624505119364
95.63622508952525
85.65572016414353
84.7624735702826
83.86317776930483
87.4853737573563
86.61658490491028
86.82195087752842
71.43369623084385
83.18072701867236
83.49776264114955
89.77694572285385
81.18995167821815
80.42556482929812
79.27834762488432
81.62748813915461
89.67007210496058
85.56541227309596
80.27181091034862
79.53526927337516
75.2710273730376
87.66432546317702
96.01288926915758
85.33688591384264
86.22025408608799
87.23593025556974
83.09187916893175
88.33106897393718
80.41760045498286
78.6541905721339
88.3150040749535
81.61740838652503
83.268476292251
77.34152518868845
81.56600294241757
79.80837503298882
82.01469183731074
82.22139394970644
70.0944898725015
80.12455507923347
74.96237189362864
74.34870070718215
78.06815351246088
70.64609121295015
73.78647448119364
71.40533928933134
76.86857461656717
74.1043990377627
72.40127471856452
73.00908364945204
75.66014837563677
76.229845221958
77.80118455100347
77.51398179093523
78.85600161916138
77.05514852204979
73.94478758518693
74.75111238635537
75.5095819361945
82.20839791291077
74.73615878631708
71.64517225150774
68.38226644880717
69.16211244275335
75.39597822636426
77.28825331728318
67.7868719054378
65.07394214182224
69.29655918065002
71.59317460739248
69.28188475054398
64.18189134829679
74.30138014528278
73.21809268464766
69.70854731682383
71.05426175501162
66.98141796103623
73.73823876737
68.71335881795564
67.64380214276761
65.70889283321664
71.61303362265531
69.64130090653785
67.58627688760464
68.68580618641995
66.11367505958236
68.20395544146093
66.4442128001454
64.90198988025637
64.29448368069531
67.0250536261138
65.90344655624547
73.26152288624306
68.81919790526895
70.17362651352745
68.69616428135384
67.89048937772122
69.2010258162099
73.02225349373892
73.30250027866035
64.79806093843989
67.20334210838386
64.82905981490855
71.19252769512572
67.38468716313028
73.42161639028909
67.1506549945455
72.99289051543661
73.7301565164511
68.91637447935666
74.04915813665981
66.31462512894583
70.71232607770028
74.48786152018151
74.1463217084865
71.34015433519981
69.80204957108762
73.85604804108247
71.55298382449759
71.15663169141239
73.70437526353193
70.69413771724294
65.79120858740448
64.77723873199439
69.06135217647267
70.61483366348448
71.08068263861593
70.9309990644684
73.28967991565077
69.57086117438776
66.17576557430033
67.29827880403944
78.0483336496783
70.98887274940438
73.37918924396341
67.109363932739
73.95791783205382
67.72268935366384
68.54930305475563
69.75153712784928
66.7424605151271
64.09006347743147
66.45815733616855
68.48858129084061
71.82180095792427
63.81474468420522
68.21342060852196
63.97801917419898
75.46244174091626
70.74520334901956
73.94314859430459
68.8908878479678
68.27545035634445
68.07585155892755
68.80973555061175
67.54059060467763
67.9368162560996
68.57753326082549
70.05375590803635
63.24969530722393
64.93011926740296
71.51451828002793
68.86968589238299
66.05204548758643
62.191667956535206
71.4735256623843
66.88753336267206
66.58276426581982
66.41365381294608
80.08015803680405
67.91912428561062
69.37682142902841
62.880241756078355
67.1047715472544
69.82882579146967
66.61632324240556
68.13612345796108
68.52109915492288
67.7498224371042
62.430826968019645
69.54588575825842
69.59834407142425
72.31211452263047
67.70197668204133
66.56466380819171
69.14727080553453
73.28459642381826
64.28996655145247
69.92665639950971
66.73771048888948
69.24327969388692
60.34762764814235
59.88905618851897
65.86855794655216
58.91964029679659
59.892857604886686
62.39528053484034
64.54478397822123
61.433442609837186
56.22974129442635
62.59664445349841
65.68562210518645
64.89854034086919
65.41692273524568
59.463680810170644
55.03031877132204
59.65573350179206
59.124219931726856
57.50638723169478
59.88613997035378
64.83072072234671
60.2070334302271
59.44633262092004
59.90283997458886
63.577448295547
59.315697446201646
58.89110181216657
60.09824874654034
62.30522548347114
63.755966294150355
59.7129668161106
60.854092392118815
60.4041195690935
59.69140881898418
61.78665842614999
59.70107889056268
56.799728115148376
57.175814178650946
64.08944122464841
60.45740743443437
65.95450614178722
60.99590125584045
57.55796715622486
62.28306894601018
58.78674561254477
61.68460516324447
59.13367126205127
61.55386464043122
67.18682315760961
66.36630075848407
61.32572529857541
60.065092662746444
61.50615476844372
51.723822233532076
63.3208378498929
60.73491355210711
59.406531005073894
62.17512590736688
58.67500763028174
50.94484917216004
59.18009632064043
57.4868333953619
59.60891051861276
63.37862502965465
57.13275546729538
54.04129697657558
55.97482830820725
54.736069476901505
57.683655551286556
56.55977086761879
55.51489364244184
53.726107702629236
53.92420819058556
53.65943116912829
54.78768059726994
63.383041735934
58.4952281591449
58.88641662552033
53.91952804850096
60.31211051030131
58.3551239464624
59.69569413287164
56.34885696048774
57.632907410076115
52.60261513138468
48.0971083735746
53.256831205637006
57.92106329340205
52.65569471915076
60.530903618010754
61.28968201003256
58.074568544705784
60.37641881231727
56.36541585715677
59.27752267212565
56.50615624484846
57.5025078627381
61.67603948030615
58.848768090569955
61.13716558972983
61.85345089102926
58.19538007605294
60.13174656200632
60.97041873246248
57.85974912298782
61.26047671277663
57.166271363436564
62.975693340302605
61.379774857591784
63.61596715204825
59.27110889602042
58.70708198808277
55.3420606179071
57.7897740733122
58.6805137344523
59.4275775064766
59.458277656577195
61.05637790481449
62.31908978990357
61.72143261979756
56.74731075707837
55.88064393396153
59.38400045643913
60.2209154443687
62.16406923805408
58.94888113930989
59.700132250885005
57.33455048629259
56.337765082751446
60.5532797391611
59.06206110435961
55.031976118936534
65.08463762172168
59.043251022852765
58.99829068362944
57.19751223708652
53.65918552528679
56.22671813247536
59.18470959124056
54.31747883385216
50.4879815110791
54.59160818602362
60.287175450701106
50.832501977092534
57.172900486989384
56.579202898603256
61.57597964937467
49.77913719154903
58.4572782758367
57.503164379965035
59.762768041622266
58.03496580815376
55.58078580213642
58.56911000396072
57.5161303578733
57.17159295346226
64.39632304783977
59.495841451450154
62.63430046553383
61.13484851470352
54.98125797133525
56.7129070397707
56.9433915644504
55.98455797525403
50.853241691065016
63.61222116314577
57.186837085488605
58.4572065011624
60.84672217552642
58.10907925821197
54.83917450109462
53.91208828130528
60.69285251728275
57.64895767592585
59.95836424333953
61.647648300343754
61.49778322034587
56.44973390648111
57.17663729475793
60.04199935821769
58.22024620694774
62.02158153094874
58.43095747798933
51.858344885129526
56.30839226274162
59.899278756562474
62.887043286431464
56.22576099043779
54.96847190845229
56.44809455803499
60.27134809729403
58.60244060674365
59.78164012369456
57.999839746140175
60.14865439868283
58.56089126615627
64.42803268473928
66.70519768264938
59.8756154074565
58.3198405612438
59.49125707873929
61.23643426427814
63.89522590182473
57.56616860105149
58.425012545846236
58.203724280681165
58.253036418086225
58.941104278111055
57.885792832158685
57.80248234831395
62.91029432739116
62.96904208513233
62.023701837324076
62.48315775149078
59.5199325007067
58.62593702615404
59.73596933475742
50.13768947550024
54.242869042858366
56.070067119297654
58.86431201752543
53.60332954109413
52.74693996314305
55.67131304954716
57.813821726019654
51.10228860471575
47.97526881852273
52.24651500160351
50.02430560302332
54.9923923663795
58.33499949921669
53.04559776637993
51.59845781554292
49.95170601717313
49.881628774712766
56.543111196442645
47.89888749186087
54.802564498782665
49.80722562490204
48.60406506460988
51.39143372764195
54.891584840924594
52.75213823620934
56.800676936410035
50.89953446132368
54.56001854460285
47.78356822398586
52.44265021667701
48.84899747225652
46.418919912968704
50.008177189609995
56.39304244773121
50.59563770274144
45.56529466403342
49.91423240170492
55.26124215615648
55.35368772837937
54.938906104797205
50.98857285129225
56.928906553224344
56.851342060267925
53.5929494587987
50.68875847224464
55.15349045410093
52.08751936330307
56.00263277007681
55.24860515765584
52.68566602244635
51.77490012694274
53.98557042279057
51.890137495934326
50.7286728009947
50.89554297023012
54.27633602168102
51.89092930004111
47.62500687247612
49.02754563167676
50.571985463600356
53.113057828482404
53.813368848537145
57.09857623375614
50.669053302484
54.03417335714241
55.0865080250501
52.74632088311533
54.06117168148259
52.057200325939384
60.71242728920235
54.15975903442026
53.25966365146333
54.030359992414475
56.06145062571468
51.89799847270627
56.793078793750055
53.98714823206439
52.27424405005425
51.96306896321132
58.58249450502659
54.89568810089584
53.272055447252626
62.77464691255418
55.43533881539068
55.160939433943604
55.3827330689907
54.75590771688881
56.60076699591316
50.91283121495229
52.21279068029507
54.00231825177674
48.74850358276711
51.55990404849312
51.07523623080511
52.15012193838421
49.22545054946776
52.233252236261706
54.93944183593437
52.70008784041426
55.9246598446405
54.40593255269703
54.999154901538695
51.475334371443914
51.145176894698345
55.53651163997648
55.152758503777406
59.27437481576054
54.63205803570985
53.540575149961825
56.05477325969731
56.74243742007697
51.89879369000267
50.28805043332406
51.38191314169557
52.43408652819062
46.462576648256345
52.90332891423652
51.87052577427744
53.614825788808254
49.14682829268453
59.37315064893404
53.262193935468304
54.77926452935694
55.090544443042354
57.383757688267195
53.66310988836543
56.18889375775896
55.977647106008945
57.461355861392946
55.76052194918835
58.238984898670886
48.8219898728361
49.357611490639265
53.50259927478806
53.68459227476831
50.53694285259264
51.48097166112708
52.493103276041914
50.1859913951869
54.48790623140515
52.468870482707445
49.204320219306375
48.8661961216512
54.88642784298494
51.46909001919128
53.93015047228931
52.453755494878976
57.57794272966181
50.0522634098154
46.626588226449655
52.259671878377624
50.35470123647062
53.03188282064006
51.57897400246897
54.028732446434226
49.820242156356464
56.92439487475413
53.23389418928477
45.591089756490945
48.24373518604747
50.82746896381158
50.54869118749943
46.32335784090972
46.03230282778024
45.19242007002111
53.52850888659886
48.634961145256874
53.07855390940106
47.84476343500279
49.56783498756977
53.402720484749864
49.172420960088196
53.99586711001981
49.37725375253269
50.08932844800656
48.261632987043846
51.9639607515291
54.47867273594325
46.95704232068756
46.86172364876775
52.55550650817931
50.93219274902212
49.35725832433763
50.15569036884523
50.6865991558084
50.58801037658898
47.8799021319122
48.141386755909586
49.87793394767911
48.51614125218268
47.13166342516551
47.63479180466402
49.34200823340361
48.58680742238777
43.7458230876641
45.583783384321485
43.38849987398744
46.443268476689155
43.60027938671162
44.57288184908333
45.317974263964224
46.30701944763428
45.80184301484627
45.493488773849165
43.63958210862152
47.85759868933919
48.154343718129724
47.195204271854934
44.359676737036686
42.882176747980665
45.786994351990906
44.5484274603594
44.50444818571546
46.27036991267887
48.08458023573115
48.86640431184483
45.68052251409131
44.77257057840834
50.3925717590169
46.74665333764133
47.47435236834696
48.07396669684286
51.294982312451594
52.267331247121845
46.66460763243338
49.43844418819295
44.10406996121571
50.71542421673983
43.89858779079779
46.11400149936983
46.938659308979325
52.19981084700391
43.35309918864225
45.94435304828636
46.444660263476045
49.01100189384549
50.57161105465235
47.979717009379726
50.55719982330683
53.021516966792305
51.195195226376434
52.11263164430418
51.72957293636535
51.30816968752029
50.66833463297686
49.893948094197306
44.635229351377205
50.95116948586171
49.091902936186614
50.22060873409465
47.79087602698024
47.57412956958169
50.607722978851086
47.946342214810976
46.335386601089816
47.888668528436
47.505531035531014
47.75190559870471
47.074459728676366
49.89113815605615
49.55074529829267
43.28123280016433
45.13394130572232
44.83742527805595
46.8556983126791
49.53057819594753
42.941023262373534
48.893400202890845
54.082970513162635
48.085901891258764
42.45801627850872
48.61191512019063
49.545347349865494
47.76699254817819
49.26633118622656
45.398090266727
44.78204725509302
50.45477739697681
51.1748447931332
48.02380628145414
43.58998931564311
45.12898746591973
44.84288795242395
47.666289000413634
44.593300274093984
44.784148140220616
49.767612448996296
50.208730409142575
46.31018459077555
47.310633841175495
49.43752857055409
51.64601125103917
47.12778635284788
53.925877974742505
47.55558966481857
46.478485615892076
44.75787919093973
47.23205157017361
50.34311223101674
45.3524504446867
52.598919800504454
47.892292377177
50.39469675206589
52.79318191566661
46.29422888511412
48.61691043646111
50.461030443715536
43.67725980799718
42.64930305226124
44.50080080733451
47.035034589047534
43.497731751416
48.03262132998514
48.64606576712882
50.138829067278955
44.61352362231115
49.07834603030331
48.47746810385823
48.470533680071576
40.888897776376375
44.16882754693646
40.826265575931686
45.350352591408225
40.327196984149026
44.172053627671694
48.91760435474141
47.34356302317552
48.55981734506022
44.03043984070555
47.17558005371745
46.1691513091452
47.93846605368844
49.545454345398326
52.12708360923014
48.384601794245484
47.86832918097105
54.40956144781499
51.64496831240022
50.06298834880154
50.65931776690136
49.3524245659979
45.15208664393459
53.51082541186059
47.33430422226736
55.304144476642634
49.628553379855
52.36685683237888
52.0240940856302
51.05800808365666
48.77536291441495
52.58826830781891
53.632566338654144
54.263020004312494
50.33739341458255
51.39255395600923
53.07441172661885
49.94713519347832
56.19898542611815
54.58140399063018
52.52007619831934
50.170810627081075
51.2572540935012
51.835143275685994
57.80088248457144
56.0942133806512
55.422942300349966
53.37556296146912
53.525316462701106
56.56730980848331
53.60014040032746
58.89173064920383
61.16719125551098
58.662416451188236
56.17883906014191
58.69450462661072
58.6306839334963
54.370077154742894
54.21371999524665
56.238257841046455
53.56336983347971
58.234318320257614
56.41980713772082
58.250010220148035
56.475337816742766
54.332004798092676
57.42526984932734
52.75468554042802
52.515682128155575
50.53969580024015
52.94045874937033
50.76647017614875
52.379859956950405
47.15891644842172
50.97821182748547
49.19623707738878
46.63449948486544
47.837305585275026
48.57426716546731
52.7321507864441
48.06711120012929
47.69486226214386
48.39465438360728
50.27195828392841
45.188761146508824
49.06317775048001
48.275383193606174
47.202331057902505
44.815381557528596
50.19870398490785
50.44097607040538
49.25536382342525
43.46015974076013
45.2952023396717
45.67212355063517
48.91984751277596
47.61789224111362
50.82681133913645
51.43302443471514
50.17002244746549
52.46853559798117
52.83256300431731
53.98096720634119
53.81210061161657
51.79532878717291
49.8650420917906
47.83765200445925
53.82109021463919
53.37327673034654
51.95370474990363
52.70667434138551
49.6416297538375
55.25482437097691
54.50137293872337
56.500096155394374
55.54440152019993
47.78793051836689
52.52959650897397
52.81906904515393
51.361890339198055
50.94145009793403
55.894582375818665
52.756183218804324
51.09544953776487
46.4224906538034
53.34572161292272
53.02703317633579
48.67494438140211
51.0230620741687
51.4014846593051
50.459926680163306
49.015660551211674
49.021733467979104
53.60253105549209
43.718327931724026
57.14996386529112
48.99339701935641
52.55244125409156
49.04136987023059
55.38781879641562
52.87420305906913
53.826439572986274
51.19983711088291
49.55238042051382
51.326765123757596
49.26976862728671
54.62335454035873
51.31672360889579
54.761975570665925
49.57060736711011
54.381505832527615
51.48306329169409
49.18341100370504
52.621513453782036
54.03818188482578
52.11601676983554
49.51907174734928
50.579531426287005
53.76923481567037
51.339327174002555
51.50380220969637
53.26962148947743
46.21108291420686
51.2412892230304
44.03708323275334
50.01334644837922
46.233717280610946
45.56534781581031
45.31642785622264
45.17142449878826
47.276808229289266
47.638561053926466
44.35683469087482
46.25154176507469
46.28681753763067
49.64828474218081
44.87601064628445
51.514060276108445
52.97955768264722
47.38317028351666
47.9586062949905
54.40430506138103
52.04535896970639
50.13815044194317
50.3848962103118
43.62102021640206
47.3683208207966
44.14945721971409
47.68282043463092
49.606563219681085
46.02051612203379
39.49842809905596
44.87286877342718
44.947278352468366
50.548622314963374
48.247001892044054
47.64571843591555
50.05732265262259
49.03359795225264
46.90681689483115
48.99803398033013
46.69344309486778
48.14850837962003
53.04872336796844
48.991734278415436
47.87595123266312
51.206108007815175
51.765659973454895
50.24804394362721
53.89216620461568
48.75345835253616
50.90054860858445
53.556299841040946
49.700648008855204
53.236118960525566
56.956206954163754
57.715142534554545
54.6533171789464
58.40411728149967
57.42222809717193
55.572165667230294
51.914459949280726
51.77985206689323
50.510932962942974
50.864435038487954
49.509746603538915
51.110285021769926
51.51047765785429
50.15454010682519
50.78897138323909
45.87634040417404
47.49360664835598
49.08559636433638
44.797912144942586
47.10491483530597
44.89640474074089
46.11569469517069
43.81109604192423
44.468240570055144
44.68094969606366
45.506026728317046
41.82569222923044
45.63404679744566
45.64866434116888
45.41309253913336
48.16984115269479
44.52268250567074
45.83035628193674
47.09229461785595
49.09157438198566
52.55126427840125
50.06128323323439
52.00423046464317
49.81109768245646
50.92850300677583
46.657839150213604
43.676009206700726
44.508236055615065
46.26478829705115
44.566401526489315
43.81394788536522
52.70015555563205
48.26023864692752
47.70034052034294
46.350443314888025
46.788797630032626
46.286310875621645
42.82318516092739
49.14702815867356
52.80712425094932
52.629283269071585
49.443260998197914
50.48232510267904
52.771192468514165
51.589470820295354
49.565392444881994
51.25462375609734
54.22350722434271
54.75948111590411
52.970722156308355
54.22931737212568
52.88686544464457
55.89283870453514
55.104263611084804
56.56389236413397
52.92879948863583
52.16939690570264
48.607822364755435
51.71942393683981
48.49068846252602
52.60831405478627
47.929564859772306
54.65800110554008
50.91367201587764
48.978873036962305
51.32107345954351
50.74643141925106
46.9028212618524
45.919658752559
46.632661098028706
46.85055550954783
44.348238801014574
48.75271246055759
49.95113802899059
49.59840697804094
47.511559211476964
46.38756824943286
45.468108015245654
49.2540880667961
45.91890674610935
51.22052432082599
47.90248839073907
51.55682837652725
44.70754211782342
48.48227695960661
41.827091352077716
41.66833362297771
43.8304898884538
40.365401161916694
47.41949068918637
49.12986339760738
47.914527252730274
42.21014710033208
49.75213753746107
44.77340533840253
48.061797376876655
43.72994922114127
46.867882066021814
47.06522101478443
45.50456814087653
38.88326703549967
44.92266572496144
43.76455581108296
45.822422785769874
43.4859068365641
44.65750472361044
45.84641150748052
45.146872938066515
43.70494351991987
44.703861148300156
47.75591437984063
48.02389219367026
49.56377673103829
49.52958063687736
49.9566597456418
49.01460105047609
48.8210765735919
47.552319437942
50.67599134390619
50.220501848623215
48.3950910591533
53.444280118960016
49.73499409338578
55.09157945727583
51.17634000991913
49.69321455580637
47.55042257668766
50.44126612746165
46.1053748496387
46.73525640434861
45.62553168791539
48.62150430019223
47.426513749224384
51.27303644792457
51.01194318914659
52.29161647874688
46.12128474652605
46.96258363779189
47.58591737183358
40.65638814201274
43.452945103908206
42.889055841293285
44.75996090870947
45.86501569866312
42.87554594302351
46.52912271822352
46.85661590023708
46.48566452144925
42.252879746622675
44.55745105509381
47.34887826414134
46.3232936259772
46.528734686713435
48.67444221781494
47.854541888490274
45.79093072546753
45.320797505842236
45.61897502464701
39.62109228355891
46.39633202238734
45.13672541246414
45.59387868164013
45.554465046766346
45.510187929955464
42.923703960778184
46.94493553746511
45.379531557095746
46.19225040285633
43.8255323299048
46.00694420689396
41.73054103106373
47.09065270711383
47.27934493741357
49.21565690912336
44.091507436541534
46.94351979316868
46.38945370941306
47.23236139541246
47.19249869725195
48.48415928803208
47.223659940800246
39.63170670174106
40.39414258632661
41.10955936821878
41.038057465055026
39.99183450095486
42.71588049776429
40.098778514160124
39.19569925705228
41.998750760134016
45.951266651705964
43.394225636961
43.676993646901046
41.137912343006576
45.23908936929863
46.849587819305995
47.3720564250073
47.555670372531694
45.514864450526005
46.74497775972888
45.204385304547465
42.72000476042862
46.4353347192632
44.51171269019919
44.80438649959251
44.151637247047944
44.31360691852005
46.6989616867203
43.277677512727095
46.16644009720587
46.13445252036763
45.06408787626353
44.03405102008676
41.8141257293024
44.13989999057543
41.71711359098075
42.51488485895856
42.11294190583945
43.89992940882211
47.02263767241222
44.00748865212232
47.89180212717511
42.638001575929536
44.014801141599555
41.566232470242
41.98808428046949
41.47841666828634
44.25075509012766
40.859367501679834
42.96691318400741
46.024118344436886
42.335954506213966
40.89134049239767
43.09314042476517
43.920157680642404
41.00222315466248
43.21069378654489
40.806823641532
43.37536866766124
39.99174532081403
40.04493736830989
39.98594955784695
42.59195834250161
40.740550596338466
42.893280877604795
37.64005099961492
37.066155954791
35.960596325789496
42.524129338113454
42.20693568773679
43.177153362973094
39.697569207620845
39.17273783730995
39.31934091960922
41.00239124605333
41.37181969792769
35.11793887333229
35.01216794874751
37.34700382124232
35.15415915769501
37.04128515343868
32.127860218491634
39.191707040055114
38.40102830568851
45.7313658734224
41.46881724350669
43.2936212559445
47.14757254044493
46.515490459938064
47.41304243639399
45.16013233103645
49.584752075755745
42.799094821846175
45.44293627023144
47.98163759766105
46.44559573502682
45.491139196596514
45.0273538199967
46.03672129524309
42.97454902135785
42.09311704329197
39.60906320953245
41.18185893300614
44.34997470108468
43.504004006201605
41.34078879204965
47.5705784277239
41.71445181996193
41.923202624909074
42.383479389335804
46.48079471574758
42.7502310683058
39.712028443534216
42.826534886821385
43.20385827872886
42.00198302016545
45.20685838726386
43.10829024773817
43.85015340525437
37.60786322904307
44.98789206194734
44.72572494270162
39.34791526731978
38.408526859901485
38.26477273987351
43.03842529234138
35.66750246975455
38.00877080672021
40.914034209010524
39.764932147657355
42.73465425508119
37.61035172564286
41.283835428336346
43.91161807262388
44.095034129179446
45.51563928641628
46.10619887159159
47.59468064041103
46.17403427935524
46.52369174418296
45.773046518951595
49.631733592542226
43.23087047449771
47.425524119980835
45.98340360312363
46.06934412914241
47.48195194003506
47.325333336166985
45.2836448826183
47.000832485044214
48.08821540672252
42.21831454810442
44.99050632797158
47.8528414536957
44.903590759955456
44.073378412631655
47.93578911539908
45.91868799428407
47.45332826303334
41.744803837794706
46.6836708461809
47.115146326515344
45.60955363602429
42.18853978118405
48.80677481498469
46.333443004691816
44.93235909559904
41.55292563396637
43.66299084359379
42.83648187032633
44.336493993817264
48.65155805813143
46.27279018232536
45.09253357786855
42.53641842943067
43.56589037745601
42.19387344036318
40.42455455608162
39.80350296527216
43.398790580943476
45.12133988870098
40.98101552956039
40.60778621014944
38.698938022587754
40.951734547092194
38.01846208130641
42.43677039387192
45.40276476909785
38.31694716196183
38.38220557136872
40.18117202665508
41.93075531682339
37.76740064051988
43.588623560425894
42.93105080395035
43.31600077836758
43.1019997265963
43.08126282201872
44.49425407807828
44.71950208713483
45.71718692538302
45.60614573925629
44.908852292962735
44.236429877623685
41.798269545603404
44.795978167396505
45.42248005244328
42.39208880048408
40.295429132197576
44.043737175485475
41.889145733868965
42.02506351223639
41.10132635589238
44.23697524943721
36.398987319944496
42.64635105254627
39.11495506895884
37.36557575786279
41.6887630365817
39.513520650702574
43.72368506475797
42.23921188530582
40.09294691187774
44.131445852810174
44.8022339465028
38.48137809933874
42.89728718814184
41.100748206643715
40.22889636756201
43.04711196899391
44.70110203463336
37.565268974554684
34.438858192442
38.03734480234163
38.53961509553948
40.55873057716668
37.18366081455835
40.36504834031021
36.615500637750344
38.20046482380211
35.041962834850075
44.44037161068558
38.19369896686282
39.759410344279395
36.30248537749675
37.51736562705266
35.39456003397974
39.22184210175369
40.93913015684412
39.220465647374496
38.91125949515881
42.29802975511084
41.11600809670297
42.33126742216269
45.24519869645674
36.38487220147902
35.79082745363462
35.83794145657332
34.59046512999178
38.16289422460225
34.47934100357049
37.22763466736528
42.43171252335771
42.06579453349628
41.15625238919298
36.6354459977112
37.834044993287954
40.63673507972042
39.657671439774425
39.35283251456505
38.686281893478245
38.55028734151833
40.888422963217856
38.84473793754154
38.15813743844099
30.9329996273
35.246307325778865
37.64988295219932
38.019858562180836
38.99271217496534
38.48536841881018
39.04893316407886
37.709306951819414
38.05668111766411
38.260875142895294
39.29163464855458
37.40151182250259
41.20451737992012
34.835281038394314
32.4616766571085
36.99586102279366
36.63290000135353
34.06940967652894
35.96954859770633
37.45108743991072
36.529634750851294
36.15075713138934
34.84141405903291
34.817490099105015
37.124086865001345
36.64529889743482
37.01925223715918
39.83199860197574
36.60178788976055
37.218993265359956
37.58636422093922
37.61723187887261
41.173980590269636
38.316998181090376
38.217698720257246
31.36490761784233
35.55502822694596
33.371684588980685
32.28678593147368
33.101289594219786
35.93126066357387
34.09879075674124
38.79585291709067
35.94624976091647
34.820389209070115
32.876695635533544
39.1960306836263
36.84603770735788
38.08553818304489
36.82623074971522
35.8365990881343
35.08974154835189
33.91359213798057
37.7039901571566
37.32590914298791
37.15401408013779
37.662085087994576
38.38752627137097
38.84907437421824
35.8843633282633
34.867456241851826
36.138522618749796
39.95025177640898
39.252407531664275
29.12689056746878
29.923663728023158
31.877778966013185
34.539572345156145
32.47714885658688
38.25412247835781
35.42777016263227
36.728561217250935
32.268451066123454
34.76062491459828
30.11606229094857
38.79136353522638
33.652549367058896
37.525999215972426
40.28207404738915
41.59165172997134
36.625287895211365
40.50984350371656
39.372906843766025
32.99446309129764
36.75623956494427
34.102869490026976
32.579769502830985
38.222382497978316
37.33458720941156
30.225545185293022
37.2278643453347
40.46298115283597
41.40205372765593
32.803141817620975
35.87423226861156
36.3423232297599
38.27378662570688
37.971315247459984
37.59352211341573
37.84925075400712
34.93211407433134
34.06861384986713
37.283724997952774
34.49888785523072
37.26542700236513
33.68530628613419
39.57306840710301
40.09454541147946
43.73453376336434
41.98201006366643
44.37468196511811
39.99895637947608
41.20198574769973
39.772219140779995
32.89335053673861
36.292516625258614
33.536938207484084
31.470521231069515
31.16231757150701
35.915431954387415
32.720825895629375
33.23620657369133
39.83784652098816
35.430843360138645
35.86323171254289
39.57632784737793
33.25265774332923
34.58303332542069
33.34736151143998
34.54432753100172
29.215876461292286
30.697531639870803
31.335150614248445
29.07965142633831
31.354560561181447
27.41492286801722
31.37307339082723
32.917284610634795
32.72629391633529
31.460647690280084
27.745104523738476
34.06538437451268
35.43678397386815
30.867335056745798
29.345803712336075
31.007514747111237
35.105829000952724
35.33983779030631
35.89385809795669
32.435353222050004
35.62501146823113
37.376944829273924
38.744266665571296
41.16504654199362
37.20739995422306
35.72838609561324
34.631275141988574
36.90543796005129
38.50426905340369
37.43591272059084
35.8579751529161
37.22816890017459
40.600330695561944
33.91668133809022
40.50249804499518
39.82336541967086
35.32105891192914
35.97327771445905
36.668568726155826
37.390798456119136
37.28723068293868
35.81319235172711
34.00080714777924
34.7949716834775
33.44472984266064
32.489446227926855
29.750570195243444
27.22623870864644
30.093439535324155
26.12856471797777
27.938229462684365
30.922969198203674
25.516329878783573
25.7188374251332
26.33979703286649
26.34117749540482
26.295746885704467
24.255756512208162
28.324154066384082
27.87296195832243
27.998159685733796
30.234720484052637
29.028499090328314
30.99723781733853
27.870035522307862
30.480270281045332
28.707592824074563
23.017502867346693
26.36372544789361
26.826945837964423
26.262226750718252
28.32914366984771
25.95856431743021
25.843616964188687
25.734817406537402
25.1733396017224
25.079338990480547
26.86243778060089
29.941333512024922
29.14808433492354
24.445170503725034
28.072387005759502
25.159608501151233
29.470256110279262
28.75603537646215
28.11817207048617
28.37536454956772
31.250212124695025
27.446428369472713
30.730933294154557
29.121903946334424
30.83360645548722
33.56338633665324
34.15396634070114
32.24339952156955
29.651973755352756
30.736726534342107
31.815545145973484
31.765703945568397
27.246255609272083
34.11037068423509
32.88899419790274
30.073747031645162
31.90819079674855
33.739844884982055
29.286720624795112
28.30037737331911
30.056140986306012
28.174749270895926
25.22063345593288
29.21846646935171
26.134228589182
30.063965348956582
26.462416756063075
35.59561359170293
29.836081744029343
31.263433536590433
29.70242226555406
29.918008311449704
27.724343724733266
28.306600530901495
32.76605773152297
33.09242097814052
34.06325708387816
37.56088449137296
39.013667040175605
37.36096630955322
34.30930681556786
33.44065869314604
32.02615769621019
32.24449783014075
27.961115715447427
28.167905239192176
31.716235072226986
28.03215624377908
28.260583281952762
26.275076338518613
27.271471566845797
27.801109927575215
26.402879615826556
29.2040301592153
27.79345461500195
25.049359578086616
25.243731525753045
26.710087883707455
25.487821517161784
21.90361244698751
24.400417175381037
22.343841791841278
24.20929637056985
27.47454501834326
25.061509003559895
23.717786003265864
24.932860407849176
27.360285013403765
29.8238708724182
22.69064301241626
26.330737212252252
22.809801363238286
23.8898384590232
21.09963485910462
26.584169572590582
27.214466716390305
27.904432010041774
27.0741214912122
27.514617976563724
27.573145383314507
24.683282855720517
23.60392145182009
24.682246369287487
24.96311370496228
30.367492389234474
27.798580341641564
27.862037133248187
25.01352947360796
26.658186917886564
26.65743465592427
28.48592291173272
24.503914965802775
27.81709412356382
28.085658879873318
29.658204999660775
29.468904403525194
32.77475606643482
33.83504223198163
30.792693840786345
33.250238102927995
28.133322421636127
28.492140771032332
27.121306853808555
26.366785592685236
28.280048035398647
25.704575957965343
27.980707152553105
30.800906245237815
27.462461483257457
29.485035211964632
29.732865280434954
27.662122620539023
29.49227755657155
27.243718498268457
27.80611297293959
28.113428493574403
27.58305815362276
30.939246799185568
31.71663240936721
27.748386420806522
27.795842529117387
29.376302776232887
27.847351605735877
26.57995587265702
25.42056481382778
27.055074684447735
23.87119534945777
24.97726534527852
25.106702161428238
23.9760880177394
26.15834830604459
23.519885574754944
22.715951959627272
23.025603176141352
26.32530300503634
24.776855153679044
25.177764296975155
23.88608621936013
24.113475325592326
27.49683875601424
27.296232460071746
26.425567187161814
28.024452360275355
30.183355464616117
26.515558546059893
27.383033845154014
26.677682460114102
28.999596592716617
28.662581129623685
30.05123179704918
32.08138898384683
29.132113609919596
29.03954492775868
31.506058461610955
27.942721658054896
26.70275741638391
27.423784047577655
24.01687295807334
21.97229598940393
22.799872450978818
22.640849470052018
25.170959587510378
22.88179441116845
26.478617490397113
26.760190674328623
29.16204220050191
28.25295444313453
26.833592263540105
27.048090838208612
27.501230703059456
27.58078662207631
28.49175378932674
26.297848195529358
25.319790216377424
28.259027755530855
25.00533386188154
27.971661787332913
24.001759405223584
26.17226875823873
27.476542919219302
28.026207517864606
26.612483577930224
27.24452254879663
27.100470864929697
23.09884149448572
25.6278180451834
26.724940230558396
28.59296983871479
28.567185122525125
29.648160801372704
29.98957289018226
29.591835701092062
28.52050652131412
30.12071915968933
26.506791047054858
30.92947561738295
30.817155736396717
24.815733137304413
25.993087970634207
28.71663165007135
29.76905986735263
29.059397863478114
32.346125119598206
31.42600526494253
30.424903813911577
26.12216347158622
27.52499032972521
27.807526542669333
29.25913332399356
26.926509398634117
26.354792896991768
23.854713739146035
24.0570789096283
19.662498415585244
22.308031048197723
23.994854395638118
22.729994370405283
22.753539565739803
22.04668765267133
25.265349402556065
25.29284000000243
26.31002370272934
26.443945142974815
26.37639478355783
23.217777777873444
23.496175445833497
25.314839719890625
23.789129873025754
22.427218960501445
24.045042577125578
26.463681377608445
24.681402680930223
21.754519264761388
24.197591670941794
23.559808330661973
28.29652554632219
25.135404428038964
24.171167880196148
27.587783103629114
27.0162348676985
26.29315809271187
28.57883212260039
26.561632247478638
21.839051282184936
21.107676767038775
24.70163514522502
21.74024387637128
23.67199293700828
23.756885252161673
23.57601134423162
24.45744799220482
22.66805977805291
19.726770815575414
24.97096201133222
22.78856312939909
20.26527681119606
23.2446728695986
22.82866518493298
21.034651416074993
21.287719923711858
22.873197375119243
24.507600956418237
22.798107514347034
25.166176487554203
24.594757258527274
24.788028651743616
22.12217210844382
22.80755042441222
20.615464267008274
23.134965452406263
18.673954362862137
21.739539122095056
20.024629660738825
23.44410462707161
20.773978059882555
22.376814770819394
24.92170113698028
20.803150808637984
19.082585342167075
19.2838980040165
21.775393743039587
20.16499830193824
19.64719272210449
22.038437939441405
21.218408035197566
21.66225487960925
23.063694704617607
22.576114477323053
21.28142842032572
22.65664274121679
23.27977696052092
21.316930274739924
22.12743642746211
23.02410386642415
22.83142464576312
20.336331851829623
23.272806762908775
21.975650312959143
20.236555627942742
21.13958299588535
21.815045198317
21.756865431636587
21.12843312562071
23.208878387016288
23.493776961769658
25.086203518498625
24.072011488268664
23.224765331094794
26.607515202558055
23.10081667550064
19.635725518204502
20.147118965654975
21.490236532292503
22.249319148102582
22.56930885703397
22.904899939137618
20.454562078661525
21.244999843894572
24.648476438023437
27.84117446801245
24.458488253381237
25.378693338483526
24.455181689296577
24.583702492986802
25.388886245703578
23.330089176554065
22.31156414682691
23.71692453373833
25.614283585548442
24.437992226225298
27.59373202493673
26.43764644102651
20.674137308626896
21.39194956021189
25.134093874607235
21.97459325257889
21.247166077455628
22.258848594290722
22.488860832043716
24.29243407296267
22.980479316048847
23.09401389976366
23.720686712590485
22.21816719628654
25.61500572842735
27.199617404197475
24.496477927031346
24.78721183519445
22.779572581234657
24.714693948619487
24.64452726806828
23.960955866038475
24.32956931009867
23.912720816629754
24.49400884164457
23.621399530860927
25.51460264585588
27.246012755497418
27.2226539190131
28.225127159782016
25.381030615271087
27.08855919857685
27.982139932984342
27.743771319172218
26.557111539238395
26.865690359419673
26.51291996898038
22.666270938795122
23.611312601945976
23.725431618288795
21.832703014219724
24.63080435284116
19.227308643523074
20.536255303762978
19.131652828189402
17.922486882932294
20.208398694544584
22.157286554402127
22.202807953999535
23.126871552955684
19.433140353466346
23.50976692721396
22.24156137401236
24.244197710577918
24.05916335205061
23.801441197147234
22.231068389225232
18.68993967978025
21.6811177463956
23.410996182782117
26.98609658567101
26.923547836595052
25.2446523940418
23.804442103342137
24.030815310252127
21.879779734619934
25.56716663540128
22.55017865738364
25.9574153655009
22.037463847426828
22.579478949823105
23.16008130945776
23.40827480303993
22.519511230394002
21.828313835160788
22.31688725221516
23.628008626685705
24.885211632985637
23.416327246167224
23.029468933207326
20.57926627835942
20.66691931967065
20.777780780297608
21.24427153630502
23.00632595294417
24.234834135132267
22.202744611844246
23.4670875881917
23.04230076302812
26.80104587215129
25.74522784067657
21.618260982369655
19.43694187286648
21.71289435682163
19.17377687326941
19.737016439906192
18.968321764380157
22.139413342546778
24.441405905962775
18.91106086252525
21.161373335026298
21.689024353771714
23.243105738568993
23.08135801550621
19.36857770022881
19.531101836176873
21.362866061531644
21.499280652647375
20.422504010443614
23.2322121744566
21.32712691249887
21.448964424316884
22.78497024448498
22.80279281853308
20.63905623699225
20.67044579953058
24.87250806567322
21.913301518972716
20.417757838922178
20.700730928907184
22.969971258809327
18.426843166603962
17.10754423670805
17.91046452036377
17.390381768918914
16.21799768309255
17.863002479345948
18.005558761481424
18.206603438507074
21.558513662534168
20.486163874150435
20.266328042508064
20.33210508168087
19.014797511705137
21.74295853764399
17.51599690173274
17.36865662355453
20.850491329105242
21.213696147534403
20.929016086655366
22.16198772217112
16.117757474031897
19.325863988930905
20.72319193322953
18.975496758441892
19.315986456998612
21.262660192726113
19.368599634045225
16.777764955981766
19.899237742269705
21.977587443427343
17.55534462971989
16.94914270275391
21.408979065958462
22.10268317698431
22.00751384344543
22.071872109906163
21.068549605672334
21.244387470274383
22.562253119792103
20.008797942951695
24.4982592937436
24.064736311585943
22.359060085377205
21.758783456882938
21.014182630443074
23.20074604777552
22.580781550500657
23.984445808186184
26.23856003000088
27.62504039533222
27.24958851357438
27.498569124683044
26.55611672252915
24.8529134609329
20.560965123524852
21.21413351281534
20.855993488467693
23.60774809347122
18.918730145366315
19.663243157093135
21.086809619759787
18.569008449384825
18.006870377232957
16.10442490119196
18.869925343586925
15.837439601188002
22.039650408729337
18.553262166309178
18.419440835705647
20.25436140388508
21.77922348471567
21.382818419981685
19.908138140430893
20.556139244247447
20.916885050921067
22.952010494297088
18.093040496706895
17.83014870259396
18.285009876972097
21.302167264516996
17.0941335850068
15.767918450527782
20.837790816079778
18.08325545426878
15.751206903699245
19.13825270182123
18.964717539869287
16.43296901408312
20.60233604744925
18.362427358678282
19.03099803909381
14.067707422150812
14.730290635080967
14.640112344579006
12.677333240675177
15.34678846261705
15.919274805968534
14.006555916939357
13.966373859583932
17.375167214793475
15.411254110550553
13.67056955653288
15.826122005576867
15.837905447787714
17.81332554686401
16.015690850376345
17.488439018164918
15.069097093199712
14.54640377947997
14.83339487385845
19.03122691823477
16.949972383420363
17.56103348412196
18.05429092872827
14.575846156197453
15.118773785575472
15.548253956938547
17.764099790698477
14.617872062526189
15.43420262276656
13.221866923102866
12.410898680537635
15.709575265435308
16.537099171630192
15.477108533874762
15.586358535290874
16.20044572287763
21.715328923798857
20.882762413972095
18.675074623657764
17.25286135222067
20.514334762207945
21.354426692518263
16.5041517352248
19.755520425560416
12.215201572412486
14.592208837028329
16.002743267817774
15.131067507243806
16.46605127399622
15.170200689296294
15.1992366514381
16.920959254604977
9.940180836107656
12.545704570397998
12.861284482228534
16.364190915994424
13.966436775925377
13.033090663470603
12.830021798744754
13.721826283921992
13.522236004679899
12.484869769993193
13.525063721121876
13.298794893992413
14.941364794213719
16.18317697811512
13.970462155586667
14.858169312710562
14.629221269386862
15.601894571671728
16.87089854998439
16.581589717028518
17.663309606120347
16.757805495567503
12.989351664752313
15.768874669983688
15.006528930770514
13.716389963422776
10.801336723188854
16.13662955593424
15.825116868386836
14.791312928038646
11.183478643965081
13.756412413943771
12.561610593896143
13.83285156895754
15.990227513695826
16.13260449220047
16.437710098372694
16.805704116795276
13.165671419463731
13.755138092364195
16.62407970800297
15.967750797850691
16.084986778593915
15.967204449063756
16.53694275283544
15.414320905317293
15.705878695409451
15.312028446335212
14.643605605865716
15.778548635774442
15.738742260581766
14.625969271384237
15.354294647237953
16.018166244857856
15.422416701868306
16.70906888293439
14.870549688283983
13.252837760402338
18.223750292803448
16.478134132852155
17.68687214851552
18.1988574351717
14.534898614801232
14.721080634547002
14.303367769385913
16.079611196592055
12.582443956898318
12.492320985656615
13.32885544925266
13.955742920334718
13.62736064606462
11.774482461330685
13.693071946604489
15.293386894179916
15.603912978791389
16.410322348643643
16.222204196852513
12.874812205290022
17.34776783024322
17.591931199554576
13.105216478286016
15.668961658206953
16.50292575721638
17.606021930499534
16.478339486463327
16.022471186094137
17.332071239985435
16.633180302480092
16.183011604555194
15.31393105927027
16.155018303691545
18.556387261888734
17.28787882356265
16.905600165037594
16.079451636948036
13.979796253413697
14.269904816001699
13.680641073969474
14.472572506938224
14.178669389739119
12.069548897238525
13.97324722840349
13.234849651737163
13.55859392311843
14.731821446380014
13.510779313146704
12.34247875728342
15.768728441946736
16.915710303310004
15.091443706356195
15.92475456177947
12.86987981860899
17.00674790991322
14.868955331234678
12.900947791857194
15.500872559753862
15.891380727392182
16.80204856240368
16.61191878038181
18.682708167186735
16.352545494157283
16.865912336073183
14.044837244279464
15.261087942990137
16.343298355872072
15.712351239609374
13.164537387977603
14.374825469624176
12.86554319431877
13.84646949995111
12.960399844021264
16.400673339309552
12.148679892591923
10.698575198025377
11.731176010559894
11.674433917185043
11.214238465793196
12.550444976165487
11.901264181846908
14.510719810114965
12.775559900096427
12.280226732007863
12.65086210593974
11.69993464207115
10.988548310146356
12.634568135945916
11.513755682211679
12.78418561771287
13.62806671631979
14.26366520831579
13.34954880015474
10.928254997925315
11.56194557454935
10.20546437072804
8.524616103389926
11.441273264403064
10.068401664145677
9.79018322557763
9.243014920813833
11.941043664735503
9.576479217420813
11.35037480592295
13.424630297743235
10.282073646681686
10.884113299002633
14.356697862341575
10.167271908578591
10.699402855103148
9.533752373388632
15.672186145347693
15.28678605197184
11.310929425343952
12.486916258281294
11.802994509698848
10.359909102099005
12.965649625413944
14.085004111366104
11.652793161206008
12.13334210752435
8.022115347436666
10.079534595943937
12.033096085992952
8.745543864444693
9.808145557970814
13.97564922286939
13.545516262882007
13.203924883065454
12.393551751613936
13.868223662366203
14.90796479271666
15.119733780185138
13.984116021740611
12.57820557685923
12.469305945487136
14.40824086114151
11.82387181871693
10.231823848591715
11.38019321997544
10.324490144671643
9.401765760968736
11.313273384253954
12.549747821230193
14.37191835593249
13.510270528486563
11.076270115680183
12.774806025249909
10.429098592484747
9.998537912557026
7.972874744331325
12.453772062420523
15.75360839371255
12.892026370828676
10.948618764398391
13.138197304092605
12.06051894783723
11.287105143879526
8.731139742178248
10.361171360196334
13.680592035670266
10.7626881186211
9.942502150226845
12.009562364365598
15.284939391501668
11.003635884579717
12.98157503326692
9.349781154972579
12.390291238367158
10.93103836617101
8.430837763554345
14.911728538503247
12.376213462343953
9.51781145202204
15.691783993648
15.949423195526506
12.905981711779914
11.56980959524954
15.765740933470465
16.683342690270752
14.92093097451909
15.447864457119755
12.156225906679921
14.276159356713611
14.783243785655293
13.033630312397193
12.810513005097592
14.39070056285319
14.215956313158886
12.952658521206594
11.037401733525654
14.910263842187714
12.659441701153519
14.272407745384225
12.134274719260361
12.486955876067018
14.987323802561946
14.846056369403696
11.198990853049166
11.245464654506991
11.224672090220118
10.185236533642888
13.393896074068802
11.770225774485171
10.743431314553693
16.517902255785263
10.577239378874316
11.610336849939044
14.491642308275923
12.657166011078859
15.221303166730944
14.04839995786333
12.945863866625196
13.940933000477589
13.11500428827731
13.033092058223978
13.019973883256576
10.974265642873142
12.289064061369297
9.602726392202255
11.57854392593904
9.093790286778558
11.073386029001526
10.652405410405176
12.065442035946708
11.656358399754513
12.809550311670943
8.95484014276618
9.673980805548775
13.940065729372977
8.626103992003314
10.232970677766637
13.47671181155479
8.056716793920447
9.648795473130468
9.75203733202762
11.43906116256355
9.21103822795009
11.530771444554317
10.26027569517276
8.64745690259851
8.139863316653564
10.456136400377293
7.79487056563836
10.040919858397071
10.378657186443125
9.236651068328378
9.872012176048168
8.813583169868028
9.454955034714162
11.004056187325283
12.26937233759474
9.392353156713213
11.849997368619563
10.041489337019515
7.451428605667457
7.517311352763109
9.660917020959022
9.500365426154605
12.9852425793755
11.96959443147148
12.46271828033401
11.436242382823423
10.504769810020067
9.969117913433074
8.255520091513333
9.66984094338546
10.604814711479198
8.088298931729765
11.743734288142067
9.023575523210141
10.708218864838432
10.089221204170727
10.84525649405479
9.132088892323274
7.920771587163432
10.667210261946696
9.364842984176924
9.364836720468112
8.102520069235045
9.820671381406042
10.837305983807264
11.975712585215643
8.686472580352415
9.248651573220855
7.90394564739939
11.203360703982014
8.542092952335588
8.389396479074797
10.102411558034468
8.68869417978364
7.4874335381474335
8.388365734919425
9.683593021417108
6.481804062588099
9.506624661407375
8.282993137735431
8.59229856551786
10.857918666308072
8.982605142526733
8.30552865814117
9.125180766187004
9.89977634852367
8.271905857948024
8.56087280163291
6.745871197272061
11.307380067688687
8.023460283824095
6.709034469046105
8.642635447075811
9.23502723677658
6.699197335078868
6.799563295854922
9.832132777565253
6.704739907413776
9.125536292019143
11.337363786975995
9.458260296354384
9.361264139722861
8.997560130234596
8.853616671558548
9.829033795831783
11.45157498260093
8.044850154706916
7.508334976555171
9.712140864693001
6.340337242445071
6.694756471923662
11.524750362072673
9.305152247363335
8.514580078917295
6.900753166649573
10.212311479703963
7.37071514094967
10.776041773576953
8.472188234140656
10.62058664680281
11.349024811135944
9.159299571221432
8.473076538946732
10.555056670903811
10.406275438891262
10.75769948035811
12.465442055697004
11.75703054584667
13.61781950164127
10.330735095028299
12.389670142319963
11.917873014338259
10.803279647876112
13.193781329351872
12.478746240653289
13.517107234376967
12.401006036195348
11.36181042302338
14.1129952505354
11.976250085129509
10.806236164174518
9.61674115128999
9.9713645941966
10.873931477521092
8.908987440833728
11.413296275723365
9.125220243111801
8.928411200212462
8.951752728678644
8.86093504938256
7.219947348705256
8.090851597073069
8.890300780318512
8.193300828210539
7.845613765758601
5.594742242316402
9.731057146580783
9.182881560505818
10.115373218904681
9.834681360689013
9.85454683943503
7.510315516023967
8.532281447646485
9.605577715624808
9.048735799840575
8.234574180015324
10.947987294948812
8.565577783537345
7.998202440431547
8.181247068738504
10.291508663520254
8.145606089788624
9.017911790663446
9.414593198098792
11.10489319966381
10.834783450609935
12.56156190258042
10.026351841596647
12.276863183863075
10.912557363116035
12.47944307484397
10.26921923080042
11.383543321984366
9.569771112674266
8.988333075451788
10.398161439537523
8.900836789277653
9.4071917696093
12.758048506704872
10.655316318975075
9.900646414798613
9.398340712847613
11.26441964261023
9.506903069022012
8.359760917169888
8.887516469740934
11.940368907528109
11.650837883939852
11.953324538971813
11.606521955290159
13.95988944133318
16.594040081524817
14.171848733160678
13.500410874597824
14.364774525371104
13.883255621056719
9.59032755717898
11.942885519714288
11.908747399024344
13.327300717448365
12.393921834153605
10.367128663356029
11.062691396412095
11.60319928223247
8.134218752688565
11.105892041902813
9.76285557379192
11.342522595219373
8.784794434919004
9.680594604872056
9.234923459082033
12.045773446591816
10.186138485722449
8.673213549416808
8.881162639131368
10.825299077283553
12.983034835070354
9.253274174600397
10.03019925889547
9.859883051060866
10.356097533480277
10.354335453320134
11.298129674612927
14.454520503257811
13.407010317708316
12.03224852626563
10.892713520155889
13.885332860543446
11.680181668879335
12.218507666831085
7.743413656474006
11.157464895147292
13.466758935879252
11.346009358644594
10.718579765249604
10.058087524939959
7.5562131727618995
6.571490256706055
6.499937912726795
6.91676698535647
7.272309218563311
5.945166802201075
7.044346678115362
6.647304096210652
8.43971096102434
8.456789337396495
8.01565689784901
6.925750963302915
11.67909189092078
9.4856864431455
10.74628244162037
7.6348120354507865
5.130427507158581
7.068513452891458
6.198764936582958
6.658255307217006
8.104553866082647
7.083050542499714
5.542948602588326
8.332149574900303
8.20849411381318
9.35784442162048
8.092605031715339
6.995409561983568
6.895925912858254
6.985747108039988
7.7185319127589205
8.422513590368464
9.005633365383405
7.503954531821034
7.805956589979489
6.4416599724900285
8.7334815285898
7.895538331844059
7.592212873696546
8.755236584576949
11.737177461475865
14.298416708351024
13.201242848165526
14.89888922155504
15.620547825734956
14.572764941017358
11.137136926226209
13.256356867220575
11.477339463406219
8.02944581712935
11.206240878507593
7.2791235956558955
8.879406765928376
10.255711725491333
10.620916202290745
8.15216675863192
8.711500481079472
6.524374137902742
5.668478354641052
6.530096955438791
6.1335347989276805
6.740458779100293
5.667185179903246
4.804085968595243
7.2455018798595985
6.304053701985697
7.458123910210849
6.746209256707301
5.744601698086081
6.671152934393279
6.698489098268783
6.2323557093876785
4.739492961632633
7.329177061203777
4.716702410954273
5.666212148012537
4.326492647702747
6.859603398927659
5.082369571242948
6.0773301483143936
7.422772447456683
7.211218087523292
7.917654475101593
5.895827684418776
6.572870279058886
7.240107559522138
6.95944387570181
5.449092350517495
5.973785718000342
7.086262961874065
6.477949867024355
6.586218891737125
2.8004916884923445
6.128796715668391
5.963559153563956
3.292791740969786
3.988928850629805
3.9688308113508937
3.7972048892238126
4.004219784681055
3.9855425042307546
3.6458780617594915
3.073705299820195
2.9796091803561766
3.6319506369900854
2.648809198547163
3.394172455705421
2.679504980548596
3.3671965689351886
3.6265337921575873
2.9893045691717943
5.6445428560526265
4.304915897619517
5.562337950060533
5.56757378098205
5.077440456775453
5.089467322749626
4.881260269260927
6.0506734085216864
5.544783386372506
5.547310595101949
5.995771393570268
5.046949175991786
4.2929076434888715
2.361362881793219
3.0486296464060025
3.1887282639786543
2.8621426909096783
3.273515490124946
2.5913164358376086
3.2655553376227875
3.7069783598094843
2.5876547393391793
3.223336110715171
3.0092502073740093
3.7397330146132277
2.991562045177543
3.203501978927804
2.7414364952711536
3.5339041676308667
3.629980174491094
3.413175467296662
3.9654671871336973
3.0813452041143523
3.0789023862370244
3.312771698329925
3.28722584300128
3.76832305806975
2.721440578535163
3.600287416348402
3.100992622286492
3.3825435558496473
4.305449350741466
4.140099951055101
2.6192948431459304
3.4778144965004856
3.525068811206279
3.9041212985731018
3.0621813382663094
3.4842391445917213
4.687153321235599
3.186519073130355
4.027327636936615
3.727568693909376
3.6339081746641657
4.230418311171101
2.6883879790323157
3.4218389444958417
3.1698175753873272
3.207450427646526
2.664843592191846
3.0898954799286833
2.730218342551032
2.849019952503887
3.191313758340338
3.182308703678722
3.9515340623583586
3.5853538791095287
3.319232450780545
3.7331775648026646
3.8480481543297618
3.3742490586971354
3.899913008896035
3.2976784720841414
3.959004114829509
3.099669727597432
3.897579486708505
2.3415867673136814
3.2536808204219985
4.005634632978112
2.836501100453289
3.3193200945425336
2.6519656704034675
2.9988840725911485
5.1511463861672215
1.9741611642752364
3.4760727021290068
3.227531087500372
4.32534658025721
6.7934878275362385
6.814157783141168
6.614668947058185
3.528250152083466
3.3952604570016827
2.229873413556073
2.025485915261957
2.366934263672149
2.4733499605319365
2.820399964765362
3.0505178453001838
3.4153625602356272
3.843015895289877
3.77436986364516
3.038813461768275
2.7984727339911104
2.5199402450726693
2.2509809047035834
2.4326569976829617
1.6617220048183015
3.084289156536102
2.210659191958256
1.9960107483844403
2.319269218092961
2.2933196065187342
2.694610641031229
2.7446198743063137
3.0666092872070783
3.1565649177358694
3.040228098525272
2.8971172633992284
3.495314493345147
2.2931950236908865
2.374376182130746
2.8098391559849323
2.8488933544416746
2.6642039709575847
2.88084451666786
3.094641589815485
2.5134851793996513
2.8249471043019487
3.0932578526211545
2.5006565844844513
2.507352020378877
2.411027246537701
3.2031819453396406
2.7715479158993115
2.776598545835358
2.2598826927517113
2.9649943636313485
2.5178205548880808
3.233651891115169
2.469606854280446
3.0309837396221324
3.442485755009088
5.188628797454361
3.178924329920166
3.603761997324353
3.223396489118228
3.4786199125497284
4.125736038417313
2.1817331636650463
2.5544404538144643
2.3456932108580286
2.748051086339278
2.0993795711134338
2.1588010365095527
2.942134511301973
3.198073519907285
2.2780745206002773
2.664908019247844
2.3668916186955498
2.9621037731457887
2.7347707163889625
2.733196584930335
2.009159400143637
3.5746283777623855
3.290070404583488
2.7610156834683175
3.8106308301048024
2.302243496131761
2.372805525914999
2.8726812252090275
2.1838699152180654
2.46871985611412
2.3329446113989007
1.6440664178638644
1.76143862439431
1.94099546947943
1.7506285688299852
1.6359866023201357
1.7729191495899885
1.8173119872679957
1.7171612804354641
1.7729457602518903
1.6947425470452628
2.120564313693265
1.9927628491104594
2.23670284325329
2.3505670011048805
2.0155120334019276
2.341889605386287
2.0016525622152344
2.125138201902774
2.7549483046622947
2.539799190210466
2.4105784898024973
2.7698226440110365
4.064729001142748
2.726713466330293
3.346177172988853
2.77612871665227
3.0438312417901137
2.766206182559827
3.2454719484990413
3.6702120891960344
3.3381028292904533
3.5924140784023506
2.690723792341642
3.0885138793193416
3.0686118195814442
2.781212224718942
3.242598721621996
3.10207646523358
3.142210144599598
2.0731999074407783
2.728166899136679
3.2178261561219004
2.3379737809309837
3.166957053338092
2.5915701186235185
3.5610488084939957
3.5675608772397016
2.903243475360623
2.8936094450092913
3.215769497474785
2.569607147151315
1.9465600988430607
2.5369692920603626
2.221524475121981
2.745149019905844
3.242968665361916
3.748770450525369
2.058771807665881
2.902487162938012
1.7867543845292828
2.528903359687158
2.369418204990854
2.4165018723211547
2.7971029854630185
2.8517231963739245
4.285870698020838
2.5099534255973364
2.7882646849951693
2.9612232959850955
1.5992583744285724
2.280820524444804
2.6509441759510626
2.099224560910456
2.0833152799180983
1.6218888195596934
1.7042069304242347
1.9148864508017756
1.5646144812840896
1.5727342253469743
1.5452003996205952
1.7866392892856338
1.6360594245713305
1.991645001919319
2.3017817793859168
2.0899376256768494
2.0975818634879912
1.9931080919551558
2.03903169002883
3.0243476376977494
1.8771135448950447
2.4630495086506827
2.893183136993829
2.3276614828936295
3.8989655218133885
2.6550554280112006
3.951985685210352
2.7485038611589174
2.6790948454494554
3.945948023683135
1.6298705159993714
2.6831434442587914
3.3033470674027487
1.8077959343034444
2.7136740832839132
2.59814468825012
1.7660231732097298
2.1951838743024563
2.431942288441145
2.463508630140049
2.3911930398701955
2.1131191473696465
2.7082025091218047
2.8233096001152593
2.079064903089499
1.56719137265121
2.145657574016789
1.9740553072620752
2.563508043447164
1.7555590463797062
2.391508500024334
2.789852613185457
2.429284977009697
3.0541676782115696
4.316843153979812
2.2743163304291727
2.8224481449796714
3.2406659369316695
3.1770228604560056
3.9795724183591936
3.155930534833703
4.3619395120918805
4.146892991852722
1.7767436816342888
3.1263738810637913
2.272913679415173
2.041165235714757
2.3891393033863566
2.083213160739287
2.803813804116641
2.6091699232605334
1.7955926722841498
2.3462848665338725
1.8348915729156718
1.5128420551138044
1.6075734592644395
1.546853223678703
1.6730699807791805
2.0692341754064003
2.1345743321179103
1.6332210410257915
2.0755714605552544
2.2553733878913187
2.205311254303062
2.160407280565964
1.8608938798080794
1.596463736863736
1.7690388394261203
1.7887635166620541
1.7856081925656866
1.7015137324618541
1.5482503953088005
1.4344323753871697
1.4252452226158834
1.521521565292695
1.4628997929718275
1.5707442214054863
1.5167867802661743
1.4085339174231595
1.339251278549139
1.4327644703228362
1.5886372242050908
1.6186952927189815
1.5262921266236669
1.6151737497223178
1.6719149481575482
1.6998133627202645
1.7439916809835123
1.8549268441404463
1.9653695066194679
2.1936932645366407
2.473903995941646
1.799710561745502
1.893092324701527
1.9920623847804664
2.0816513329642126
2.2533266293308696
2.049566346649536
1.8568121793142014
1.8803877838022371
1.7784223974023567
1.8789774890934603
1.8723809155913207
2.0294153079943937
2.2503948132231706
2.0956525468427456
2.472431826221897
1.9434311103606046
1.7255649131846709
1.6005827076831642
1.7782508184485293
1.578612883641931
1.7982786236486106
1.8749503979291173
1.4747535634672888
1.7538361585022515
1.922955310458683
1.7235718910658455
1.9203334472153997
1.9092598860044034
1.5835796928654224
1.8950655216703516
1.709617710943954
1.4670793567407678
1.8180539108370488
1.6958600130488017
2.0434898561879136
2.080616014548024
1.6095159267957393
1.8013891976042549
1.7987797762886693
1.8330718988089805
1.972939179906777
2.378853342827411
1.8286053774850637
2.1197160591278834
2.559320016130917
2.9721407851609136
3.2881562595094533
3.477957047695743
2.734856659264723
3.29781257512451
2.9299315571042253
1.79232916556624
2.483640570369243
3.2257706440111202
2.5425933529969256
3.3923601634029
4.318281759766367
4.489766804298634
4.565139290487043
2.8986126101622527
2.369677279125616
3.5212867283006055
2.170631243597518
3.306298834477145
3.3441462072009847
3.220036046302036
2.5307386134586385
2.569692263502698
2.143938074859989
2.8735519772707265
2.7336650923818366
1.905432269236748
2.124137378107708
2.21095831842538
2.2678438242627954
1.6730801732810006
1.8492094022444592
2.1715019584820747
2.400581186743595
2.4512583177917238
2.4547453902668948
2.252844792089683
1.5064558624553661
1.812419223533629
1.728916803866029
2.0503285081828464
2.293431292459661
2.055469914232948
2.059850215599715
3.186388426720539
2.09740364893983
2.1683602696206425
1.892491099364111
2.4149365991080307
2.5369520587817593
2.1767931959961033
2.3479507760491978
2.08283677694846
1.989900967338528
2.9078954361271987
2.276126602463646
1.93513455274626
1.8260193503544906
2.293100083451161
1.6929370089652997
2.168842403173034
1.744735561382103
1.7129368847671163
1.9942375508566699
1.539311778191993
1.8501234370725097
1.6703669970017938
1.819139104870834
1.935140296129394
1.7410292178629658
1.8882870812338313
1.7604069920659464
1.89044641805046
2.3670942726774946
2.3176888778826816
2.0614907854310527
2.196522124606454
2.0971777734606043
1.8227805985309267
1.835328615127362
1.6503747242557198
1.671410217320698
1.602203978599039
1.8368023627042567
1.9884545612857822
1.5622464081155607
1.9288132716960331
2.251756558115758
2.508836481720217
2.589329042166364
2.1895714490955758
2.29768009613884
1.529293567604442
2.0168102998606905
1.9379862036928923
2.063185245678841
2.1783310049890554
2.284773807040551
2.3888057422840436
1.912099867928003
1.775207041865654
1.7927027288550585
2.224141274555466
1.6936786265556139
1.8293305663086112
1.9997376366883948
1.634811858655449
1.6876360969479327
1.744574709730197
2.234969228012759
1.542639121660185
2.2924671574681175
1.9094277244403997
2.312413611835269
1.6957986359198813
1.869935136339073
2.3589529049027336
2.6868986051868573
1.9763167121375977
2.7294216034943752
2.3752310457147665
1.839771434030232
2.606312833199098
2.193700678304102
2.6368882232471167
1.9776083311536081
2.375347835799184
1.737993974588286
2.0330654346781496
1.8902484827407466
1.7977896865059182
1.6395511436014718
1.6396825939784745
1.6038448137268142
1.6053376308475031
1.7598416903655976
1.7588436365057356
1.8590647187093017
1.8716099118082041
1.8809396285610558
1.9880819405897276
2.1690720316642
2.09052649638961
2.260541937626749
2.2243979941131804
2.794860540870236
2.886966475326626
3.5371402509556122
3.042240838181125
2.744104111787893
2.548726756993772
2.262470794721833
2.241687546905781
1.593747834648139
2.000982355000412
1.6992646734665897
1.9739575380447563
1.5473000154746885
1.6936496919214028
1.6070232814587604
1.771396294737673
1.844211646132481
1.6439894047957762
1.8420184935257566
2.0641289609175146
1.7095379853975012
2.0922079653128103
1.7658019359249784
2.009269426879376
1.6942888406678633
1.8133350806914308
1.8239762384364075
1.7223000735492127
1.56065751101251
1.5549132707099647
1.5493174727928705
1.560679563503929
1.599622803790095
1.4703157812790584
1.3283649058157585
1.5212191402377948
1.5744516337731218
1.578858354611536
1.827544781796996
1.4639575105664613
1.7224762386379058
1.4484603338059343
1.8881981683826388
2.239088151952609
2.2407160532438617
2.3604702503548265
1.437646134666046
1.6429124870306981
1.6839073817121835
1.5187648204411528
1.7626355103286135
1.5609836374212744
1.674310452959964
1.9490876714772167
1.8315845887000644
1.7272478251387218
1.5967717245973205
1.69797019956911
1.9022886346228092
1.5434725256668929
1.5888076150165256
1.6569005226375362
1.8609530785911477
1.3997142841103505
1.853549634089685
1.8416470133803187
1.4210495507420426
1.5298619103385858
1.8200623744229412
1.9039656500647257
1.9615876835292057
1.8258092488844877
1.8506563357645553
1.9385281536509382
1.7814256482712327
2.192913898166103
1.743688421156881
1.5696741970270611
1.5378187592472534
1.8128297700139502
1.857145830940887
1.6291194860315026
1.7373030901687998
2.112744743265279
2.0635910407107914
1.6940284015101197
1.4469882882942313
1.74515543880435
1.8031145700684015
2.050644503644217
2.339355919461279
2.7526398075604526
2.2449912708165622
1.9579641244763935
2.675369612540446
2.310343044591449
2.1116561985133755
1.5405611481439028
1.4456376628299197
1.3962604521545734
1.591645555297405
1.800721206006158
1.3522840057575751
1.5105979686134345
1.5501673291532745
1.382386912732879
1.3458490631946498
1.382898684616939
1.368142809003912
1.5799135475750574
1.5380175564512646
1.5408225656229269
1.8254721410391508
1.8195878040998594
1.475862615968729
1.523222293473723
1.6498373491109894
1.7037903187086476
1.7608434919655354
1.4930680276593364
1.8075485764510502
1.5367973448386925
1.5414342969511245
1.5753799534631145
1.8694302718615259
1.6140241085960658
1.4886581429690446
1.5612202219678308
1.7172050188463286
1.5987837950045785
1.557255983921671
1.4109438590946832
1.5412868231635815
1.5195266328754928
1.456986658661965
1.7579277643723648
1.565326797205921
1.6221742811919353
1.6918422350457434
1.5767872612265585
1.4007539440557348
1.5007584197993291
1.674968818928777
1.4706096255031966
1.6166009570947937
1.828048547851352
1.8447434450371187
1.828364078701448
1.8165678632840252
1.9901904895585334
1.7732481347711797
2.3344449290350053
1.995180127251947
2.231324890226661
1.6836710881791448
2.1980574978449083
1.749114534601357
1.5501600189932845
1.8918070519361476
1.7639039147638333
1.8502403981598163
1.9888890929183072
2.064179241292687
2.0728203507056913
1.9033431439903785
1.6758517732554024
1.9782409138545602
2.396310817410803
2.426605862668299
2.6241622338165485
2.1597313730281194
1.4173944767394238
1.678760369848209
1.4632884009015308
1.433928664040931
1.5532003711255735
1.6210042376602558
1.6592982780993721
1.6352792287733797
1.541399885261582
1.8556206324622202
2.184589442850344
1.7105685566253477
1.7650299740277557
1.7064526166665674
1.9907942872353896
2.1785813123300835
2.779117698400205
4.2566690350678105
4.41286140567058
4.222984452948168
4.672267019101473
4.405245826369642
4.089156657524793
4.446294462089699
4.308973595030206
4.4491218688554985
4.360390196328974
2.088177559829195
1.9033252067480262
2.0908559945810516
1.822201507244967
2.043540704402348
1.5425555836321916
1.9170380946689887
1.698237360164553
2.0183534824634317
1.7090650004902306
1.951013243585253
1.5785953301579492
1.9170032600304376
2.326791757398821
1.790153217042087
2.1572238663895766
1.997880676074126
2.3321450093221023
2.4110214854972365
2.5678994397516473
2.75186048352729
3.352879128971728
3.9492397990597903
3.1562104606761703
2.4022605045559815
3.1936245930097824
1.843385112765093
2.2600016919506403
1.6919543930762462
1.590084741195427
1.6577292405222144
1.6361324420972836
1.459970949053224
1.5920471196755517
1.9617770238518302
1.9025569711587915
1.7472479269707029
1.9767581757406527
1.7246071949618516
1.410354766126207
1.4182254161382017
1.641964631228164
1.870027856778444
1.8770576308773748
2.3863243954322018
1.6308081091092674
2.075389868817082
1.630160237431958
1.8622740972905496
1.548469776830202
1.4214128859659478
1.5074985335558566
1.676927885940729
2.0763343551551916
1.967125900369504
1.5882186317137115
1.6287551741953046
1.806219824245141
1.905151117867943
1.4899774315762804
1.7665123329801002
1.6798826729740812
1.684190727287938
1.2830334563303032
1.6534926056264505
1.7132705966428268
1.7961368233804906
2.0411280971791457
2.0821688740717024
2.39270745790199
2.2835069249804105
1.7282161613153715
2.1852998639446484
1.6975748088401192
2.095165912518576
1.476781511251926
1.8220410311722366
1.5795910641374171
1.5684312932414348
1.4347431578284726
1.7164121894351958
1.7942969750101676
1.5735137055321704
1.580789745791359
1.7576694898550482
1.404842389941395
1.5911639834610287
1.5294157433052942
1.592890813938749
1.7128476871067437
1.536897001600842
1.6090776681824799
1.5303177337849254
1.5135499846563503
1.968677970429922
2.4175890521892516
2.6663648563131432
2.012903687705458
3.108494294550402
1.7312589079269294
2.187335383477714
1.6132389116274228
1.6318599911681977
1.5882971256041114
1.44882737648773
1.7480104791129458
1.4207893986935245
1.467987131498464
1.4246094915070397
1.4594541288470941
1.6142944904756769
1.647181182967217
1.6675550439251028
1.8519070019918087
1.931947245498342
1.992980992323366
1.5891492212036877
1.961175750026748
2.4031360655272236
1.4582376430171378
1.8958377017125883
1.832710645059122
1.8145471957669577
1.852928536559832
1.5837795323968213
1.5351911416213249
2.080762117428757
2.0358321984612124
2.1288605491048247
1.3268372887602522
2.1529337471855046
1.5967321741229625
1.730448708201888
1.5957141595949782
2.5367456039985194
1.9945094156319385
2.828375531314299
2.1471983802051695
2.763178400598921
2.004174863799216
2.3243553176200136
1.9750265680362582
2.5160417722457176
2.2878847192578946
1.624680053797671
2.049125184818971
1.641809620432553
1.60953327977239
1.1576824351106825
1.4611314726855829
1.4772073451101029
1.6235592176532636
1.4886807338389634
1.432395580920638
1.1578460797393644
1.3886978196037887
1.5092785640433157
1.9192938750428814
2.556467295415884
2.2066618037767407
2.7931158510363594
1.570687889936181
2.2749291303753973
1.6455937396979348
2.538315957997732
2.0502699961271573
2.655683715345731
2.5472099403943838
1.64408996080875
1.4044288357411439
1.922460491083497
2.2032774188115014
1.8934684044360373
1.0726422141275398
1.7016242069799918
1.1619367892355152
1.5242908831429651
0.8634047570839002
0.9116338337670905
0.9282161633715384
1.1463459187474252
1.1831193749443336
0.905332551136227
0.8517592343363303
1.0625768923392187
0.9110789451136353
0.6006817471794001
0.7953809647135145
0.9256853333877305
1.0304260940772378
0.9742044353415795
0.8689866770266255
0.935119296925669
1.1307893791533616
1.0741661297784426
1.7268332370984711
1.3283024132050236
1.192074864389626
1.1050767681626836
1.0852213709047367
1.5054842066103666
1.0377256359866178
1.1824169265198257
0.998808133206694
1.5695105068413222
0.8419019478985793
1.1365014337480206
1.448586298936403
0.7138985565349358
0.8852332065661815
0.8638570505649842
0.9596111158887503
0.928241676802886
0.7640012277346112
0.8107495325850346
0.4869537248940948
0.6809978983571776
0.7233097532684631
0.7428056067117927
0.5339636850119076
0.9326981434239081
0.6561424682506939
0.7184451850595761
0.8662393340118254
0.9915403606687075
0.9582403118333545
0.9461752513587998
1.0986020060330202
0.8188180112729749
0.8079021991426797
0.9667998496693536
0.9100613393035977
1.0252067240663159
1.0048748453941116
1.4590061167736748
0.8711267327395831
1.1013698044390674
1.1703046478597903
0.6429794433743676
0.8444906651588362
0.7502251742601733
0.633028070188524
0.6847716181931455
0.8239671529209219
0.5474139423377188
0.6652081235607752
0.7775124656002929
0.8187400040830148
1.2653160600596267
0.7088701476683336
0.6422359090921299
0.5569693175160304
0.47649474711235
0.7917806183776063
0.665183239940458
0.6949078063479047
0.7340570407744045
0.629899324904244
0.4884857080216912
0.5424360350304918
0.767440787364099
0.6272166307772054
0.7514543805794393
0.7522305529660224
0.7156891270463697
0.6686981090685922
0.6086875338569826
0.4453181741741979
0.9970811367115117
0.8149949320593798
0.5058063193917488
0.628183699932004
0.3762666555587343
0.5307284259926806
0.48397591077811974
0.4263859101683206
0.48569564734891585
0.5544496921460571
0.5126256377750585
0.6393494964281733
0.653882281823605
0.6662785307361654
0.6532179956112182
0.6473941961616615
0.5284841555372799
0.5234580201438596
0.5876350769623141
0.5139940303428541
0.7518366559409754
0.7508721962062552
0.5749835355733296
0.501536181906319
0.5547543902891037
0.5038609143680804
0.3830930660551294
0.7984070691435748
0.6548269631685198
0.6779278050845561
0.5282792720664344
0.49407837627106166
0.6192498073768423
0.6729901007966228
0.6968441590653752
0.6072604807415951
0.615352864278506
0.4621656318194379
0.3787682441091085
0.6243209882072985
0.7936091121330235
0.40527804153267055
0.4940558226907821
0.5840816051630647
0.515213226461807
0.4111254647847937
0.4130278129626561
0.3346748651070295
0.43139680905649724
0.5548536447602517
0.287224826877136
0.4277309477369403
0.34815693700379036
0.4167428486671942
0.39560122703478184
0.34162549832758854
0.4049480310313426
0.3571867688688364
0.3589035709675376
0.36675729534760493
0.4077039287461114
0.3404374432101306
0.4558194887759882
0.3473200034757767
0.3411896754254265
0.3272958131148853
0.3947410776235061
0.3898052300273615
0.322325275676796
0.35680222221161656
0.4543432533361404
0.6232525162799386
0.3601324828400281
0.5274581563858814
0.3716058582003561
0.34976284025411686
0.3615766971497
0.5073329198764049
0.38987107508959284
0.3065470894938372
0.40336893607580726
0.40985167538981543
0.2489186511039491
0.514130639065071
0.3882748744996738
0.331297843454398
0.3207231819961468
0.35144217402049777
0.28804827573483105
0.3040527422381088
0.2940399716151207
0.2874561603625252
0.35160937139741405
0.40645864776968027
0.403847093955886
0.35195607690510805
0.3885881594226445
0.3397250095480582
0.38736849050163014
0.5867872151273636
0.6580633436068842
1.0676061313459848
1.224269836370256
0.3830480092208824
0.7091469473669224
0.7187214278531797
0.27313908604315557
0.823719652508697
0.7752863513283824
0.5983654343320046
0.3923533534379655
0.37962872541811477
0.460535952402896
0.4089594440045899
0.5555502187353156
0.2616676275754928
0.3208593172991994
0.4707740576065305
0.49797785620997054
0.4017291627246524
0.42246588655025
0.5950278063461433
0.34823898726705105
0.49659573917084887
0.36816259064487633
0.3622999925818124
0.49922288433921347
0.461949767374149
0.4448931759388707
0.4458085948441759
0.7075290497663888
0.5027207860981998
0.5560688819945205
0.5108213784097183
0.4918358413541114
0.361700213072274
0.3017771850781581
0.60361719458863
0.5307429782691226
0.45074558258038755
0.5096377230471678
0.3783023291178086
0.43299920334975267
0.5416321614271798
0.391492230362188
0.38741531557127046
0.5682501877991492
0.4634816046325079
0.27224232845318663
0.5678808209696493
0.7501778068954259
0.642046257050512
0.9556158407120975
0.6720785577620354
0.8972635168111256
0.6674065346738519
0.5957039924466875
0.5479614212417789
0.8612242182075129
0.8388913633541446
0.6673023914724296
0.6088331659171528
0.8040113306417694
0.7738790008099735
1.0720526235826813
0.9641750746699622
0.9231975512239663
0.6421870129666759
0.5659720240467929
0.6392744375132259
0.5594922130929219
0.4984557520018973
0.6804955262791194
0.7362211632146594
0.7259465356316313
0.7125104874322133
0.5954789431596912
0.6427058830619973
0.7961681322398093
0.5609161655207514
0.42034589266800476
0.7739035283404655
0.7328683512468436
0.5568221304894834
0.7156356517236779
0.5711726786626228
0.6209233749974344
0.5849859542539435
0.39691925338822814
0.6090303131553206
0.46654440000861785
0.49760505183994796
0.4629681009781297
0.4994727887074012
0.43748321520733674
0.47793877819798863
0.3740021675454736
0.6111242069889073
0.5514859776137592
0.45864588447569576
0.603667990295869
0.5133511468046627
0.5550956585540625
0.5223867316838806
0.8205802734080169
0.5137002068736256
0.5759487499183994
0.3801318123028898
0.3940618262525619
0.4183169121592465
0.38183725970415877
0.49718819682425397
0.44696365360680884
0.42563755809525844
0.3586045927151889
0.6606619953428826
0.7658615117041214
0.52524561984272
0.4869810651982595
0.3809934099766306
0.4265951723523253
0.5672605872589499
0.6575450347198816
0.5031160696904597
0.7855958263146803
0.6524343958735644
0.8006644836455677
0.9643229343792262
0.5682814682454298
0.7910639316377913
0.7022040009468102
0.5628270813835159
0.4937241274202482
0.5030780186168209
0.5793976634646589
0.42076302119493997
0.37583903254599227
0.47512749569629364
0.529309050841589
0.3907695927111297
0.4382480447497258
0.33522305580835515
0.4486984198085395
0.3029898421098367
0.48258753893584566
0.3402955884612928
0.5755060508344101
0.5826331058484766
0.937703173975896
0.9020638264278756
0.4883398379745082
0.48768099657975933
0.920914571816938
0.3423611566669401
0.5140024644114526
0.5164309622528332
0.4410817163707496
0.45545451690090105
0.4485858256936406
0.3066537666181655
0.3668738570954239
0.2687998450372228
0.45560108823010176
0.3604197187094648
0.43948366909140013
0.5823604527521272
0.5443300917013136
0.5171217625600032
0.4820549876257249
0.6689532856814223
0.7752838465017604
0.6015724939115138
0.43926547103795366
0.22393119490837862
0.3190253780351054
0.34000402114753464
0.23590194757945843
0.26509835262345016
0.2572232032729951
0.24573037126583583
0.269883696575216
0.21391597566940454
0.23590024233126194
0.21887240587738951
0.21459849703600928
0.21578918169791197
0.21503562717550742
0.22629855210177044
0.2124412502783558
0.2111832090538924
0.20939679614346662
0.20790217326950208
0.20685327745170212
0.20677515894148266
0.20719694043352818
0.20679803122366885
0.20757311460446498
0.20805233424553835
0.21255870684775982
0.3825439392254092
0.3217571679168353
0.228348646410851
0.3090186448562088
0.27425276704325
0.2495722132682924
0.26221857967919876
0.26334326966204746
0.24707383038169958
0.2439693105070528
0.2414837797909113
0.2096641310692156
0.4502653737677001
0.581142095453838
0.42176792722003037
0.38062423749519175
0.49245348040801956
0.45896063010512905
0.34567149993861407
0.285089518914026
0.3195575220232634
0.2190769741440245
0.22994494408217292
0.2526028946415948
0.23305535174498196
0.24115228945276648
0.25666001756945805
0.24059238014273113
0.2530238657817739
0.2371718322372416
0.2694948971089907
0.2733675082117686
0.2540709745270073
0.27930472962780184
0.26341741912930783
0.25565472150908514
0.2752572191079076
0.3173660990552199
0.23121912065786357
0.23327931623888937
0.26255463318274086
0.2406203543441528
0.4428969555199555
0.49608655597709417
0.41177520400891465
0.3039304126869964
0.2843045037646876
0.3155419828519817
0.4511205102238914
0.43342668837485177
0.44083000253391674
0.44733174879431786
0.3337048928553459
0.4873214821549901
0.4617857788486875
0.41137235132672645
0.4262751712857306
0.33317537534860037
0.3314521972646698
0.28910745670148963
0.28982027987115555
0.29113662887225333
0.2803543687653855
0.25113118234297355
0.2511732141499654
0.24490712820836286
0.25369355430472557
0.23752179643230759
0.22835795458486538
0.22429271684169477
0.2297975906509709
0.22776769596729085
0.21840975651468603
0.21343410925875808
0.2237241810258187
0.2121788936473478
0.2111050081485798
0.21621945112610896
0.21419197579761168
0.20863048821578714
0.21112196638277134
0.21062291232179914
0.20838477916533615
0.21141426109224667
0.20781049798891055
0.20783342945880826
0.20880996697413412
0.20817754688144213
0.2082331433584441
0.2076002825854095
0.16409160454315055
0.4408489830715282
0.3766156721962183
0.2832774248642471
0.5522168059777854
0.5735794512488522
0.4296095487118481
0.5091049300861584
0.5255305523401832
0.3973436188020637
0.4030408252216964
0.3969937695031216
0.3490563792663619
0.3332481777251165
0.3271020623579402
0.27314867120439623
0.28921586291846524
0.27016648481339023
0.2578182580940522
0.23582691752066873
0.23852750599830125
0.22638146125836336
0.22094913957236195
0.23662592042631808
0.2517375605424789
0.23366541680154376
0.22939418673169526
0.21774337874017832
0.21157192394031635
0.22501695772363642
0.22066545886158231
0.21432530932020888
0.21858256413914895
0.21963847611875675
0.21641647691986854
0.21353460472077473
0.22181844436128295
0.21455497655314523
0.21585480051577985
0.2141246183019115
0.21211928712970773
0.2093149190683126
0.2120887008362627
0.21103497257582632
0.20985886181719685
0.20884121322065216
0.20853525607475135
0.17591690625017123
0.4568518671071791
0.4501323363968403
0.4391971333663935
0.39507152196100653
0.347958053952637
0.3464837244952832
0.3737541014160435
0.3548022794484009
0.40638031202298386
0.6417151079670592
0.4781623856380994
0.40129211515215546
0.5595926037197962
0.35706216011090164
0.47946410629045444
0.5620516087201005
0.5390931600540265
0.4627313237396659
0.5956011368184359
0.48637208957047456
0.612916676958341
0.7845035317700905
0.7816749040045594
0.753905707850447
1.1143997171934308
0.4890277640845719
0.6545482590787965
0.44325019879331223
0.4300550039018242
0.32727094621215796
0.24765140121225443
0.2142591430657009
0.22399919370762636
0.2233310820290404
0.21249035472420288
0.2128587975902306
0.2160992932177871
0.20782092280672998
0.20854549409734088
0.21319997438751997
0.2081385556280433
0.2078503740275341
0.20710553267860235
0.2069870683329254
0.20737989110599994
0.20663534207720424
0.2070103559797271
0.2075753922511573
0.20687752451351915
0.20755523786156715
0.20708893505313639
0.2094142920854671
0.21100030816627474
0.21031405420247523
0.20961542415997464
0.2071104267504601
0.20799536454921566
0.20855829892767894
0.20609387589767544
0.2070675558127152
0.20741556282273518
0.20634050906306803
0.20687543406837033
0.20657186237843483
0.20608212938535034
0.20612475808880162
0.20608592893946934
0.20602238669055936
0.20600125926609067
0.20600469784049344
0.20606481747754585
0.2061636801791618
0.20600256681028223
0.20612521315773805
0.20600409139778136
0.20606053256249704
0.2060985797695551
0.20612401756148338
0.20603850948799207
0.20605823207234827
0.20595278852897983
0.20597588957502672
0.20605267620244017
0.20603397663813375
0.20595187112440733
0.20596917035437584
0.20600376225859476
0.206046931949059
0.20596876181406173
0.20593643442237014
0.2059520446471816
0.2059343766963795
0.2059381342405501
0.2059471359646997
0.20594643822540606
0.20594403909572548
0.2059531096326082
0.2059501451068251
0.15284194652511085
0.39025265605423703
0.37001917793906797
0.2676087344228284
0.3452935656106125
0.2794450690559106
0.2607365920978327
0.290572083947459
0.27745935895963764
0.24985921202919364
0.23490634074412362
0.23585850691707588
0.25458210092417866
0.22222629413285513
0.22960512731998983
0.22940326679740008
0.21042118130950718
0.21419157933288474
0.21648530824746032
0.2101775256686636
0.20822485734054738
0.21171344912264914
0.20998740466156052
0.20698241444573284
0.2121261925099523
0.20821734584227009
0.2075419492470611
0.20866904352312723
0.20686317991566075
0.2071703514251922
0.20688001790781715
0.20631371477647392
0.1655904214481205
0.3345382655428726
0.34375063715485354
0.2503949317960452
0.3410023202819225
0.3207369732809831
0.29760347610998084
0.2758779696816083
0.2735837943123319
0.2768789461814937
0.27178481150143236
0.2906688555153108
0.24287709620617026
0.24107488187533843
0.22624321374598855
0.21720761538223607
0.21642202724656262
0.22732190895721247
0.21813814031089546
0.2106507371012053
0.21708196355362294
0.21852724458049713
0.20997036093805982
0.21002962199820324
0.21017682883852362
0.2190030732773915
0.21432890068038588
0.20788793166817016
0.21532845546040386
0.21077468734966928
0.20879785464267292
0.21531638502120884
0.208150446027433
0.20854888637330363
0.2092149427283954
0.207468649398459
0.20653948972393502
0.2075484439952956
0.20671322438553516
0.20614150396017478
0.20611740113623128
0.20684489819519467
0.20604996719243357
0.20611935353677033
0.20619330412413958
0.2061420713172529
0.20626642677249662
0.20604557811302993
0.20597718678294072
0.2060589407452044
0.2060242993880461
0.20598774031373332
0.20603438698801463
0.20605481279212545
0.20599811559336328
0.20599614894783383
0.20597291112695396
0.20597846612652593
0.2059639853124505
0.20602533569123313
0.20597803766180683
0.2059795548357463
0.2060559565000154
0.20597983745885046
0.20598263828110852
0.20607828305964623
0.20597073840587982
0.2059535977891745
0.20599045374984407
0.20598767916757765
0.20597354514798163
0.20600626013048362
0.20600164175112212
0.20596788556791867
0.20602163137408389
0.20604631869436826
0.20603169428336698
0.2061788871893435
0.20605339133482597
0.2060085468707053
0.20601496106851677
0.20601836873259452
0.20599950760258337
0.2059548062085167
0.20598380036610492
0.20595007997647705
0.2059517145017055
0.20595552890937646
0.2059387154308164
0.20594637830636398
0.20596426849253305
0.2059538112924245
0.2059441257681132
0.20593419123880857
0.2059375661801068
0.2059393285491542
0.20593372276522465
0.20593508094316007
0.2059339159117058
0.2059342096858723
0.2059338838073775
0.20593401925815857
0.20593364443981652
0.2059333160543368
0.20593353098156897
0.20593430530824397
0.20593318332351085
0.205933306716436
0.20593329299927277
0.20593322562244196
0.20593331173346102
0.20593309578472055
0.20593340410889632
0.20593337159312428
0.20593348672852765
0.20593363041970508
0.20593378945064017
0.20593336095434162
0.20593306770832823
0.2059331285065449
0.205933049259405
0.205933077273942
0.20593304139392463
0.20593300464399328
0.20593299047824445
0.2059329966125255
0.20593299417181712
0.20593298744481733
0.2059329932624752
0.20593298889462439
0.20593298718649508
0.20593299065545906
0.20593298880466662
0.20593298629408077
0.20593298802407292
0.20593298670837867
0.20593298618830766
0.20593298641984895
0.20593298597240584
0.20593298577473795
0.20593298585262418
0.20593298588702194
0.20593298576923275
0.20593298580571875
0.20593298574450997
0.20593298570825597
0.2059329857532447
0.20593298574246063
0.20593298572266466
0.2059329857051206
0.2059329857134368
0.2059329857064321
0.20593298569914878
0.20593298570610974
0.20593298571608037
0.20593298569941765
0.20593298569821603
0.20593298570949922
0.2059329856968402
0.20593298569492394
0.20593298570818638
0.2059329856988121
0.20593298569438218
0.20593298569918797
0.20593298569944643
0.20593298569230137
0.20593298569360508
0.20593298569574492
0.2059329856953682
0.2059329856950931
0.2059329856917217
0.20593298569317064
0.2059329856938313
0.20593298569126672
0.20593298569201796
0.2059329856926144
0.20593298569407636
0.20593298569176333
0.20593298569260646
0.2059329856911201
0.20593298569264099
0.20593298569077945
0.2059329856905734
0.20593298569123014
0.2059329856927196
0.2059329856910874
0.20593298569114485
0.20593298569213916
0.20593298569209545
0.2059329856905084
0.20593298568951746
0.2059329856917877
0.20593298568949017
0.2059329856891222
0.2059329856902994
0.2059329856901806
0.20593298568976046
0.20593298569075505
0.20593298569163004
0.20593298568998913
0.20593298569070886
0.2059329856925544
0.2059329856909509
0.2059329856900909
0.20593298569129814
0.20593298569061294
0.2059329856923439
0.20593298569063495
0.20593298569015248
0.20593298569292642
0.20593298569148133
0.2059329856905632
0.20593298569177942
0.20593298569031396
0.20593298569118437
0.20593298569171545
0.20593298569105228
0.20593298569168142
0.20593298569325508
0.20593298569025517
0.20593298569443924
0.2059329856920602
0.20593298569203722
0.2059329856939778
0.20593298569584054
0.20593298569302315
0.20593298569128307
0.20593298569227955
0.2059329856954864
0.20593298569090163
0.2059329856901047
0.205932985689951
0.2059329856908363
0.20593298569065724
0.20593298569132698
0.2059329856917342
0.2059329856931921
0.20593298569106153
0.20593298568892437
0.2059329856904053
0.205932985688484
0.2059329856894605
0.20593298569163104
0.2059329856901553
0.2059329856891772
0.20593298568995333
0.20593298569061716
0.20593298569017843
0.2059329856890809
0.20593298569017818
0.20593298569012453
0.20593298569087173
0.20593298568916857
0.20593298568982354
0.20593298569104815
0.20593298569074775
0.2059329856904882
0.2059329856924299
0.20593298568923452
0.2059329856905709
0.20593298568941173
0.20593298568900387
0.2059329856893675
0.20593298568933324
0.2059329856887539
0.2059329856891201
0.20593298569005142
0.20593298568913057
0.2059329856890509
0.20593298569038063
0.20593298568872767
0.20593298568893076
0.2059329856901235
0.20593298568936938
0.20593298568883006
0.20593298568934026
0.2059329856887588
0.20593298568954083
0.20593298568849522
0.20593298568953117
0.20593298568997703
0.20593298568892815
0.20593298569020305
0.20593298568921933
0.20593298568910637
0.2059329856887787
0.20593298568853513
0.20593298568950644
0.20593298569100335
0.2059329856890271
0.20593298568895743
0.2059329856904157
0.20593298569024157
0.20593298568868756
0.20593298568944507
0.2059329856896971
0.20593298568974824
0.20593298568939264
0.20593298568996554
0.20593298568951504
0.20593298568933785
0.20593298568871432
0.20593298568868917
0.20593298568845492
0.2059329856899133
0.20593298568907378
0.20593298569080482
0.20593298569000423
0.20593298568926194
0.20593298568867247
0.20593298569035157
0.20593298569080745
0.20593298568970603
0.20593298569046553
0.20593298568995905
0.20593298568930588
0.20593298568986407
0.20593298568940882
0.20593298569053842
0.20593298569024399
0.2059329856900841
0.2059329856893858
0.20593298568977378
0.20593298568986107
0.2059329856900602
0.20593298568933308
0.20593298568961005
0.2059329856905557
0.2059329856908377
0.20593298568918292
0.20593298568986326
0.20593298569013593
0.2059329856900213
0.20593298568965274
0.20593298569060522
0.205932985690334
0.205932985690508
0.2059329856910371
0.20593298569064344
0.2059329856898286
0.20593298569132798
0.20593298569196591
0.20593298569122964
0.20593298568970667
0.20593298569034296
0.20593298569008525
0.20593298569112206
0.2059329856904052
0.20593298568980636
0.20593298569095353
0.20593298569026694
0.2059329856926266
0.205932985692318
0.20593298569066495
0.205932985690796
0.2059329856914207
0.2059329856913866
0.20593298569330684
0.20593298569121202
0.20593298569122825
0.20593298569133295
0.205932985690961
0.20593298569004445
0.20593298569084786
0.20593298569097065
0.2059329856911916
0.20593298569078655
0.20593298568996757
0.205932985691109
0.20593298569190097
0.2059329856902823
0.20593298569041008
0.20593298568984014
0.2059329856900907
0.2059329856895561
0.20593298568958873
0.2059329856899925
0.2059329856898769
0.20593298569062377
0.20593298569080765
0.2059329856898574
0.20593298568994986
0.20593298569060173
0.2059329856899251
0.2059329856897512
0.20593298568985965
0.20593298568946014
0.20593298569013313
0.20593298569056714
0.2059329856898716
0.2059329856893524
0.2059329856905629
0.20593298568957993
0.20593298568977925
0.2059329856903016
0.20593298568864057
0.20593298569103052
0.2059329856888815
0.20593298568842666
0.20593298568961818
0.20593298569017437
0.2059329856890465
0.20593298568897012
0.20593298568987642
0.20593298568921667
0.20593298569139556
0.2059329856906443
0.20593298568896942
0.2059329856903106
0.20593298569008847
0.20593298569080473
0.20593298569046933
0.20593298568976492
0.20593298568958082
0.2059329856903007
0.20593298569023788
0.20593298569037505
0.20593298569034182
0.2059329856927969
0.2059329856929071
0.20593298569215354
0.2059329856921115
0.20593298569916757
0.20593298569264973
0.20593298569099314
0.20593298569522184
0.20593298569148552
0.20593298569602617
0.2059329856944273
0.20593298569149204
0.20593298569178373
0.20593298569144394
0.2059329856915307
0.20593298569309362
0.20593298569373744
0.2059329856918338
0.20593298569035362
0.2059329856912494
0.20593298569229415
0.2059329856945883
0.20593298569046298
0.2059329856919404
0.20593298569150187
0.2059329856892661
0.20593298568966403
0.20593298569288646
0.2059329856922812
0.2059329856917738
0.20593298569021265
0.2059329856892358
0.20593298569050006
0.20593298569076887
0.20593298568946744
0.20593298568940074
0.20593298568997725
0.2059329856893124
0.20593298568895402
0.20593298568964769
0.2059329856905552
0.20593298569034255
0.20593298568940116
0.20593298569073448
0.20593298568999344
0.2059329856903603
0.20593298568927693
0.2059329856915074
0.20593298569126908
0.20593298569128865
0.20593298569216245
0.20593298569043397
0.20593298569308197
0.20593298568951357
0.20593298569321739
0.20593298569115986
0.20593298569121943
0.20593298569093066
0.20593298569239807
0.2059329856909381
0.2059329856888924
0.20593298569114465
0.20593298569189666
0.20593298569104662
0.20593298569355822
0.20593298569187674
0.20593298569122656
0.20593298569243643
