176.10785796862936
140.25668131584786
138.76266423782425
123.44240213810671
121.27182301000045
123.52266919014146
126.92800354289767
127.61368876340333
123.8995408390235
137.02554593707325
138.45742602247228
137.42195036661508
134.97108959925217
137.81412941247538
139.25781754627263
139.94146394817335
134.19274469955258
136.57136138071317
139.67851916444363
137.72921170926912
136.93333738255626
142.4504350434483
146.51314536256604
140.37039691976213
134.9580235887173
130.13957510666384
143.47159087099052
133.42088446401084
136.56317066420988
134.89361518807135
139.00072490089124
134.14637781555
139.0607580161268
138.30619270868672
103.57356870395859
130.88965409740868
148.59453662465083
147.56030132014635
131.58537800910864
125.07738837634778
136.2132195478168
128.50857058325593
122.79560625920695
126.21590790066962
133.85160334786232
143.25313880721652
138.93332352076084
138.98598947232585
147.61553782349563
131.70320788802243
127.23393599976527
142.83997115312698
141.87444351710485
133.90626442198143
124.63700827519311
131.55062557445675
131.74007666236832
136.00838835146467
132.95835379391593
138.38004895997864
139.37491227243413
138.79603835681016
133.7514058106475
137.65796487409992
133.79917926507812
136.4019245999999
140.82543563203137
134.83364759939147
139.56608600048477
142.44873525828712
145.85549707175844
141.8105881667227
142.62665388534447
144.09666962414008
144.47140754373257
142.2289720012938
146.15425713025184
149.13627102966495
137.05349995861965
140.54162880912563
144.76603593413967
148.07880871110376
144.19010000735526
130.4870318186583
139.15278100382866
140.38179517540664
141.00248207713415
140.98686699050737
135.27400613383725
133.1062799011287
134.57365164955382
129.4656500390422
121.28190205502915
132.29365239213567
141.34249823888734
142.20347635063598
133.7702534821616
135.24230075872453
130.65535221470435
132.0594066929874
134.5804297186156
141.09128019537553
135.1005983528677
131.59383584480997
132.5087281343822
132.9774825966796
140.20326361351633
137.01012374405843
132.08752059691497
130.57639074600752
134.4344704730545
131.2175862743263
138.73973947253728
131.08580913011795
129.61800591998505
134.88969765977933
137.13037103099137
132.19588994539507
125.46224472080944
132.43193112234263
131.79277415767348
127.26934034213791
127.81261321010231
132.00585392672372
129.48045036665454
125.83172049923567
131.9833799244889
124.4145317120522
135.75663809282634
128.40734903575117
129.40225518657965
115.91777168093837
119.45471803878577
125.9764952910717
130.59357111918942
120.74864887180345
122.55624774275653
132.85179271425307
132.54032328735335
121.14873748507016
125.30460912752362
138.50905930561564
128.67029117121325
131.55149875465048
127.02283592277297
132.50989815178897
124.77080702900192
130.2882363189655
127.72156886761701
129.23758985274472
128.7071208668004
131.99476310061866
127.76342812902108
124.92965918503188
122.27182159561511
127.93892541554585
126.33078526617068
121.21577456464955
121.38367395933864
121.26952693638044
128.96577007570005
123.1466687389133
125.76383963926338
127.28389159825895
125.95054907321045
125.68907224422856
122.43098679465284
120.90373128165247
127.2399067080906
127.8441257116403
121.08925036257848
121.38368505083767
123.99916619167557
121.11022920299015
121.51843754828977
129.26028670418825
121.82774468033928
124.87400631380177
126.11116224655278
123.95066839956411
121.29410840363296
121.26080069363816
120.4493275900093
123.5620729929041
120.35183015716956
122.29620877914427
123.86069799830301
128.3060829220728
125.48099608316753
122.09635650812587
123.82232496517754
126.37915023148018
121.16481767273403
126.17703419106037
122.87578526723311
120.41140403912283
119.4966089141895
123.34507250788427
128.58658295493578
130.6874860801438
121.84320314542525
121.56419538366457
120.57800234223849
124.39566030924424
123.44264719535236
127.52273363365208
123.55155579505896
131.50670854976073
125.4151824408337
118.53150365175061
124.27674985125027
126.99602015008792
123.27225598636511
123.28906259603025
120.23400171015209
116.19624585170035
121.98772737319007
115.10483539078727
115.50626270301
122.48577814144578
124.78305334918889
118.94763800135381
111.78499551647897
116.57886402693744
131.1184939013075
124.18610572447419
118.40973549770453
113.51892491328006
122.32407257477016
128.48935174512678
124.64664790576047
122.33786149931835
123.70164098309434
121.77954510653105
124.60087561191514
124.90672277232636
121.47397196505479
117.85753040045732
119.26034494567084
122.16570079922855
123.75326379666305
122.30876199615048
117.87165178250201
116.85218014017457
123.63399884837207
123.61899677494559
117.12704381442597
117.37468706530692
117.54073170262704
120.79173111250704
124.08309360811
119.60337478629448
117.97473550826966
119.10336022953052
122.27568612333715
113.32543023279509
118.57207233476304
116.547036589675
116.85327273058297
120.97023197744707
118.13940570103634
106.85165052597804
111.55279607636787
124.56083923118378
126.44911791544799
116.8232069044232
113.19068423612295
120.4124241415123
116.15972282537845
117.547265860868
120.30091770192853
120.69547479461289
119.79616326301712
114.15840550301905
119.73793290933747
123.2717942645359
113.2566584878628
114.19078125181167
119.42366612442598
116.1649025812487
121.2312255447458
123.07014050636839
118.18064147280126
121.611556754185
119.21160390873133
120.31033247058113
126.57132284417077
123.96722921510937
119.08949813366655
111.2583224867862
120.98137352256535
123.95756041393582
118.00669942636829
119.69586355543026
121.6868873967753
118.26187165851341
119.03166269931309
115.58522174842827
118.96083369041231
116.09259168722149
114.61578676750779
114.34315704247717
118.24325188257248
113.36136349188332
116.46103183427672
121.56668050848701
117.95790727191975
116.6023291542902
110.18840422915524
111.63300029212314
117.07503434412949
113.26023860867542
114.15391579194049
110.9504562397529
115.65008194886104
112.82114886820938
115.92311832039591
119.14333217649448
124.04815796037597
119.9978421185468
118.51009880048467
118.72143814202028
121.8164327765266
120.9667492622598
118.98932358594469
119.21304317824074
118.23436037794482
119.586753514247
119.12940954716963
121.23844690291989
125.14197284875556
122.64418776392708
123.68043960863915
121.52377773821314
121.60705422448564
119.22573318752107
122.73455373791077
125.38598793978153
126.44883164929107
126.44754435677154
129.90818654959295
125.27877420278033
119.94209812734054
126.89153393640645
120.08278089091007
115.65855820789933
127.31143904520076
125.44918939119009
120.63078830399127
118.36041391822796
121.90788916096191
127.83114047877909
117.85373491733593
116.47836170787664
120.98961895405078
121.32153570191134
122.19770446223325
120.69663474864164
118.29075421108995
124.00470271706067
119.65298716524416
121.30621093550792
122.0214427843381
123.7577973485662
129.21837972732055
123.0151714401213
117.97796568881702
118.2915998516544
121.47751082258776
123.33225417007448
112.251297302946
108.87393223741968
110.10465310795163
121.59567086328254
121.01138408598588
116.1926051179388
113.88004757753887
122.76159343840519
121.59384404427198
110.06462652790204
114.39149570119982
118.91506032650345
123.64307156441814
113.6685547108385
112.72846011687113
109.44925465738899
110.90697173313856
112.49824071291837
115.13087755886198
107.34187183086054
115.53673304489764
121.43178902511279
122.50249455765268
117.11396953773276
110.33757931551897
120.0747976554179
117.68003841017799
115.92518585207563
112.94067455397355
114.04093710384088
122.92005718620743
115.56672951119337
113.8244944362662
111.89162473868004
120.80637286482937
123.58348002769323
122.28637277105067
118.10166082377451
114.41814260694017
121.05632179591248
119.59796035792657
114.34980413306161
121.57815244616268
126.49803062027267
121.09982141876125
116.13180660514699
115.148661946093
126.19452961816457
127.72860157864586
128.17181231804432
120.56828977478372
116.39539257658981
117.15852781022963
119.15503116023945
130.36694667359524
118.45171793126902
116.86107903286178
119.3019071978193
120.66425642041928
119.3106496898923
121.23741053135655
113.50081956040727
113.76476489651759
117.18525071623434
117.27534436021283
113.74402412799333
117.83654858766138
121.03418845464053
115.31226985169742
109.57355453853167
115.40575046957821
122.05872128896947
122.96333399366304
118.18191839371855
109.73503793543519
120.29103852840875
119.67222796062978
121.73896799015483
117.76402426720773
123.74577961929623
116.73306559793399
111.77936577202973
116.91859451063756
119.7438835034685
119.54640570906679
117.75610146129097
117.86776906042046
112.39875050179162
117.88474787137011
117.53714774004344
118.50656539785464
120.62161599414485
111.48495987248499
118.46179545316562
123.25218984426493
110.72269993757448
107.83497415538878
114.44468649797898
120.63196708812323
116.74780891654181
117.48480843330755
119.63243465337816
119.03031628572744
115.61296887591502
119.32723800226988
119.7121792457198
115.4150792674335
113.91793518157766
118.26012310392653
114.05387354281524
116.91506282850109
119.38722734454885
112.88784666562441
119.7514171236648
117.4705930388598
116.03795692317446
117.42614928522866
120.4597008037283
119.8183626079456
114.83792669760463
112.63772320931592
115.6734093837419
114.13815791775491
110.02346271918945
117.04968094541002
115.2033341301003
113.15507264453866
117.35512142919444
114.25850495141346
114.00986857509608
113.68198098112572
114.38962355989469
115.07537758878621
115.7534291975514
113.84547931901594
112.85197131278153
117.36320599144035
113.69596833367366
114.10082811743749
113.4425028563013
115.29084430407146
111.7990525410174
109.74916998472312
115.39369177972355
114.16714589940467
113.99436136558401
111.34469934879748
111.12142269424545
111.17769102998471
109.98732409138869
110.83495560716754
107.26366324313837
110.87603247386156
115.75188936591744
111.20736229405128
108.22068000459342
115.40250100638845
116.28011965284354
110.21981178377142
110.236351436205
105.15803256372452
107.97979093149408
110.81781282300852
111.57392574332243
104.87192073504976
112.01685527246646
109.28175087010386
106.61450280394187
107.96062259246823
107.4067758578484
111.54571898021037
108.36144550431325
111.82901430293943
112.37431367125374
110.25155257559443
112.35315954073549
111.70615994204289
109.0751495945223
109.99254185740172
110.63098411550637
112.62097986609304
105.08228125689553
105.59168112763979
113.03446460489498
109.82711946725563
109.23419012518447
110.32519232832666
111.13024463402553
112.54419300339863
113.1437432859197
115.78120869399223
109.12154857918735
108.11188293329498
112.88352755588046
110.3885912129051
111.09246484580625
115.71552241199875
110.15397859309458
109.7730944286616
111.00972006891281
109.74273347681948
106.74921010914245
118.80340573602994
115.28510029514455
105.04763611236007
107.2492349935065
108.02782686373207
110.73892503695133
109.92473527596516
110.50752404845363
111.63741611628382
112.65661804391162
105.09601706164291
105.37016384178773
110.83586509777433
111.20876184549023
113.20051018332741
109.51009177382397
113.07244222587677
111.67346113169704
108.41126268194111
107.00944683534068
111.53678107293847
109.58404502565972
109.06934069419738
109.1705629031768
109.82400871004243
113.78428197232034
109.30542743540522
106.81989289659272
106.14256828426704
114.30764954986873
112.36736405660564
106.12044265775839
114.1745462765475
112.03541437614123
110.94813426904962
104.63720510797815
106.1841325501078
111.6592082988571
112.59665876047637
113.52474777228308
112.19960525326569
111.1466606866291
106.71851858945458
113.40726161969434
115.42677358609875
108.8250682080573
110.06228876815493
111.4045622418444
111.45080225944932
112.97251067274814
109.59780328582445
112.56258182977031
107.83012694715177
108.54484527765504
114.96087501368812
109.75013172427225
103.99776455519141
114.52197933404365
111.14361365887697
112.1627589103999
110.10236518413377
113.39681017430706
109.45645362169923
111.73849412671572
109.1981262112155
107.23547195465831
114.67980053459429
113.14996866472934
111.61948541306226
110.49342946234194
117.37244923982891
113.1073460953751
112.06261598643519
107.3934225331169
108.09619210302482
115.79618293619015
110.38082815484493
110.68044029120549
110.37223945595616
113.88479256938555
109.36159518644017
105.70622598075204
115.29750550950844
112.66884070948527
108.35760582071643
110.69607980022062
112.80115789903527
108.96903636926207
109.6304116074994
103.72566686346462
110.07292287658585
112.88222995595552
105.75081667928247
106.83708648837727
114.30085622138729
114.90429185091708
110.51281497402059
107.48409380407193
119.60139086039912
115.82846545286357
108.22375558057807
109.48985886999671
108.94530010186567
109.38846326946869
108.81168595723695
108.60285920374072
106.73056628064639
103.76099564337623
107.57536103672315
106.44649628110582
102.39142863308003
106.6572844444164
113.01981925099165
109.93350175080788
108.6918514124662
109.82823400083609
103.80429266184952
111.45965836088455
112.16539702660606
107.35058993567715
109.52087955618545
109.86883985752043
112.15939048298328
109.5561902631068
113.54010214932296
111.22854168759774
112.67614156432045
106.89014880357072
107.87178894791721
110.28603487440782
105.39042212485842
113.61863403725381
116.22553405967425
110.93426061347013
105.67784836606583
107.63479830458594
110.43304345273884
106.52507349961711
106.59167729475226
107.43628294030842
108.43906613315168
106.31558391136441
108.31628894787478
106.73784812420607
103.70228323921036
109.60565796337428
112.09907648276189
104.42647175083364
105.13529915219355
113.02443825408541
113.68416739127473
108.1857635506153
103.84642771811512
102.21679301228694
104.28695535460312
109.84021564332372
111.92760636331386
106.12962240803935
101.89171665169421
107.68168382269822
107.50847144095609
103.09077244861797
105.60177566737164
110.27911598421927
111.27501508755093
104.65763014034319
112.73989716893229
108.61315892627721
109.32863807325825
104.39056610486541
106.56784917594861
109.63819062226365
110.40729768646524
102.84101189928606
110.02191013294487
109.30703791560026
103.99166887437885
106.33625770274396
109.69068687789294
107.50709020096279
105.72040163709102
107.41502369358767
107.4777519250129
107.38083760595171
109.63050312277417
110.06851737817357
108.52514031764571
112.1109202553682
107.66770029886608
101.02118717854175
102.97707398280916
106.79324697288828
111.53523146462041
106.56983052591787
106.7383302074187
110.65563018230627
109.81464979490899
110.97409119177432
107.15676755617505
106.471549412518
107.50493044958033
110.28681414254812
109.61627132903985
111.50066657345273
110.92029938897682
107.24028829721671
106.54112896062983
106.44371157567676
109.80428023006684
111.23584096844043
104.2666565847105
108.0941274646038
109.82111030495136
107.49643419189171
108.44948468389872
109.4080846683657
109.3515485005618
106.56173038644664
107.59432696317518
110.4227263695401
111.93400547867651
104.48005900829772
101.74346056974431
106.8640119569349
109.03366109314948
111.74664722056814
106.40232636173448
107.73065952321961
109.18780069057065
109.76371773528244
108.05504617712164
104.6626626354002
106.36149382330919
105.92011445032496
111.0273869427116
107.40324479197348
103.23281376721508
104.522553746746
106.54809753262018
107.2000909263205
105.21045257722162
102.04811739608041
107.06522437424293
109.22292475282062
104.3895411021123
99.09693775558793
100.63235410934556
107.73413733976616
106.56294939255837
106.57909200141013
106.59475141449172
105.58662887127481
104.89474261479835
105.42235558288658
108.46421530038702
107.23317666888592
106.29310477153986
107.43464724439386
107.01506633435797
108.97410901956049
110.89407519259301
101.70409951373938
104.95154474814507
110.37555391239123
112.80196975928122
107.28952633007955
101.24604426919393
105.81773645026873
109.30323133383406
105.60909201538146
104.1191273380224
106.14920109734703
105.00035818604555
101.70055542936804
102.02641380425786
104.87156144239647
102.62099925324088
101.62694875711821
109.75538698693934
112.62291519632748
104.45026214083293
105.84849686876208
106.93986451214322
108.30752413526058
101.51587410286153
105.78556385349174
109.33561127119876
103.05857199916994
104.02727645635288
106.53298109823326
105.52545432892055
106.88844135339416
106.97030632011794
108.4575530378615
107.7580202838224
107.87648023905037
112.23145225562047
108.53753164878916
112.0278382773118
108.60193422499255
111.84109508653577
103.85863645416877
112.1892009224061
106.7425780536179
108.41502325848681
108.61470405839401
111.17514991422449
109.77243638139446
105.97584230685179
105.197604424473
102.56188282326875
108.38663220972961
106.08551001782689
104.7805337365976
107.85308731478126
108.27491284820059
107.49200206599397
104.35346481333701
110.62482365945485
106.33589035080122
107.9740153006428
106.38563262371834
105.04987081616694
109.46708482257762
108.32746892221093
106.93637043949835
103.41010961975016
106.7526655595229
103.96554714663374
108.18223825185784
105.3553077971565
107.13273999314644
104.9599658308146
108.54221166726965
108.26379401431201
109.85554149696303
104.79617451784146
103.91855731885636
111.47464499882295
106.04253902491358
100.3729735091031
107.08992253745274
111.02745001812629
107.38518659771633
107.23541424802963
107.16069660263395
108.33121027782744
105.15854223144193
102.82732288896405
106.40384733112772
107.57744840337352
103.61644094435698
109.26619752461308
106.26756560565265
100.57444131647439
102.59143576174907
107.74060919222764
102.92915977266712
98.84221787679206
100.07884096241085
108.36626197541165
106.5314986504935
102.22876020426628
100.5889467884718
100.2226474726124
109.66468189950088
104.60298614424595
104.0574092460144
104.05946119816421
108.03676816131514
104.85777058167423
104.32817707796272
103.12425687958599
106.9608425168203
108.03021234362178
106.54248633424021
102.49420837664009
105.80660209628515
107.75880241027733
103.38445800450205
102.20838849084451
106.69494605633773
108.72016597991929
101.14489401873962
105.9531992891414
109.79144438337589
108.5676960185208
103.21720442113994
102.68576246306723
108.69464315606534
105.86815935514997
104.56647611024226
100.54934735368353
101.73154185613949
103.9041645186012
105.54452197430226
102.7141744549857
104.05548076339483
104.2695762110412
106.4453267322989
103.2015259905053
105.64515586166792
103.24676802847952
105.10673890374441
107.23043738469046
97.9600139299479
101.42375010743172
104.62997242487253
98.78048065115803
101.81418834340523
102.92703354285646
103.04782753468783
101.88510444495911
103.05849857090199
104.43816973106
101.13505214001496
105.81922855045461
109.96806305223824
110.04941186417584
103.48105274600778
100.32575985962082
104.30348673718142
105.31290593493752
107.37840506455244
107.95595643384148
106.27328404142081
105.4663452537015
111.5655751570448
108.25762646129141
108.13573849250943
111.09516788141259
114.21187432012648
107.4311668780279
110.67575755928742
115.87359051513806
110.29285291207691
110.92879389594432
113.65523718271794
114.88406191131193
111.48451142225888
113.55633958656698
114.47367701342216
110.96928943926952
112.54052973997986
115.55901599558592
115.11714848699516
111.40064895116008
109.60298115693502
114.67134969120292
111.8771086348164
104.98596313919184
105.6698219450832
107.184102326945
107.13785881687741
106.29788475621964
105.16474086744219
106.14561145875196
106.98229281979347
108.69081644262968
111.68065455761636
109.38875502836541
115.28532438292211
111.69858648641748
110.23842880819457
111.52729571891729
111.75862173361844
106.03963064031315
104.32921020213905
108.94198108049399
111.58900643592042
111.20439181420137
108.19666827293102
105.82697796255539
105.67541807494763
106.67480002204127
112.48439650705731
104.97518376241378
101.89480960890518
108.98009864354827
107.84183584988833
107.82988070769555
109.51314454589327
107.9273812208531
104.94840889469211
107.85283556649445
107.80411929382885
109.04042320049402
109.04718509229713
106.56916133752486
109.128800569559
108.20787587727132
109.07437251098763
107.16241740458007
111.8140883518153
108.61779593701432
108.14833348118864
107.49001350518596
104.28662708098635
104.88429665018681
109.21118647120718
108.5528412700786
105.7595112235074
108.31715627270918
110.98172724979523
108.62047106750728
107.70582008390224
108.14482375249796
108.63629519371877
103.95074186772908
108.17209744537875
115.15527426617882
109.78725380871558
110.67188480101548
104.03061740743995
108.63571261979138
103.35253367103101
101.92223991290165
108.13668137131533
107.96190556618674
105.30851945683537
106.07474324819557
108.92570332855492
103.48116224030147
102.28767953251472
98.71463331745355
100.74020239548241
102.34527997408532
106.10721329524364
105.69739898171285
104.78450998176285
107.31404835188616
104.35413706674385
106.58022494703938
104.38666836719185
103.5295327012091
107.17247663058312
104.64280577193921
103.99673204129533
101.42024604532939
104.13526474396048
106.5788271447529
102.57992988385708
103.2580474119994
104.48863091693744
108.32713827486377
107.34807610888383
108.40688028171702
103.22929147423838
105.4511468446648
106.11346409740652
103.82680524856973
103.25787554525068
104.85093210257648
104.15366398345202
106.79783228996476
100.24794329351462
104.07733916413214
106.95691478794153
104.6699766097939
102.32791425710938
101.86468082582007
103.38816662661509
104.01286554820985
104.63229491401358
109.82923921402121
107.68931178397743
110.98000306760692
106.18573591730743
104.8360492536208
110.94278838575005
104.37419034951343
99.6459733177637
106.22702121941633
107.11725704835175
105.15251196610738
104.65374413211462
106.37880062337757
103.16929520199143
107.40690764899878
105.33408214963634
103.50161998541775
106.39848037192439
108.65545176033342
111.16176984368636
106.20518618301483
109.36341461471486
108.1030154781364
110.15963145555737
110.87347016579055
107.84824417651419
104.82909372774502
105.77192144369891
109.96768112150454
109.76184411204308
107.1092943337448
109.28139039852591
111.66616114178407
110.29319495820029
109.30114532140368
109.54608529507708
107.69689644639675
110.48801967712734
103.5118177411226
108.6872476053517
112.5575590108395
107.6668170091416
102.01359710450829
106.64075599932752
102.34748246757063
101.49080431631948
101.66284848796263
107.93989884578954
110.22591808173398
107.41906049784185
109.66659275480244
111.91101392350079
107.72226840788316
105.99915160672248
108.9834733314713
110.8782403401965
107.75925656843094
112.64072541535792
111.5147045290694
109.23009141715823
105.35039207736435
110.63807749535916
108.51242585120488
106.85067394822221
105.00905536998317
104.18906190745085
105.28201730549766
103.29433088254297
109.94503207973543
105.41066494228863
107.09666628776736
105.59182786958945
106.2699426594732
102.6178768052433
102.3126865790537
104.58452054053771
105.10551489603506
100.44531901915772
102.03812608734025
102.61401078742858
107.04614821770978
104.56888060322802
103.79297839083017
104.71554432761482
105.01073919770631
107.08969386780258
102.60119012957102
106.59582434167078
109.03280217453454
107.59116088030514
102.42822825224884
102.0336404356025
106.29632537840591
102.15652258212678
102.74197999320832
103.22436015612097
102.61648434062164
106.66192843190699
104.87556398415357
105.99174510462713
106.56155943545524
104.38333445916771
105.70646319656535
102.43430110132878
103.83838026939921
105.70515282640773
105.85383072895443
105.40801490363032
102.88572981278347
106.65326013113476
106.7949710177269
103.99539561846042
103.6071548519707
105.74379917070426
104.42970396643068
107.23593816489495
103.02959507514699
99.7586745946179
106.55322749846468
105.3443985910203
104.83722171039197
103.5463832334296
104.25111514045493
101.96153765988585
106.59104247942737
108.35584856290116
104.79311136230332
104.331437800743
105.59180391189773
104.52862969059397
104.56884166602497
111.38326028119272
105.76384120989715
102.07353620107499
109.02622414656466
102.1818126749483
102.9361862102533
109.27936639699354
109.82763090211563
105.10850924927205
106.58248332405363
107.71209545653375
101.74122601160096
98.64744003318137
104.8714105736066
105.96605851591605
109.39132854059373
102.94121947278343
101.77712876954409
105.45084635131786
102.8976973492103
106.82526271158393
108.3373125755589
106.96905779039362
107.64400544158225
114.61540161895664
113.35083837571527
111.8992288842938
105.27014289734656
112.09990893061943
107.25115310307679
106.44220380635977
108.14810870469677
106.82545839152323
112.58328487064777
110.05946720740374
111.47380952437835
108.13258056669109
106.57326904894387
109.4036681542759
109.05481999748662
112.27709928432672
109.13253040144446
108.7539221457061
112.6885770661417
110.78073680164034
105.14509161701662
108.05293185281384
100.65964119901446
100.33539691538819
105.11481626668377
103.82047994151787
105.19850305558938
108.54207818768245
102.66077417538537
101.36895834476836
107.25840304428228
102.53600709511927
106.4708967917381
106.34544273712528
107.91018188252778
104.68606583043348
106.50691423463017
105.94447040094131
106.60852187152017
104.95359734892195
105.33744171074794
105.797993622607
101.09567778850186
106.95789453357902
106.47334707923488
103.32347294978001
105.53212087978909
104.71109139948665
106.95683044880478
103.77973479811368
106.4628668690718
105.62874411076777
105.06029729724555
104.79426272471049
108.73116711267672
104.77784052159421
100.95425023421267
101.62253834925838
105.06350552177894
103.3688964364159
98.1202776370012
101.41553300306644
104.96313104431752
103.86504834293359
103.64838045542763
108.4577001940056
101.35495815475797
104.07193445604918
100.75034035912788
99.23774685327498
99.75392278142164
102.50591860692676
102.18754071271852
100.67783501370876
103.5921393568269
101.73279245029653
101.1685075659263
103.11658108489479
101.77902008765294
105.59101368051758
104.67985542199581
102.77557401113069
101.53984900798824
95.27982779130876
98.96868679765798
101.42372807844588
97.65715554688533
97.48172810630545
101.30613371479238
100.16558395972669
97.43015582713375
98.67216791668683
99.69237777067096
100.13460721190623
95.96779368775468
97.15388047123787
101.03202781872534
94.29272854498966
97.61062479480508
99.64187310524336
95.61869422759123
96.92104861752279
100.10508509550093
99.31690928694923
96.09745902111543
101.32004972844403
99.75471438095407
98.5228157569117
100.35252323827041
102.13936855858745
97.60373295636339
96.0326573690879
99.3659985884891
99.95449169663124
101.80239356048129
107.12984637939135
103.38411922180025
103.28341129532366
108.16416507915955
108.09974467996213
104.79097406261054
103.8408930736709
103.08632961997047
104.333920368383
101.16559033446916
101.47744226317458
102.09919613305289
104.01316159031462
101.63856848087437
106.51010874676656
100.9386798809882
100.00328734194296
103.64691241732707
103.57504357444505
97.9622935669506
99.79269668659987
101.88210446120105
101.05479629253168
101.80872523698461
101.52792795126521
101.44296241118457
98.55922532857502
99.27531841239878
99.1560269116101
96.25619350741614
101.4326202013169
98.79258466497129
98.79601488718068
94.17734081416548
99.28573115926363
101.3129768374786
96.27001166855483
98.38352681591233
101.70661234310806
99.76396442407753
98.95125756251554
99.95039837867552
103.073253532521
98.72116065941152
99.50470728017991
103.15648956848868
96.32922530233058
95.56989286274886
97.05302855592826
98.29870511302532
99.50881170086173
96.11119142418636
96.6484199075957
97.93294211223255
99.77792749436838
100.15774035734607
104.05373764965796
100.12589587870524
98.37389387209518
102.1645591898773
104.13636008192539
99.16834349804886
98.89835432943305
100.06574738176201
99.00342346862702
101.47118221783913
97.76795660481702
95.7423407995262
99.06143955782437
97.9200808353618
96.92804971922732
97.69218972221881
101.29389115677786
98.00204888012318
97.26285810754038
98.16899529720598
100.96117955482768
100.6768503412855
96.64657579163672
95.42868281399814
96.70859754045122
97.15674157038174
98.862945751297
101.12164222248106
101.39128318913642
96.70596008978544
97.24562984251193
100.22072356154963
103.48218281111969
100.41830454018385
101.22059554014243
96.09181591518092
96.75692908150522
97.24401514305835
100.53948052327397
96.38556740091161
97.3633196799047
97.64133882698484
98.35345213229257
95.31856774465926
97.38931413195944
97.395432866959
97.3402719836161
100.11494043867077
99.68266581002335
98.09770414748586
99.14222726837947
97.93985681934463
99.44185114761004
97.36492896692135
100.80365855176333
100.98188946850743
101.12211763189731
98.69657500275942
98.43103174257645
97.77894799842896
99.1846837850861
98.45297630798237
100.93104343421209
100.58163467906016
95.3606776197244
97.82932088866755
98.7216217258567
99.27479785906682
96.71524215150868
94.8133021766962
96.41819627174424
98.92758329326898
93.26636355797676
94.1844998728039
96.67535463709989
95.70279706804278
99.6527894651916
96.95524366688481
97.33355756591023
97.86983670997647
95.57234638601382
98.02484113247665
98.7424547176095
96.10566108462713
93.62061789167176
96.92870502330189
94.72450495831332
94.2284821357534
95.29522876315849
95.01666509349278
93.4132100054107
95.25656859267174
96.05452554258319
92.98377834764666
95.76315282732256
97.73783394780789
94.3906863251056
98.21924710617942
95.40648085502295
94.62274061105914
96.57951105172691
94.82101252271612
93.80258999917066
96.42696688690276
95.48897279722594
93.99880041412761
95.67083443291513
94.89510557695037
90.78549648928121
94.56703722534816
95.3339168435138
95.26405405502985
90.40020112166766
92.44899081929766
92.58486550582694
91.41861834680992
93.66767700107962
91.41687587305866
93.09128466224438
94.84147524551763
92.26004427776776
91.46831210375511
92.75275327168232
94.10297726963398
95.14861972943241
93.43336698275664
93.58571081453736
93.67177018359071
91.3585314260114
89.46215042923859
93.36876387323316
92.7150325703076
92.174019951531
93.44747485509929
94.73281679265997
93.10276480595627
95.69625041658546
95.5557063330149
94.75923012023796
91.12269946073569
94.60395137941676
92.31427834888316
90.58356309003277
94.02884285337393
91.43747428107257
92.31788193086192
93.54405259994411
93.451914730655
92.76866981874431
94.39266971663321
95.70142097006287
94.34921105259549
93.68569424623405
93.95513952841117
96.67644420225486
93.49960914441975
94.98751020358206
96.74692346567792
97.13650425487408
96.41445930843594
95.2481049819349
95.58231244557744
97.71054440493884
95.64220353258408
93.7989552412572
96.87898144623173
95.7114642640917
96.33997768282788
95.06372086855143
95.0802120043414
94.58880433829137
95.39120901086451
95.65277952242799
92.14756401835425
94.22181751216384
93.60963333700282
93.23727949725911
90.57678269557786
91.36736633742923
92.18061823485705
93.15019128130832
93.54573061012935
92.10801389492045
92.38985360215929
91.44782165099882
93.33193154733492
92.6285174901982
93.0625462322612
93.70901773242328
89.16890576251579
89.88562304384158
89.23412219784673
91.1459699175158
90.53484445075509
88.25724000190779
87.15618779197902
91.26595541904024
88.12006075136735
89.15403819673128
89.70324791667939
90.14270910006213
91.01173610422563
89.29572919172105
89.83099297512992
89.3407991508732
92.18765456997846
89.61946112596718
89.34332437706898
91.23947158889699
91.6172801600102
89.88862971737358
89.86715748071849
89.71216475659544
89.3711600330222
88.21508149518901
87.77375851358129
87.62884488160672
88.84889068732043
88.75450730480327
89.74462791258964
87.57516794714716
87.3762805934557
88.32269363254734
85.59338188895343
88.36169772802059
88.87498595913304
89.71580132773805
87.87416759134994
87.53186484749796
89.61660827926295
88.18085069697425
86.89329737995234
89.16420306647724
90.51003172607308
88.99887464971128
88.5576100326702
91.14904794216622
90.55073773443681
90.86706108513674
91.791051225706
89.08587788597879
90.17589460830771
90.91562356052751
90.56270857952696
91.66773876608414
89.12177523155476
90.30665192032087
91.86950913890001
90.82257442636038
92.09971565165296
90.75757860582534
91.40863675836859
91.50997940171918
89.50305868404713
92.39605270827353
90.23440202748692
92.22411046910693
92.16360174590983
90.34917047374137
90.05717740239267
91.56580909304058
92.73479547574976
91.55822673316923
90.07585019560827
91.92567765654749
92.8973420845894
88.5383728369904
89.19671631682164
90.13997117252998
88.81743525804833
89.16972268267847
89.03230033972329
88.5922330055003
89.72984997088486
89.85451365848454
92.98065828161252
90.43391692155834
91.73414159145086
92.1076048797541
92.90688946024356
90.97515572456523
88.75666063529708
87.92043424388936
91.04453449602201
88.35466820203047
89.51281400817933
90.48804287082515
89.36823823876134
90.13441768896402
89.12395477257826
90.2225194414076
89.00681900873359
88.3817520895933
88.07860322967186
89.64920090285362
89.50276906300884
88.93396516120208
90.58971503908896
90.69268061415264
90.57532504641061
90.70328092340127
88.99503807693203
91.25107331741773
89.67571869333277
88.94336144630361
88.89943188388662
90.84167219010294
89.96423282508995
87.49593535714041
88.28974690302637
88.9895996769308
87.81778795084705
88.2687130568277
88.69250713100286
86.63903258069683
87.39140916696209
89.74722448506823
88.97821151511921
85.48563005087404
87.94880464778707
90.6187418733192
88.14771116969524
86.3177037629411
90.01691602766685
87.98166796052445
88.31950998356136
88.30464088141923
88.32659526982185
89.96564805269104
88.19026567557299
87.44313420688032
85.91698434897015
86.21535727952914
86.01923342159968
86.75570050275553
85.73874735210488
87.39011321256007
88.37024202932746
89.06905713451665
89.08935227367172
90.55176629270115
88.64473516090283
90.40152956665452
91.43659485650376
91.3826702135297
91.64949623807748
90.08765772643218
90.67265822735517
90.7497820612359
90.74296663133251
90.93752386094236
89.80973852569456
90.25977495600873
88.4921459327606
91.84223077667997
91.3126883934937
88.59363217448136
88.60380494272592
92.84239247057907
91.01878633169007
87.93949901004108
89.4680956068274
88.2261579420665
87.31161206784869
88.92904052790036
88.80334882609677
88.5798962849181
86.2153170057445
88.54479981188689
91.5534011315833
88.73039898628627
88.5367283786888
87.4619423316923
90.833189701092
89.79377845432886
87.105034350378
87.50877073642754
88.38551679540946
88.42902250258624
85.15773960829723
86.82152331159989
86.97881249513979
86.91067720405012
86.45216248888613
87.45051177402574
86.88262512037552
87.82743245172702
85.2723914606389
87.85489651291591
86.2761989437553
88.00559406635978
87.38979146849302
87.45772024289661
88.78979293424973
85.5094515904404
86.9578320079658
88.24695884154124
87.95516636080455
89.7649901017458
89.27416176578502
87.1983349486204
87.60144139501352
86.91982436363344
87.57960037151592
87.99636301138011
87.74153138354566
88.02129389435058
85.80983758546407
87.35297242401847
86.98684943269691
87.6363378529736
86.93996893061407
89.99615521688324
87.84791599053831
87.37318889407943
89.29917389600021
87.73313062320787
89.33586903847909
90.79075876354504
87.71066368860276
86.88201713079641
89.47491909109407
95.024540374377
95.68994418256987
93.43177520184975
91.0278572169136
89.19954088969592
88.87740738170898
91.13371764361541
89.4015389870857
86.3951246104859
91.15348608006019
88.06055318816074
86.37628939840684
88.71184235079483
89.92285936612511
89.18582478841451
89.44902301638936
90.07147599900001
90.06544407561125
90.52571124123597
90.72826145003437
90.63702720942794
91.04709054990988
89.65318049484736
90.16140518467508
88.98719113487051
90.94053810591944
90.47657636403572
89.30684322390684
89.37928726013888
89.18967901998563
89.12154494751373
88.21004140711284
88.08761815084948
88.16982454157733
89.70285450368193
88.92757311660357
89.5908100591487
89.54197772132123
89.68017527288666
88.83942876167723
90.95044314047293
91.14129042556827
89.22520427935896
89.65554674794487
88.93353290284129
89.54656123761757
93.08494063587514
90.32569800115401
88.55630072120752
92.06614188322023
93.43547836469357
90.37898385091759
89.72972740182885
91.25440387583654
87.27237968217031
87.00538454966212
88.57498740421838
91.1451733417809
87.8503308324641
85.93041621484214
89.074911489706
89.01738559065903
87.27597146077646
87.3222174758991
90.85042760285825
88.30030923919485
87.6913878772709
88.75657858269274
88.69822756177874
86.13288429459044
85.6869006951569
90.45477592993782
87.90805600715397
89.84179088564743
88.97149567443705
86.498469386076
86.82365393386368
86.88971728560176
87.33049323678469
85.99649741471677
86.22667260057331
87.55162263132355
86.62120526093338
86.04376819030269
87.25358305391629
85.20519459467322
86.13689331409063
86.39299842492818
86.93485758696974
87.16497545228798
85.73620454831443
86.30432774362176
86.90508203751368
86.84591074558756
85.85115758655262
87.43105851563932
87.6827460539138
86.2172884944989
87.44111103918094
86.9805551713167
86.2645740611135
86.42026631811034
87.15541212642202
85.18734937357138
85.866246146353
86.25494608925739
87.69742273069696
86.92894617819378
86.97258624607962
86.4573909961585
86.21702632685992
86.24174295259563
87.79572879239453
89.78770029326596
84.37892965497205
85.11746468469568
88.5440837295887
87.62282806770673
85.0923962142279
87.07730231265157
85.72953449455898
86.71291935524243
86.44320987663626
86.31423221692096
86.9185313747476
86.49118788900905
83.50172593256595
85.19332778843255
86.17082328352237
85.2023625918069
85.62465140404747
87.77113481718274
86.74359820948051
87.33452908324067
84.514907135092
86.68249667748135
88.35009794946423
83.04113395157576
86.00754538142486
85.25720679046125
84.83226363680355
84.43884270946633
84.7671234896232
86.18706068156791
83.39253168089202
84.48850384822039
85.72894435950802
84.50699331274646
83.45021620346844
84.37129986202359
85.06950856888078
84.67521363558267
85.32814116967627
85.69027822405126
86.49264964916492
86.75855384077559
86.30220323173762
85.96465971888509
88.0530993538833
85.1360561238154
86.27946444806554
84.82391020942624
86.3257937061558
84.08486194402843
83.80355329601076
84.98238895431743
84.94330430455847
84.37858853218408
83.42431369304806
85.796503273267
87.47248081583183
88.2265761363162
85.02233579367996
85.07897983855577
83.2952336337299
84.76292293756931
84.1066845152457
84.23906169191683
84.48290499823217
83.91629229020029
84.1562882088333
84.54912028462657
84.20165593388231
84.43775481291685
84.61727305902207
85.0080555808956
84.5896375870605
84.02364935259557
86.11772278329994
85.22418343833448
85.40629600379762
85.72574791280609
85.76491063927831
85.52457941012479
87.08356824079539
84.9697553679029
83.7827910099621
86.13518790339573
84.7280074651847
83.64622101079574
83.90499889630688
84.8871139102747
84.68839190031511
85.19965402200181
82.73090487063955
86.3053236381999
84.0232878249509
84.65846387240528
84.75651233562226
84.62761483281321
85.40912586269332
84.66476513980541
84.26617284309914
85.68998070677716
83.98437229027775
83.6962528511718
85.35421412736902
83.79368100949269
84.655950624869
84.26714276729145
84.40584650263361
83.38647096406963
83.79252592576353
83.87309467940227
85.15459192030059
83.8986978198755
84.51447249349889
85.01797191235933
85.02763262794629
85.85551100860901
85.01854583072371
84.92400297880546
83.47754549116534
84.16799243357407
83.64734399957685
82.70640194431417
83.27153316263002
82.65459249367501
83.03494043283644
83.86737050875159
82.5422651448958
83.41216323149055
82.81549930042452
82.81571501889019
82.79076652850708
83.39840226644199
83.39125095449363
81.70408966113618
82.90639271521799
82.38095770997766
82.94495686191347
83.49220796848302
83.00827310593621
83.58567639423909
83.88223446385331
83.70348154379549
82.91073957803928
83.0068198043805
83.77471561480219
83.18363102565846
83.3183614331131
83.74434354817726
84.46789186565768
83.07182030044878
83.75496995561949
83.46829351452739
83.77555403532811
82.36662287711806
82.78330283119514
81.99706094433083
81.62079770189415
82.20214846943065
82.40397255167883
81.95230148995101
81.34994763522793
81.6959595093774
82.23165423082068
81.6743799906014
81.30178142652655
82.76421459571098
83.08682352334428
83.14102453901705
81.6610076088496
81.88346948599303
81.77797791847134
82.03393582350651
81.96873149313308
81.78042299231069
82.27922698554576
82.01476663686182
81.66968582446732
82.28147990072506
82.8567166066827
82.42131182737252
82.31943220559403
82.72299925469311
81.40369847520623
82.32624786484692
82.77772250947906
81.92679470727349
81.86920411838646
81.62615826340027
81.74577147864152
82.02727853721407
81.59181304344034
82.52568755188081
81.71130934233047
82.36551562511255
82.54351266547116
83.02074489362262
83.07346690946868
83.3986585159222
83.49028212219454
83.502172361748
83.8100548650921
83.05847190190921
83.53401468221898
83.3796465166609
81.96131988369287
81.74989298616777
82.30004352405878
81.39039960935294
81.76116540978416
81.68118509948228
82.15072483193036
81.10629654115594
81.79438818196839
82.48344224070912
81.80970549752347
81.56361107454698
81.62210333147601
81.50947884811563
81.58934973245631
81.4672208579775
81.66128807823961
80.99352042588144
81.35059475317057
81.27594714155967
81.43479644597635
81.23874480076017
81.08387611096424
81.36183491013337
81.80783096997304
81.75395326369738
81.48132504010438
82.06102556793947
81.44730530073483
81.22944099385926
81.8246223502154
82.32006485579711
81.21909852308517
81.09336092549098
82.40394967866169
82.40695912314736
81.26475109205467
81.30242485920903
82.21931056918947
81.59311822964412
81.04884435842493
82.55312765083781
81.52754228933674
81.05523004607366
81.9866237270748
81.74919927524539
80.81388788217274
81.34798735534635
82.11465516182659
81.71814978862389
81.09302312872427
81.12258979220584
81.20463559371683
81.07917169524346
80.69565027364243
81.0735915487287
81.05181105657687
80.91366563016967
80.9730246285459
81.25719891839863
80.92463803195207
80.87810371368407
81.13410331686154
81.36958692963599
80.90267804753995
81.41077133266253
80.71383086172155
81.25858413724323
81.07681042754574
80.77819966869305
80.88167522503147
81.41546696815725
80.98299815372042
80.8026599770771
81.09852133389258
81.27837526475561
81.35382620359566
80.99186737880811
80.93429488411785
81.11169330960357
81.04634136020691
80.77787659295467
80.94770662769187
80.94017585864154
80.95222143297538
80.7899022634849
80.8029302777532
81.14374487793148
81.03664538953494
81.20454855925249
80.95870124379006
80.66241977822158
81.11067910314489
81.67859931878267
80.83253720338527
80.88063828203039
81.52326918691114
81.27044364882654
80.97191147062347
80.74159771257965
82.069607965726
80.81524791685587
80.84452317856612
81.24090441010637
80.81960471455437
80.93075988341408
80.98268182396488
81.09243490913822
80.82091610515323
80.91254402823742
81.49229699580597
81.57850845960388
80.79597545638235
80.84852261632895
80.94082455412304
81.10852619695352
80.67582229920879
80.65755942488606
81.10888425255314
80.82320532789444
80.78874913897752
80.69549477842834
80.9090433623627
80.74863718661733
80.68530472466315
80.9529563782405
80.78270874240252
80.7738274725881
80.82613722212031
80.74214319588296
80.7621460670973
80.75512539126368
80.97778761543745
80.51524626524447
80.70904631258514
81.15156602281479
81.22201002021173
81.86254053219264
82.47046097415974
82.46466360919838
82.40255008157608
80.85241815495837
81.40713969942516
81.35272467204341
81.70888604097287
81.47743961908918
81.18840066241737
80.93596540754663
81.98810662754897
81.2574682053251
80.59066490747276
80.98448820482835
80.8013719252299
80.80215790016585
80.79380874286583
80.70665202737005
80.88869486321643
80.69443521391982
80.96940189538815
80.82568442784977
80.88884803626513
81.04280224915654
80.90849914718045
81.48076285475881
81.20654475801207
81.03172112847987
80.81930676882119
80.94118709107369
81.10535046836378
80.77437314888199
80.86485376689281
80.64811840246601
80.77237308721719
80.72690249766916
80.70553470755488
80.99295431991666
81.39377051206431
80.5095384059511
81.16612836961458
81.27261846641615
81.08744667209518
81.01679024114782
80.63099942979557
80.65185605690553
80.60678382791248
80.62891570741841
80.59468264538148
80.49849767990794
80.59817953429472
80.59491561527003
80.44940391340496
80.52447675177142
80.65942457562734
80.63148396771449
80.65019084904571
80.54435112088203
80.62262296258479
80.62656362350498
80.5791627401177
80.6808414948941
80.50858781676678
80.62836491856135
80.47484026689595
80.59510014301927
80.47025405218717
80.57323949739451
80.52584292430734
80.59316173627853
80.49598845145556
80.4981925785674
80.47654235695597
80.50214642103815
80.50285253415923
80.48723360632975
80.4134920624142
80.54309284856811
80.49507883349179
80.42590851540096
80.41445415360387
80.45615098417636
80.52869523310851
80.37950244347034
80.4356369325951
80.73224614464321
80.55501256444396
80.42451192572832
80.55769080531577
80.74296989007084
80.49051749166196
80.42053889005768
80.59492899762466
80.49963749571957
80.60822639885971
80.52672320567699
80.4236819714159
80.49473592521858
80.66755570421114
80.58440761333897
80.48261705737026
80.61382936807316
80.58245641571874
80.69085093223515
80.5426438593882
80.54374339928465
80.45863962828096
80.52397211657326
80.4258785503786
80.48916516815996
80.53234555103622
80.44782929626034
80.44968050501427
80.47702100557564
80.44259524718072
80.47239971250032
80.49853103736058
80.41263669837738
80.53230204569307
80.41081379423902
80.49070629416536
80.39147695338428
80.39031422101917
80.3542356002786
80.42691636122707
80.35759531609158
80.42973631489791
80.43847937679627
80.46206749062978
80.38314191327378
80.4067271873972
80.38884922446782
80.39168731458697
80.34591206978035
80.29494718867056
80.3374896689983
80.31424795619655
80.34668857364309
80.32200065686474
80.34945157735473
80.37860492427136
80.34155091680545
80.36865948106447
80.3340512778322
80.3552376956237
80.36723928099116
80.30371354987078
80.3428936657617
80.31826760513466
80.31491364233872
80.33050718712178
80.27578824609114
80.3096019076419
80.30154026969569
80.28908488210877
80.28107551977388
80.31490118687198
80.2961513737816
80.28984074382953
80.27626464253379
80.29810433397898
80.28980444912682
80.28822645996149
80.28054174982822
80.3102035061548
80.33112614903293
80.32956255151201
80.3760165285532
80.41377394424173
80.36129474216565
80.39485203011397
80.29898365869845
80.3468166068008
80.32543541124554
80.32657988253017
80.29010262480332
80.33668544603229
80.26461782834669
80.3195885832136
80.32800398975377
80.3291977118464
80.33595816600538
80.38701288679208
80.39393995526548
80.27218680590333
80.33862189685975
80.43653370406935
80.54760185767832
80.2884637612561
80.429159988222
80.3167230824506
80.34176852937304
80.4009100422577
80.36289284595495
80.28720528252727
80.37870351607951
80.29685438940233
80.34999818223586
80.2707691511293
80.31023612363191
80.32363035415197
80.32058461920442
80.31919801203668
80.30076172470963
80.29816329787565
80.28253270479449
80.2979504465419
80.31394825358745
80.27337200821052
80.29213281153102
80.27560787618168
80.27954781931194
80.26144196263972
80.24757327692534
80.27616582597315
80.27142389262835
80.24834252273963
80.28153144735931
80.27736802839958
80.24996266119048
80.25599498995693
80.29828798103601
80.29658900158171
80.25347328331924
80.26299758340464
80.30443920984244
80.29415838087506
80.26588893897248
80.27151716330283
80.25612103660941
80.29580044864046
80.29009487360979
80.28377037297057
80.28009348590253
80.27338211206171
80.30684032229804
80.29404259841033
80.25964536843173
80.27224460053088
80.2639057676947
80.27388830122831
80.25874969793358
80.26072702884622
80.28340675366192
80.25712033597651
80.27078004192543
80.275178164215
80.29710398909242
80.28609410745992
80.33169893943492
80.29266596865462
80.32202300897148
80.29988579249623
80.33622677584418
80.30419034533695
80.32689247629237
80.3114559420438
80.313792564844
80.28501274903488
80.29267907970917
80.28898407378566
80.26361509640313
80.2600237111739
80.27074898982247
80.2751287542571
80.2519186534202
80.27703543750455
80.27129993847588
80.27162634148232
80.27289931763363
80.26554822214761
80.28892521451371
80.26237733130743
80.26525207848334
80.29046899233055
80.26159306502718
80.25795057730916
80.30305608039808
80.29907704802535
80.28219660975809
80.27891859964149
80.2688608920395
80.2599416655474
80.25166596475887
80.26252886082945
80.25574031315917
80.25140560476632
80.29775018885604
80.26213044810959
80.2598466735083
80.27229381045599
80.25775617363301
80.24176625241776
80.29374828831696
80.25649839985121
80.26723534436198
80.27295291573044
80.28077346236267
80.24395518846796
80.25638832520906
80.26472401864177
80.27684468072208
80.26233454927758
80.28053494120095
80.2946845066485
80.277932508822
80.26121510706193
80.26782380065094
80.2542851433883
80.2560229414055
80.24708642142808
80.25445203514977
80.25028378811538
80.2612524074811
80.28088792078533
80.26174755424562
80.25794872307647
80.26735741657902
80.28147155372828
80.28325113888349
80.26838243543095
80.26373381684802
80.26057572695707
80.28036354475405
80.26738590546793
80.2739432442946
80.2763205465598
80.26614662341085
80.25450641746743
80.26666484373905
80.265863544934
80.26193631802781
80.26774846234322
80.25341358643921
80.26168907266174
80.25528191710572
80.25641651601242
80.26019616615767
80.24688059681661
80.2545474954775
80.25298339536046
81.65734908957096
84.20232951528631
89.0576960529958
86.40552925870915
84.60009442071703
86.80618165265642
89.726792009449
85.85779676821045
86.8164409463172
86.35736786760468
87.05387853252176
87.58066127930408
87.54329635361262
85.99318260783228
82.64942867072757
84.64703563553181
84.40917519754676
84.21003133346514
84.14838186334117
84.18761085237448
83.95593492329755
82.42006787424896
84.55288414635095
86.10639427972755
87.81907421565386
87.88918851745042
86.5912697522011
85.85568898178266
86.40403153383403
89.82946820538531
87.0286301518574
86.6225618251544
84.21925781733263
84.88086219365505
87.51226406255111
86.74662000806973
84.22270915485798
85.23224435439585
83.76680037775024
83.92111284751596
85.09719638712106
84.62032493768044
82.95604024590403
81.2094147653964
84.05269761599608
89.6290561725938
87.58276915476537
87.56737282400178
90.16426157780403
88.62515156209206
87.51921015223834
86.50628371646711
87.50441621156553
87.96430208856901
86.94782633075077
84.59807781363133
84.99398984786832
86.7890515150166
84.34530783422179
84.04533164327432
85.33375899972049
85.63131409262671
84.57361902508981
86.15285014430218
84.74184738144763
83.53822455541658
84.01669810484822
86.2773439461357
82.9419527911317
84.20657638110501
85.66579904754417
81.50507112909776
81.46816422882074
83.75576962228516
83.54894709002761
81.61213622744205
82.52244040853566
81.85302822683786
81.36338865712584
81.93564825626741
81.65670380006098
81.350254319556
81.23024366120832
81.35354035412196
81.85126963445602
81.71450164077785
81.56782833225913
80.89918247540977
81.37716347616279
81.196741764123
80.77993867192968
81.0140028671931
80.76021444667165
80.83032072507504
80.70661510077072
80.59217172397882
80.61515936695379
80.52499513942462
80.53388891230986
80.46502514533415
80.51428325625531
80.50355067566554
80.43448701466349
80.439447923736
80.37629721200214
80.44878921434213
80.36948340116552
80.38666860330206
80.42162773542228
80.40193073109455
80.35467071152527
80.38915380711245
80.34446677160439
80.3565117375345
80.43074887098983
80.37087579491691
80.35151697215169
80.39180038156805
80.32620951779843
80.34459894720536
80.33851144541597
80.3257253575771
80.32562385668133
80.3541862556254
80.33373385995046
80.32160747138053
80.33301613681178
80.33354279220954
80.31697599268206
80.30863859597049
80.31006444798317
80.32882543143825
80.30989594559192
80.34482536445104
80.33636151927377
80.29771203179824
80.2903416129295
80.30587147596627
80.3200028313044
80.30002639095757
80.2928001281583
80.298735210393
80.35139929203632
80.28315424091517
80.31300645901413
80.32351734641034
80.29461117757923
80.31080769447206
80.33737082993781
80.3241965626347
80.31721043022512
80.32887675932312
80.29434554925625
80.28883421428866
80.30910674345301
80.30808706773082
80.28925494423012
80.30020521160361
80.28433870879087
80.28573689174162
80.29390649302788
80.27696681526298
80.28452382131583
80.28887346619878
80.28497588740059
80.28788166769543
80.28608719115132
80.30490603565426
80.29923103039623
80.28199988535687
80.28202072065085
80.30586217602608
80.28435072021432
80.28842505814879
80.29500007393437
80.28937394663747
80.28311106158506
80.30696170141509
80.28351015287907
80.28907259211174
80.28600882284908
80.29424214768441
80.30499623276313
80.27535781725166
80.27222098890486
80.28195192317325
80.2756355816374
80.26705604205786
80.27638387926822
80.26610993858048
80.27597851100671
80.28894857033744
80.27225227333655
80.26506588199472
80.2824579194384
80.27284725729278
80.26749233845827
80.27466130986178
80.27263340731646
80.26472921960828
80.28370904769302
80.28105674833601
80.26731819054561
80.28374025538346
80.2762898855601
80.2760403626429
80.27877553608006
80.28181225895932
80.27373235112232
80.26841938429378
80.26838487704116
80.27868089495502
80.28947175138529
80.27017906673376
80.29338542783746
80.27392234929637
80.27644220076652
80.27936846188565
80.28393510444694
80.26555018171821
80.28963916657688
80.29154920513777
80.28940102693058
80.2995429517109
80.29978199934627
80.28356230861395
80.28168399728634
80.29500381915847
80.31102007368331
80.2817374655807
80.31405427295633
80.34427315724804
80.3298484633115
80.31590414720725
80.29273992209929
80.28614455603469
80.28948278939247
80.2742900635879
80.28829814392735
80.27332425704151
80.29208525297813
80.28894623720959
80.28213239810191
80.27781569818092
80.27730252352785
80.26567813338515
80.26980748335674
80.27498876439417
80.26455265421535
80.27996499452233
80.27352006225775
80.27015575256036
80.28022144141084
80.2701959651632
80.27561992345663
80.29065061638067
80.27738037874505
80.26455306258413
80.27532422815798
80.2751450212141
80.26876453134844
80.27040639297202
80.27769688542293
80.26679321260185
80.26235741385523
80.27664891037003
80.27495504885185
80.27491638143916
80.28842991531754
80.26554990083838
80.27023641713436
80.27761740134798
80.26920735414483
80.2770906941335
80.28776054576248
80.29238384786724
80.28650829481467
80.31137637286879
80.27727546267977
80.30464385615214
80.28199096790792
80.28425166693843
80.28379028536101
80.27947381790337
80.29380941748744
80.29205496895979
80.26742685583123
80.27327943267905
80.27646831202574
80.28364665233048
80.28877833090777
80.27639916938676
80.27413365992481
80.26248643023906
80.26358841689733
80.2712708554119
80.27212223832073
80.27108302000286
80.27606294861735
80.27804004222251
80.29519195556428
80.28217661165665
80.27056167538404
80.28125662025198
80.26405665606912
80.26416777527085
80.2699978782249
80.28074140578563
80.26244957315521
80.27851004721902
80.28280949500508
80.28565494785674
80.27048868942306
80.29048345059782
80.27665456486983
80.26914431639234
80.28731187570375
80.29407648387976
80.26339840352043
80.28476191504181
80.25871808137846
80.26058040745929
80.25797315787447
80.27140665888595
80.26640838126077
80.26658549557584
80.25804399124736
80.26474663953579
80.27410955001196
80.27182409841454
80.27069061999495
80.27635065894793
80.2805130239013
80.27737766444606
80.28224824426071
80.30054085549915
80.31125565051079
80.29485627656632
80.30224440338213
80.29959542102249
80.29363400908083
80.28228252933825
80.28999818169308
80.28867576567382
80.2664300509382
80.28186578952531
80.27113570401947
80.27512447548658
80.26196119340723
80.27186043140749
80.27578574220821
80.26845374649385
80.2569383939013
80.28160876604201
80.26524430879252
80.26745202134624
80.26892077053448
80.27084372287275
80.26865423501235
80.26680760017307
80.26043142804248
80.26143229970364
80.26355743169347
80.26655858287927
80.25785561897334
80.26338056836661
80.26229977339561
80.2597512509507
80.26191044075013
80.2610829155191
80.26039604163704
80.26181271424957
80.26112104574791
80.25971806903452
80.26196834093619
80.25887344071016
80.26816202536774
80.26195406165748
80.26129708351176
80.26200577249011
80.26006853854537
80.27120408567424
80.26124040027905
80.26247805315171
80.26566482048246
80.26248383074277
80.26178877015097
80.28058210989819
80.2666532126386
80.27536786354966
80.27535316695875
80.27123162023511
80.28069054467545
80.26469255409218
80.27905307079462
80.2671189590658
80.2754859655765
80.27704378169852
80.27510328608086
80.28317355476382
80.26256794189932
80.28011104576744
80.27539244662019
80.28306611591796
80.26936736765059
80.28346166801055
80.27300742880134
80.2894595246817
80.2553749672747
80.27451706584986
80.2674162761556
80.275117296218
80.26784671501392
80.28508612314185
80.26733011675762
80.25992756827364
80.27741031968807
80.25740429303892
80.27596354555439
80.26671918129881
80.26253617617407
80.27746793510258
80.26887817532705
80.2765366795672
80.26697279886913
80.2721874844011
80.26069293969609
80.26076573976789
80.26280548409426
80.26064983463
80.25862971455213
80.26711662162832
80.2609591081122
80.25497765685023
80.26505428075058
80.26212388287313
80.25697850774871
80.26125128502566
80.25598254730225
80.25721680564138
80.26085128259945
80.26149546545498
80.26079494893645
80.25804871915471
80.2653329610589
80.25871698705059
80.25271582339212
80.25638776747867
80.25475422766807
80.26018362699472
80.26047813402558
80.25105692594887
80.2520803900827
80.25326016932785
80.25782089815203
80.25374208239076
80.24999116822215
80.25262029482805
80.25162595535883
80.2514689602406
80.25298819986628
80.25392083027819
80.25522232403108
80.25229991387978
80.25348008198212
80.25421717271253
80.25760367743194
80.25373027480317
80.25398747809051
80.2523945849749
80.25273988917107
80.25104836625638
80.2533575192943
80.2551056075773
80.25541711489014
80.25339028932939
80.25823173149453
80.2522980890916
80.25510471452732
80.26672894427482
80.25423332876548
80.25300492076279
80.25256228818708
80.25843491192065
80.2550624048777
80.25421575201219
80.26175791843971
80.25382746008007
80.27560424131285
80.25643941635292
80.25910810776264
80.28774957330063
80.26186081869723
80.25319788214196
80.26859195808493
80.26029786207557
80.26077781294764
80.26878183292395
80.25341486853392
80.25723073189525
80.25184384288129
80.26099781402917
80.2508053134092
80.25765783192583
80.25677002773847
80.25179242999278
80.25108944932613
80.25230851687138
80.25903287073115
80.25623605367512
80.2532472933135
80.2608220769872
80.25613502297378
80.25444778451651
80.26956188493027
80.26529518496804
80.25880283605835
80.25117847637341
80.25674705305974
80.25091858352631
80.26218428454281
80.25259452198135
80.25094304532576
80.25917038129968
80.25189415234476
80.25015608572575
80.2638900476418
80.25748250032865
80.25060175204601
80.25150323323778
80.25597284118822
80.2517980645317
80.24960890259466
80.25316712376927
80.25754919469632
80.25010462494718
80.25408731250444
80.25021973074563
80.25020787551053
80.24969094970498
80.25179020098359
80.25012038335481
80.25125750909007
80.25390171573665
80.25053516715217
80.25902797992788
80.25060808729158
80.25416439795522
80.25468986535034
80.2505598906319
80.25473499157769
80.25531785123812
80.25078540362294
80.25490241730195
80.25420990685821
80.25215321947685
80.2518411768739
80.25019464107412
80.25018572532989
80.25232894838408
80.25549962355095
80.24954239261075
80.25870847265719
80.2495000126344
80.25197096103477
80.2504088675898
80.2496358449686
80.24984596165487
80.25334077624834
80.25769100016646
80.25083397946375
80.26296512483152
80.26817790972997
80.25006238632704
80.25244581118173
80.25202448956766
80.260407889461
80.25518364900323
80.25357789701683
80.2520466497949
80.24913894541743
80.25483720624997
80.25572655774789
80.25215658149219
80.25411604180745
80.2540870140542
80.2497254792534
80.25164839401344
80.2516620236952
80.2526569453795
80.25414697830325
80.2531611292394
80.25382448872907
80.2518018715296
80.24992562310209
80.25197786205797
80.25044376537053
80.25115928969444
80.24957756410667
80.25080793115266
80.25350569866956
80.25095930583576
80.25029644013557
80.25411980626535
80.25019649177024
80.2542791312525
80.25090633000072
80.25057848740342
80.2563864864586
80.25165229085222
80.25697643959042
80.25284058466801
80.25089919490246
80.25052414874303
80.24933914502478
80.2523963150074
80.24914079947817
80.24920819936615
80.2492103620627
80.25077908628703
80.25026534144544
80.24990998140672
80.25032678169077
80.25330596777641
80.24908810524917
80.2491040784017
80.25491483146784
80.25329190964835
80.24939316237229
80.25587093238903
80.24989746476163
80.25022295844079
80.25135052200912
80.25122233817987
80.2500402996519
80.25230787837442
80.2520532486749
80.24895183051157
80.25541274276449
80.25064376131785
80.24971450383526
80.26902425518412
80.24936708377508
80.25086919074
80.27261174364477
80.26283357302204
80.2520867058755
80.25609046633085
80.2552764555778
80.25036882215579
80.25042564479216
80.25614129491076
80.25631864237921
80.25236561365853
80.25536835715981
80.25439394247225
80.25721991520064
80.26120974249088
80.25298639984881
80.26155171745623
80.27213719864359
80.25009009098437
80.26000909938783
80.25973907728856
80.26451411535308
80.25772407704217
80.24868662312821
80.25953442006492
80.25198519793696
80.25181471765919
80.2538512208324
80.25030125589572
80.24940487913976
80.25183307842752
80.25273871223693
80.25046875418646
80.24968191452476
80.25768730394188
80.25070172912814
80.25029604314612
80.25649232537147
80.25223712122312
80.24871866330363
80.249079043485
80.24934689131709
80.24903887116935
80.25181764368197
80.25088292619449
80.25068383346216
80.2490828388301
80.25190647033784
80.25180203702226
80.2524919481391
80.24897046284823
80.25347575676251
80.25363543552079
80.25036013825536
80.25322319754011
80.25089885159332
80.25571598725409
80.25612863047313
80.25457897314965
80.25463567064735
80.25201979143385
80.25017879446277
80.24947853564551
80.24982768486976
80.25058543860285
80.24981715029509
80.24868536988171
80.25171567874553
80.24890980511277
80.24908732037883
80.25004756899546
80.24866134424093
80.2489842339962
80.25132834758169
80.24903124352976
80.24896106762775
80.25073351854388
80.24886399917025
80.24903662014322
80.2487459881573
80.25043869854119
80.25018601341772
80.24921357393872
80.25206765598746
80.25024508840379
80.24940835219996
80.24926146807219
80.24837431456355
80.24912756351802
80.24908906965251
80.25112776425634
80.2495023109767
80.24925957130665
80.25585890042932
80.25031699008633
80.25010857223046
80.24971548231352
80.25608741448097
80.25158250142245
80.25064285092863
80.24934762213738
80.25113834835003
80.25298213756997
80.25047440903616
80.25067571969629
80.25816574829607
80.25144136419755
80.25307750394632
80.24887593483791
80.25406831756071
80.24967942037196
80.2506992011035
80.25314846184112
80.24861728843256
80.25085517684188
80.25261303502371
80.24991915956637
80.24867089834082
80.25297369949627
80.24882611405089
80.24922492921392
80.25027184726919
80.24854526664237
80.2493973714775
80.24870142134044
80.2497078281631
80.25320790114928
80.250116083183
80.2496604421613
80.25018587678342
80.25032046775172
80.24880474469158
80.24922068060826
80.25016918639753
80.24896230646735
80.2503774798185
80.25081844899691
80.2502032431945
80.25087965999165
80.25101047191026
80.25399353824707
80.24961071699703
80.25137448962124
80.25052853551037
80.25019645103441
80.25581375108513
80.25074166024255
80.25210258117926
80.25398193007022
80.24931152075425
80.24941934375951
80.25061984321651
80.24970839642396
80.25070004015964
80.25133551785424
80.25064025861539
80.25510285421322
80.25605912521189
80.24898913892908
80.24941826926242
80.25536989259089
80.25076322893204
80.25198386460984
80.25280969499818
80.25697511291385
80.25235294582737
80.2732907561002
80.25276642676248
80.2559459466544
80.32047782152495
80.2547849551397
80.25194413496612
80.27754602454145
80.25151721591021
80.26250975876816
80.26727922895077
80.25016706730176
80.2533061930698
80.2504060958069
80.24982170955113
80.24888411874073
80.2526486890616
80.25044272633917
80.25830949821699
80.24897258285819
80.24906844467631
80.25108092894378
80.2488423209203
80.24926138237737
80.25021756782643
80.2495206787744
80.24903567857895
80.25355486430189
80.25189995000399
80.24966685533806
80.25050657009204
80.25024609849181
80.25218898644572
80.25241598594135
80.25083447991997
80.2523499631772
80.251940853935
80.25045067486727
80.25031194550235
80.25080857373666
80.25050577555253
80.25047920462578
80.25097285745638
80.24991847667374
80.24991956035586
80.24994231728677
80.25011038588316
80.24959521620674
80.2506349074211
80.25114741814876
80.25030480460407
80.24938782439587
80.25106794494249
80.25051462849687
80.24956815407783
80.24982419219651
80.24979808676942
80.25064579471324
80.2499991150705
80.25070233763466
80.24996523673568
80.24901953156699
80.24942843461015
80.2488301654893
80.24888639990426
80.24862421288289
80.24973434701046
80.24939311360308
80.24827566263471
80.24843309118766
80.24890329329337
80.24844642540538
80.24822347757026
80.24825478245795
80.24816167830028
80.24827237551595
80.24827929711451
80.24817382426212
80.24809728101634
80.2481666197897
80.24809929823753
80.24810020494556
80.24814987976252
80.2483412788218
80.24841195858401
80.24825219499165
80.24825604302357
80.24942225481956
80.24805352346193
80.24803867536711
80.24874104202051
80.24803164613509
80.2480868571122
80.24877813631514
80.24811414268532
80.24817214898749
80.24814784003844
80.24841470399684
80.24806638925442
80.24815563216929
80.24806917121265
80.24800145398095
80.24846784627894
80.24828437006266
80.24798857914124
80.24815987931609
80.24837828954473
80.24816763438713
80.2480551585985
80.24849494108568
80.24815662656134
80.24848703376053
80.24850851548482
80.24837701516795
80.2480446238904
80.24892096781073
80.24813400375082
80.24800941141064
80.2484931742152
80.248075734318
80.24817421673814
80.24833880718343
80.24815728928104
80.24819310115736
80.24818083944083
80.2479261469243
80.24793075538481
80.24792288149136
80.24802282235028
80.24795295753485
80.24794801296488
80.24807244026364
80.24803918637595
80.2479503030659
80.24794732186623
80.24794218647756
80.24804129942339
80.24804746332231
80.24791888073501
80.24789956710934
80.24795245081556
80.2479820916219
80.24792898378658
80.24793784915168
80.24801712732585
80.2479418901022
80.24796549477655
80.24801584297295
80.24807320925703
80.2480089905144
80.24803711684862
80.2480845717635
80.24794144486788
80.24804406015888
80.24821015009803
80.24832634295004
80.2480873957512
80.24816546928159
80.24803515446135
80.24805943121694
80.24811520133962
80.2480180749182
80.24801211730059
80.2481488798604
80.24808473595455
80.24822879256058
80.24821282846929
80.24807363669345
80.247993877135
80.24805859657276
80.24807518920464
80.24817075888156
80.2482969914408
80.24812903489061
80.24855891372381
80.24808271156203
80.24825226888672
80.24816575043802
80.24805424764007
80.24816518510035
80.24791668036228
80.24809348584408
80.24799611529619
80.24798241991908
80.24800635571195
80.24809021867584
80.24819329465326
80.24795649663909
80.24804616968038
80.24787944278312
80.24795612345144
80.24798900293037
80.24790782000174
80.24787099368274
80.24792981029394
80.2480064000047
80.24785837886466
80.24804752256019
80.24805175393675
80.24793568495159
80.24809925506993
80.24824183393875
80.24797187689681
80.24815551212228
80.24832580680577
80.24839396908067
80.24812913951872
80.24814300248894
80.24829238921066
80.24831198453144
80.24819821145707
80.24809206386622
80.24804625580049
80.2480646392086
80.24791237788594
80.24809727475815
80.24810180755553
80.24824284099634
80.24798656094762
80.24832952087358
80.24800473513692
80.24793003938848
80.24814814851881
80.24795234869164
80.24799498114899
80.24792221108584
80.24806192084054
80.24808613649853
80.2480882063379
80.24796300741313
80.24795346462774
80.24800072230497
80.24803250322054
80.2479770729138
80.24799825721938
80.24796846997715
80.2479274050122
80.24814644891472
80.24802957996089
80.2480086944774
80.2480164431623
80.24792872682549
80.247939907655
80.24792102417331
80.24794988103898
80.2479483599754
80.24800086883408
80.24808036118172
80.24795135812333
80.24792793696973
80.2478992837706
80.24790639214021
80.2479531305582
80.24789781074713
80.2479056299726
80.24796408106886
80.24790288983361
80.24801208499215
80.2479606011353
80.24800568305231
80.24801151489733
80.24791050902034
80.2480152542729
80.24794266175843
80.24792813874481
80.24792352964748
80.2478676186459
80.24795951048438
80.2479177936935
80.24792617071654
80.24786946759258
80.24793596899177
80.24791754126966
80.24789891149861
80.2479110170585
80.24798730035421
80.2478976332505
80.24791960537875
80.2479363296608
80.24787863355544
80.24794433553195
80.24805496981898
80.24793947454192
80.24797957588402
80.24790984832335
80.2479481119208
80.24792985064863
80.24789684013284
80.24785112847832
80.24792827253006
80.24794226586384
80.24793751415278
80.24788403025255
80.24789316903511
80.24795590123469
80.24789714163221
80.24792150351207
80.24793429717742
80.24790183264507
80.24786463073498
80.24786892848346
80.24787583344056
80.24787324708203
80.24784054128685
80.24790372776822
80.24782177262364
80.24785084584867
80.2478896613983
80.24793957505996
80.24784564069945
80.24787855175188
80.24786778701015
80.24794839605916
80.24790370700634
80.24787812282149
80.24793982252747
80.24787299329915
80.2478878061435
80.24789433193183
80.2479126943305
80.24799295028802
80.24790018017735
80.24794589696796
80.24794085609032
80.24784763555141
80.24793843728477
80.24789284526399
80.24784168548086
80.2478351618325
80.2478796854037
80.24790998135607
80.2479090139308
80.24788786389463
80.24790513837588
80.24788627974816
80.24784677881159
80.24787628927548
80.24790870214741
80.24785194462322
80.2478988915914
80.24794607218374
80.24790078967142
80.24786153857593
80.24785900388359
80.24787271583506
80.24792275625212
80.24791637955084
80.2480193349439
80.24788520011957
80.24794379236943
80.24786101922393
80.24801500842322
80.24801242662484
80.24794943645509
80.24793473187556
80.24795828422593
80.24806040242893
80.2479236649323
80.24804626882411
80.24784546673442
80.24789679768902
80.24787067420044
80.24787574401574
80.24790908941588
80.24786276459295
80.24788218861553
80.2479242866664
80.24789231051976
80.24794796215743
80.24800719836958
80.24793031289471
80.24794378049727
80.2479092294115
80.24792152592836
80.24787976242528
80.24788414688621
80.2479329465678
80.24789698336359
80.24783999585652
80.24798906432342
80.247907331661
80.24791032548814
80.24790000541921
80.24790397469069
80.24788381346937
80.24790036806905
80.24788715722276
80.24793158768153
80.24788867951311
82.303738188016
86.74918857710556
85.13315010692993
87.02820763106301
86.74007386764299
79.42138781887984
91.86637850166517
92.05866306708504
86.91516481081108
85.61775485478621
83.75148802368935
84.88990061436326
88.72661975772024
90.72735789884342
90.11482699019396
85.90530602006325
86.74611083178544
88.50077150195727
83.66017524104376
85.71020706852534
88.59993951470923
89.41133477587513
88.58562753643866
87.92848087130919
89.95291034457264
85.63412138517567
81.67261930191945
89.07525480946173
87.99695767045759
87.67007570533733
89.55813963247502
88.64351947569507
85.86372240171387
86.0190727204859
88.93216232701583
90.96174156310809
86.48080767711463
87.09139935176343
86.74338842356734
84.92433557065358
85.14675929507503
82.88056711712045
83.8569280360901
83.13395844179423
81.52398254362642
82.41649527348771
82.08558261777038
81.73360462940214
81.70438316080848
81.36681579709192
81.22422267550706
81.28311325330876
81.45861588819518
81.31828237767553
81.04524394798351
81.03263040641454
81.59898930629763
80.68917272461725
80.82900970543277
80.6465856500522
81.84976340398076
81.62510846485452
81.65756529685518
80.43971786129329
80.31010042679601
80.49482722657228
80.30148739843234
80.32948165509134
80.36776034064012
80.26612280145918
80.27753165296434
80.33049223488034
80.32331681626688
80.25869665526066
80.29669936361708
80.26013690715145
80.26713168480305
80.26559496866646
80.25797631505516
80.25721957386018
80.25358164855713
80.25070492435731
82.58813756821642
86.59365799647787
87.95826854607381
88.59234676646226
84.18202841289582
86.63021955022683
88.36854662717094
87.22472680911181
87.67176786029395
88.01866356181145
86.8887999676963
86.38645595903536
85.278214898442
83.45080682538182
83.85409555999823
82.69046592454316
83.20186770735825
82.1733856387686
82.02621978723812
81.4895694818165
81.50567708595766
81.61858583586135
81.42981707701749
80.90706372488029
80.67037773049793
81.29985770855285
79.12637286217047
72.25515663338025
82.15724199966168
83.98771340122197
86.04621587523172
81.21384609805528
80.39718175707796
76.62376571603062
84.90497314013709
87.16656306125387
84.96896695308668
85.9400501639754
87.92544786774074
85.32444623681761
84.36588228038467
86.82027514692737
87.60649187960445
86.20737421912095
86.42556557051412
82.6144969625325
84.67230074055901
86.28448822652462
80.12143265477414
86.05159589874098
83.36598172850374
88.03425756562721
88.98849886101743
88.535420416933
89.57025088668776
89.78164867034185
89.01544401908126
87.76728823132842
85.10160664141262
84.53438360067645
84.58482668385109
82.19146189428218
84.11006634442965
85.51174911646389
82.33906848407936
87.74802936009942
88.65999963070543
88.2787796647306
88.96576237220357
85.89204124135395
85.83244707618537
87.08470394069492
86.29336234556223
87.34338699175943
85.75257554909864
83.21206057493677
87.13623677959454
83.24139089905144
83.72836111276261
85.42509079031261
83.95070012268134
81.76111824148826
81.72755104581255
83.25742897789738
82.30293494367761
81.62334164655996
81.11996966951756
81.72955726338898
80.94076093674389
81.22209631005003
81.41109934405236
80.83569320205848
80.63951991020298
80.48128717362665
80.73853178819621
80.69095835963067
80.49474659863687
80.93219844687907
80.68449651355722
80.59684398886658
80.48143584563904
80.7634966805554
80.72994774805804
80.68298348979832
80.46387395288959
80.50838849995542
80.63390432322362
80.30626153628687
80.32978162105773
80.52297661578413
80.37107689276343
80.43576182288358
80.41715984269929
80.4424485865951
80.69182336683868
80.40274166044631
80.35346270649936
80.74728317743724
80.54033570244944
80.42389869540217
80.85114076893421
80.32412859885677
80.29787721861972
80.52236619304514
80.45776899546077
80.48295706435616
80.3767106291386
80.3970258638055
80.35861311638043
80.59376779053233
80.43582742651869
80.27553137034347
80.32300728112834
80.40661104758061
80.25965097520292
80.28353910263138
80.26296726173295
80.27320706443506
80.2528712464154
80.25156604113481
80.254179271497
80.25104739920583
80.2515184882993
80.25823008201277
80.25106905692583
80.25079243712904
80.25049882430649
82.92824742117988
89.51420341459762
89.43890066268187
85.38919540083225
82.05413150924603
90.37627179447958
91.09807537378843
86.7362082623221
89.64584892580908
89.3860983246765
87.25759504987346
82.84081191045925
88.03202100208102
90.26268635413906
85.66325169661246
81.02894407725854
84.96500366978964
88.44102920772632
89.4031912249356
87.73678584677113
87.5582761320149
89.25001681666785
90.94536262478005
86.84090196803103
86.10339256695788
88.87200783557893
86.0557541435619
83.53708825591639
85.00277007031428
86.20640857676818
83.91545094975858
82.74730843902955
84.41902223627584
81.5658191966895
82.07258307308926
81.98350650749667
81.29955434444636
81.17893485340569
81.18874749857805
81.43113905360697
82.18031567893162
85.15424741346895
84.89693989056622
85.02913129878542
83.46121772143509
85.22412678235851
88.9062791735079
89.92525935794896
87.45309378002423
86.85356968655871
86.81303177218773
87.81486694184618
85.1187914914146
86.98377209872044
87.26107170021405
83.8804723441224
84.5665955155193
85.7179097950616
83.17321677024451
82.29093460700265
82.28016412996985
81.59920237594477
81.39402886513768
81.82651613877297
81.84985020068926
80.94171271844559
80.88316299983103
81.82985215064164
80.94024162283387
80.76059766505274
80.7517475124445
81.13350090173621
80.50610731971594
80.54858391739987
80.78430542238216
80.64045485160835
80.38316633591273
80.42486574812503
80.49632839078353
80.42034286952057
80.39803564935195
80.49784042967529
81.17041470702378
86.45069066748616
88.09931043576084
88.34568174359624
84.58586509571087
86.16207613986445
83.0189762428073
88.72437259438823
86.14878483733918
85.56994823789606
85.85725848049124
84.96561539004303
84.94830424321417
85.42965612378009
84.03745995047426
83.18382722129242
85.12455531486594
83.49075549807421
82.14307741348952
85.5343428409095
83.6422063243012
82.32443530799009
83.30873051597133
82.61377651471213
81.70708462410644
82.24179853482741
83.62386396937123
81.9566728903204
82.31148825302981
82.17177675556307
81.80791892324407
81.49687626302234
81.61960191660863
81.83050892113111
81.24165490712602
81.32996346381601
82.01175653187678
81.13495152389592
80.91509049300168
81.00002099107762
81.04793257612126
80.4259383515389
80.59187899960571
80.70459971013541
80.29914328549145
80.4940324773594
80.5866206828906
80.33406440851745
80.37257480425949
81.10563173667634
80.55409274169719
81.4788004117203
87.3344525312551
91.50980594095121
88.10493692213979
84.82392296766731
80.14627627248477
80.02676269843961
85.01014051774767
86.76432639516145
85.7675223161815
90.94841035312066
89.50237629130199
84.1104222737383
86.65138188141191
87.24390074633487
84.75686408085781
86.5867664563105
86.85813073931313
84.82435944608231
83.71622774161705
82.86449383619185
84.45715420958055
85.17094438921126
84.44960827232731
83.7973850627171
85.15409572344963
84.56959448209058
82.34855391844769
82.50570854337508
83.63236642271073
83.62367547352194
81.60956597336593
82.18797441735362
81.56080251841345
82.9525239969092
81.33746491331677
80.85476683575698
81.34439236832443
80.85985527859404
80.64518854498816
81.44971263873995
80.77936509000848
80.69153625065576
80.5723476527456
81.60494626740831
81.38303782795458
80.94666608006547
80.49579539148345
80.52424976999595
81.55106427004173
80.71497327342534
80.4929929631675
80.71734819761905
80.4893983029784
80.42284621219883
80.53106661849388
80.40667049255316
80.38735485081571
80.41031846262254
80.51611096829862
80.37884456043452
80.38695414484546
80.36006027832694
80.37016524034276
80.37332338961335
80.36097081837457
80.23069340699541
80.23475685766388
80.2184700638668
80.21588241028401
80.21865114790123
80.21686171458722
80.21213733395875
80.21724454100936
80.21544682881515
80.2351994813477
81.34425520280348
80.20937536644831
80.24061202400027
81.12620382505276
80.68550016213617
80.22417942256432
80.42412095610091
80.50307897755226
80.23469075983867
80.45091161407456
80.25686411189031
80.24497218657895
80.2710386763542
80.29152371469817
80.24856424384576
80.24910699131512
80.25652718093087
80.24863704380647
80.25437613827734
80.24953145346917
80.25033402101381
80.24883773519149
80.24821836175246
80.24919027767308
80.24914308806171
80.24815424147272
80.24799785945184
80.24874572572114
80.24808915708896
80.24799484650454
80.24830600525628
80.24815288549021
80.24802469026591
80.24795216000844
80.24801836531059
80.24801200917655
80.24801690735845
80.24799256216382
80.24792845556058
80.24789613697851
80.24797269442801
80.24789382676327
80.24795939885223
80.24791230466327
80.24789143941511
80.24791981570318
80.24796270581453
80.24789731592746
80.24788220725068
80.24791791436256
82.20386725974848
85.13528054501617
88.50500512995806
83.9640924137758
89.36145260717447
86.1121375680482
87.82665601419845
89.8521491213521
89.97661241844007
87.52837767166392
88.82510474697641
87.59494632126521
85.85104360433849
85.84578472598987
85.27953270308721
84.91162897286289
85.24850854080589
83.59304478305305
81.92538192959928
82.0182852470998
82.04534385160801
81.35939512818192
82.59583412583638
82.82943305217424
81.54027728857668
80.86362195807119
81.338621264382
81.26186564794149
81.49807822002992
81.04321468267268
80.73947433856374
80.56836890057839
80.76331129014106
80.69366415087616
80.51522481088827
80.46375582684179
80.4929256559018
80.56418078685503
80.53460335163632
80.47697394099819
80.7355434030932
80.53460588989195
80.59349190765295
80.61167917574745
80.75447867154317
80.36541882417042
80.60206281743686
80.57074964863027
80.39772505702082
80.31562075154801
80.37936995738863
80.29149544475251
80.31330082429425
80.29713511533629
80.30939735055658
80.26536279406075
80.26578558495189
80.28193152408281
80.26518734573939
80.26167298001614
80.2626195895777
80.25908454803228
80.25775644795753
80.25514225743714
80.25366964580246
80.25838796592869
80.25723719122543
80.25390322930863
80.25472422191598
80.25209041955077
80.24973974078752
80.24983333372667
80.25033399908538
80.24960249078751
80.24885717713946
80.25031385631112
80.2489836909488
80.24885459831987
80.24940867739234
80.24834061758307
80.24924844116764
80.2482899195506
80.24844666697311
80.24840938935797
80.24891610387982
80.24856315594472
80.24843453922558
80.24838608512256
80.24868729712342
80.24830420365532
80.24804867494967
80.24814755523036
80.24806894190006
80.24816026384534
80.24814609297027
80.24800033416793
80.24802143441852
80.24806735560007
80.24801459439162
80.24811380056754
80.24802214964028
80.24810484526279
80.24811033710023
80.24795759565305
80.24797149238248
80.2479955816539
80.24798958870977
80.24798132528164
80.24798389364587
80.24797713124644
80.2479804676946
77.57155284546913
86.29361310980762
87.46710407679625
88.54022865202576
86.4982109698678
86.42981796062321
85.21620136251522
85.7003682843786
86.81525013458712
85.43083614199611
83.19593810084247
83.66088541422141
83.00271440438172
83.57919996994086
85.08949962751493
82.74097234745074
82.17115282270035
82.12986499402632
80.83694123041204
80.53220497576027
81.89935390514157
86.6972673832644
87.50735693270704
86.95319824691477
85.24319711248951
89.1812946278519
86.0520328293488
85.12035408579337
86.69282320599169
85.49377726254289
83.52377594233252
90.44733323430489
89.02598339163869
86.3418001175275
85.61595534548599
85.50030469026667
83.50376043721288
84.25561481371088
84.54111766400257
81.89971079510346
82.34323861980621
82.87493359835298
82.59475681414449
81.92179792744874
80.93699110815031
82.15553612999122
81.10807178080691
80.88582560251687
80.74872823638253
80.74004775174842
81.02117711673596
80.48350407564216
80.56674871836485
80.79601218557528
80.50422424937545
80.62422969132525
80.55288999107
80.44295484089079
80.42946998963822
80.54515662343928
80.29972697479195
80.3276560483815
80.4251970337455
80.32236127746044
80.2865980505673
80.2924746237851
80.27019973547199
80.2666827480109
80.2849042066501
80.27600675633629
80.2744593292126
80.28561950150814
80.27882410158547
80.27079297769933
80.27372695947587
80.30067811710272
80.25897336782528
80.26803915184546
80.26309268477057
80.25335249836553
80.25360018136718
80.25126818582022
80.2499461454898
80.25069488445999
80.24911679657961
80.24931216301664
80.24983277524798
80.24939258385379
80.2487992730441
80.24947819783773
80.25006306687334
80.24854766907532
80.24852036008548
80.24839959585664
80.24850037395052
80.24816469729251
80.2482714664629
80.24810312888833
80.24809174814425
80.24800064260162
80.24801065519189
80.24803320095175
80.2480261386153
80.24799395540927
80.24802021876535
80.24796054944622
80.24797627066218
80.24796092466833
80.24800441190284
80.24797604608348
80.24796398849021
80.24795338552009
80.2479550469252
80.24795750314178
80.24795206745638
80.24795544633932
80.24795271526231
80.24795163240383
80.24794969066285
80.24794930953301
80.24795022927137
80.2479484644796
80.24794628362082
80.24794771878004
80.24795242610871
80.24794686339465
80.24795271946498
80.24794649968159
80.24794547814366
80.2479467565514
80.2479474385296
80.2479486649093
84.0548675534159
86.2940138278755
86.35950727363235
86.18003838079909
83.72556615526933
86.48854541241677
83.46891368760151
82.7126395914168
82.62086648610676
82.59589563198853
81.13742536083953
81.5834832798873
80.8522896834683
80.78578805288832
81.57720953357018
80.9674576093537
80.75403396662291
80.80561660870302
80.83162353859575
80.88716481561178
80.74617647575701
80.63473374962328
79.0124557821605
86.41797232976995
84.5995530936632
86.79144324710892
86.76515479419497
88.24273753356876
85.0516717141314
87.70363868831463
85.06262660488693
84.77613069611121
83.91913043644118
83.93009963091359
82.31943295609645
79.5501423538963
88.29416873395841
90.01736849220133
87.53156405885997
86.53747741671046
83.16327706134057
89.22488502666427
85.59540938561257
88.78395507889655
90.8714001154021
88.38944078256083
85.82377910926913
86.3399595349029
84.54373591306563
88.03764640620957
90.97180909560876
86.15103506969015
84.45007939664238
88.1986241963477
87.41159591460844
86.82994893988779
86.52997480086185
88.08327851152382
86.56573732328867
87.8973685644033
83.48178024484518
82.69707832220561
82.77580125279833
81.13113684016223
81.44767627539412
81.30331448854487
81.57733714371685
80.72979930574694
80.98361090740033
81.30410627409029
80.90652215360551
81.73166442734586
81.03843762192265
80.73460234824026
82.25918473768871
83.62529902426388
87.34532307885179
85.5374671577571
84.70783393005762
87.76531607159023
84.55938295154817
81.76332463975889
79.78462191006336
92.78143959701764
89.28855741695557
88.01252346796515
92.45918746572339
89.44516174233868
90.84197268678936
91.80546659972144
89.93275319401273
90.97005311731829
88.64801180762214
87.87107571812422
89.64010121516706
87.16261551550541
87.41109104959564
86.44186470928213
86.82171062896175
85.43354651638143
85.97707276884663
87.01856424585307
85.30703268156698
84.4274180443389
84.69583859862429
83.86902285765598
83.56158080864634
84.45188879310736
83.79089081341225
89.56885860140179
88.23194671844166
84.77319949393261
87.12824002427482
85.63206812543181
83.41101793771662
82.91020712395489
83.11710759253909
84.83644822886708
78.89652376126794
86.43125395382049
87.95199198359401
86.2625499521093
86.65458760429766
87.751550282901
87.6262725181256
86.46069761721186
85.2967587735623
86.0412503556044
88.39928424336127
85.34124164231747
84.77343764138351
86.662435077492
85.50102442846776
86.50007552732198
85.26255946703468
85.08126948621178
85.03391809581152
83.52747027075293
91.2126395025631
87.92210167791741
87.69699317043661
84.5332913885466
86.54506973066009
86.74422990870963
83.05790958142434
84.83230424340297
83.44110356355417
80.87313900801324
80.84047117599243
80.74776534005245
83.28644882818872
77.48663115476448
79.56406342421569
90.87728975047216
89.53403881764561
83.63614416047416
86.07581669886143
85.28899230532575
85.52221819983404
85.68775271641265
84.5014035607583
84.35061181790257
85.0393996259822
86.71222139277474
85.82154411485101
85.84513121689402
83.7182817083665
81.11883885295596
87.58149397168387
86.95218336731476
89.58975821415137
86.38580684073465
85.66317557905047
87.03223991936095
87.2828854786405
85.65462869915162
85.39926802073167
84.29352867781225
85.0465243913192
83.78398546659467
85.35930364757452
82.02808893486112
81.52114421039553
88.8506821462623
88.02470716775014
83.35826569465821
83.50917391183593
85.19772644507343
88.60100855593068
82.62401499425094
80.33459686672032
86.61195242342819
84.48620040187969
87.85211530364185
85.0475673251613
81.73843457492754
86.6330299518851
88.90734799168827
90.70229635935196
85.19688498944313
87.30997997449623
89.37614352223807
84.88284209366756
85.8579526872786
83.88483842471115
81.5381678413923
83.63337757511876
85.48917572040442
83.87883829610601
86.1954202012649
84.88577348044588
83.80965539575895
90.43616924446343
86.6289718464132
78.85871102269124
77.13675195131013
86.5443939032549
85.93234999905326
85.69075148259635
86.88276328774498
84.42589513436488
85.55246169406448
88.09464845846549
83.37877416951876
83.98825069928972
86.60891518035693
82.60374831371429
82.79224486639473
86.9334420596004
82.36945986609636
80.1354169948588
75.9208583092965
86.263554301068
86.63157404828661
87.97386124983396
86.8573986798288
85.00539845078292
84.55687581966171
92.22337113133705
92.46883841997071
85.03348956062841
85.24108019661118
91.45933038958071
89.27415078216929
89.43502687258173
85.36094344895247
84.89320212664163
84.31520888125138
83.89997626133358
81.874362253692
83.84531614768693
84.45848949826497
82.49564636634241
81.67278878107243
81.146789869803
86.33233091061363
83.21709917922641
84.36660900090803
83.46426851254823
82.08993285680475
80.86878239307883
84.54746546269054
84.25845742211168
82.57964125959221
84.2713043059198
85.27335044955585
83.86784570764836
85.05971673138953
86.30733967973232
84.92857873594039
84.75650747485784
84.7544839932824
84.83808696794284
84.56388297853812
84.9915105809353
84.38785380558812
82.47708260916767
81.5852382830247
80.84474150390427
82.61817433593816
81.44086707962352
80.63145154471
81.22864269571747
80.91982157483778
80.72317090024985
80.80393673565
81.32894069430617
80.55982725853272
80.4449697034737
80.6702511181298
80.40542134470232
80.53698633300677
80.6083918587002
80.30238063761357
80.32862095617678
80.36385651246432
80.30619351539262
80.31439056071353
80.32015672726213
80.28311491576592
80.33970151392953
80.26933835164586
80.29104860440658
80.26137290617147
80.27632238564084
80.26913130931341
80.31521244243581
80.3088167508416
80.25336969921602
80.2716689351617
80.26075752469941
80.24923481851891
80.24899019184822
80.24845160173986
80.25104982961258
80.24844737887315
80.24920256279115
80.24873375714576
80.24855740594683
80.24904358128
80.24826465154194
80.2482206886585
80.24806852160694
80.2480538777925
80.2480542234338
80.2480188207916
80.24804250023838
80.24804198136746
80.24798784287565
80.24805112220174
80.24804762608122
80.24801566356702
80.24803211896486
80.24798987145077
80.24800396546138
80.24796663859439
80.24799878046888
80.24796662685398
80.24796525033231
80.247984384131
80.24796876974358
80.24797825023242
80.24795194009089
80.247956862503
80.24795329158528
80.24795568019192
80.24794920961642
80.24794750559921
80.24795113140785
80.24794722371556
80.24795092323234
80.24795346234174
80.24795197337
80.24795020855129
80.24798480862547
80.24795298290798
80.24796865262603
80.24794943927732
80.247951307701
80.24795528674971
80.24795215676878
80.24794908555074
80.24795523876803
80.24794912215617
80.24794647931328
80.24794901704358
80.24794669886525
80.24794702984474
80.24794745127953
80.24795087088697
80.24794862334657
80.2479521275267
80.24794780070265
80.24794573856335
80.24794969623548
80.24794733478572
80.24795203983803
80.24795287480661
80.24795316981455
80.24796538490428
80.24795274667545
80.24794831739399
80.24795160158614
80.24795005546659
80.24794862518132
80.24794756130775
80.2479495119385
80.24794932093408
80.24794805193719
80.24794740145833
