3150.4666861551273
863.0615712513954
824.6090857006054
795.0007442952085
778.1303158716262
788.1722412647048
792.8943171061343
769.263195822866
770.4669922220165
747.8730359919074
737.1433481016466
726.408253874576
713.1569809844167
710.619949170483
703.0385937996074
702.2485445621962
701.0926852746386
700.8220278331703
700.7186664214557
700.193338764873
700.4132218914284
700.1306633079657
700.2587294198197
700.1252131998951
700.1276764461644
700.1248566564128
700.1334656573839
700.1156404350868
700.1224892156642
700.126425540296
700.1343167693694
