3386.508384871003
847.2703410835272
821.2300932183971
806.3822016555781
773.1759209792488
789.3843881112305
788.189582061196
752.9091605659886
755.3497059778435
739.7777299136287
729.1328000522634
714.4408564054856
705.6795751165075
706.6589674855157
701.6864481515124
701.2977250430308
700.5783792479107
700.4734149757207
700.3676500676693
700.3759429567934
700.5918482230124
700.3199328907733
700.3875736487988
700.3497868167107
700.3300534894447
700.3142734136911
700.3568785171373
700.2830832197731
700.2816630211513
700.470109198557
700.3191836126177
