3415.495011666
887.5799359321072
834.7521272629214
808.2260421009848
798.2191572673165
790.4455253164323
805.2843554954245
784.0245896692383
761.19142952501
748.2128379224381
741.9960393520112
727.6240485306528
713.5450146818985
706.752653377778
704.0980458711269
701.3655752763058
701.8885479180099
700.8557110749887
700.4787042894911
700.0762158591134
700.0245936772905
700.0245904664736
700.0245904376281
700.0245904374535
700.0245904374533
700.0245904374522
700.0245904374522
700.024590437452
700.0245904374523
700.0245904374736
700.024590437452
