3059.9092327167677
851.9179657036317
830.0647199180576
799.8304549132148
788.6652161760409
801.7045769977624
793.2889400463514
792.3461510201403
762.9388934658655
745.3240096265746
732.5164998714158
720.4470771797932
713.5710770753141
708.4975153840385
705.6051411429942
702.7853413331088
700.9030579194982
700.4246290329345
700.0992322214834
700.0346874383076
700.0344048313904
700.0344012401099
700.0344011555076
700.0344011543687
700.0344011543687
700.0344011543681
700.0344011543682
700.0344011543682
700.0344011543683
700.0344011543682
700.0344011543682
