3287.564557098275
884.623058779229
833.1948898427139
797.2908556182244
785.8295847360201
772.6948631643197
794.1722469839665
784.531724789651
756.8975219986264
742.4595569585001
730.4045061990453
725.1716549124113
711.5751845627517
703.3909891945507
702.1301117697726
701.1739886194213
700.7233333621573
700.8938713883084
700.5265670361913
700.491915038944
700.6904149330719
700.7429614304094
700.1434826297525
700.1494972833385
700.4799605839167
700.1419436040707
700.1405077845445
700.1374668756453
700.1347865574159
700.1374351345448
700.149827258839
