2178.9451856326746
764.8931271356513
733.1673551015192
724.3590469457997
714.9897439448288
714.96016227753
714.5806064620964
714.5806064620964
710.3019876914711
708.4567008302104
704.438056669367
702.8887051916035
701.7747909742815
701.1423235367084
701.0396843886246
700.5394040949016
700.1378065785193
700.0354833266663
700.0255169577014
700.0245983272586
700.0245904903056
700.024590438463
700.0245904374568
700.0245904374522
700.024590437452
700.024590437452
700.024590437452
700.024590437452
700.024590437452
700.024590437452
700.024590437452
