2144.629413186306
753.0011220135192
741.8129778854963
726.2212877224789
716.9744756201001
713.0625434908565
713.0625434908428
712.8718965991587
708.8603996843302
708.8603996793164
705.3651411388043
702.4481259070876
701.4055780382079
701.2504032313122
701.0308888044278
700.369328351535
700.1380365034103
700.1070199868492
700.1052137366289
700.1050691144734
700.1050633103855
700.1050632124376
700.1050632113172
700.1050632112281
700.0276033696179
700.0270385256218
700.0270370106902
700.0270369988384
700.0270369980493
700.0270369980493
700.0270369980493
