2663.4171780654437
751.7151150016894
732.3021205121503
728.5986421199284
719.1509704184193
718.6127430782415
718.6127430782406
710.3406345244707
708.4248781614049
705.0378557586093
703.7747245709927
702.5682536009006
701.2734239695018
701.1216061618965
700.9723302788364
700.5176528906338
700.0550474859093
700.0168837865889
700.012453973166
700.0123333935659
700.0123214109664
700.012320996113
700.0123209889663
700.012320988876
700.0123209888756
700.0123209888754
700.0123209888754
700.0123209888754
700.0123209888754
700.0123209888754
700.0123209888754
