1987.271321398396
740.9074214043045
735.1892469870903
709.1215865600428
707.3068351837358
704.9011409334435
704.5746918754169
704.5746700233044
704.5746700233044
704.5746700233044
702.6003104246578
702.1416706897039
701.2681916967734
701.0722051610941
700.9326658938702
700.1048432385339
700.027410830163
700.0223143080104
700.0221356049717
700.0221270135813
700.0221267367926
700.0221267334631
700.0221267334333
700.0221267334332
700.0221267334332
700.0221267334332
700.0221267334332
700.0221267334332
700.0221267334332
700.0221267334332
700.0221267334332
