2724.5637009702796
748.6711341909573
741.6394779303081
735.0650523492027
712.8454523003878
709.6953074519087
709.6831554495828
709.6831554495828
709.6831554495828
709.6831554495828
704.0185974530616
702.5020083676981
701.3219044173442
701.0705930337576
701.0405167984615
700.4325661182099
700.077445118475
700.0099033586843
700.0075308827306
700.0074022622308
700.0073961662722
700.00739604175
700.0073960403395
700.0073960403345
700.0073960403342
700.0073960403342
700.0073960403342
700.0073960403342
700.0073960403342
700.0073960403342
700.0073960403342
