2944.586037258262
1002.692529505759
961.0246992005814
917.1150428370696
919.4947293547997
870.6145801767555
854.2508792074217
859.4763703652618
828.6669577356809
816.6879409855496
811.2344321126538
791.9503087114584
770.2263079696786
763.7410944834139
772.172566542423
769.3765683489464
744.3390495191852
742.9996291793635
742.1116775037767
726.8107911458604
718.7425882165812
715.0397205902055
707.5397931942459
706.8910508727286
706.3564649202319
704.957858535008
701.5281728966838
702.4624225428994
700.6446243131527
700.2846541646908
700.1494959927769
700.07439257148
700.0115551908757
700.0074426793724
700.0074098618705
700.0073965521017
700.0073960798361
700.0073963380014
700.0073960403562
700.007396040336
700.0073960403349
700.0073960403349
700.0073960403349
700.0073960403347
700.0073960403346
700.0073960403348
700.0073960403347
700.0073960403345
700.0073960403345
700.0073960403346
700.0073960403345
700.0073960403345
700.0073960403346
700.0073960403345
700.0073960403347
700.0073960403347
700.0073960403347
700.0073960403345
700.0073960403345
700.0073960403345
700.0073960403345
