3529.367990086537
934.7611062384276
948.104269526972
904.5498572113407
902.2515869922802
899.5847277384133
867.4616593146515
818.4431422881005
818.4517596056895
815.0576073393696
786.9095378631187
786.9991662176184
774.2294825152006
780.1101755071847
775.3501548960642
761.4673048675807
748.3445489662084
737.1850140523071
744.5165512607534
733.8903898305832
728.4299278499711
714.2202915386454
712.5715483682824
717.9285577321676
705.9459092937112
702.4420672084578
700.8637168067888
700.792832790012
700.5565416020338
700.2429812992347
700.0811554039822
700.0714657020102
700.093439325335
700.0319187928372
700.0318999352321
700.0318999819631
700.0318983841446
700.0318983825715
700.0318983825573
700.0318983825481
700.0318983825482
700.0318983825482
700.0318983825481
700.0318983825487
700.0318983825482
700.031898382548
700.031898382548
700.0318983825504
700.0318983825488
700.0318983825481
700.031898382548
700.0318983825483
700.031898382548
700.0318983825482
700.0318983825482
700.031898382548
700.0318983825485
700.031898382548
700.0318983825482
700.0318983825481
700.031898382548
