3519.103436239454
999.5220995007315
952.8963562218075
891.0803624133468
898.1603528234989
941.9445095231567
874.4268823742983
876.8103591880779
818.8507494694566
828.8061372292952
794.8981562517164
790.5087269298455
796.5446589451117
797.4861264649965
769.2763607618119
758.7971171551851
745.3265495359343
750.2340097721565
749.2797197392862
734.1719911413102
730.0541453635723
720.9753684701984
710.3006680557264
707.6042771262024
704.4386260134542
703.5827619819709
701.9721867300443
701.1355429853834
700.9525596734511
701.5216411531693
700.3001023160311
700.2310941760433
700.2439089543851
700.2206840467459
700.2506513784026
700.1869815215958
700.1211235973755
700.1110508238695
700.1095000380626
700.1105468167478
700.1113240261692
700.1085212265648
700.1285143195877
700.0073960403345
700.0073960403345
700.0073960403345
700.0073960403348
700.0073960403346
700.0073960403346
700.0073960403345
700.0073960403345
700.0073960403346
700.0073960403347
700.0073960403347
700.0073960403346
700.0073960403348
700.0073960403345
700.0073960403345
700.0073960403345
700.0073960403346
700.0073960403345
