3011.714484905506
984.0826042869719
948.5262093642807
941.5768012190863
927.360115185527
887.1743466975137
860.7201131240221
837.1486606622582
839.4944448536174
815.6961027582948
824.1239462112375
808.210408046955
798.7769891014352
802.5419647932771
766.5628945308214
766.0556431774879
757.6521267648116
774.096790459765
749.7857841610542
724.0406591548128
733.3931259759435
737.245485156968
720.981192702323
715.131935864447
707.0122624276464
707.1814018889461
701.4426502914359
702.6535865064814
700.7811392791219
700.7953022571462
700.0809445329842
700.0275815889479
700.0098777167357
700.0017078815889
700.0077262467662
