3392.8060550180135
967.3913093089926
970.9182357919096
909.6424617288615
867.2345964533928
907.8085289846515
890.5151803604119
846.442920692825
819.5195206070148
827.1091328194356
814.1450935115123
798.8299193230123
785.3665783673608
784.2586281471542
768.638464975663
772.3456437341358
750.2766868293946
739.6185969314886
731.5348907810146
746.5905273130782
737.8461079030501
714.6143544621082
711.370333993633
703.6708927109939
703.6582477935713
702.6112428951907
701.3362499728161
700.6734956186559
700.4093470622126
700.127902674723
700.0492982699773
700.0480725333995
700.0278194728918
700.0339949828775
700.0123314067189
700.012324968839
700.012323912499
700.0123209888759
700.0123209888759
700.0123209888761
700.0123209888757
700.0123209888757
700.012320988876
700.0123209888759
700.0123209888789
700.0123209888761
700.0123209888771
700.0123209888764
700.0123209888756
700.0123209888754
700.0123209888756
700.0123209888756
700.0123209888754
700.0123209888754
700.0123209888765
700.0123209888776
700.0123209888754
700.0123209888756
700.0123209888754
700.0123209888754
700.0123209888754
