2103.221549776681
810.1692408392837
781.2324866734439
781.2324866734439
781.2324866734439
747.5988011689695
721.952427893325
719.5842408951081
709.8332131355269
708.5756099718938
708.5756099718888
708.5756099718888
708.5756099718888
708.5756099718888
708.5756099718888
708.5756099718888
708.5756099718888
708.5756099718888
708.5756099718888
706.6045176190732
706.604517619072
703.6572012831972
702.8765811441361
702.0371064770129
701.2889156291988
701.2286960342151
701.0904089902865
700.70212367944
700.3518436804222
700.058768540023
700.0145888364075
700.0015709727033
700.0002639308852
700.0000310424085
700.0000024598269
700.0000002242913
