2471.1353019689222
802.9781154756055
778.21354368009
770.7343040345567
754.8849652767299
752.2835338179557
727.7598671973369
725.0514490954117
719.5514905496972
715.5558172285562
715.2515416594655
715.2513009266297
715.2513009266297
712.107036257822
710.6258026573089
710.6258026573089
710.6258026573089
710.6258026573089
705.8506331169691
704.7346780018996
704.7346780018995
702.5453739797063
701.8189976881248
701.5893411460472
701.1744399248466
700.9911155995934
700.8104436098961
700.4669345926986
700.0886927555475
700.0202566616741
700.00921585867
700.0077103233288
700.0074258439306
700.0073991347721
700.0073961445955
700.0073960422336
700.0073960404183
700.0073960403399
700.0073960403347
700.0073960403344
700.0073960403344
700.0073960403342
700.0073960403342
700.0073960403342
700.0073960403342
700.0073960403342
700.0073960403342
700.0073960403342
700.0073960403342
700.0073960403342
700.0073960403342
700.0073960403342
700.0073960403342
700.0073960403342
700.0073960403342
700.0073960403342
700.0073960403342
700.0073960403342
700.0073960403342
700.0073960403342
700.0073960403342
