2090.236962632993
800.134678993141
765.6734721671514
765.6734721671514
756.2632443057269
747.3021329897763
730.9981519746052
723.8334183758468
718.41534819467
716.1102051923044
715.6472160600889
715.5770201199294
715.5770201199291
715.5770201199291
715.5770201199291
715.5770201199291
715.5770201199291
710.1693912862786
706.0674672259275
705.4119868968012
703.696184101507
702.917726433372
702.058048093847
701.6420307335495
701.2721580121097
701.1448324639663
700.9797945787601
700.6013908756831
700.314394209184
700.0801278944946
700.0248453654527
700.0037109131597
700.0005646142537
700.0000394670284
700.0000028436559
700.0000001545945
