2269.0936837372783
802.5764160676129
768.6307465616696
767.3375534258139
767.3375534258139
742.9499762414869
742.4000146738385
739.7247268218827
734.6406354287807
734.640314398971
734.6403143989678
716.3474088409947
707.9108586874734
707.6761447106204
707.6761447106203
707.6761447106203
704.2722158374214
703.2354464416322
702.6516093624944
702.6516093624944
701.5096482955097
701.5096354975428
701.388494398253
701.2742132706928
701.1174226810804
701.1148943185023
700.9907278119225
700.4964464667208
700.1962219622511
700.0531271671024
700.0293645425306
700.0154966984501
700.0148484637114
700.0147840306571
700.0147743752361
700.0147724630441
700.0147724087185
700.0147724078321
700.0147724077251
700.0147724077236
700.0147724077232
700.0147724077232
700.0147724077231
700.0147724077231
700.0147724077231
700.0147724077231
700.0147724077231
700.0147724077231
700.0147724077231
700.0147724077231
700.0147724077231
700.0147724077231
700.0147724077231
700.0147724077231
700.0147724077231
700.0147724077231
700.0147724077231
700.0147724077231
700.0147724077231
700.0147724077231
700.0147724077231
