2028.3542351491258
786.2631638127771
779.9856353817439
766.1584572985186
766.1584572985186
752.3375481664244
739.6877074345018
733.4698821486469
729.8300875163302
721.354594739898
721.3545947398749
721.3545947398749
713.7945414901903
713.4877918271618
713.4877918271595
709.055990638072
706.5377199438195
706.5377199438195
706.5377199438195
705.3300953909348
705.3300953909348
703.1836957740419
701.9792535340141
701.4654062147941
701.1073847834947
701.0533668408514
700.7618031290887
700.2369824271103
700.0782153686727
700.0580592278224
700.0159019170549
700.0018354147479
700.0002539625899
700.000016464315
700.0000009716581
