2240.5444639636953
1469.0705078866044
1475.0301724562264
1458.2194966656064
1465.0062091886152
1452.17562054316
1467.319331795744
1450.178870928578
1457.0153251334473
1440.6396602800594
1431.767605732141
1438.098464238855
1433.3759357750625
1428.0448778023544
1425.1080041151497
1424.1918485588014
1421.2759232683713
1423.504146115708
1419.0056281058999
1412.4850499605154
1418.8249882236928
1417.6258806376277
1420.3247545000643
1412.1131166257883
1416.7584974565113
1413.8326687087003
1411.2460017238293
1412.392636695325
1409.9886223131516
1409.8939657682029
1410.4844038182734
1410.1758560071578
1408.625410795677
1408.7195439820534
1409.23450292627
1405.6516519767029
1406.3861413439201
1406.7329372282725
1405.6069614620103
1407.0410839340107
1405.1043077205338
1406.5145393122123
1405.737571224849
1404.6272927915954
1404.9604402462667
1405.0577479187777
1405.4747570946015
1405.238685369633
1405.4715601901196
1405.6085576640576
1406.7148634733728
1404.3448549765112
1404.6687513536065
1405.2525696914556
1406.5792038927168
1405.1456686956878
1405.4243776945682
1403.5992168660728
1406.7260757212534
1403.82068529145
1405.4690554577858
