2302.15594489898
1482.7585805167348
1469.6857158391974
1474.438458523613
1466.8295114446685
1458.668351175263
1450.1001019170913
1448.7283613059178
1439.6772137118787
1436.9167519037953
1435.1841568091327
1429.1722890196374
1435.4983249150598
1436.1762588112924
1430.2343564297082
1426.6354461158564
1422.933062470801
1423.3137011136218
1422.4676631611924
1417.504428763481
1427.4402611922667
1419.9694228917638
1420.744910541048
1417.153888075364
1410.3405368550125
1413.0206750168445
1415.7555751758932
1414.502196511938
1414.2754018171888
1408.8007672831216
1407.6261721699605
1411.4400790933846
1413.7550917892495
1409.1954404036323
1409.3336852923105
1407.6690221442962
1406.347676104718
1408.2943948795364
1405.6026475110818
1405.4167607194079
1406.225444556802
1408.7920010473017
1405.9882572310096
1405.594865505315
1406.0905829579328
1403.9900587695645
1406.3190004789406
1404.86365670623
1405.8914507932568
1405.9765225978895
1406.1662574115546
1406.7649162938967
1403.7273713361906
1406.681596434718
1405.0193123774327
1407.953808763303
1406.4630618973245
1403.6163677912516
1405.1466436323844
1405.0563751390614
1405.1766789312096
