2107.7187839921144
1491.3981205954638
1481.6526652126001
1471.1772288976522
1472.4645223947987
1458.1416019524866
1458.2776355691308
1447.6021340703423
1445.8811046576109
1446.5827135468512
1444.0499676345082
1428.9943703783845
1429.28636933237
1425.347172033325
1425.3643597533985
1422.9509539672376
1422.974645344194
1417.3224085954057
1416.7354366081302
1416.521869988775
1413.400949563295
1415.2310173817696
1412.994095176803
1410.8039751888737
1413.4672722427247
1415.5048998905258
1411.0906180271272
1411.7360613090548
1407.6613068615895
1410.9669469297144
1406.13986640968
1410.5399562730627
1407.4606628599727
1407.1844970055295
1407.7350668394022
1406.860392356143
1406.2256351556966
1405.5610253363425
1406.37026931979
1406.223437716706
1406.970102567904
1406.020935490249
1406.034972326563
1405.2039546941803
1404.2373559154307
1404.2730850925786
1404.3959701184704
1403.5415022928719
1403.0902239400268
1403.3713818415836
1402.6435921925608
1403.2459039664082
1402.887423930297
1403.1045290541979
1403.7848044973553
1402.5446906708364
1402.7378346478417
1402.8449577649085
1403.7517347053104
1402.0734655418505
1404.2195583146463
