2161.2786160943574
1490.7882505089617
1478.205391255849
1470.8447034424876
1473.031284941727
1456.1811602360065
1461.6903445609876
1451.9925956772074
1440.6865899352729
1438.2393437965902
1443.2088201523
1435.5959215487615
1436.2224917504423
1433.7719922123847
1430.1996543492253
1424.2040171309077
1428.970495432317
1418.1013439683352
1427.291674716179
1416.8252273325252
1423.5508358459315
1417.491574759863
1418.9683551009891
1416.9239115513199
1413.111460382828
1415.4987335074566
1414.7435503354504
1410.7397794811095
1415.8252690137301
1409.0930708417075
1410.6033671857872
1409.415686563731
1409.7983499534248
1408.3039335327826
1409.5187204439958
1408.2750769880859
1408.7628416738094
1406.7957981191792
1405.8925035289844
1411.156304452576
1410.911271557675
1409.2239102914373
1412.5663318967054
1411.933858621934
1410.577347282803
1410.7558856201506
1411.0088126443989
1414.8606172657442
1411.1169022844713
1409.91956887326
1410.0334866341796
1407.1561546193905
1408.113123625024
1408.7965514825178
1406.8339694415322
1406.973142940708
1406.6066700593142
1409.49016607976
1407.2862929660055
1407.6131065757204
1407.9955988385977
