2202.105657567143
1496.5304051841779
1482.5062679223497
1475.7944910052279
1467.944292705122
1461.2308361858288
1446.3766659398364
1451.2504756662354
1434.642128621913
1426.5632845409293
1434.1439192606567
1433.6895394137205
1423.9821875388832
1432.227128254556
1424.972432605317
1425.5927371069986
1424.4432106477839
1424.268883594927
1419.4336560316872
1418.8723156667925
1413.2949013489697
1416.6482229933276
1410.5085235904585
1414.5600067564578
1422.448025878956
1419.7462379047
1417.0765444867293
1411.0134769440344
1414.5362036794
1412.5808077204883
1412.5440715275654
1409.3897040159297
1410.5566309569822
1411.2267299096843
1409.499443368228
1410.0986612416586
1411.1389566343187
1408.4064885119644
1409.2148064123699
1408.2482859402426
1407.8205616642615
1408.1111191349917
1407.964663506365
1408.557756228744
1405.9819339694936
1406.403002142429
1406.2747858198397
1405.717406366871
1407.7675090367609
1408.5832799016287
1406.594260396289
1405.9100183685819
1405.9834181329147
1405.9586962291419
1404.3993163932626
1405.9647561241297
1405.9879442459023
1406.113981176663
1405.3646888490866
1407.176695416718
1405.6524525188195
