2191.349686739749
1496.123803391159
1495.6829293852193
1473.583723634816
1464.5311521768617
1456.8668415986258
1451.3230874394978
1451.3595019347638
1441.0238230544546
1438.2204673528927
1437.9232927536593
1440.008906762135
1432.7072500158058
1424.8885077296975
1424.6669068621422
1421.208259677995
1419.8043639705734
1423.3478333325095
1420.3937586888012
1410.3891225441387
1418.6259590995387
1414.5957202847533
1416.6338530970074
1411.2281456432506
1410.4494814957761
1410.1418733493197
1416.2149629446185
1411.4219113899183
1410.208993628759
1411.9141673671995
1409.8611729311085
1411.2741393163913
1409.4728570755876
1409.6587844417595
1412.9901194952217
1412.1440300365725
1410.4694462999098
1411.820068491631
1411.4405597967693
1408.8251127724993
1412.6214525309424
1411.4930075661791
1408.07136986443
1408.3119823256463
1408.8214028482962
1408.5498158216592
1408.7396940087574
1408.463013676807
1408.2058245416304
1409.98770897493
1409.2967676423805
1409.1289256435361
1408.3923310856783
1408.0709351294201
1408.2643737548592
1405.7462355804587
1405.6245042688201
1407.3472464068907
1408.5868242163701
1406.5676002809098
1405.9049053275928
