2228.015925853979
1487.6375000441062
1482.238819833758
1475.2983447979107
1480.9129504237742
1449.5240249186231
1453.7530827214273
1446.8970207624768
1452.1293594276012
1439.430455801015
1433.3542802072666
1433.95825166389
1443.5021987716627
1429.7106356146778
1429.2280832696085
1430.0575574307263
1429.8650170418994
1424.58924849701
1419.356040719298
1414.7719010471876
1419.105731629314
1416.3294630898558
1414.1617413554432
1415.9113493206014
1415.285248857631
1417.5259008688522
1415.4962387263438
1417.9294886436203
1415.0016779940222
1410.6358012276464
1416.825618157292
1416.0849885302218
1413.1780429306643
1415.2307347385517
1410.7287308254836
1411.328453313417
1408.650985836345
1412.0241464453197
1408.9214361122201
1412.7814441885037
1412.2622245261878
1411.0785989583514
1411.5799054768777
1409.5073333258488
1407.2744486721135
1409.3722968682173
1409.3097125046609
1409.1788994888948
1408.8033966675207
1405.1697957876913
1406.716537889551
1407.735727941462
1409.7274083920977
1411.3786144223468
1409.3458460439185
1409.215420713901
1407.9396295855843
1409.163832144894
1405.4767198746104
1408.7258226172103
1408.327193921186
