2129.318432354029
1489.8666467160403
1476.167051570108
1464.7885955513166
1467.014381390118
1464.0212739474027
1466.1876599897191
1452.134971409263
1440.7030476955565
1430.2632255540723
1428.6087919450588
1436.2837752028233
1428.9823463685857
1427.15551232675
1427.8135105148635
1421.3463319051973
1423.567281312909
1416.1320427491323
1414.9527991986977
1414.213585233939
1416.5719307724355
1412.3108391660112
1417.3665682932835
1415.9619616315254
1411.2772294830131
1413.992865248722
1411.2132546430523
1411.1470858203363
1409.781164753665
1412.576408673567
1410.4541173062648
1409.2087803075028
1406.359059126827
1407.5006472397722
1405.5733625090857
1406.734794932259
1407.4765265548588
1406.642142175392
1407.6639279920335
1408.0239284626073
1409.9239780094763
1407.6301661146204
1407.089413888457
1406.9656250542605
1406.8621419959711
1410.357272256424
1406.7862553582588
1406.5103491112
1409.3953107138645
1408.6383184398387
1409.1607097088045
1410.3395901352872
1408.9845766544934
1407.3996558586466
1407.734036117415
1407.987071018128
1408.212428914892
1408.3380831850352
1406.74437278116
1407.6478938943917
1410.0139690277458
