1868.6944853156024
1429.0458411223478
1418.4360608995494
1418.4360608995494
1416.3046106177553
1414.469908328481
1413.924549519135
1411.361555706318
1410.7474315718107
1409.7888387385476
1409.7635935514156
1409.7635935514156
1401.7522507760216
1400.969218052219
1400.963222021643
1400.9565862867373
1400.9565711335526
1400.9565711335526
1400.9565711335526
1400.9565711335526
1400.9565711335526
1400.9565711335526
1400.9565711335526
1400.9565711335526
1400.9565711335526
1400.9565711335526
1400.9565711335526
1400.9565711335526
1400.9565711335526
1400.9565711335526
1400.9565711335526
1400.9565711335526
1400.9565711335526
1400.937841726635
1400.9087548668872
1400.9087548668872
1400.9087548668872
1400.9087548668872
1400.9087548668872
1400.9087548668872
1400.9087548668872
1400.9087548668872
1400.8372946466181
1400.8372937041859
1400.8372937041859
1400.8372937041859
1400.8372937041859
1400.8372937041859
1400.8372937041859
1400.8372937041859
1400.8372937041859
1400.8372937041859
1400.8372937041859
1400.8372937041859
1400.8372937041859
1400.8372937041859
1400.8372937041859
1400.8372937041859
1400.8372937041859
1400.8372937041859
1400.8372937041859
