2007.2645600336814
1419.5590446567628
1419.5590446567628
1414.2412840918919
1410.036635933003
1408.6885650261108
1408.588447723334
1402.150822776505
1401.262150893026
1401.234065109802
1401.143167132669
1401.0587112918513
1400.9532713069655
1400.9532713069655
1400.9408312967028
1400.9406455227472
1400.9406455227472
1400.9406455227472
1400.9406455227472
1400.9406455227472
1400.9406455227472
1400.9406455227472
1400.9406455227472
1400.9406455227472
1400.8902778120168
1400.8760664025572
1400.876066076089
1400.876066076089
1400.876066076089
1400.876066076089
1400.876066076089
1400.876066076089
1400.876066076089
1400.876066076089
1400.876066076089
1400.876066076089
1400.876066076089
1400.876066076089
1400.876066076089
1400.876066076089
1400.876066076089
1400.876066076089
1400.876066076089
1400.876066076089
1400.876066076089
1400.876066076089
1400.876066076089
1400.876066076089
1400.876066076089
1400.876066076089
1400.8341211452444
1400.8337805571532
1400.7967775578013
1400.7967766340892
1400.7967766340892
1400.7967766340892
1400.7967766340892
1400.7967766340892
1400.7967766340892
1400.7967766340892
1400.7967766340892
