1800.702938730315
1427.8988333493464
1426.5403876455293
1417.017874327862
1417.017874327862
1416.2147763979833
1414.1445033937157
1407.6816535778198
1401.0205781857842
1401.0205781857842
1401.0205781857842
1401.0205781857842
1400.9729489032154
1400.9602008525871
1400.9546072764326
1400.9545894037828
1400.9545894037828
1400.9545894037828
1400.9545894037828
1400.9545894037828
1400.9545894037828
1400.9545894037828
1400.9545894037828
1400.9545894037828
1400.9545894037828
1400.9545894037828
1400.9545894037828
1400.9545894037828
1400.9545894037828
1400.9545894037828
1400.9545894037828
1400.9545894037828
1400.9545894037828
1400.9545894037828
1400.9545894037828
1400.9545894037828
1400.9545894037828
1400.9545894037828
1400.9545894037828
1400.9545894037828
1400.854739316828
1400.854739316828
1400.854739316828
1400.854739316828
1400.7770737515584
1400.7770737515584
1400.7770737515584
1400.752427060309
1400.7186764420826
1400.7010528958451
1400.700647681443
1400.700647681443
1400.700647681443
1400.700647681443
1400.700647681443
1400.700647681443
1400.700647681443
1400.700647681443
1400.700647681443
1400.700647681443
1400.700647681443
