1771.4190988862729
1426.0099590951077
1426.0099590951077
1424.5468196010684
1420.6441418800111
1417.1628448291074
1404.2505559716326
1400.4946382332018
1400.4946382332018
1400.4946382332018
1400.4946382332018
1400.4946382332018
1400.3618390734055
1400.354957621089
1400.3549395199757
1400.3549380262873
1400.3549380262873
1400.3549380262873
1400.3549380262873
1400.3549380262873
1400.3549380262873
1400.3549380262873
1400.3549380262873
1400.3549380262873
1400.3549380262873
1400.3549380262873
1400.3549380262873
1400.3549380262873
1400.3549380262873
1400.3549380262873
1400.3549380262873
1400.3549380262873
1400.3549380262873
1400.3549380262873
1400.3549380262873
1400.3549380262873
1400.3549380262873
1400.3549380262873
1400.2880707830643
1400.2880591554217
1400.2880591554217
1400.2880591554217
1400.2880591554217
1400.2880591554217
1400.2880591554217
1400.2880591554217
1400.2880591554217
1400.2880591554217
1400.2880591554217
1400.2880591554217
1400.2880591554217
1400.2880591554217
1400.2880591554217
1400.2880591554217
1400.2880591554217
1400.2880591554217
1400.2880591554217
1400.2880591554217
1400.2880591554217
1400.2880591554217
1400.2880591554217
