2065.1529087708154
1421.5504355764645
1421.5504355764645
1421.4284367861694
1418.829066177878
1418.829066177878
1412.3012770116545
1407.6596196382336
1407.1692553608843
1407.1692553608677
1407.1692553608657
1404.4130533408759
1402.9380117005917
1402.9380117005855
1400.923389740549
1400.8603316489152
1400.858960693301
1400.8589584822985
1400.8589584822985
1400.8589584822985
1400.8589584822985
1400.8589584822985
1400.8589584822985
1400.8589584822985
1400.8589584822985
1400.8589584822985
1400.8589584822985
1400.8589584822985
1400.8589584822985
1400.8589584822985
1400.8589584822985
1400.8589584822985
1400.8589584822985
1400.8589584822985
1400.8589584822985
1400.8589584822985
1400.8589584822985
1400.819951428945
1400.819951428945
1400.819951428945
1400.819951428945
1400.819951428945
1400.819951428945
1400.819951428945
1400.819951428945
1400.819951428945
1400.7596100241
1400.7594974712335
1400.7594974712335
1400.7594974712335
1400.7594974712335
1400.7594974712335
1400.7594974712335
1400.7594974712335
1400.7594974712335
1400.7594974712335
1400.7594974712335
1400.7594974712335
1400.7594974712335
1400.7594974712335
1400.7594974712335
