1841.200218090034
1428.0672164951418
1424.4349854980558
1424.4349854980558
1421.3456362071652
1418.4557433979412
1407.223722965933
1402.0091340298218
1400.8928712516943
1400.3749559933754
1400.3749559933754
1400.372604228136
1400.2419995097644
1400.2346500573992
1400.2319136546832
1400.2319078488115
1400.2319078488115
1400.2319078488115
1400.2319078488115
1400.2319078488115
1400.2319078488115
1400.2319078488115
1400.2319078488115
1400.2319078488115
1400.2319078488115
1400.2319078488115
1400.2319078488115
1400.2319078488115
1400.2319078488115
1400.2319078488115
1400.2319078488115
1400.2319078488115
1400.2319078488115
1400.2319078488115
1400.2319078488115
1400.2319078488115
1400.2319078488115
1400.2319078488115
1400.2319078488115
1400.2319078488115
1400.2319078488115
1400.2319078488115
1400.2319078488115
1400.2319078488115
1400.2319078488115
1400.2319078488115
1400.2319078488115
1400.2319078488115
1400.2319078488115
1400.2319078488115
1400.2319078488115
1400.2319078488115
1400.2319078488115
1400.2319078488115
1400.2319078488115
1400.2319078488115
1400.2319078488115
1400.2319078488115
1400.2319078488115
1400.2319078488115
1400.2319078488115
