1997.8752231143776
1426.1981589465395
1420.569449813567
1420.569449813567
1420.569449813567
1417.6192229154315
1413.839842366985
1409.752435796955
1404.4141994871106
1402.7490132403664
1402.592017002654
1402.5915215116393
1402.591511437749
1402.5915114357858
1400.3697995798332
1400.2741088620646
1400.2713580809495
1400.2713534917789
1400.2713534917789
1400.2713534917789
1400.2713534917789
1400.2713534917789
1400.2713534917789
1400.2713534917789
1400.2713534917789
1400.2713534917789
1400.2713534917789
1400.2713534917789
1400.2713534917789
1400.2713534917789
1400.2713534917789
1400.2713534917789
1400.2713534917789
1400.2713534917789
1400.2713534917789
1400.2713534917789
1400.2713534917789
1400.2713534917789
1400.2713534917789
1400.2713534917789
1400.2713534917789
1400.2713534917789
1400.2713534917789
1400.2713534917789
1400.2713534917789
1400.2713534917789
1400.2713534917789
1400.1722953148364
1400.1722953148364
1400.1722953148364
1400.1722953148364
1400.1722953148364
1400.1722953148364
1400.1722953148364
1400.1722953148364
1400.1722953148364
1400.1722953148364
1400.1722953148364
1400.1722953148364
1400.1722953148364
1400.1722953148364
