1878.9101452687153
1429.6256251557622
1422.525922302887
1414.1723426422404
1414.1723426422404
1414.1723426422404
1410.9051917676602
1400.8170183365676
1400.3349125227337
1400.3349125227337
1400.3349125227337
1400.2841471782742
1400.2841471782742
1400.2292841993083
1400.2292841993083
1400.2292537944536
1400.2291830074198
1400.2291830074198
1400.2291830074198
1400.2291830074198
1400.2291830074198
1400.2291830074198
1400.2291830074198
1400.2291830074198
1400.2291830074198
1400.2291830074198
1400.2291830074198
1400.2291830074198
1400.2291830074198
1400.2291830074198
1400.2291830074198
1400.2291830074198
1400.2291830074198
1400.2291830074198
1400.2291830074198
1400.2291830074198
1400.2291830074198
1400.2291830074198
1400.2291830074198
1400.2291830074198
1400.2291830074198
1400.2291830074198
1400.2291830074198
1400.2291830074198
1400.2291830074198
1400.2291830074198
1400.2291830074198
1400.2291830074198
1400.2291830074198
1400.2291830074198
1400.2291830074198
1400.2291830074198
1400.2291830074198
1400.2291830074198
1400.2291830074198
1400.2291830074198
1400.2017108284144
1400.2017108284144
1400.2017108284144
1400.2017108284144
1400.2017108284144
