2125.917957052095
1427.8359547927666
1427.8359547927666
1425.2720537281286
1418.2239851625477
1414.7304072924649
1408.7231736273288
1405.1429120100397
1405.072981515998
1404.5878694291932
1404.5878643832289
1404.5878643832218
1400.8589226412603
1400.341719824088
1400.303176068228
1400.303176068228
1400.299611925537
1400.2995846946535
1400.299584526066
1400.299584526066
1400.299584526066
1400.299584526066
1400.299584526066
1400.299584526066
1400.299584526066
1400.299584526066
1400.299584526066
1400.299584526066
1400.299584526066
1400.299584526066
1400.299584526066
1400.299584526066
1400.299584526066
1400.299584526066
1400.299584526066
1400.299584526066
1400.299584526066
1400.299584526066
1400.299584526066
1400.299584526066
1400.299584526066
1400.299584526066
1400.299584526066
1400.299584526066
1400.299584526066
1400.299584526066
1400.299584526066
1400.299584526066
1400.299584526066
1400.299584526066
1400.299584526066
1400.299584526066
1400.299584526066
1400.299584526066
1400.299584526066
1400.299584526066
1400.299584526066
1400.299584526066
1400.299584526066
1400.299584526066
1400.299584526066
