187.7697226726047
142.21749258682286
140.12763037502165
144.89924942193664
120.78266434271646
127.7438820491697
118.50607595105376
118.14959841181135
120.48498972842008
113.95009709889662
112.26085683032525
109.92484780020413
98.229472930353
109.32720610059
119.6723977019473
116.92961198112222
121.48083205515384
102.13330992706676
108.01186075226953
120.8624522579134
112.24043223355532
114.6310207233105
109.3593985578722
114.11552935992887
110.67059082937703
108.40067176713256
115.7557808804662
117.37390712559286
115.18152565173979
118.3621299303542
115.93290858961817
116.5625709512091
109.10583014488391
109.4738639399779
117.38841630349147
108.97599877570953
102.40253608599978
107.66223703922776
101.63239042110595
104.18786109773401
101.49320658398959
98.3872572416608
96.71964078496562
97.62972020436273
96.26745008937085
100.46649395742062
96.26440587132637
99.35915664065706
97.6839029698716
100.22071662945744
93.75690641467014
93.84134340641755
104.08847186338306
103.00080926060593
91.03889582045198
90.96693800385648
93.66232277023941
100.41204182972793
99.61331172579557
102.48660771560108
91.04960184812043
92.76317500779292
94.76932118809925
97.78663173251488
95.65264917977115
90.93409741763466
94.90105419151111
88.46354326854812
87.88338584923139
92.55490330161308
90.83069759280092
90.68917944744237
89.07310240977581
96.09638442642049
95.60402712754
100.2773177851746
93.04597533421143
88.39518261156317
97.83678705579484
92.69175268343108
98.06743784120044
96.57497624674885
94.9755712762896
89.53442433249587
88.73443126086829
97.26120674157099
91.34106021397106
90.1444477027676
88.15975565039484
92.41892696937728
87.87545385315784
98.61493139159427
95.25566989717791
98.17305959518494
84.58997805851781
91.30526299563208
95.21613088460774
102.15996654427383
86.9911112016483
90.3736550255453
87.17371337141148
92.7920775003476
94.41458715340272
97.65272956180122
90.15647976557108
90.99390633594216
95.07952827024212
91.32478055291202
91.3250148250858
89.19481054199768
92.50352811901674
88.45666233102754
84.79745758677004
87.95025192400153
85.36027733537738
86.2728333545866
92.93344043686109
95.68400245909196
88.76440495065228
81.20516524764167
88.08327038329713
93.84189316486535
95.8072274200929
97.08017096891936
95.1092448910549
91.67997117316575
86.75106126057857
91.20363902739592
91.26126891347464
89.83351553327884
88.59757755967883
87.20476421220721
88.71452811481323
96.14617411098214
83.64710585877766
90.76711811082238
87.2915883817129
101.48086855052246
98.54394126889392
91.93447879708758
95.4730618302644
102.60999553283527
102.62382125476624
96.43700131731298
97.01376452135405
94.07053230865598
88.13012384804614
85.7805316788725
89.30714743020513
99.52376114393014
99.74860112981717
95.63810258633814
93.47327336719951
99.70466182951586
98.50042983013664
99.90840943463347
91.60961162977048
99.09541738806809
93.61378603602638
104.01083306811833
92.49280785894928
94.83673784241046
99.35641687792939
107.92734764995065
95.69653593687748
102.38725895374886
96.20728128370159
94.04582795848032
95.13705858098164
87.93733496280744
98.56754749650922
90.6076205007526
97.59758361525212
93.41980724232904
92.49025757497522
92.26732955400516
92.80776309587088
91.00504403858194
92.19643882948618
89.3552017504958
90.63655457589252
87.32782400909805
94.95630698676094
94.03038273315764
92.41449097946855
91.9127863687398
89.95914620979282
93.39693929560127
90.62788604321325
92.65360530467804
94.16976561618871
91.19911666551488
89.36474653588193
93.5137002677391
96.720417881891
90.04261382549637
96.5622936894564
95.70000935275613
96.31008086434672
95.56307715382755
97.20401406491415
92.81678536207717
94.92782077976422
87.3782496521312
94.77171075984974
94.18052346344612
98.0587481161351
93.7435432785362
96.38991032572372
104.11513634190162
101.64859458675309
89.88887133467004
89.1867918610252
100.13386578648115
97.36232501307646
94.36893343961576
96.90481955922444
100.7545364435336
94.10844383631633
87.99009590042878
86.53795870246249
84.44214763269571
82.93804830716597
88.65494013410303
92.9931562824259
90.50849503036775
88.68384418054971
90.13246210493482
85.68048779028908
88.50077073076567
91.41993209303993
89.88179696996687
93.11365473472122
93.86337202575021
89.59363705198326
93.85336017745922
95.86651031713251
86.9596339038211
83.02256547899003
84.35164669448277
91.87479557807457
85.58202772317381
87.61651806824713
91.55293329204116
89.17685784407526
85.42964246619627
89.8973941220636
84.24633693936138
92.11379584873215
91.98774639018775
91.39410345208124
91.20821485822134
93.78693856211783
88.93708851478935
85.44789669930978
87.13897232008465
92.46469677599411
90.86771316210422
88.192433611921
88.66100269881724
90.87384778106838
93.39433304732658
88.59746512073987
90.61427201125203
101.84507978364395
92.71054239916626
91.74801026149545
83.34332578675581
90.51333244071077
90.75853646206674
92.06448398329415
88.2240110172362
87.63745061445071
86.03042627608065
95.07242040919132
92.57062186985199
97.43466332475406
90.38587525771379
89.70980062300318
90.24241128950455
92.92787747382773
88.16657018663989
90.15220849142443
93.054075775115
94.1010397634602
90.77242698179941
89.00353025713953
93.71544679129889
90.46187094425092
87.84128984831445
97.8320463724018
96.72423749100447
92.83483961216041
92.85411838991145
90.33948034712238
96.9274693705238
92.25039452217301
87.954642708794
94.03928213978888
91.01449623751814
90.41484029354115
85.92848244895957
91.21261525789363
96.2712083385988
91.53235338403009
90.55321142648685
93.38844571229836
91.46055969885329
89.36212658725609
92.0703688390192
94.54114061222609
89.54724808550243
86.81402775950919
92.60090385439071
88.93570366784745
91.86975723464678
92.66834071893538
92.06108309835403
88.89259066270932
88.91428958805017
86.56030447109792
94.14636282658856
92.32779837191283
88.70978294307129
88.40148435781292
91.77894165011003
87.93405127485002
91.97935162414929
89.75826041808875
86.46841734023623
85.50238788778901
93.7039051096098
90.08785075212964
87.35321193964793
87.34827234808407
88.7149032061053
90.61893648311029
87.73909608286452
89.22528856758689
88.02487161130347
88.81138536340698
83.51374085572435
97.82882316925873
91.07222869014198
83.36345740034196
90.5263174542438
97.69298334870024
85.06347054779741
84.4509999756528
91.78914437236298
93.8573255687897
87.96958605142967
82.89743593532273
86.89559834313111
86.42541257882444
93.38837186630171
88.12345574780825
87.98340012993445
87.07399631180455
92.33850438905047
92.26585073089633
83.11009882733666
89.40639890139357
84.79531352284324
86.62649064592105
87.49830138578473
85.80403434695204
90.40518508647517
86.09162898778824
85.86710179732948
85.11573031634227
85.20797766474494
84.09067626396795
89.30599584608359
91.55035652490564
91.26650027260908
87.58285525929634
89.99162569156475
87.61072910603595
84.2135450163131
82.79672314170747
79.57609702204323
92.13906388522953
91.34083957345028
82.65056990863305
81.36522409398357
85.68010562705716
79.71648103414796
84.74253472728253
87.85377911879837
92.8458968790208
86.69536819181647
84.60073949989219
86.08380511337852
83.81813344203427
80.69343543239654
83.62289945576214
82.04445160026546
83.45365113118798
86.2053376630275
90.01673505501464
86.01450925192097
86.87595972813212
83.29687299330052
90.09648054734276
84.78058215872308
86.3137965715115
82.11108545797315
85.67001394026626
85.07849968204818
85.33801629872998
83.55944804005085
93.62131094585239
87.46512542732312
84.87055056258814
83.71622396669969
86.06560789153224
86.55328178461616
87.83285125475959
83.37036457850346
80.23561723241173
79.14236820121766
81.69443502793068
79.12803864902735
80.65718734967828
85.79155934128552
85.73644274758374
85.77595807994548
80.02436964069604
80.69194002029677
82.22882434210135
78.76527816524776
88.6694666658626
86.41100819245122
86.50333575890696
80.97805086614791
80.4880795087791
77.45484966156366
76.79886130453936
81.1981137080008
83.01186844687942
83.97789077226429
84.17685549196067
84.20993124801133
84.68393859570382
85.09006304600376
80.69061578142187
85.0185755494827
85.07809419298323
77.06055622281814
80.59640906783542
87.43365236998997
77.3655717452188
79.5791601574006
80.5589380774938
83.04692699594445
82.98410829776356
84.80211345788106
88.89295716430077
85.95106261798873
88.48650766223578
86.76444410349454
87.57929102068496
91.48912723723305
89.13788512203337
86.66796953596115
81.61333816157904
87.03104027182312
90.96298311195675
89.80261734206373
89.47826524234623
89.62421674372672
87.92964647735715
89.87844962879706
87.81286825321557
88.93229331830291
84.65473984055316
79.93336621297979
88.23084528240398
89.87366655439962
95.81963549608659
86.48178572916575
86.63004988151025
92.26044727933333
90.93963455797089
88.03123591367549
79.20258912838716
80.01424030387086
84.8380074692737
88.44068609948458
80.72348214255399
87.72530338882865
83.1387989071049
92.3581890581566
85.76235495706105
92.324382506517
86.39418593313843
84.00046021108474
89.7913249541361
87.32691863346378
91.99201427360404
87.81252558137061
91.31110868010518
94.08564028595245
91.93524821457322
88.85720281378417
83.99006612338515
87.31673843370052
93.142758280039
90.71113999692399
82.7287351928902
86.30490675450761
90.41405637100839
87.25620839264771
82.42945583553275
78.7146437375864
88.34693367233388
84.63711701088727
84.5646160353493
80.43779870819222
83.62525255630877
83.94924244870032
85.84472110613795
78.97551069909366
78.31894195810068
77.24808805955179
84.47314201693129
79.17284064332975
79.17218522998773
77.36402359374746
78.26748954234316
71.64324993257291
76.62559586108637
85.82509771184236
83.52974658370866
76.23681329996573
77.99216169250826
83.92654050877674
79.89773789606538
71.62880166244544
75.83952906431244
80.93784984517077
82.57703435994691
76.88893416266306
78.79672943693043
81.36251444164027
75.39626802527152
73.63050456936236
73.83975754175523
80.74872338753593
79.02886865182685
78.28460593897437
74.02182378107662
75.51312901521683
77.62220999818004
77.60417931700923
81.08162916437982
79.06245450540031
83.72771436764691
79.41450914538699
80.45805046834313
81.5898643452648
77.87421573731307
77.63706289815526
82.06438804982626
84.85923081922043
79.70581192069177
76.39165268858292
83.11363797819621
79.37048275204381
79.25514368013194
82.1361424878049
85.50393847799737
77.5046282491361
77.49211980373468
80.83804551395184
83.65096670256251
84.8323302508943
83.38773628322733
76.95938125714031
79.0007740211085
78.82835334741094
80.15996369163673
77.05258443145202
79.92119812606515
80.14570695830302
80.38424626285646
79.95669169787094
78.24303223906765
80.65442911980786
79.79554864190855
78.19232563786933
78.19518888637032
85.10806149699849
87.3902010293229
86.20474591830218
78.89912111769567
82.96668793775441
83.7767632363869
82.95246351899863
81.77545181712537
82.50922714020102
84.57427836561946
83.89849262070214
82.64653478732737
86.65526896839215
82.76204574692274
79.59257985351235
83.94014466208071
82.42175727683127
82.95168400691637
91.93243602060913
92.64414584898044
91.40866175609476
85.86777559787147
90.2054516380401
80.74799633717988
79.86176910289048
80.81974605888425
82.11305693989242
75.55730810457995
73.81440062982463
78.74735500663336
85.00496665199442
82.74034179158473
79.45058284359844
76.65620908896989
78.03865938599114
75.3175685653748
81.11538315871462
83.37576195568943
82.17756830876236
76.68214683164997
78.03755265842867
82.70769540269644
74.98905917853386
78.54519372496522
75.33999299880188
76.62541471419891
78.14688105439527
75.11677282144012
74.59238487339766
79.19417808858029
82.20930979364826
85.23375386141623
80.25639595810584
83.36535959123455
79.4218861451818
79.6511218464798
75.73697599474247
78.72103313136425
80.65872530065097
75.83456978950785
76.53506266064325
75.60218313603855
75.28458960290249
74.96799471324908
77.33069696756513
75.86663828461232
75.1677628033322
74.53671900980089
81.58112479900372
80.84221625740945
78.14993548083922
77.35109744064316
76.87750913493991
73.69736820502554
81.97376354833196
81.48585630892472
79.03828587846262
72.88407329831743
79.30434600871793
78.58549549277247
79.99630071466602
83.02246777571679
80.25113642557855
73.09606494423032
77.71850570186454
77.74803900114688
78.58112944972355
76.38566660059936
80.27145890371749
79.44818123468687
76.24789522270207
75.13275289164862
76.76061980217773
77.33459126962208
76.06946447831601
72.88215737440163
81.75094043362913
82.34514530888731
72.80840236403759
77.59171661736323
79.72530312769818
77.96929751948491
73.51519082112728
71.07460826911239
77.648249098674
75.13993159715672
76.98195393161146
76.60175560741145
72.07664236669956
71.65692523720348
71.81492324872265
76.01173322654229
77.5184012130416
76.56654648529357
77.6051911172921
77.67191758649489
73.96205324214856
69.27099135257986
73.83646886337252
77.02338503349944
77.41352732768291
76.44522432088557
74.86511784950399
69.8017146764931
73.14786397632405
74.48615466323523
80.90097567593861
73.68443968062142
74.78061717010127
76.59769136543417
80.04704143247508
75.38967676758655
68.97368864396174
69.45078465416013
78.36659783460988
78.18541811464367
72.94001306288348
70.8261307956232
77.92439895413125
69.62406957939281
71.80440356690518
73.23687039753837
77.59490071729294
75.04503359010042
75.86620481091072
73.45079681199213
71.11559709912028
72.65870124931769
74.03243973899036
75.04313744800699
74.30366804363898
75.70572399640787
74.52193999523173
72.16054765613016
77.93917914599646
77.7480153724937
75.9364068505458
74.23120500894927
69.1208273038848
77.18051714360557
72.07047699067952
72.81079416336108
69.82464258491368
77.29315418818011
76.45897503734504
75.82174134570688
72.91874743672332
71.92047858837799
66.25324348831174
75.37581426236082
69.52808851910304
69.91991709241458
75.34594902012202
72.24619334098237
67.46999340965891
75.5055492400687
76.93481497106335
72.31084716708708
68.29611066937653
72.48567877098449
74.14078045363175
73.00814740269404
73.06433904797971
73.81924342362932
74.73725322524741
73.34857566209739
72.59232504263257
70.02004515577386
77.14389951003972
83.8055462032099
72.18864508282999
73.39644510292811
75.67871503750345
75.20295904357268
73.49495714519325
77.61883671286805
75.32032664918411
76.37706701370583
74.71077323496095
74.20277637545075
74.32100906061842
75.05903846980442
78.51425058997899
76.62378117462166
77.20386180414383
74.18805413517292
72.76143182760129
74.27096026711256
75.33724605663252
72.23639709678882
71.85866394590093
74.95355381464844
76.24062736396158
75.90359936375211
76.48607780683572
72.30549645772156
69.92057248264972
76.7131255078953
69.09755374666085
74.01673828412521
72.5534992504232
67.09771099725793
69.12954716764027
71.72630001210797
68.24079442541586
75.27449199892938
76.7589905214873
72.45404154858159
70.79750410640673
74.53091281826592
74.78940025480641
73.82725509898808
75.45455520071813
73.23337867957112
77.26873257624148
75.9520385559667
74.61342358780881
71.99779601642166
81.83450468392765
75.5119133166662
78.77566459488611
76.34593604293255
72.18291078432286
73.48237865825531
69.18109045875104
75.19667511711742
76.53612441319103
76.80183739988573
74.20487230963882
73.76352110830616
74.4706406450128
73.74024625159043
75.21481369183937
82.94023858565242
74.15646158520167
67.72861212086372
78.55649138601503
82.3993811444573
74.70907138346111
74.46284026087206
76.83330438884279
80.52116820522947
74.23651830296072
75.79777002250938
82.02022473285783
80.70267951604633
78.55742860579123
76.94131359417133
83.39461044249951
82.28253819487054
77.29536843245882
84.06960963569495
77.89162948830368
78.69916117030267
80.3474918145931
83.79443691916985
81.97226233261446
76.03326065974962
82.7369447926318
78.09842358070976
79.6980088236637
81.09285934359782
76.77019215486126
77.88441522469265
81.5825346396921
83.56805649279872
79.46837847803505
77.40776662807949
81.78537498478005
79.97758378252878
79.46281267703054
73.81021615007413
75.69162041275179
72.20778632759225
73.64785635411712
75.04403687822118
75.21019213326218
73.69395442549197
75.36845482606174
74.09791967435471
72.37556799891284
73.58390215606074
77.82160870922253
79.85500136865544
83.18824753505487
74.84545429071073
75.46696320420602
77.49353700289562
76.29958155763657
74.36866315316293
76.54225460603456
78.61002197261728
77.89525010159662
76.57146409055932
73.07565740120924
72.82371607202629
76.37013462697217
74.37602164922716
70.75077576946387
72.65017602772572
76.54197222854832
74.31279344273668
74.05213013884419
72.46081029096655
71.31584539663805
74.94739134075802
80.71054497038728
76.39564447899201
77.26284413734255
76.11054649385702
78.94405529357546
79.7779129308989
75.66127207989362
72.56281818433249
76.47456033660097
76.05405377031728
79.50878677550153
75.48949867093869
74.22740542554965
74.09969517130855
76.88267605322243
77.26096246566321
77.87629549405176
77.78605581087743
76.89028284077902
74.43951493391873
76.09870389978657
76.94663096878243
76.19157728161343
74.20614456611655
74.19752766739981
75.34216195111861
75.43297662023318
75.6437187733103
78.39585787554896
74.31723447502927
70.31803593816493
70.29281709432014
75.672903307057
78.84993897423496
79.79811617003259
79.9564581134992
82.36072927163195
78.58003467952034
81.54863300723008
81.00723990542886
78.59007527922013
76.26062328272184
74.67799123785501
75.53123086537303
71.29449863327464
64.99402410547762
69.0745244885232
74.51557786027983
72.53758538345093
70.33855706267903
73.32462190639008
70.89012732039642
71.00725310745635
69.15318978072071
71.87226073267757
74.13817002779871
78.27948162576446
77.80349820646113
75.98021627711086
77.46312670291258
75.94307777781074
78.44620959347876
77.60777681064027
81.61583188578355
82.21872238696356
85.75363671897196
85.9414782046536
76.48399735167492
76.18463113398879
77.02405686899132
74.71460838249281
80.34991502307481
86.76345858784967
81.63612310329408
90.60374387483589
92.06481324822452
80.3701888467295
78.02240786917662
79.2508623857913
79.72586165387499
76.20102092668915
78.77971044397287
77.07521349903172
75.3621823415848
79.2268749277898
82.14212319154238
82.70575937720804
76.31353438048403
75.86531490740248
82.55019347075087
79.03330458627977
74.09691175607396
75.51126285583715
75.7258563180015
73.49047081337892
79.45981207075673
76.9599839286614
75.71154830296396
77.59316365625142
72.86777836238824
79.70298965733451
74.55732898720993
72.400357620479
68.93362658197223
74.91829388657136
75.68892872105384
75.04077558014784
79.94486974693773
75.21850098057898
79.92462063013238
82.74759634726
81.20052422644902
83.24907297297943
83.78546172079209
81.02594064834497
73.76881424100213
79.51682648668444
79.39120576720973
78.32001656189999
73.70016744932119
75.35277873529996
81.0856565140578
76.92973631309705
76.49875014950538
72.61886165947148
79.32697596618378
75.71826013446471
80.30863709064845
77.68851541430611
75.63442762091424
74.32773221093447
79.29102054931074
75.36261557493486
76.62779883597041
78.26242860081547
73.92487941961954
74.59284199998805
72.46782850092201
81.56218011759057
85.18179021929211
84.68889651164778
80.44357768299017
77.5919837785898
83.3247734218736
82.36416992352522
73.51063681294609
77.55019320843894
77.93226890282804
75.78820139113121
74.7650519708406
74.84211554338292
75.81315400134318
74.68838117711795
73.29536751040855
72.36970135875377
73.91997907723477
76.57730969829765
73.0857011587568
71.25587707220582
71.38803042292744
67.70204687756616
71.08752101064825
68.88592667958102
76.16537158780926
76.84721784567824
72.36567330968421
71.1427990003988
74.34028396392628
77.42656869433782
76.75931365281136
74.74855544315557
77.63687828377606
79.66732063220584
82.11539934326098
70.59469232698171
75.82915119754153
79.32840924951284
76.6606536322332
71.87200181309402
80.60479611108669
78.3329902100984
77.03397898264139
83.4762389497918
80.83034189977863
79.05526716728603
79.320493604525
81.09997134535584
79.97411499123143
80.04407486331237
72.00529200167159
69.8829391850032
78.02080866669249
79.8477825050347
72.5052463802911
72.79224609866388
75.9017011666966
69.73618003685262
71.03196207547256
71.60754863392677
74.01191120506708
79.00934337577942
76.5467888513273
74.10279969099423
69.64778017684154
75.40807792080118
76.71229208720351
75.51059343279974
73.53895265563371
72.29481722152181
73.50465142555758
73.65010704990704
75.12004946198573
71.65058890028845
75.6963113422021
79.51270380402495
81.11580686503957
79.26861641059676
76.95003242641127
82.67457476147084
77.61170603246961
74.62893866172368
78.28605540880719
75.36223943750936
72.42278134711606
72.17229223634038
75.66365127860274
76.48104900479537
78.55091654569009
79.39793107193981
74.77409659913565
73.17565320897
69.6258696396951
69.80869859703272
69.32826159065158
66.29008455959575
69.85178346403535
69.87310495620932
72.16941898553581
68.54239318907031
74.84059609968872
71.0643904852947
69.56678947980828
69.04856819580307
75.14569959464485
72.04740750993116
73.77109486308754
77.7323843151163
71.61327720404644
68.1552721050182
66.77682565824448
72.5382107701943
68.96038764900749
65.5785393306848
63.39128748697011
67.45832206016098
70.64523209213965
74.09836690965338
69.13078783017936
66.76531487301449
64.17193145542353
74.04577608841083
72.42231340776704
73.32174721041694
79.28348586191447
80.58605685050703
71.89412092149887
73.62797661877734
74.43343478889624
78.27963374826926
77.12081634364222
76.29737158705127
78.00875558189749
75.6757713266724
76.83992050185947
73.68930482158513
74.77495908795942
76.14937718119168
77.10776912496536
73.06929735240979
69.64975654015232
72.8121997943498
75.84065042466236
71.4546826274412
73.31236216970142
69.409859677382
71.28299203797638
73.52780628037573
75.59258448300756
77.29797897528559
77.2178056041191
75.77305694758088
76.22549049084954
77.22420237565487
77.07989026679343
78.99499416077077
77.89620348667086
78.16148222764939
77.238572520083
73.23366147346218
74.92628456426199
77.36303096681182
75.59871286200944
74.92837383266914
72.97139012113412
72.98280528761086
72.5621351734505
70.69060903863915
72.61163960492102
74.42672695530769
70.10816498321081
69.76967342340427
67.61441955872486
69.62015861793701
68.64396698937507
72.39244457156468
69.19376724339409
64.11642949129819
69.35819436664796
65.38765205223069
67.79765977586601
67.97479850202572
66.28904163966594
64.72053346715153
67.98925627552764
68.43074614740712
67.83168344004433
67.69572315898064
72.90076154240376
69.7375040262841
71.53378253340854
71.27751288550273
70.46334518202946
75.71539611839563
73.5195321193
70.7674575315621
80.26077775764251
78.62710996990855
73.99564773258798
75.15959444864207
75.63637582621234
75.67786511148773
73.36954779054426
72.18026199525413
71.59125828917193
68.98331551938408
68.67935103478403
70.46479446531175
71.05474161031724
64.78778147005092
65.26593481658138
67.95552170487211
62.69561668370304
67.01950118461312
68.59437789462305
70.81104828625915
65.57937905690038
65.38714372755422
69.81543429309069
68.89826641705287
67.74001545273845
68.59476630935205
68.51473428204149
67.16889294076736
63.70257671689946
64.62879307458289
68.88047703582255
63.65597771938885
63.59435731559867
67.69038365108403
70.30196398367934
71.31336526023487
66.0110628788372
70.65018289731579
66.39797957551603
67.8912606682031
66.60055522422847
71.39219420612464
67.3720674159689
67.34401364712934
69.00354046485286
72.59577136540813
70.40902459285125
70.84458843328535
68.65036393812449
65.32817033602134
66.82239567412319
68.27244992652369
65.44848754377918
66.23485352539645
63.00115803347177
66.6759183427508
69.14358289210429
67.7378116159567
65.98474545770998
67.67935187035287
67.13717664795912
67.90763670528942
63.13305835118785
65.05493923271106
68.68973393494022
67.83930900233287
64.2159667164205
68.82862130470116
67.26689125558083
63.19479626710906
70.03254323827873
72.15775282300842
67.82825385742639
60.359406658482065
69.47809269479927
66.01102896951792
64.94044622424391
59.072692657306845
64.73518538224705
66.15997383005839
63.77018760029763
68.04866422045693
71.91600444622075
66.4894689061018
62.85080286491668
63.12386801594734
68.13929504764437
65.31411914017578
66.76620615309307
68.02880921796194
67.00951980748765
63.33322856336934
68.72097706792582
69.2714167002946
72.1974438763399
68.24979220166591
69.1815539615892
66.02240154516778
65.78998948423761
70.78705844575761
66.51989139368192
64.33806336395901
61.48520495990196
63.51472283157304
63.255098406978576
65.55313798785788
64.77734086819294
66.24813771243883
66.6427398811978
64.06661477730395
65.36551195103267
66.65669111874435
66.65182912284997
61.21591219195161
65.38787939772618
66.17674643651164
68.23468611411482
68.46252767641928
64.703579106801
62.22067757462205
68.01039249888757
65.48652181601321
65.92446697839101
70.53926392174083
67.53725146124191
68.15840015262256
71.49815351582787
65.71908522486686
68.91262300305536
72.80229796504759
67.11061566842677
62.14057530605587
64.89193118662106
68.39760789440571
67.64018571493305
65.2377173775669
63.682212926076915
65.5740317755587
67.04292636064643
63.93887448306236
61.03980023042156
62.11762064137193
67.36032985416836
64.53936873671037
61.816404132681384
64.2054323206165
62.195135636900666
61.25532325387916
67.95336570915734
62.444067908483376
64.06830768876613
67.6890764286736
62.53461009580645
63.17166781836574
67.56476829500969
67.71636964984138
64.29430777182897
61.479600164552046
61.674918568281
66.13702091242754
59.63963783817353
63.2439175611101
65.37535520655061
66.12199965425314
64.98316135719173
65.46515615221357
65.44123158650692
60.86068367575299
63.00995305674638
66.00998216260558
63.58393564219132
62.84576409190677
65.66835769253788
68.36124260745237
68.13585513865056
65.90124522021735
64.03131866700076
65.53192580870545
65.22536670023368
66.56178110363672
67.2344476687853
62.237439489065956
64.82219505938929
68.98188010573782
71.44078194461747
69.67152981026906
65.67672122894125
62.54799727158155
64.26215894641604
67.40735283081376
69.92490338357226
67.97090803396958
64.22594850563664
65.24553839894206
67.00886696034026
65.44289517198303
60.7924728547666
63.54812735119605
64.80433258593743
64.67501794499502
62.79512725695072
63.3862597827413
64.05742757949918
60.42896622372078
59.83843285162921
69.13811522314825
69.9173852727109
62.565995916183866
60.03285348462299
65.06127286599086
66.7237334833808
64.40059953715704
65.35982371151457
66.64680074826444
66.19071559009167
66.76656551606831
59.507153206116456
62.75635087944098
66.67729329240092
64.15489002746422
64.21656382292184
66.10075463675325
66.2136230069061
65.97878614265124
65.30783369733557
70.92337978509248
67.82004677310933
66.08824033602454
66.69801671158875
69.21451526940966
70.75225206243094
66.01861880944867
65.09650785217991
63.27319866722659
66.3147042252199
67.66448234019633
66.63897767898303
67.60381332621526
64.23613489914715
65.47651914638166
66.08905298936787
63.64120706931184
67.69850134679503
64.64845100837634
64.0336839727661
62.904918614477225
65.36503935956787
62.514039712006216
60.8561145600413
61.76605887031585
67.81731095831087
61.646445730626716
62.91545858568966
66.88757499009536
66.1601930477344
65.26963764502393
62.51266536601162
65.58319480703516
62.71796941138824
62.62369452982308
59.858118314286905
62.42626744344821
64.74059863885793
64.40230073595907
63.162034167149194
59.812735635107494
61.129982577292736
62.89106536254871
61.19103915331483
61.68544895841722
61.86306976839738
64.70757451279788
63.703302316639316
65.14949967816864
63.30074398620927
67.21217884235183
67.13243386519618
64.92239031531771
66.97980964813898
68.86217751076202
66.16641449732145
66.87907430770375
69.77633796185464
67.58866705382493
64.53033374746619
64.79534941334447
63.5456392543947
62.58678931592281
65.57938865094422
66.85927699647358
61.2040234044277
60.00134861054732
63.650115392396714
62.88252534271451
62.2252383385595
59.554290671116334
58.7390460975214
58.902881534384015
59.25106188378487
58.07666859599843
57.78794832325171
59.1219188389436
57.35559156112157
60.582236048851534
57.425080747671664
60.506208949703726
61.71502736956962
59.969702750111985
59.48631250505768
60.442943330263134
62.4225821387156
58.601138076042886
63.142957220699174
62.31357827810323
65.06941183144859
63.55790403098233
62.43144121077966
63.30759685026451
64.71086255163567
63.52201408647931
65.0798875013803
63.05463049263407
60.77734827000715
63.37143620176923
64.87723010896909
61.94083018776786
65.96985764275377
65.7384110975105
68.1703052943328
67.36238627540737
68.39437007869283
64.09951210089734
63.35426568647017
65.89750871611237
66.10732488229598
61.63107798025134
64.27712691930776
65.6058605073005
65.12457434471871
64.4927637577283
65.10264731706764
59.36043891628687
62.53085153931361
62.46465502833822
59.70694309019883
63.3586786073676
64.89426822527079
65.1685819552132
64.58038148081
62.801456572714585
66.85949659051734
62.86993735618528
59.6364167787606
62.86492022459513
58.66447487021183
63.14845649026122
60.96805088906025
63.14628452373758
62.922014616787585
58.67007944409865
59.75113059359481
62.64445083657201
62.28885813175024
63.20277518520052
61.18266912614343
56.64099334368082
62.51601346662807
66.44222209345169
62.32256280041479
61.240195896580865
62.185071219841646
63.46680353396834
63.56388561348389
65.65773189696966
62.420488528307814
64.9559913666194
59.3381088494275
62.32714184860992
64.11560899513974
61.790391828139946
61.08747097213183
59.93177005819825
63.14637417741509
65.3408710760927
60.74283508067769
64.35997769850363
66.47957377863118
62.144228732201626
60.183688641021625
63.767518152921454
64.6815226737788
58.93254060748869
60.88216395259533
61.729698797327366
55.89333740780421
58.68109813311639
59.45804740497928
55.37737087478319
57.68497630937094
60.91005910175773
59.75995942047997
56.986350064777035
56.320512164109914
56.33040435044972
58.41864426457251
58.66615572024814
59.74986410842839
60.19212706235272
60.88759440705981
60.68261334209412
58.62356038973043
62.657169836888244
60.78207133193599
58.971467981906535
63.69820192445193
60.28396412889153
58.60714643382233
63.01005675449099
61.17927800656622
56.24082711658197
59.55173591600764
59.810404983383954
56.084056716018516
57.30780496969499
59.27477355910175
58.70809850447427
54.742075343406825
57.46596347708215
64.55223804663575
64.74922873587828
61.850586338378044
61.88186386089682
62.38474588445481
60.6798329051847
59.45178782969142
63.096326573104136
65.303252460826
60.03283143757675
60.055796708296896
58.58850162973991
59.16834502933139
60.52581750589948
59.523764575041554
59.55110311424798
58.22074996789963
59.272003613762706
62.404837974724515
57.723369905475664
54.220264949972986
58.33770592655099
59.020237679606936
55.9650134068122
56.78355980731223
60.64962265306193
55.52895038763196
54.32841353838523
57.93213552023795
59.87820018170514
58.125330160502926
57.86645329290086
59.689669683997614
61.13547466442621
58.17241503955776
59.07317839018782
62.64710565551777
58.14885724594822
57.556825097958644
62.49395063722182
62.79773602544456
58.84649842157422
60.94609915989251
63.45019897788233
62.038001347086826
63.29313493544185
61.11546486007844
63.9986508977588
59.860779608996836
59.15649638204244
57.22528044701305
57.59596759414768
59.31701809960703
59.2589601401782
59.110979000486424
60.142342101246705
60.763711755317196
58.73184137709499
61.33378331846536
65.08132952921221
60.385427847404145
59.32413452345752
55.45039218868082
54.67636178329374
58.71775766240337
55.989172182922445
58.520468329071754
54.062126342247645
63.091692804758296
62.06668745747938
60.73896396926079
61.776339640726846
59.72668327381009
60.79101122460716
55.352447216831024
64.45191469911941
58.77281031302104
57.797409872583984
57.007716789645286
59.475391099263504
55.48622186242679
57.75841930919696
59.37331724236694
56.746916096878685
59.94228305487681
58.58248744072258
57.5763503930504
62.41006985603411
57.42758433056166
59.72814336465257
61.10046822291081
61.61796663782121
55.811619960645096
55.31897557513337
58.1548507271097
54.126833215527256
52.67189954967785
57.10631566750311
57.684956946942165
54.444395431780805
59.52234816016821
58.636143671470066
53.04586616897983
53.370600913910366
57.317721457467215
53.78135127952146
55.21891247357908
60.9636961174204
57.57412194334688
54.58154299316376
56.17676414510157
55.34838238844815
56.26007678607173
60.77750000202719
59.845657762699666
61.28570672415162
56.18555454527299
55.854559370766474
54.85451420986441
58.39291281142502
56.814199008909526
54.29950199736956
54.15134584600424
54.00246819462674
56.07106870345917
54.85033995817736
55.1083726190856
56.49599078764309
55.485865289481445
55.73915776974227
54.63488677523368
55.580968482759225
55.67746509922762
57.054016089895796
58.56531381485851
58.34556912063418
57.70279362285739
60.56878380130349
54.7497249232407
55.54013481196872
54.383292003538955
55.5106837864966
52.09104318432759
53.57945035356455
54.4840793449605
54.33647272738212
54.68573448732721
52.818553437259
54.30883690221457
52.71630689617316
53.97914511308143
54.18008049376266
51.38242043044436
54.566941445291825
55.06252519720976
58.787898729261435
54.157924118154824
54.122336638691316
59.5239065581729
59.44114790618253
55.62617899925778
54.92173470598811
54.91699046666073
56.029972745538345
54.30663311647514
54.01775854528914
57.17441223788546
55.35950561186901
55.62035361201407
54.30357564671333
55.28192786384845
62.514203388780025
57.96666835704477
55.50772774291454
54.50646469280687
59.10567887967915
56.05933001024269
53.636958199166905
54.30823865516449
59.53308503627872
57.60845332622803
55.71846533984338
53.213535640779455
56.627875381326376
54.10025118450738
50.78426536057619
53.8523645499003
55.4211099215096
55.80935515418654
55.283710100756565
56.54526696996887
55.04700127001587
53.850549338575405
54.62294569559738
57.712736406216266
56.465867135840384
55.493249491114426
56.42791476592292
58.72437962837437
57.45886236895469
51.9034788932658
55.69429156398036
54.628504201340036
52.7432790772595
52.76485768290851
57.318820139580254
56.80403951753462
53.69897170531483
54.9777448993674
53.48632740830141
56.36287046495772
58.4714894276071
62.161718922165946
61.91478094955732
57.17696978479463
57.67769706607683
59.148195371418566
59.31448454508007
56.75716547852565
55.13847899616119
57.94745644073088
56.29888396731218
56.110687254377424
58.7945742387144
59.79273559488936
56.603666368135364
54.057835630808185
52.008931592806874
53.78431540858297
55.08989568952069
54.58461781880105
54.83853440332998
58.546472853376244
57.808626920953905
59.80374138426223
61.10197103348742
59.39497044391055
57.27214253313703
57.61404827280782
57.42626715832415
59.40282965696447
56.3267915709346
53.485191127091326
57.392321268764825
56.998823381531494
61.02224142040683
59.42583196653611
57.39204508245553
58.75772530846566
58.74756218411711
55.762660551921996
54.62105705573303
57.009810978193656
57.60504803012889
56.6207584683252
56.52259357482997
52.800995685733014
58.29217233138932
57.36979946138532
54.92154971647915
55.96559635035361
56.35645410956617
57.83369081477897
59.38639025464393
56.70625503794186
56.57773073538636
59.78813429496371
59.919029124042794
56.54010642609117
57.330308551182114
59.41006673359301
57.44661026480642
58.77497967017105
58.236995415497155
57.557772724528384
55.95378579425589
55.497739981331414
56.04330377345168
54.88321620031098
54.911624303714646
56.34820277906585
55.42118640582587
54.32296309968705
55.77567714993791
54.58843601648537
52.610852464419935
54.99404309792386
55.37376743284169
53.823072935674446
54.63529738554942
52.64933842162737
54.17769915113416
55.25904125106906
54.0932159720291
52.90354250080352
54.670256483989654
52.97101308149971
52.37911303664603
57.0502197187238
53.42508496775408
52.74610419271887
54.64668352402926
58.21936906103215
52.77502559334779
54.17689273385707
57.70769396787568
54.03028996420037
55.398113770868406
54.51001700030387
53.87728808285132
56.673188144006296
54.15590412606809
54.412499192441025
54.17495326079111
57.29558630711202
56.76460276576176
56.91217172816316
52.2353557762588
53.56242599776695
54.20569490674723
53.41473111549727
53.06580183338556
51.535657875816014
52.584846493628845
53.87167141544147
51.56728928947472
52.27847917877771
51.924579977970254
53.75185969257096
51.5199495023354
49.61668479021309
52.063159054189185
52.822835339209696
51.94952936392743
50.13767244068766
52.83471842028964
50.78182056771934
50.926377856156684
51.62156222283835
51.68478159497399
53.0531274236313
50.78653501675013
52.000270089851796
51.419491642692485
53.884209110504834
52.19653433172487
49.13710064376528
52.04594165525137
57.86528520591808
53.869570153993074
50.54206787415442
51.72547561717213
55.029543530795564
52.56477680573351
51.611596812817446
52.576704906746116
52.047980270384066
53.854042097345946
52.5777474841739
52.33756304283332
54.4557113466633
54.43525281375039
56.047594759316674
54.73391363295806
56.01622605238114
58.29977298418046
56.17596164680387
56.78776052307791
58.65230117731705
55.33906260649763
54.22820529957871
57.81515701425054
55.71800184390133
52.59103786374411
54.59799902076591
55.9313813903283
55.43061537609155
52.546319275571385
53.278127528543116
53.07491742582186
52.306556062885555
52.89455083333558
50.06573738660652
49.19339120847827
52.46915900127247
51.92804879986792
53.13727766189109
52.98621636757924
53.479559803100635
51.487866638695785
51.29323798547868
49.9855577374315
51.1020882352483
50.51919205895118
51.36096806752639
51.240540117557856
48.934046115015235
51.38847130606937
50.36028755850621
50.01253043659035
50.68383737642237
50.78144081247463
50.04570583136446
49.973595161156034
52.780947792096924
51.79921994128825
51.79707109883554
51.32453402995465
49.64526889268161
50.05715205135377
50.59588628067332
50.04019687198736
50.47153804870376
49.916308631647716
48.064042716502136
49.60862814675991
52.04630623081655
49.467086934926165
49.405077785880906
49.95994414806608
50.51342839505562
49.77728593318985
48.93239077517646
50.49189329208986
48.56534902571957
49.490971782962625
51.516357305693774
50.410255262963055
50.0722949171322
48.893665213972646
49.88628720528052
51.82529617699363
50.868780225033404
50.41208764388295
50.20440227474286
51.566276688917696
50.81700729089019
50.247821729680844
49.03709413095024
48.020784809013676
50.92116394293254
50.59301934689902
51.52449400061034
49.50524466641607
49.96524617869471
49.90000161306336
50.10778151807468
48.56616643701993
49.613665970403225
49.64174914130262
48.54285994772259
51.16620142978327
49.031182762331134
48.21522372972575
49.77410476759518
48.29800607897675
50.96439966541584
53.25167303082595
54.13859843455827
49.48262552628993
50.206187173117684
49.10552289875341
48.20071722985258
48.19303275559365
50.386278564108835
48.86615033035871
48.15858858631591
49.495849092424244
48.19191378073499
48.17825563671253
49.11656609189878
48.591543428292034
48.37076075937639
47.840626983392525
48.87443724123897
48.62200124271219
49.16750772170104
47.90399914982429
47.90286171224252
49.71273412096018
49.09989432759205
49.04613350457572
49.488126232869654
49.72021790872239
49.94489074369796
49.766378969438264
50.96280747450425
50.45680962810282
50.105170434034235
48.03084096471766
49.68263438812819
50.83986325876442
49.253692578159644
50.2066764535824
50.34961825632568
49.273569171256966
49.77741827203002
49.35299756599605
49.88110032935527
49.53462804505927
50.29193810576257
50.776673087745706
49.77992564858093
49.431197190982594
48.57744774457947
48.088261909351814
49.735782764911356
49.99336278495326
49.76411865179986
49.4012137243974
50.086223258869914
50.56731463208118
49.56999314170737
49.80966269584397
49.62304134027899
50.483311045262944
49.33919517118385
49.16010847274365
48.70692032692032
47.80060093248936
47.42079122597639
50.50527756621217
47.746669947252414
48.09266674938195
49.05903880666227
48.77719876838315
50.669193577580316
49.38781529560054
50.11670309705285
48.16736765994549
49.08174749853843
49.221249754563175
47.95412468585794
52.29853241884231
51.273239359794125
48.55746174845461
49.31522352326689
51.98583150720421
51.106696555363776
50.63484169372154
50.723853192278185
50.81654762656544
49.82549597920621
49.86878289283813
49.63389144885459
49.825261726108494
50.284596174062756
51.06896939870885
50.04923186052707
49.177865109290416
48.37231414766676
47.756966618037715
49.51288146608837
49.729863044992214
47.84857753806653
47.50558480064321
48.16226036249216
49.06828803102326
48.42420115191293
47.5081003025267
48.06253130303461
49.42532123312939
48.643935442051514
47.829758136250646
48.22674163675358
47.45015886369798
47.31819877378519
48.97067986647097
49.27824110328505
48.890515888509654
49.13798019939152
49.331292515011775
49.74424768452862
52.37356413235904
52.67262790332032
49.62070967471972
49.29296316965403
50.872331461619034
48.25629525560916
47.50855435407057
47.7988496329697
49.052220984090226
48.08249511515394
49.91508528725365
50.32854891795283
50.42475261675949
50.21947812271132
50.453565673177906
51.48429671910604
49.98256261658209
51.130129048055196
49.95239932946041
51.356390891191914
50.72264622937599
48.98713677496542
51.48000024199821
48.46703347912185
48.94087202182809
48.28957496104329
50.50522529981543
49.962432566252026
49.23012086397707
48.70710452606115
52.62603572184671
48.99270430315155
48.80212154380761
49.42681960084765
49.050256572368625
48.84227066369569
48.766780208070486
48.94008861197802
48.199190147298424
49.17959246542816
50.26233394065697
48.22735627971124
49.10333963246192
48.966038916082
48.42187951606014
51.11395847094418
50.30153533048517
49.67137872253339
48.80937120937213
48.540671145345144
51.606770681072014
49.854013454728666
47.0423472529217
51.265493736150745
49.6263764415547
51.20466007629716
49.980901300530206
48.07204647674749
49.085271669583406
47.67951113132985
47.73157904008507
48.99855095089438
48.61838719933326
50.52314679603056
51.52807120963784
50.986884488863446
49.61128870039102
47.75632147809181
50.1283487619266
50.57089733611283
50.60022237007044
48.021029404030884
50.09189316337938
47.7819593864833
48.14535999276521
48.260358494168386
47.44618520359651
47.83095241709108
48.22711309678452
48.344564919768935
48.722149460541004
48.52274121796696
48.720424605082954
48.981508917043215
47.564236969985174
48.90227628814051
49.64716356635481
48.91036058939587
48.981385758789585
48.87339409359772
47.985877349410515
47.59257955214974
48.584321560730565
47.410490223242576
48.570195576606494
48.98153206832987
50.44413941392261
49.2125562440441
48.40696822084824
49.445391691585435
48.30752962315141
48.67688959435667
49.37013167424752
48.43352225481055
48.23379404717377
48.14415554128117
50.507786761210156
50.4603185239027
47.99528588622947
49.47012484776093
49.51547374107438
50.6212735309956
48.68881039535778
48.03880645932177
47.70453528771449
49.37301624567141
50.09211594647757
49.664447492611856
49.26249050521942
49.93052064971653
48.8802535292711
47.62016867370608
47.41805477531827
48.43063160711368
48.88173148266963
48.24015019943156
50.18010300706597
48.074639154601044
47.25857090380278
51.23243562433313
51.74186785904189
50.87600604991785
50.5312867328242
50.36925647680508
49.545100741489
50.33570845249933
49.10891688849452
49.20994259714139
50.81726256416377
49.94454698932486
49.41321931750983
49.84031901380304
50.83166353707675
49.32838848333676
49.10542103037039
49.08452549737796
50.01551274021842
50.409107771356815
49.51122712077258
49.73383569722121
49.22322527694692
49.228317099666256
50.08204230062508
49.303091409404736
47.5826062137133
48.50562129680013
50.309587329703135
47.736016563249
47.89153772482802
48.45133924087342
49.02082304307077
47.93020057894439
49.292282781364094
48.89722762993793
47.48781374389412
47.8742232805933
49.17795770696986
47.808440267757426
48.83256604893717
48.957907888883895
47.53742178359533
47.67501390825321
48.54193914391128
47.285786936926726
48.45864088100885
49.02025493162084
47.80906672410805
48.08949092951234
47.58799875915471
49.648258019451475
48.45876167173937
47.61969292574204
48.486636840139624
49.81241716387146
47.91145752925277
47.513864419770464
48.10574678733863
47.684454418962794
50.39859701751364
48.478718099501435
46.81425602621679
49.968519264306394
47.76403757795593
46.75172223544403
47.67148258387283
48.66235357323746
46.59963169388549
46.962206797313
47.2379393004346
47.02392757809008
47.34762589049946
49.75347918100019
47.38667038845009
46.690180875584076
46.918861150254436
48.06526818235947
48.13424068089238
47.28857662310841
47.839001183228184
47.793183708186305
48.58819921839342
47.13138600335547
47.256270002959035
48.71669728771622
46.996656929607646
47.15865000858857
48.492867314130855
47.86032673578858
47.073461923330576
47.30503187950957
46.92685844439147
48.60619670727107
47.059633532359975
47.28148527678295
47.37095076563512
46.854984033601305
46.98368284449024
46.91041662460113
47.64740958562683
47.23710599920736
46.97904617740912
48.054413647732936
48.48917482497347
46.795236672546146
47.06797960055149
47.46522059995196
46.88916779975372
46.994412999133864
48.16308380442346
48.186217726377016
47.87609439934071
47.421192461532826
47.65581536899945
47.422477448348836
47.24559004888544
47.47989345719075
48.13728594947739
46.554605967382976
46.95316215065177
48.125584247814814
48.576488217714626
48.58469636934265
47.09738657701404
46.96588738582031
47.269679510146254
47.20633006423919
47.30496012962303
49.23262749857802
48.601445824971826
48.832241685615884
48.04743833007934
47.17816731014341
46.46542046668473
46.7015511882644
47.58486375573748
49.842743159550416
49.529149793372
49.03650424133136
47.86899425147131
46.83632174402262
47.06992674632707
47.97950677771911
47.44354090349978
46.86932323836492
47.468268963685944
48.829725543144065
47.3974348926623
46.7774205278824
47.54458002438653
47.975272116902424
46.98539756208191
47.53293586200055
46.816278834902896
48.759015542941796
49.268442957404076
49.207609252667865
49.32680363848018
47.797544166254426
47.092440978137944
46.884951362801694
47.71787473543596
48.37513922928189
48.92132378075956
49.116259369723586
49.18710011068748
47.288883396050736
47.147392633142424
47.98860970055404
48.61101362691261
47.34024508453825
47.69162314705351
48.387118039397116
49.3741020029447
47.00663669661868
46.627476035313066
49.70581067959221
48.3621079888355
47.642458757670795
46.93785059074784
46.69485910070268
46.52448542751668
46.59949652429392
47.028093685611736
47.18497316264122
46.31517388800912
46.79983722465158
46.965422748591735
46.593824102751626
46.847904955339345
47.33623858812036
46.97767428585854
47.136949436757895
46.95496317628593
46.67397712437072
46.351033519075045
46.366571881054405
47.54880090138013
48.98164349969563
46.92918490869215
47.713803215973115
47.56190274120761
46.966501302097306
46.605671044141076
48.604290279135256
47.42566290176445
47.05041073998789
46.771967491074356
47.56625783741383
47.52003558940096
46.70143726734907
46.847957436302856
46.94584826214357
47.386471978382914
46.59205217351721
46.65334788623858
47.0818665515035
48.87417914074405
47.94110510089971
46.43015036350656
46.89722966130271
47.284745293327575
47.40596334924546
47.44952597776042
46.95990033688136
49.16405857386153
50.48929425716825
46.90695674010123
46.321078214345945
47.151698976895226
47.90459902036227
47.61931807174208
46.6347505727935
48.305640388435776
46.910126537232735
47.050922600017365
47.72052504835383
46.95327081314541
47.46690156688749
47.872848156716785
47.01626290437525
46.84077961088249
47.05426147986895
46.95936014578311
46.53693720995648
47.45036452870138
49.122507732085694
47.30576741858753
46.354046599115605
47.68238846461263
48.67854498128629
48.69275509962949
49.33352512419418
47.27266512886959
47.391426708904454
46.55500102953368
46.74645222979458
46.36249072837186
46.938591484364224
46.749086192471644
46.34012731801271
46.46038160484198
47.23350541391803
47.40471444427203
47.66897371587938
46.45389636597356
48.05413675066965
47.40538343928782
47.39417146759946
47.55236498400067
46.84515544617095
46.78616499318789
49.167682970326716
49.75471520953588
49.11032565593159
49.11972172026052
49.07660508862488
49.828577291117746
50.007473819191524
47.07823051763252
46.86514273677699
46.47151479662741
47.13261963487782
46.57932632586533
46.983566781496265
48.133989570219725
46.71244100751872
46.59572845805324
47.62696084119472
46.95479440119204
46.8500664929152
46.845422844104384
47.31675984280819
49.55093407954106
48.93571217869532
47.90692459705264
47.68352503945444
46.86493814618937
47.2376986438409
46.91272799688939
47.662377310047106
48.76950264019953
47.4965973053687
47.08597488699171
47.07143498534583
48.424441848018695
48.13165203017308
48.107352257288646
47.038638059490765
48.23145129433665
46.85350067605243
48.49592306937329
48.879867684942184
48.02143933784173
46.850937605077625
46.85700998536934
47.96001072486587
47.33177408181943
46.680182742468396
47.41979051081347
47.938932089877824
46.84712142061864
47.31176053649291
47.95969424379802
47.572687921291326
47.33006666897061
47.1592264094484
48.76388107883181
46.99085039516091
47.293516598403706
48.94952164032897
47.22304031275364
47.13846933151619
47.73822853000096
48.596144784305636
47.57000429628375
47.73843257007126
47.96379262168867
47.31735176799576
48.746564764514375
48.39301148337833
47.25214412844666
47.91310788036022
48.25374818516141
48.51680538151231
47.16350937724694
46.918923154304615
48.10684131665143
47.10460533517062
47.29716483317421
47.45667994196616
47.022844248589514
47.794683287148054
47.089903778374676
46.9822675194854
47.451246829980846
47.80587090245885
47.08859828610408
48.56976124199114
48.46710367171276
47.00516325680441
46.968247071978816
47.5373644881345
47.39456237895154
47.17425425647521
47.04503580416294
47.41756562789569
46.99046436407818
46.920969721698896
47.23525391885223
46.98592907016942
47.02382857805086
47.29385651859383
47.09535966182418
47.00807690338044
46.94714430892545
47.147572607459054
47.00974178620805
46.89322438439387
46.99239033821691
47.031668003093564
46.95003703506988
46.90795589000707
47.028747055131326
47.00227206485467
46.903651120490046
46.93800394017817
47.037788056412865
46.953802664672246
46.96547414115068
46.91927236493891
46.980903681083575
46.97220173801069
46.948735688066954
47.06973129033642
46.97147148897245
46.95498734944352
46.91506238752972
47.02189314265693
46.931738279063296
46.908029580402506
46.9916050438334
46.93530962342535
46.925251819020794
46.89285735650006
46.97436789654547
46.985983049320986
46.88464642513125
46.95829888676897
46.9876940478936
46.93257027466903
46.92467169817456
46.947401674067116
46.89826069904273
46.88703076600925
46.8687088613503
46.94829627452567
46.85674977349417
46.91804369351268
46.90181972123413
46.86523170144152
46.87664883870841
46.89268991326198
46.89904779196209
46.72039307103712
49.376922347102045
51.708403684696385
54.10454835749305
52.187152829171936
52.57589357121633
51.850186728759475
52.0458628953288
52.22513361813384
49.555578135985094
50.72236186204116
47.799579763542624
48.83402239546195
48.7654854858269
49.981266185995466
49.67144419742782
47.76990277864901
48.17654837490854
50.10548039253986
48.350141260684246
45.88880859598717
47.15566401176053
44.87894057067501
47.62810816330433
46.27249627727822
46.274676051895
48.64666452280657
48.57360784170264
50.014544271540174
49.65991885966656
48.976689692381896
47.550817762750974
46.06894904875929
42.346381847524974
43.37278163565468
42.84809787802209
48.77306993608177
50.61012217295137
50.912443820978254
47.66241358172247
47.31827433053404
46.8353044745001
49.74067336640648
51.45838659770418
48.646503311658265
48.73796121066931
45.66911996995885
45.89672769754427
48.41465784326201
51.051577185607655
51.9427837766142
50.158159652164606
48.66169273602441
47.618746832339674
50.74661677983528
49.505551636620176
52.06102500551633
45.77860398203795
41.72887341535941
46.71540363369282
44.215014300524615
50.11407110874301
54.04801429955922
54.05402768211596
45.54820351955505
42.685098332252494
44.96069860262089
43.008996704586046
45.80932971841474
48.01749337772937
49.946378554156944
50.08080752440816
48.49975465198268
44.540329320132386
51.11405809734879
44.85530099870614
51.73543551605573
46.49023234199804
52.29037578758257
50.50543708882125
47.53623392245926
50.44649629599559
50.51792934703872
46.20072384317481
45.58377563937158
42.77249637876343
47.07526615287277
49.04393532984874
44.09133190306645
37.01566224520024
36.30735154912422
35.129003337315886
33.00582073527224
35.17849751043354
36.47067761641702
38.64645888094865
35.86220716673694
39.62777846154744
39.00372319011382
34.84501446745426
31.096969915620676
31.776043353640077
28.46329876405743
28.155618900424766
25.641046883662447
24.749658446961952
34.29840758752663
36.23960589896494
34.977122780386566
34.253599912012106
38.25324331234881
38.567934312597615
39.67771239258812
41.036068389186596
37.748364441637044
31.556976771638862
29.419429876785998
30.857355082894884
38.67741305139901
40.58784136828372
39.496226494380906
49.50739775012134
45.86422434942847
46.270440830248155
48.853593340611894
44.30636478443466
42.70969524595162
40.68807743948112
45.19482738118504
50.62370784045501
49.95576288484567
48.7748315203095
43.302319217652105
44.38605244572912
43.61947072031235
44.025789574610464
50.8844244170318
50.14914899867815
52.594461475731805
46.75068926199316
46.9262721814832
44.61174017796113
51.774968950891996
51.24172298438145
49.36095636690068
49.24885222212828
47.05522613532708
47.55878733957063
46.48044882046839
43.76637655374156
41.36670356923458
40.00623099421202
39.670305345833796
39.72862621502795
37.907352296449375
36.02147957570634
35.15512908761209
39.842200187159946
44.81247854709101
48.605951478602655
49.09775580726727
45.48699242556398
43.407851685776244
49.29715950423578
47.3671253393613
47.44165693323375
44.96895944892233
44.89727685870487
46.159960087763324
49.12771652984884
49.14245914925999
46.443834609023746
51.68052797672263
48.608774794537375
44.46078242344507
47.5430647765444
43.4790508063937
43.79200218155262
49.747188007451705
46.85831535630501
45.11897395619928
44.899654396165495
46.48253861850034
49.01291549265453
45.8656371158972
44.353226261374544
39.66532290800966
48.63152383138568
43.172393033500704
47.43066911807969
49.69265224141669
50.22010992500194
49.63979107168379
46.545744253477295
51.15598846740331
49.19064118488635
50.89241982611542
52.22172187836409
50.339959574549724
47.06825882442068
50.920661558770355
50.6399478208013
51.0502266267931
53.721896024051446
51.866391787146874
50.47866022846509
51.91347969624619
50.97643008713415
49.755900607094425
53.09853414169749
53.24889867573799
47.30313403266438
44.856981616584726
43.73034372793418
43.66965664316002
46.96505151389087
43.5817076130751
41.74586108919264
45.94659239432644
42.5653458522188
40.47847000415316
38.82113270536358
37.52754751831355
33.05271290063826
33.497758329037666
33.154561858958694
46.7071072680146
45.021546149361285
39.647266444056974
40.18024302283222
45.72624364695352
42.021975002866036
46.723853750579245
48.585372139051
48.211166024725415
44.32879019214682
45.61880636293824
45.918245213949895
46.03684705841186
46.13141531244424
52.13230216560012
51.06664148351751
46.2541066939755
43.65774202655428
52.535817597244346
52.05103621981581
48.39435037053723
49.860386425871305
49.370031364369936
49.4957569298966
48.20903784335027
50.82424435339633
49.99287396334625
50.955010921941465
53.13762099289188
52.269319429935095
46.6094573769272
52.32640622521791
53.182059732342324
46.25889456954385
45.29582714467551
48.0407356206617
46.856896328838396
47.21445636447434
42.84492269341379
44.77018095520716
48.95465546512375
45.182129363769775
47.41700717485712
48.073454538433545
48.75559157999962
51.046372329158984
46.73864515948295
48.43024271723172
39.947520378566054
48.94844092930515
47.505666117604086
46.710956310421786
47.898652888309236
46.51817528634998
48.778808337184415
46.388843240286036
47.840631257357245
49.078797998246436
50.18534839388025
46.659783219625005
46.39846542168772
50.15158970406338
46.53614079720352
46.880934648787495
44.73098801100828
48.54477475252979
48.802352170169506
48.31879202028265
52.42308214322311
49.4906027223824
49.69182398543102
46.850935687973994
45.78327659267461
48.31801233515729
46.99507714250362
56.941270859460566
54.63348620580957
55.20229719544819
54.64307792005183
53.978131416686075
54.2216432356144
49.967074112243836
49.15118025176493
46.099199014886736
49.786698362099685
51.505046415721864
46.96112316517721
46.50619986332995
48.38167925453613
49.18568883283057
52.85843589754808
44.986305352256885
45.20776699044047
45.03096206377481
50.507168455055044
50.10774890186434
44.62079860243429
48.232777907046064
52.3870672958748
49.082910991313526
49.07431549118768
48.46329233405924
51.23416298076641
52.81065080479617
48.51041358286762
43.603934141481325
53.49783931357849
51.91985517940069
52.44878171899285
50.81070606427633
50.46054130002913
49.59098615331375
49.91195636849057
52.08711018922986
49.81513798808325
51.42991536747831
49.6087108686773
49.75947284671975
48.88330832621683
51.54652997931808
51.264825166602456
49.72658506436228
50.63719434437758
49.06758941107792
48.17409405758047
49.83231913806977
48.27096600286557
48.32466822600131
46.63771254721837
50.98812163801179
52.10337235495277
50.90657723844599
52.6951549639483
54.069770564821226
53.282833486906
50.3659835148721
49.18081880992252
52.87641989557735
52.39699333212777
49.20668260034683
50.198120343584705
51.12275270177253
49.9880862726566
49.495970797980945
50.479625100849944
50.048672887763274
47.71931195229251
49.454905229739836
47.75566302738642
48.26132764851534
48.12323000734148
48.05448459825222
47.85705498956724
47.28132265643425
47.624369803769795
47.03181270443631
47.40482889409731
47.53729203528993
47.130543071393085
46.82024641547892
47.10594606087174
47.16464452580245
46.617312249505304
51.15105349093152
45.85595280054623
45.8671716010941
44.32814296281299
43.53062136849939
47.342481762210284
49.10377046487522
45.67344677435398
46.287610512061605
48.325808006417375
49.471177562742795
48.52215548536287
47.93963506313581
48.67049265715386
46.088122944120386
46.690327981374864
47.55048853913035
47.15001508616703
49.835989710874166
52.16529686356233
48.945503426607864
50.379097812297495
49.387028744563366
49.0001066780861
48.9740747306419
48.07156109315563
49.16401034339002
48.40656435997611
47.39029995852661
48.174917003973476
48.18465003881313
47.41480787122937
49.00531199196803
47.73367799235842
47.342525897627674
47.5353659878617
47.273742404868884
47.061679365089105
47.100310276038364
47.03607077964772
47.37006261514951
47.10264964869286
47.46893429850974
47.271066539095685
47.02463922150417
47.003820853263996
47.120465853536814
47.1964415856469
46.94329005858949
46.85275475936212
49.029585355441355
49.68253139629192
55.04307579376149
51.6406825131217
51.51265779786367
51.21630770833377
52.93009501944516
53.28406686251125
49.76645240755196
51.9610073373019
48.699153999261526
51.6660827742504
42.45658157693306
37.985798995054736
45.85574516550856
48.243081603788845
45.92796153111038
47.501924606293706
46.237153252597665
48.40432391619799
45.71788307664425
44.49749929306456
47.304134490447076
44.62741305015274
48.34314764584994
49.8737149260462
49.98064400483932
45.71539599662775
43.93292910253549
44.88126610878118
47.467029318908175
48.53311028385837
48.06048776127062
50.74121328353443
48.360391105166435
51.8112436777447
45.66937957472166
47.725064466982474
45.73570356823184
51.619042760694285
48.576835585553184
44.30711201990478
42.871431044379506
46.683092544945374
45.3179826718781
43.06980138719
42.68922496873748
42.29906602421637
45.30009921866544
41.50266634896756
47.70355087980289
46.13833944919104
43.51356423158699
44.163505377704865
47.0088206462549
48.78754780365171
46.36687965347628
45.32499904334385
46.328983037651966
48.1463789921761
47.43452848466275
49.24417821011542
50.2112456474047
50.52274649474828
49.44138496852257
49.961683077493284
45.59052170699693
46.357553671580966
43.21330387156471
49.327526445166406
47.101066763192556
45.98675358603081
48.78670886914115
48.13648319797747
44.72665267679118
50.01391985780685
48.638796662132144
47.51484233718216
51.53539933120611
48.50086689861178
51.32529513639409
51.17576964857601
51.30387157672363
51.748907638823695
46.65358127466912
51.03281402903476
52.19030454904439
49.175173415832525
46.97521528864323
48.320398933751356
44.19222895268747
46.05654332826788
46.79718038618165
46.689757549226435
47.57866095092893
46.42456477835098
47.87279548846735
48.57822615539866
45.86414771913549
47.162639730510165
46.778008462776434
48.43865099881336
51.349267678461025
51.001434687452644
51.230661740616796
52.46575765497046
51.81616520850081
49.262153719357265
52.0023165431976
51.15152998926815
50.74478261910242
50.94798521905145
52.093224972567114
49.634321923454884
48.08719898042542
48.62857377916558
47.70299469534808
46.90615113300697
47.74204200519569
46.70934302564945
47.22989186794137
46.837573102801514
48.93182389580871
49.792589579273915
50.99900911191569
50.33979031833126
46.56950200887341
52.42496282087138
53.5316169137825
49.3473426846306
49.54818408437525
51.84836961108188
50.45235292112518
46.18743521226143
47.57547075040071
49.51916335807
49.87086895791266
46.23953584453826
47.13593209591555
49.86803890467135
49.24524820907005
46.88076888261534
47.72048552614908
47.595309964091705
47.86803498907594
47.10883789215782
47.40752572941245
47.35029256056962
47.08844760018954
46.436242163706154
46.438306513252094
46.96582045000895
46.751321686684335
43.8527362318677
47.35121884429368
43.80774636967037
38.3523068420802
42.34210094194329
40.05236135225267
41.7951486182513
45.10647035384964
48.46149604554923
42.62858771693056
41.57920715870709
41.84228798224805
35.7851835195148
39.1130647179311
43.239486422583596
41.037427888646505
38.93659318265353
27.869442429238443
35.27983787633336
44.86051408662064
41.7519186997644
42.9481148935288
49.546477466962976
49.86434411219946
49.59967790615322
48.17489283337711
44.95052028793822
44.162051087361846
44.32105188834894
48.42121002194001
44.95741885675742
44.15595831308853
43.94666083368508
43.89684663715735
46.258027589598754
48.749326458413606
45.83210510370561
46.94693131704767
47.38625725340669
44.322672620032016
43.391716163879536
48.12678145846024
46.514288931731265
45.856038590074334
43.25816125528886
43.20198016576007
42.68945019165146
39.73356271752164
37.17105910093933
38.60582439776586
36.18835965255515
37.70799752350517
42.556076773707424
35.02889328387962
32.668592647977796
36.89427508459153
30.094573534978167
42.16254783347554
41.01929710270426
39.95822195777321
40.076229480485026
40.03667619628458
40.564601560532395
35.54022605702021
36.69416398505208
34.47942913911486
31.7845146197165
27.394000350151245
28.539693145165746
31.34924748108422
27.987222339496785
31.392651480754466
40.65774084103557
41.518382614382546
35.61506332104421
40.59813353523483
40.31501601724417
41.42436343090772
43.26734706534407
44.32964976350746
45.48398620902568
44.31730089251154
40.892306498741945
48.10617207617399
47.3424350209164
44.66206632017487
42.94821580373355
42.23122735947442
46.49320626733112
46.506744736809225
49.14454995699929
47.848954102223296
47.73235449362076
46.62457793998543
49.07896435687262
46.71528221929192
48.04770253143315
49.18861306522808
49.31901539135352
45.45328388686806
47.47835170224162
49.178430648028986
47.604933780313395
47.41257866111064
47.226726318430444
43.24024717584042
47.11895101380398
49.40448968941753
47.704796512552576
51.74753760122809
53.07102278980191
47.199842099758825
47.66802137794054
52.25008622979656
54.826085019284754
51.858000479146995
50.43442374641359
51.30864781782806
52.909978654741444
50.51993251280416
50.538241415383965
48.7424688580129
51.34605415061742
50.47016366499818
50.16148737726262
50.70123312737253
50.591024888788695
47.09986237147295
47.1026783600469
51.95883941587622
50.216499393161705
50.47928427209743
48.17518673433444
48.96398359215733
49.0235391218631
48.413249606537555
48.43344312128081
44.1569372173198
48.277152909301115
45.245155439595216
50.514609869199866
51.901963132405236
49.035221453276925
51.47799582982377
48.265543535596755
47.003931153798476
49.194951087294136
49.08030667417831
48.151000794132734
44.789373180790065
46.281445786481
47.71466414137223
47.997182540023175
46.06301171879588
42.4987709379649
40.001777883827636
44.24017589409541
37.61559263433855
41.7379918558381
44.97940781616292
42.557029099960225
40.76712727633953
44.448893115073275
39.610750713351635
42.69992628835396
45.71940962436454
40.28445610593231
43.27783374196534
42.87121899303074
42.69892831980682
39.81807512551397
44.86326278132197
49.34120302070379
50.90593044496665
48.629520770445986
47.644391573161826
50.72687363839815
49.54446552620169
48.788182949785
48.71952224993036
49.59206951306825
48.684198596345105
45.655728065206986
43.43336803577018
41.49839696609171
38.647371517603865
36.42015675911743
36.59326396148243
35.22840427393212
30.1953087489967
30.210176404912055
34.56762855444961
30.458721824265577
32.26625394410523
36.22403870026126
41.87605169996531
43.40094315769748
43.581083568821924
36.21569176604461
39.49060530312903
42.27631503335711
42.77845095311065
46.913620901160954
49.998620190675865
46.244572922979415
46.31415338317087
48.62631722890198
49.898912146668415
47.91069858655043
46.18695594446117
46.23266607986007
48.513906800608474
46.93422441310115
47.845198814206796
48.75151049432446
46.351599021259005
50.563927199884866
47.66944081777703
49.33610486310955
45.99823252699765
44.38740382465936
41.33801762247983
45.40845430979737
47.58913599622038
45.803610218726334
43.42123827988118
45.02119477603956
45.91746815957667
44.64596043494122
44.57525270768607
44.317574763949786
44.913771890451315
44.64529433468432
44.62515449103907
45.68972686033763
44.96927158739351
43.98629734180553
45.523615613077396
45.32824578872542
44.65472390050917
43.67009809652055
47.71079277557149
50.738332865173085
49.11353599139274
45.00093799167729
51.03450727371482
51.97698042721319
46.107132768388695
49.59373786061251
51.24894023108252
50.015997267757214
51.0529522456475
48.783228161695426
48.7037255945992
47.624454583161075
45.528803091450946
49.0299150474514
51.73696806244711
44.39376324434754
44.82735346007748
50.333596589638326
45.98335416636819
45.3574184990348
43.76779151540719
45.86228435795685
46.94341260340503
48.75003582190464
47.98797735468943
45.19764172480163
44.70977732936322
38.87788145376908
38.08487350739801
42.874082996140544
42.63024870343331
39.26173641842519
42.579198227167126
43.18449628514838
40.38617536856242
41.22484107741187
41.11019083327876
42.363782906694425
41.99360566502762
39.14306734516835
37.86277460263831
34.66593781720835
40.727805124580456
40.58399064269493
36.03195438029948
35.47335768202244
39.74971262515299
35.52328380492411
37.96955852913073
39.969286091515926
35.55971067220159
35.25038150895051
35.64194931211552
36.27983064427628
35.95994499663252
35.102045947535714
34.60727375463646
38.46774512424976
39.43117458107211
40.46561643310987
40.64467859764575
38.49657290372225
39.265239964659706
37.257327795166425
36.46004712703698
33.2486086876153
36.581705349454765
38.200935694635916
35.24270947323245
40.34023093034516
36.67056455295666
38.04212453340365
39.479831573986644
40.75792438331259
44.47374649158349
47.24418614499905
46.53335518943326
46.420830404923024
47.77032497456703
40.80181522746827
43.04785543215257
40.67788354324611
44.17849474908254
39.00515775073519
39.300938298714534
38.601301972898995
41.935914435805756
41.63518309245317
41.47459831658687
44.98570711278005
45.00901457408686
46.80486639263605
41.08845495902367
44.94092669899881
43.470007785386336
38.1457306354425
41.36244217907268
37.59399527333891
35.80066696042881
31.4634396830269
33.283348867276125
40.06189757003469
38.89121830436752
39.306003027613734
38.85371480946634
40.02945921074392
40.3985442576579
38.95785977744223
37.25184990109825
39.33411528828563
35.44777510130661
40.45617451595538
42.936823507886594
43.66577077999038
49.04947109278582
41.997574577456014
42.695909406601814
43.22808955418321
42.522389651527625
40.813277919291004
38.66644915087687
36.659039228644794
40.95796458362204
41.91543921170481
42.878034582181996
45.991425673518215
48.37964584149166
42.24624245952933
42.95347671098807
42.530847332128225
44.87268993170977
40.23878557682111
39.11293225207131
36.6423294315604
38.277428256022574
44.18977335231838
46.10172231825436
41.08851629626581
42.60552205778745
39.09998714777715
39.61814456354797
45.579219076647654
45.56733660665652
48.33259361628305
47.937884479812844
52.596347451296936
44.94527718804718
42.035782175166354
44.103058047642065
46.606442346357255
49.41297260501655
48.58160105374102
48.76587388056374
42.69103523489497
41.52214507807506
40.74563778938053
47.371546450227086
46.785565823384275
48.65242761815853
49.67391580136342
49.31758354463029
51.84007839753428
49.942052854969496
46.99427333944916
47.47065613469966
49.39686273943984
48.42175774725483
45.4256892322788
45.57084814857037
38.667726775520386
41.724612226808205
38.30223013050619
42.92368339445089
44.41032085037681
42.76876534009555
39.39264922305576
34.6705724280367
32.9904364833403
30.598716908132
42.11572474294804
39.831499140966486
37.83024678407496
42.68648091801128
41.14773537931144
40.07977802668762
37.689075537321855
37.48527161887986
36.70857300019345
33.610256161918386
35.594174968345484
33.200321072673816
36.42240487035438
37.41444639283154
32.33784659152293
35.91161007632152
36.14520105021382
36.31853110430199
35.25792167091411
28.576865136475636
35.249780598950885
39.33504719927109
38.15184275672068
41.456360915099815
40.7286618147601
45.19701155087322
42.55698733455038
38.06767630236513
37.40745306718033
42.02820995638431
41.321678286227545
42.161985187692245
41.818277143039396
42.03628387359513
43.51833879261458
43.84957692909724
47.06947491739222
46.96860572712389
46.781528098582655
49.8399517958801
47.327019264958125
50.98667859549072
50.689758854788224
46.534205140260255
41.50364235096113
41.48830659900808
38.58933665456077
39.01979542445047
47.677294967497545
47.86639230587578
42.759906984886086
42.61634382011421
46.26286846525201
45.45080955903238
42.14580272234743
42.372422005623086
44.45705322858995
46.671147335029424
43.397394052557786
46.17333291191426
47.008600609846006
44.768669072243476
45.291260729679664
47.15792461599329
47.11636128196581
46.891607932071146
48.770586725705954
47.42818109276768
45.976718586750664
48.506142578911984
47.33722309686953
46.41605220833507
46.68032032507065
47.17445870947459
46.88423216322721
46.64425628947368
46.35712450830598
46.41359063826287
45.989542461031434
46.19362639362984
46.35533499847235
46.06106891373127
46.122822447325554
46.039718548127254
46.11737381661647
46.18873396238305
46.31494389884536
47.942052253262446
47.75895195293657
47.59101527640496
47.586010178654945
50.01958851611685
52.242560651326784
52.88559439413193
52.59022643306608
52.31452389272833
52.008193519609634
49.39159897330634
46.12856244302874
42.9453595767098
42.19174642357575
45.93728417509621
45.51856844947337
47.879664439739656
49.894035571557176
44.89709468544035
52.8960121238125
52.99642717948832
49.83465995821927
45.14775545969658
42.30452398542668
48.43174408801647
48.55883317110391
46.45491862793588
47.94367657892449
49.45331793970045
47.04685393999774
47.28956980881595
44.83632963324324
39.029972474744035
37.4131194796039
46.29378210078743
47.85663681115553
41.450967232415834
40.66032204493685
38.756224395911346
44.24054983049145
43.91732508145
41.92263999669115
40.29842757645332
36.89531500864018
39.4161615900254
41.031371062374504
45.991022365322515
41.69050898091355
41.78486521639084
42.790865268858234
46.116355774885484
43.18330036216476
45.97353715996052
41.31603077156733
41.672056563075365
42.71755982246846
38.83114640488699
43.37168542731819
46.91347911732315
45.15363399612786
49.94306845993114
51.17147320414155
50.32876258423743
47.25044089564555
46.48000954131761
48.78466180005964
50.01742128090751
48.354916502030946
48.04231907905114
49.05803255511123
49.11136704317454
51.01339565216514
49.29980909236864
48.82745901865812
48.01572559504588
45.443798831425774
49.72095365832272
45.82310214488968
42.65005416688067
47.221146114279016
47.20246084648588
46.177680567022506
47.59043465209995
48.906078298918175
49.94357608486484
49.92031322632598
46.90146600137407
47.044804374836275
46.38998324134914
44.01808887311803
37.94087768756704
39.554517695147744
40.569295547692775
43.1401950715841
42.122662875949466
40.70927780721356
41.55917878645219
45.08009541791582
42.07805728724513
41.20625088273417
46.97597953994577
45.09193237206675
42.003090024007896
39.72740787614645
43.52770959584483
41.3721466074411
43.63479929883455
44.77811444757456
39.6992109252461
39.45866304101996
42.59774537611891
43.27342690564219
42.00202473548652
41.66756398287825
42.995002759590136
42.38388596803094
46.695895700612446
47.278282584010356
45.864370482004375
44.614761583047496
46.483366122920714
48.24678946905169
48.491789651251764
46.094661636829606
46.871221618025146
49.29666049730209
47.32059989463394
46.311939226146116
47.37637639694145
47.491981569367674
45.97479144244053
46.77175575801588
47.65717775892401
45.657240700567066
45.53656346775502
46.0415967392982
46.46888899522983
45.021465372796285
45.70836981723326
47.25134724842621
46.55015775886314
43.997138305930456
45.62475137735148
43.98182526983169
42.64607678046474
46.92497753875493
44.16766860973739
45.74304157216427
44.81574769963343
43.692114119197555
43.21714500050962
42.68072682744683
42.27727513634993
40.802896903657505
47.78577161096967
44.12626962043003
44.02420719562374
46.59545523095501
46.08858865393319
47.63941321721846
46.85585799324035
45.89581807505684
45.50885816621865
44.704104179351035
44.54068294625044
45.212487170738
44.87173187372206
44.441239677589074
44.574678340568255
46.188768581388
45.92036867519397
47.552242355166925
47.42557125972784
45.05327698633112
46.766234253969095
46.84448580197626
45.7219031216992
45.84558425677448
46.14371639636178
47.249591923254556
48.22384925642596
47.576778044092016
46.17786102008162
48.4506346954626
47.004714678607996
46.512956348989654
46.594647936111315
46.717139023377314
46.78844492792293
46.57385477408262
46.56708471015119
46.797320664083706
46.606420898829676
46.72660643328934
46.62996059492733
46.659411234875876
46.61268554493322
46.77477099260827
46.69761371912272
46.673689349170274
46.6089032716368
46.710029828757655
46.76733614382867
46.68248388470297
46.55430171458414
46.71166731637293
46.660451737682486
45.87070968342953
52.067333192391324
52.94376085550624
50.22735379414441
49.747783863996254
50.80845586972562
50.46363046581823
48.24081203043679
48.80734371331979
48.92231381409899
48.930561831410486
47.77851067238944
43.946627614921525
46.104939212575935
46.16057469574496
43.0438742175084
43.22961649685154
44.68916360454415
44.33269660657083
43.94781718715607
43.33361620228427
48.11164109236599
46.86062050572195
48.27411367268893
47.13399417959685
48.20833889463074
45.25876512614841
48.66073167238246
48.07076240761022
47.14327635208439
46.24796507641605
50.838173141190985
46.14545960213335
49.604673421181715
46.18764120189419
46.27707365575232
44.62384556462267
46.242186992339704
49.51798092888148
41.54845158372591
46.40904771250209
50.80601947471977
49.91154818985518
47.16483232919834
52.09790775776746
51.84467907334669
48.55258693560708
50.0697271097586
50.260193461558266
50.52689859886499
48.72512355419515
48.27711140103533
49.86385008982701
49.0654028102547
44.92673108007389
44.190186182226036
43.91370903333411
44.83094439763434
51.67985542875388
49.47609096437102
45.32587507635821
43.766226340787654
47.12176383893715
45.4987419161008
45.78399285320538
46.83271903917229
45.21363453573269
45.7527507536065
42.05331546285699
45.30504615065203
45.07056076625467
43.84682306304448
45.59771438852863
40.92824607456377
44.98587306544158
45.19851506502999
46.832784263648755
48.396768578372665
45.56149231270411
46.20059879258039
46.29090835811313
46.62146665834695
45.74086873808683
46.85803536398917
46.93517252994573
46.78386719172991
46.44178408210954
46.03829292657081
48.728120045879194
50.371063813698996
48.75693288706767
50.5648629777052
49.556633129470974
48.5454153085564
47.710732831817374
45.41724646609174
51.451267969741096
48.55403503289619
48.44709001882452
51.75800470352316
50.03789597940516
47.46523396405489
51.19758496215022
52.19618106648036
51.95980617679801
52.7105681368743
51.91272515859669
52.54657182441957
50.7890245737434
53.93985914506697
51.528139791296745
52.28090510217059
47.56799515667989
51.16921059846865
50.597195080420825
47.989111800087336
51.151076589733286
50.20020912424713
47.69067334486036
48.59693705568332
46.50365305854092
50.25703400281804
48.13323553274997
50.422131073458274
48.97556607215382
47.65689740219407
48.3823571095242
52.48664203676426
50.080300076302045
46.51744656381286
50.15962223093479
49.788301959293456
44.77251651349717
45.680951245954475
49.32137211941023
48.98855458138114
51.65702496848789
51.017923016272455
47.68629354997949
40.901654649772404
49.17223667311416
51.41101359372806
49.26994497258147
50.93674805010991
53.26655901478156
52.78669675265135
52.15337206731058
49.33506307439182
47.636218369738835
51.986904490568406
49.44439532449987
48.39231720529073
48.35246592181523
51.10975471667998
50.99545090754913
50.913940040889045
50.61503550530724
48.12245755124269
41.83935637312155
45.07748704216285
46.18274693936841
45.86785529965877
45.036234531996236
48.413065850976835
45.70437560885495
43.19467095759218
38.30281878828088
41.176067909102905
43.75692313470241
44.56401931761931
42.87632662881044
41.20149520965586
37.83317070934842
41.29419336140104
37.25785753427492
40.96248005215683
45.766540876445625
40.95719692199887
41.4259124623437
44.038341066856084
40.09321761379519
43.650127321225916
39.28653632855953
41.90561179898318
43.56163348700853
44.953428824503035
43.41851604665214
43.50098014542341
45.27481615564666
38.354025959929245
38.18111065730279
44.94528173664838
41.516734633286234
39.47595056750779
38.66005578933874
46.24631200047487
46.576889519359796
45.73379890814953
40.92664247501064
49.01307268689494
47.511900840393245
44.039411841030976
47.25158950294426
45.95648733936485
43.894949629454224
44.42651272807818
44.66577613869646
48.055452167291186
38.35571713798573
36.29197991227824
35.56630692533512
39.07151158229144
38.555312981525184
35.109294910568494
32.277191841250335
31.84528663429915
30.594610344562426
28.063010060456623
29.11171778874658
29.7801194752445
35.37253824533636
30.56441964114224
33.58563742061287
32.141618693877625
32.245246381883646
36.24895595855944
37.687583922853285
35.52709068391028
36.15816502622869
35.20325001317799
36.75997247044163
38.26737745330092
36.43206551891565
39.99010456860452
34.85571938453106
35.162489810126566
38.31834933883632
38.54165386350108
34.56316062197883
38.67096795247917
39.65284029387267
37.298580173529565
37.55625591290984
40.3172165486203
40.51609416565609
39.89922555981605
38.052515806345696
32.89284207526522
28.78050221738275
29.770773816837483
38.10027061041505
42.9365888945996
37.668471228797095
38.28477043824195
36.97954756776563
36.42743538214245
35.20217181679034
45.33988017936183
43.57969820556241
40.260319769720965
44.675150561179024
45.125449517321606
41.38026332861277
44.83039866924145
45.68894020057369
45.3151776374399
45.016680565294955
43.535423909801814
39.957131173648996
42.33848582663054
41.501230266229726
37.373157921758626
31.000564030867846
32.16500522086112
33.354562014401374
37.88834475071697
33.55741531725527
34.20471992415305
34.94253164587983
35.40803515675255
34.75866474637679
37.521771641483326
42.94054595215312
40.365003496846256
40.28157845803193
41.66249413041909
38.363732009959605
37.40495968308059
40.64512307680724
43.51285115709141
40.90412150286664
41.67041681278186
45.72922292828642
41.80007420093313
39.29194720464663
44.73360569968983
46.31777420030612
41.15302442359426
44.629003526138824
43.34874103268272
43.630075435778664
46.397977411982936
46.29647172824258
45.00910750997387
46.56166948401648
47.17310597211057
44.143201486274585
42.81080590188207
41.68747094508595
46.16530913987172
44.65805797893962
43.4933948463022
46.16064610412326
42.42698410886199
46.45134365971404
45.21344768510597
41.598205105732575
41.87119176732471
43.69234054774075
42.695880056951374
44.049520862224796
44.04648419228202
45.04773876013824
44.73526211705451
38.82600382568235
46.05965743113566
45.505115650738915
40.90398003733745
42.36924349715055
44.90592400003431
43.201854920941656
41.502236556898424
43.5046576106688
44.47593149593915
46.52442234877146
38.52117354894019
45.04759581011296
46.41200651945734
43.19616853986605
43.94056393868781
44.491032246013475
45.125400360922896
44.065251243010465
45.808660300552326
46.476306291625505
44.61099555374445
46.88945107598034
45.01704161383713
44.186056984404516
42.30474841579393
44.55899471180062
42.057127877501145
43.92110774681576
43.405169062524045
43.062422274295784
44.05220048412984
46.26393441778617
41.09933292310174
41.668602071052575
46.26628903589271
50.221807677753894
40.80610571436782
41.85355586053492
48.07298334548663
42.14775722592325
42.494782121459735
41.0588018274207
45.27612555074532
45.27447867918526
45.5749987768218
39.07872015654332
41.558574925390694
44.075267754328706
42.15284161726266
38.369050976405354
45.654923245325065
44.46492778094235
39.64345202451073
39.18293687777792
43.65011977070559
45.67176441434619
46.27170991369276
44.00924422827523
39.68995942444544
42.046934245786105
43.60044911573258
39.38982522260029
37.7001144880603
45.396612172866135
41.27258930792124
41.108637123110704
41.69401338353573
35.73922040655289
41.41930916998692
41.8950597581821
41.27118233958313
41.53759127690007
39.83488790804529
43.56556616042924
45.11462638503549
41.60248889670238
43.57578936897522
42.53630617060135
45.27838369169445
45.35291991041943
43.047698520019736
42.690047934000816
43.560133677731955
37.97837864112883
42.55610186612149
47.643087528904914
41.74121231865726
40.81500932641636
43.5895024295207
43.79704586826787
44.72463002168288
45.141821090887476
41.36537149874097
47.55068211721017
48.70179832206017
39.380662120764946
41.977573385315665
39.156001202350815
40.42852431070238
43.787152950371976
41.65955714530049
40.01367507134469
44.208180865186335
39.43081605787267
40.29959917613414
46.40869218290238
45.956489113499856
40.308795038098985
39.45319091742017
42.93184676818135
38.753328625311724
43.23420900520653
45.440258400237546
44.50669242828508
42.11764644928513
44.1262379100149
45.54315334930331
48.207653579976466
43.196076618516734
40.44729264205342
45.14809500158162
44.87948381034312
43.23712357611608
43.3514804503091
42.04396387987517
40.554804360515675
41.798163543140305
45.254329309920614
40.99118042724386
42.44012048090295
41.71408537660938
44.06561979367839
42.30512553219985
40.41593277696366
40.33089139871891
40.33097464998671
42.82808711788309
42.73616408802367
43.96179069277105
38.965442341462946
40.89459074131469
44.49450945355497
41.566775890643676
48.19193456477773
48.020751912237074
45.854074761845844
48.49682194160596
46.873972447864745
49.24138107729621
39.983376348582745
39.836602468262704
46.72962254915341
45.10141627965157
46.16255696853264
41.91120521981949
40.12346379433883
42.76862418590798
44.079231919091306
44.021182151075934
46.45294625734785
46.33382697476614
47.982077776029925
45.25199152923102
42.113550466815234
43.993702713094734
45.08102734551823
43.43436579500424
43.41984035009543
38.47008334710648
38.98549183512454
39.282706196379216
41.36070961964599
44.8335985521228
39.616979890353186
40.430926206154695
40.74094268678835
41.852762568660964
45.17989423026633
46.179189261498976
47.35358532411705
45.92955261592094
41.8406461299581
38.368261000268184
35.085642955823076
38.32317548413661
39.8113545360843
39.043008962474545
36.14474541462201
37.46055082285065
40.59688558274178
38.571835952240505
38.56667595215924
42.59113667836924
41.140915735645265
37.97299507646886
41.0238220953593
41.00302406120807
42.740450621978674
44.80267500774682
41.75444077923561
42.3909954370919
43.66684566915677
41.919713874339166
41.0677140578686
44.41086510311948
38.152207834517846
43.99896471624028
47.82798947149191
46.804162590654684
38.10146266652069
43.68255073656132
40.93603579871743
44.227218014975755
42.327534905046626
38.89967348513361
37.64741451639866
33.222476748919696
33.58221634436777
31.735478158854548
32.24373856690666
34.579721739432365
40.209289710941874
38.35802100870127
37.02330032308824
38.027598760433165
36.41238460820703
32.55395135313504
32.02148198453484
36.63067901575324
30.189400023801824
31.375519862143598
29.521588074958153
31.4277882195962
30.68833275957655
32.91123851549418
36.932683060247456
38.36942656613806
37.11043823316755
28.2560833502304
25.671600331191826
26.575413470719695
25.06108251040023
29.036070714806748
36.07503752190937
30.778224458099174
31.60826382495
31.81311255750594
38.203995300282635
39.236413920728
34.742684629872166
32.57535814808136
40.82179692314464
35.865584300088656
37.75594217430396
38.570119949287665
35.065235296054176
38.92266958610044
43.367469398242996
38.49892137182333
35.075327622823536
37.28171015466736
38.426310382173185
39.17136878072387
40.485820679691486
39.60139665116451
35.320410404066514
37.008624169371735
31.361947572112967
29.553892115237296
32.919799612924415
33.365070233134695
33.552528690101255
34.15383886062965
36.58799356220991
34.23588325382217
30.24633718073955
30.0791852219312
35.42214634577521
31.224116449584336
31.654680885860643
32.39382140554613
32.22950424330671
37.940530638358766
34.7353097291314
39.69889368838422
39.129095339185966
37.73924953142337
37.31564520103433
33.57476800866052
34.954662072927
46.215185801267474
41.10813076771312
39.86839693336106
41.10884813994694
42.923117183791625
42.87756328041133
42.078204844884596
39.75451891938319
34.1264224900717
34.09955604118921
31.021688052926738
23.965552190606054
23.84240792564999
33.02653848834868
30.184289481847728
32.96454967167484
35.60077803791162
38.348114731118216
32.434712513950835
35.81689596568589
33.52332929341665
31.865141684267638
30.399050026731352
29.584964362172876
31.021525665805047
31.21883849963042
32.03603565789162
27.798862625583332
33.50664645211178
31.611417290070726
29.121658830991777
40.049103646301944
37.13418131788776
40.21164099242004
42.656632859411054
38.72041821319557
34.12529880588233
39.76731475347019
42.02870669220776
39.27607812895684
38.55464527387143
38.25968386490338
41.40524129032207
47.57037330849854
46.98864697485649
43.94362211200025
45.64276706709472
48.34575458414433
47.400030591823025
45.63772080590283
44.75292633444099
43.41408956126932
40.82091088406841
38.09437100907844
39.717586387580575
45.46916390402184
49.14408049300651
43.60049959096459
47.2260783871366
43.581356999033396
39.66457706631454
37.723103638294006
40.20504350376407
37.26243156889539
41.80922581749877
45.05432641544036
41.51310491051887
41.922856621782906
44.975426710149456
40.415429636849346
37.99778376798981
46.46088206615621
42.34601994091345
42.64936743648221
43.92302798968067
40.60046893399765
44.68045091878992
40.93509590223251
49.844714478876995
45.61178221131394
43.0862884962919
45.5418866100383
46.891822723625864
41.36575451318904
44.65690031763828
39.89706834286754
42.46672163134092
43.172934873741376
41.37411630867031
46.1675417475708
40.52314990711757
43.193674890071364
44.99107371935825
43.67489149545896
47.966600153180956
40.76394361070159
36.67114195415125
41.13528738985366
42.902695726252205
44.78426358563387
44.17786261885128
37.34445394685876
41.58480206462177
38.30283632712016
45.79643380949383
44.93796182720811
45.921829806072644
43.32439190620171
45.67508451104677
45.48026557559171
46.655949885561185
39.80592031786022
44.045407228551284
43.62811570136819
44.06126194602009
45.3228211867678
42.88425130894422
40.718337172966685
37.176786284071135
40.36744997371431
45.520536150702426
36.806903668999624
37.91820997458372
40.67791714072665
44.27492948305719
40.50318827382865
39.89977440790456
44.64185672088472
42.576551428247036
41.06878415139191
43.69892666442511
40.136008744941215
43.66345327546951
47.320504364838165
42.58383204394702
40.258443733223686
39.08899536203279
45.34163809765086
42.70905336810905
41.1410655301699
41.39757130017635
36.90134665272669
42.5485778349291
44.64349687372305
44.81572477495891
39.916509943606336
44.64778102538871
40.716887058035695
45.878268948711145
48.27458370743547
46.14364702624415
41.367298515234616
44.538858146818505
43.59579610898216
44.85679648576429
42.06863449947631
42.61784016919508
43.32159211793571
42.16705294766969
42.51951309065473
46.23332543205506
42.34706336378073
40.770205737351915
41.47919323929757
39.83330529439877
43.66042449126677
40.15141235468347
38.6276804126284
42.11799708370374
45.132333932607146
44.981270541047905
39.731284206118
43.390342277650355
41.549450333540314
42.13272269545242
39.79981229932905
40.24504431065484
39.99850577832643
43.753523956154986
44.747420366950536
45.95019848928857
44.21840355166962
41.62705771296426
45.51669616950013
44.98872005782554
45.130821719226205
44.667613584428175
44.05289717498356
42.270992348769944
44.327899159111055
43.889569321579586
41.716254489110916
42.87557246698056
38.26663437835319
43.344431459890856
39.8866256890444
41.405781283477765
38.24266581264239
40.50611946084982
41.001462247317285
40.445060161520516
41.90005452698204
42.70451065693854
35.09465744823089
32.018022377005835
43.48409766698106
38.60063064794797
37.725817058053536
42.69231407399864
44.33741324269034
44.33833854839089
41.8050794710957
38.931033720555746
37.3221673697358
38.869708927640076
41.61489822977649
37.24582421265606
33.99478917681751
31.294710616595975
35.56663931180798
34.60530962068126
38.5322108556014
44.54312503419601
44.443153106147676
41.41451291848702
47.015451314689436
42.28199041326101
48.720843536707
47.09061187909084
43.02199787887619
42.01421391373375
40.89061268869766
41.35867754393359
43.99254435140978
36.966062312736234
39.576833077443865
37.97534890078687
36.7900442023094
37.44906372887041
36.39249497481844
40.91960280615083
39.64780936317282
44.913376509636
41.15271118552023
47.716538421768256
44.45537868952413
44.43392400638864
43.13981397704925
48.631411436033744
43.33766007465962
44.54579304040394
43.962636695137014
38.19474512533905
39.22474222527503
41.54036446659444
45.13923307508525
43.445451384144896
44.44533004974225
47.3377890255483
46.716507388735316
39.06875290321737
36.25528191279031
40.840098512599276
44.644957335542
44.15796955331064
39.78737703017778
42.67344038992058
41.41742165914186
40.88786776099888
