194.59696088136997
154.70783691680907
139.09264767383627
126.15415713023198
109.66080499965767
115.51108543147835
98.121052922415
105.62144956865781
88.55387462543058
102.5864468369926
99.89116044150855
107.56247357294697
99.65031591478456
103.10424026274431
96.58470007881827
99.68604609917148
97.69542773010707
98.3243241884392
106.88917638102077
99.45748657307001
106.66594961337174
96.95224142498388
101.50634373028268
92.54728880430898
81.32961447439821
91.88718850916025
90.373080946345
93.10127755804788
95.886160488299
91.73156678215129
92.80128057081765
90.81039424925508
86.39353330912814
89.20230526608466
86.46115908532803
85.96533935757707
84.37240389456288
88.21721825985827
83.61171343360786
87.187544684668
83.80272993725175
84.22669784857175
89.8483791350104
89.86513290812113
86.31419689520234
80.49837783317878
78.34974125013642
76.62780597604939
84.25618979487736
83.29568765661159
84.44057809402894
81.17467539720606
78.91882797722648
89.95926652234677
83.99539737431951
82.61962342845675
80.33670398064721
77.4568337664071
80.7257004499277
87.69391820764696
85.55688308006516
79.84678736315968
79.19617184570944
84.8697395698857
83.99795578711581
81.87739348913513
79.01700410524279
77.70495416167726
80.7182755674418
72.8101256187843
78.4789992617963
82.78398468880943
79.06371716858912
72.95071766510961
77.48305125129993
75.88189400638082
74.91770012573507
83.8970995594214
78.38378221087349
74.60487526611904
87.05178985317033
82.4156712453188
76.3168307770614
77.58167599262362
76.0936666585481
77.72858989117616
74.5213739131995
81.2079129015663
72.65209998069412
74.3960761703707
79.21730751830246
79.40576483518025
72.34562303054787
78.13252422114032
76.80270395769557
76.83232131663586
77.91299309692175
83.75579504123297
79.06837909703127
79.30033044201974
78.37715228825122
85.94891903563719
85.59461263672463
85.42081153100484
85.59198330857893
88.3725522266937
81.23684832405812
81.85915019141302
83.46309956292347
83.6804029521853
81.9235071497269
75.46473005655974
77.17741224673476
86.48602314746527
80.68558132513631
80.98352332200578
76.72978184621303
82.65165007982074
81.67352211285164
81.64425171765556
81.39811593534614
76.78970818987119
80.4930219215948
85.72414534896636
86.5922370713536
77.02729685481842
82.26157513147945
83.321018881729
78.10799312308741
80.37182934065962
78.38141817725888
82.35324332343494
81.31034948762124
75.83595530691208
81.34474197157273
86.65306346383524
80.44683444865264
78.17609659238548
75.02877993399235
84.2568568632299
83.05984315971578
75.93359683243558
80.91294141384373
82.56132462210486
83.7571540469019
83.73476695343699
87.33544791623031
90.3931103269181
88.23227073572342
100.53033668031665
92.99559677933205
92.20730493655894
89.86707438528526
89.20979784548241
87.75848793306906
87.67052621512532
82.91750242731938
80.10784750985673
83.95082394132587
88.40331013632348
84.9706856592248
83.4486764453738
87.40590611115829
85.70851532927776
92.9845733364398
87.80862121866623
85.28197677979507
84.59038170289261
84.21799875459112
88.55605696720293
85.70943951154939
82.14708482685805
85.78891610571452
81.16633749923405
81.31791848047096
75.57635856509519
84.75088704361296
89.33571219113465
80.76443707359596
82.83010944394077
85.90485298847743
82.59565204154899
82.75689478400817
86.90522930051736
88.82522979917906
84.77274346104461
89.7830431044762
79.91946378700668
79.17781596345216
80.80113912335405
84.53683761771063
81.35609293584771
77.1938399926932
87.02794872801475
85.13066189455436
85.31948855380982
77.08137270586168
83.41582515044782
83.9203873307838
84.31866465431813
82.2503028564095
79.37381839613296
87.23199083180992
84.9342657487018
81.85735447750609
75.60115664069899
76.82209567102478
86.72510746085008
78.04036318282702
76.74477668072466
76.9647319029178
88.60398236109268
78.46079620036554
78.43466215789317
81.18506602003237
78.0978683949034
78.57961945970501
81.39894967155435
88.08642658849595
78.59809680660263
81.41778061595714
83.45017088458549
84.01455443089922
79.81038512228662
71.9947406602493
75.03805760887269
77.73447218446574
86.11298338288039
82.70483793767323
87.29247946100796
70.24580907179616
81.68676704606223
78.44526837036118
80.68091392790593
81.04357809827088
82.24558615894875
80.86611953506691
82.58400249676623
82.11081497543753
79.5081468764539
75.93768641133856
79.00195622561296
83.42916909614176
77.66994630824132
80.36355361520083
80.00401669964275
79.65573695407129
79.97372285671851
77.76553805825479
78.5389701059073
83.14013983295852
76.57938621946312
80.98838835583594
80.96085868262782
85.7365375759534
81.06541190414357
79.66019875367765
78.5186381807577
81.3374007253993
75.61601992708553
73.69557758036193
71.49615288485917
83.38485770967637
84.11177260316846
76.27852560561982
78.18504238626595
85.32336620744086
76.89356901508825
77.62478050778613
79.40320671451317
73.96526956445632
80.89496562056534
78.44952269817638
73.72323625093281
78.56576856085863
85.78388702225452
80.3468635610315
78.31319140913317
77.08429447152243
74.1892875619159
78.44676933349456
70.66232040629124
79.32884934160955
75.87741061657118
78.621715263185
79.38717514484573
71.23260405566845
78.45176319674633
78.6521209804796
79.92766968219688
76.12560290322688
77.94747749424363
86.98413954466142
77.41465878732315
75.79133467459927
76.4429628219739
80.27156048638736
80.24463269754199
71.12175229039212
72.58939976365039
72.4355492834972
76.08243297442655
75.84174041247232
76.72498243514248
73.43136772672453
72.43466093898067
81.40832969435502
75.4461174844763
84.34544090166338
74.95689373112732
80.00950865256627
75.01619939063671
71.79472671999193
80.1690952202578
83.5660457295752
73.69260208455108
69.07159710178922
75.95313011165554
75.76606744799807
78.92229359124133
73.58308026932454
73.54295950862011
79.92009861366392
78.40067339955806
76.50313039263305
73.13260177320852
84.70307114134273
77.89455098831701
71.7676862738481
78.61518930189467
84.12034031721292
80.83575638827844
61.69358789042706
72.65909839963655
88.32161542581292
79.67445213077008
68.92344272259828
76.78704538605433
84.69764430708106
78.16924936830227
67.3447813673605
75.57339738968771
84.06224912527992
77.03572596402336
75.2184898121129
71.0530278528653
80.36985549488155
78.42239777945963
79.0938414591254
80.25512074140045
84.61673086546816
80.65157658671421
84.17440611919497
79.35335230063089
89.17439908588585
89.69127417058564
86.24753246115097
89.36826090452588
86.93829053960617
89.676928011809
88.40566342263256
95.55701539060003
88.95216422836569
85.64803346853849
80.68200682940241
86.02469287419426
87.4966356043506
86.27731881154759
85.95616750410909
85.789455577581
82.4278301628679
84.17097990858785
84.34805657945448
83.50861116908655
86.48149328513256
85.87417920961487
85.6684679559336
87.2902640144339
86.9077908171569
86.20244017929254
85.5177860531897
89.29685983638596
86.96362429773748
84.55751134000477
84.55820577797276
88.69849369857819
89.181495362393
90.07913126655207
95.3857809495666
86.53832008483501
81.33010266980375
94.57483157791738
95.05730311224598
91.04612013040395
86.23137960081776
89.66183967543286
87.89709656797129
84.89112579233729
82.63745637897632
88.69957980734624
86.57043382822458
85.42788752937493
86.66597243090179
89.97032614370224
84.80617193982327
82.0379711899398
81.7530221094738
87.55311148191736
86.75886779591032
82.74152203359812
87.60045262582825
89.54682788039716
86.32918867284839
85.77220253551397
85.24639316768385
83.2697856696507
88.96857153147324
82.05802327793235
83.41765092599428
82.55163673143299
85.37654178627143
80.91219781509427
87.77412402757942
78.79324307932879
82.02996582376059
81.48321394767865
79.59387905333178
82.3700949609236
83.4187560664531
84.86976040951232
79.59009723697193
74.35589238082747
83.51862340132989
80.52679506121953
86.18699310393859
84.67122872313493
87.13223725385355
82.4410421198271
86.6684011666659
84.26214479436084
81.81320258114478
86.7726602095861
85.93510039604433
86.81897108078736
86.69792047653438
85.47033364836392
87.30752256903997
91.05403285417685
74.47354670814582
83.15269735843636
96.7783482874737
93.79262664449905
86.71160732425247
84.39169927370916
84.34995578534082
87.71996669312863
82.91371668207627
78.69391965271492
79.41556864609558
78.51221427815051
75.84122059347459
72.50450705345521
74.03345751346991
71.83832846234296
73.0281465552007
74.62773330680243
76.43107627290763
77.66639873989908
73.73328659622199
78.41792343143241
76.5056345548611
74.3010376027312
74.42029784897046
76.34865086267064
77.13869302807076
82.57810257851725
84.7580309978606
78.31080905445664
79.06217806841104
77.59250742095497
79.6748586565339
79.46593593525739
75.51451020054263
76.26011890573095
79.28689635802135
75.28217240209173
81.6733305146314
77.17136621218336
76.42768477110518
72.01985783318227
79.92212513113233
82.57168440810075
80.13642469721151
82.11083628278746
82.66625006739092
78.43788620216309
76.37206713316922
71.16805352344764
76.5401432737482
80.24413877354324
76.40905512147235
78.12619522611321
78.36713682524547
75.08573090406352
76.2082601952423
75.47544207158974
77.94580147104436
77.47674001433103
79.55135808039299
81.21246580072733
79.201078643445
78.19703681293504
82.14499007508519
80.60853746023828
79.39559914200728
80.82307694078567
77.58815534368131
73.40931222162628
74.15338642193943
79.76817809818466
73.88537756725789
74.54094431817026
82.70929203299725
77.18229551688547
74.27054689551757
68.51529094286656
79.64061334280441
81.36461521353777
79.53148380041473
79.02078674711424
80.05325587644386
85.16707086247443
79.59712635852415
75.17926959258176
75.95072542053308
81.8697915256213
82.2425773898744
80.61546773097695
74.36981813549477
80.9848093423
73.91644941504238
74.57699074391155
80.75724254832747
81.84428095955178
78.32764029044667
78.2449295794363
78.07258351985084
77.63992480647305
78.3041562328078
77.1443590938381
77.69609963451512
73.36130318504361
81.55667470453373
74.23593464225839
77.59299494397506
78.54472215811454
74.37609633810075
76.84493094450526
78.8276628582188
76.60912370249883
76.085853822723
82.28635341124263
75.30156682588519
70.74746673835774
76.82234867906273
78.70353468542318
79.61960850977778
73.65360902916802
75.14298828040987
72.93768218825518
74.91124747281718
75.49455123873075
78.75376226281051
75.02762266963333
75.44968463208079
72.48884141243087
74.31939922318918
74.83974950266166
74.98926788128627
75.69206154985606
75.94592798681124
74.40686864792774
69.0381690661684
68.79424231651954
72.37266314208637
69.27066637551673
71.22820262319394
67.70677311118585
77.04041602959792
72.18887940766756
73.26755023757241
66.65208454609348
76.17379991790594
73.19873400810303
67.73061372400487
67.07096824521862
74.49223455818284
74.17339158973917
75.19556842585399
71.38941937444918
73.97048429394873
70.14504006283848
70.26230788467156
70.77614270250979
71.23134691394176
73.08564501666389
66.90594168840403
65.4850914462778
77.0899262314192
69.19354314285809
70.3752934192462
74.3253226332654
75.8962687304267
71.87914806687688
66.57578507429623
70.77557936800845
74.57762437350758
73.68683984632267
68.39465859540624
75.96056697289865
77.20063799654092
74.98652409443334
67.21429014688766
76.07038454547177
80.92268471260239
71.76984241700119
72.7357522780474
77.96636416017874
79.20189286918911
74.87224193115232
72.3684104553837
74.94279010759837
72.42634526558872
73.04925305964667
74.21743023507584
75.21626540380989
73.30757066908578
70.4790726530693
79.15036529260729
77.17635114809787
76.21512777911101
73.00616699915365
74.63409294618123
77.41334332672696
75.8055704694199
75.23381359469897
78.09226202994341
78.06081412333265
75.19604620478981
79.38852972603645
80.71062012630404
78.26334402800694
79.64898762648322
79.65779570111147
75.42876467753614
71.79470437216085
74.2177551980251
76.61532397907408
79.6773794905056
74.27658957600725
71.26242692572666
76.44407191757408
81.43529190314646
74.36454374035242
74.21591812187438
72.32943639173035
74.53434267973569
76.445124491564
75.52473642165452
72.32931046216305
71.98521608313304
69.62826842237874
76.38228268762116
75.65962919594536
74.27504043540512
78.06099674601657
75.92624897380628
74.07506053678851
72.32452767768217
75.05532230620382
78.89239014295345
80.28521724992297
75.96315411820048
77.22268559425893
75.64523074255715
76.6086234096713
75.36136693947034
77.3941286926301
75.00519298910773
69.69688247170846
72.83721386747787
71.60418034992868
75.75709866261795
77.88573327217476
73.26930916665708
73.74404925963243
76.2273429435807
78.08280584068709
79.23105329310877
72.51384092787708
70.33383662256404
72.76250994157891
75.31730188496368
72.75133372017328
73.86019286025491
75.57336428929142
76.17181394613341
76.46253334496355
73.97535310267402
73.57244524281244
68.8639498512949
68.47426603433374
76.42290969222562
79.52341223268176
74.95110004770298
71.21713484675057
75.11581943820356
79.7052633433435
69.93503742978474
69.72018165705931
73.65876145687862
75.97408896303246
77.13535647464906
77.93641343691226
80.36225406533946
76.39523208634964
77.8249076075645
76.48168161580412
79.65106206929
79.71253298401773
67.62385005844916
69.65593893863218
74.7038652024232
76.66087732043185
73.99060373887858
77.21870225602483
74.0836396619741
76.57613492385914
71.06538097548942
75.18191539570255
80.6230787927372
78.86642101209543
77.85169487789597
72.62566322876567
76.65179466677935
81.09123748144107
81.49581797743919
80.41654129794017
77.35927715216287
73.69585843941326
74.15317730217559
69.63304474487737
72.23379345023594
78.67835472109132
80.642573536432
78.38023227937003
80.68640429096145
83.96915986823068
74.58025675848283
74.76047543290451
75.29733719931059
81.55809561334965
77.27826949265223
72.13840352134221
75.59899684565106
77.12975782221099
75.16094523622003
79.87965449748219
74.62804796070323
74.63731674795676
77.34109079061201
78.48294997599011
75.97544961002048
74.50856207362865
73.84373505092206
72.35374449338356
71.28186485155422
71.95496263276651
71.66899648874886
75.58231617316264
75.33294758970605
71.45260903684927
73.11230443516442
78.66174384543535
77.75855977857766
78.49819426595798
72.41255415767907
75.32185811895567
71.4145205862279
71.124204326403
72.27009739180889
74.91745766559266
77.79319089881788
75.4078445025851
76.15576460067199
71.11878245131673
74.95922681556868
75.22602321947396
74.01186062157049
74.54851539939261
80.36580083564385
76.12321901079378
71.43549705371217
72.56261646693284
76.58299220260882
75.14236727301804
78.80158292562517
81.66003200727964
81.36522118441921
76.35953441184351
78.91581069253185
77.28231424423008
79.87361516493169
76.77424163698075
73.81552821170209
77.74328742788391
75.8005105710602
74.91198352559195
81.03678788044621
76.02197835509364
71.01853130978103
74.28548856668266
74.36003311958977
68.23001608889302
74.1899317694979
71.65686383307263
71.67812553417615
72.64430623709845
77.40616613386815
81.84555322682685
73.20100229270695
72.59485425029361
80.7017790824228
82.64957332588209
86.93467086390683
83.12819416217548
81.7765755958061
82.53514531899462
80.81676849288242
79.06558263119433
76.96484751301645
83.36217837753593
79.97648021668223
82.83833273513767
83.96010507135281
84.36366169943844
82.05423741769636
78.07056967876619
79.13418453626026
77.20793556165933
75.75232124521244
79.13172584153577
80.05402299347453
80.87650622141751
83.53822168989538
80.37607126356566
77.33834468251457
80.79243336433204
77.28078288290699
83.84749799635763
80.21583778348754
76.3335532100016
79.42996551667098
83.95222325122957
78.7590944175173
82.06683846452331
89.42336406286377
79.35997310889012
80.1497816259124
80.81460182803531
81.78787431864892
78.7107959717006
86.55047971286382
77.20692281392587
72.69263840188037
70.9523685496325
79.00938505950037
81.46501327008116
82.06676630437934
78.5414998125521
78.7423547619524
75.96144071208678
68.48160707088299
75.82425868892011
70.76778011126093
74.79160345860407
67.03272266994811
71.61781921480451
75.7944115064681
68.21983838795643
70.1162614697097
75.21722046098377
70.57422688931781
61.702652251805645
64.73253670358531
65.88436145021686
65.47747546103282
66.30181808235893
66.59328264598838
63.35328548450174
65.8797482894442
68.49020624513425
67.55993635846282
69.33947678578666
69.81667329222199
71.24341685194877
66.88815954471666
70.59990345323149
70.58374643654088
66.93511238813704
67.10930905540091
65.00144115029137
67.97007256871863
68.63062642374362
67.2822107535465
67.10630089059205
70.1456235679577
68.15130170698404
65.07839037368709
69.75991992701296
67.85186467298271
68.72191283027905
76.25913805123032
68.65454811248344
66.57892624190656
66.10300029822628
69.93529100338291
70.80407407044717
66.93002701888221
70.49333550632915
65.82466225711467
69.6081487589855
72.29268777282849
69.37001256221376
67.9534017075584
68.80859690833991
68.58450902402903
67.84363890183437
70.39954262551059
68.26789425601119
66.42126510067511
75.47644315078655
69.44422465082427
69.83923178137398
72.49553568911932
72.21267181035604
67.12608975052075
64.64398390682149
65.45925132458532
69.9272291560224
67.6022414074434
63.69749667627579
67.59662123541425
73.5195443601269
69.38180336002574
68.34572656761902
69.85298604127762
72.3337472001276
73.74552015920803
68.56875305549755
72.01607122438308
73.78960147739376
72.70060485165914
67.54088930366706
67.41002414152335
74.65652713351466
70.60734814516867
68.44829141212112
68.01443016604175
66.77034255939094
67.32951672715758
66.10685404450024
66.65342804557348
71.59901238583174
70.02561181878478
72.0904497384569
69.61765698911933
69.84369015922984
70.51193681453783
66.42665340731561
65.59875264659495
69.47024858714123
72.2178023124397
73.09128815229751
69.86306679977423
67.1321625618569
70.1698921598965
70.11523803995384
67.53689458551814
72.45430346364475
67.49583213979099
65.75840799532475
66.77573359628934
72.26564475056804
69.83902540935681
67.21300098285865
71.24092772746837
76.32175461854868
76.40498915909632
71.49783186638133
71.20095786861418
73.05300650369136
73.95548694073017
66.80072354243259
66.24070428634465
68.7734500447149
72.52685771719145
67.89113836327124
69.8240332645408
73.4120798772032
77.70260082114743
70.72023905801149
65.39253741785129
60.126969996342396
64.53403425453396
65.76560899411962
69.17056613837072
65.8767001340122
69.56173853880668
70.283415108504
67.88242327109964
68.48924226392454
66.88469944207384
69.84099062116081
68.79177971432593
68.0306927156527
68.81804096986845
67.99647947025774
68.45851497752413
67.98491621435078
71.01787144724875
67.27253741919755
62.200506027569666
64.3671286456688
67.63321878494123
66.85325374903324
67.2436178824967
71.55318420552501
70.20693813019041
66.21600259304515
65.29145807018276
63.88365550361887
63.28226252089893
65.52225015901347
61.95529557712255
59.07719559712709
64.02528740565528
68.14131953880334
66.56129411105725
60.930563871007074
61.405938043989174
65.02058259183339
63.23974600613999
65.84078984318946
63.76242848980164
62.60066766163231
67.58976821995981
66.55950519364919
66.51709219304998
69.46028847044028
72.06544090072649
66.33741331412166
70.38621382082259
70.15437573465209
68.54640984873907
66.02282657133372
70.36833438974256
73.02158299698277
66.29492161843264
70.67662740024069
65.45689485852671
65.00628906328834
65.814121868702
68.0267575503528
66.57093297383997
69.47660180508414
67.90901239531388
69.39728720850067
68.71064511035506
69.86973741184343
65.74171680130893
69.94831976338806
68.2480477971784
69.10139307593472
67.77137766735841
63.92392796059936
69.36997773177671
74.3407631572844
69.5163247794235
67.11526725072612
67.83527203715913
65.44186736800428
66.10243831397774
66.87594641277128
70.65794713890332
71.81803640738632
69.59163310828127
72.80884117770483
72.29440354594226
68.25900940673633
68.872430876429
67.56081864010721
65.59826087008463
64.77368370149969
71.00863076302655
71.00746009786168
68.08671836002388
69.19735580162406
68.2256236865768
68.29465002117041
65.57538807687753
68.9435462412571
69.0864748814792
64.40746056029589
63.292168610961056
63.00555579195179
67.61312649855753
73.47658509708388
69.24174645797741
63.15036191527835
65.29593464785268
73.33098756507137
66.04456558615021
65.68525041977215
69.89532851911916
70.69630448635019
70.39052865651882
72.29557541890539
72.71547968913892
74.13390044051275
73.33846333535486
76.22756660792832
76.56706114007545
74.68089559957741
70.2193770010771
66.55509789792488
66.96452725247582
64.16629054047712
65.18445815015218
64.84901385500305
67.19413868684369
60.27365749460469
62.05267941585648
65.79663875549593
63.0191225397577
66.22024501690265
67.53012047899807
64.48611713340716
60.44722710470208
65.10872029844333
67.57528884251612
65.90876791839304
63.76843894112647
65.92960971171698
66.74245202659594
63.84458272588424
64.13954234208867
64.84745348465826
66.85176946845769
60.50125171062379
62.47695290592952
63.38502709596684
65.5775823034802
64.62446397817193
62.81816888703643
61.47663218710155
67.47952714702222
69.41985272898494
70.79929732539989
66.64935653978473
61.852071153215604
64.90901137861181
72.99865698767464
72.6614108469213
74.57802697889119
75.77243974283645
71.34076378443363
69.3633804357433
70.64099947067476
68.71464760822646
68.46856447502348
67.06051939922196
66.06834732848264
65.77893203617647
63.12767672307789
63.57377080419486
65.37743975564224
62.683407170186165
63.615143822121084
63.54605905132622
63.25712690421565
63.56520048092793
64.60174141493813
68.7969229309552
66.25764863528678
66.40932330253037
68.41402432750247
66.7498914490167
60.85475677676943
62.7604756971166
64.19414831743865
63.58754421727648
62.438457127956596
63.614301210831194
67.23055895233641
66.24596289102703
62.3203117885571
64.74838309990746
67.5625398211267
66.68868410757311
62.3861595470069
62.795585019962665
61.59272850065192
61.411826431852695
66.8168468146659
63.82667997712735
67.00881726882828
66.7448732121473
61.52257722736151
64.32124413903324
70.03804702801989
65.97665431981638
64.72810657104917
63.8513783575826
61.68261564643215
62.501145017691506
64.54846270508159
63.21955446624339
63.756741651075956
70.60584394872025
69.06236239035394
71.32834171387589
66.50234853716714
66.69451141247691
63.22610511093041
65.79220868827228
66.72885339549107
66.93045504507705
64.8729079123811
64.82648946025965
69.62790994234278
73.77753388605102
68.45833398798874
70.10930672167153
71.89687297230455
73.46178576056244
74.88002093666098
74.27567202577366
73.1868503919315
73.04905750281873
69.37509464524878
70.0858986665551
67.78598942435168
67.15190535447412
68.11181336747919
70.58946290590083
70.32918392344953
70.10835372344633
71.4288406667568
70.38487831397568
70.18718499417253
66.2200297202415
66.59078230233858
63.29412694851415
67.50627687671893
66.97590925578461
66.70691339280579
63.17329717076448
67.73813193990549
63.5122075100648
62.83988912852756
67.05184886507388
62.27423030736904
65.51793501635244
65.72592401510117
67.29624350427315
67.65760237900331
69.08658103053956
69.53418961468361
67.5853875794969
65.02097488552539
68.18822161145445
65.52083046941976
61.950360415065354
65.02130312154608
69.11065218163161
71.25896718705826
69.4587847381131
65.64482647379944
67.90792280525942
67.83561470174863
66.70564306931811
67.70567027294238
66.00419977843116
68.60041676122643
66.32687431674401
69.08430440674908
62.49775312957712
63.99562115173983
61.93716136128816
67.10853141480537
66.46382287106358
71.7873623943816
68.49768123548303
66.45907369407368
66.54793060828978
73.04142756493167
73.09965027399076
67.34245168581135
67.21089818271656
64.26152070689476
64.83501068599726
65.97040509040303
65.25976576461223
60.12859669441653
66.71290327440208
63.329537647929286
66.72655592984087
68.61410199926885
69.19982739164489
65.29621811317077
64.69308978036585
60.98286390797317
59.965618493881514
63.17303109970922
61.882531687539405
61.21666869709693
62.43014811871757
57.7967086920057
57.31387619615535
57.65400460246199
57.08070882330663
60.69402183837331
59.94318519345275
61.19095848962787
63.67490251759049
61.12724263473729
65.21150959028763
62.26356243858685
62.99091218307192
63.146735713802336
62.805303317747494
61.80977493547542
61.81662426616357
66.25875506432033
62.2727178920705
63.027314843021614
61.44684301697878
61.30350639338541
63.63305141528717
60.83616508855757
60.562141497193494
60.48751112876052
61.45721531913368
59.99124892210557
66.74595865801174
63.895419232749454
63.69371327560643
65.37389783866256
65.01980692641399
62.16141491662622
65.03867678861224
63.33504620033795
66.90484502431165
68.61681295584103
67.64683155187275
66.1859875396218
66.21543651746953
66.65432918249041
66.22386464859702
63.568083302735246
67.24234128432107
68.26602880589776
69.50917513020225
71.46786919998394
65.73077148057195
61.39957460194325
66.37132014956825
65.65926527941232
65.34559112543862
70.6315684573144
72.59061690354898
64.95434272760428
61.77018838583406
66.38629875790129
69.59828722896887
71.30269226308134
73.32609153849884
71.10429115581074
67.57760661750183
61.51037273433631
66.93155026068246
67.40250074528991
66.92805049162175
67.19199849870976
66.52969368282429
64.73552663913802
65.57132465853687
64.45962599139047
62.82377819252718
62.47175398897888
67.32330282695948
67.84647276795049
64.69823806103378
62.67946608272202
64.8529965463411
64.48435975753519
63.94061609780409
67.17066957769605
66.58663994254302
68.34206850537487
68.48519017737324
64.18518856853862
64.25076510027324
66.66243173887476
66.77748634032223
64.6523880917747
65.2666773050883
67.85166700267291
68.19249162029402
61.33564474062047
65.38632727409534
64.75302887122598
65.6668706085106
65.05229232117269
69.09471978440804
64.42357491380815
67.0730309686421
65.20634829532246
67.55653550972146
68.56026374786869
68.55307005404144
65.90538569820598
66.07101747546321
61.62715063195509
64.36965920372445
62.28831825684707
60.90890035218772
64.65745132733588
64.65564992077614
62.572775771402085
64.88535591646576
66.12325365281413
63.51004440371466
62.922491440978035
62.732183591382125
60.52942352286249
61.4583175369678
62.52350960822358
62.31580620467097
59.267053220860205
62.23388526644907
61.93389256659141
60.173833541154806
61.20924628836195
61.63944107370809
61.4944678271257
55.947033579102744
58.35049706700159
58.83624347099556
59.7028919008153
57.35636661453088
63.661064475379334
63.12390136314659
60.66518204323591
61.580208017457615
58.44730778302324
64.32673370403293
59.725101234298464
59.566162988433625
58.39961795435878
60.42244357609943
62.03276415462928
63.440503646793196
62.97464528495928
60.819841504883605
59.759527821865504
60.521239318872134
58.65709416581807
58.89934851694201
56.158391778294856
60.020410321874735
60.61575073741121
62.42353950044532
60.79016266514823
59.78158523439726
55.784760091463966
56.279373734940556
59.48845302271421
58.12535072414594
57.63760664194642
58.859038272294946
60.083503079031445
59.081599650282506
56.16277866351183
59.86475966239986
63.45232181099549
60.55337785161597
58.702516579453714
60.56942363116578
59.394890602529046
60.65791720800429
59.8897635351303
59.73486777262152
60.22363499553173
57.17063167332532
59.07093514722368
57.754063254991095
60.09137205229715
60.260981860256955
59.77282698996758
58.24192001634967
60.20796592713367
60.48433640634632
57.9454839881581
60.16378167395881
62.31380875369252
58.09019217091285
58.275660879898275
58.860475731531636
56.336568872531664
61.40981275487935
60.30522934658977
57.271651776803594
58.21825645849523
60.496749735112786
58.496871429497496
56.90221999936892
58.34311199564276
58.175381795341494
57.739389513738395
57.541875176897726
55.27732955144578
56.59299128851863
58.210057387358844
56.15146392840805
57.02662577747876
57.95747870438973
57.5373958233242
61.60795017469639
61.5492383573979
60.55593123293049
59.882995858437646
60.223590207979406
61.81215174781204
60.80138477544014
56.69095061007174
57.8278324403831
57.034440905741846
55.01450089749098
54.49451265485634
55.918710437271876
59.83941706488913
61.18363831798921
59.9611283319575
59.361536313670804
55.17805658358114
58.63910358957333
58.49940115022815
57.299367594234646
57.017992127350524
58.43899378297154
57.889380172588005
57.223627491872215
59.86884911615003
60.38985231327943
60.907048370192825
65.58950454301711
68.25636523768931
67.91783932848621
61.18809635174982
63.78530213930055
62.72077273448251
60.76502701638023
61.808010179161904
60.48007538164494
57.80566837498979
59.76090175591528
60.873656489110054
57.536162970159566
57.99879918158777
62.003992705202215
60.79889392133239
57.2139193943803
57.55824273400334
57.90776360647582
60.41132998604896
59.560418934904135
60.540428412202985
59.40814373690694
55.46431043687591
56.71205943792494
55.581172377575506
58.99169919451946
57.93269998108799
55.823039251238185
57.82867844227329
57.92762310737378
56.439882901331075
57.96853270759921
56.65527528064743
54.967371686324604
57.18379626808279
54.657034217354855
56.14606175267967
57.6280469897457
54.84084267007356
58.07439735468349
58.98013312377914
54.95561645864896
57.17010201781588
61.40216223401161
60.44781755461543
59.769898182534924
61.01244071980205
58.73059843311543
57.116280642329585
57.83804690374147
59.143703987851005
57.35611322436018
55.71656024359305
56.310069439712045
59.0726394382786
61.26376694769831
55.740934850070154
59.238103102412126
60.41485815523279
57.99236066500132
59.81927662293407
59.03355238551765
56.055178566073025
59.24690491733211
57.45673453816295
57.104861772344265
53.86370258566737
56.205324871569104
55.22342516860727
56.1121728474214
56.013723090360855
58.387616454600646
59.37161676299175
58.564092039457655
58.22305050138892
58.42608970827118
57.103293659147475
57.66162983110029
57.482787201949115
56.29014308295294
57.96462837484403
55.0531426802642
55.20025312835562
57.48640290113891
58.538894765818334
57.80844254370715
54.85745146301772
58.21979287879746
58.679693543247375
53.48633437825772
55.774251115885434
56.549524884832216
57.016968187159826
55.0695163072455
56.84979588340584
57.73500945420762
57.496991030540045
57.049065042192105
62.15955158760628
60.76324838223507
59.27975639601422
55.546700345495104
58.69638010191167
56.967367385541436
61.02164461198753
56.69193673138897
58.72645347945813
56.88993279664944
56.77750296107369
55.06504624658949
57.197855575282375
55.07988178498217
55.17406910041011
60.13988385737981
59.90215407925891
61.49502471435414
57.66337292110231
57.56920520826404
54.53869715867901
57.92610262868022
56.27598941001288
54.420460652357896
55.05622067071558
61.167878335389894
57.74520626646381
57.45984529048176
57.36642669948038
55.384342260027466
56.02035698400041
59.82915010342046
58.98804324497547
56.10024898415295
60.25156415873353
58.92780565346977
57.49923870443757
58.28911577346113
59.632306404208954
55.536473750085676
58.16483489459116
57.020877792863466
56.11648624365145
54.805624932979114
54.8646359840844
55.93255228711055
53.550232499082014
55.09151637390256
56.283038211093896
54.04152217715753
53.00691125931893
55.33809937219605
52.79187470622588
53.378407924277255
51.812862088959875
56.08773037646469
51.772022365877966
53.09979778340352
56.24088252616632
52.40731105854842
53.02975201785781
54.52477732947217
54.99071512822011
53.70182320651551
53.79371443098721
52.78544328430102
52.79842628001947
54.13780045643414
52.36761158890921
53.52176687324865
53.18123877650944
55.981012778455714
55.08998410010012
56.42942607772202
56.99374832433276
58.79438253987895
55.78066764285762
56.65055838969716
56.30722764748037
59.00743359036943
56.832523115879575
58.30222860249803
57.6768778165191
54.610140417118565
55.392699996073404
53.983576357692385
54.01520821956008
53.75298050052603
53.9916115969281
54.23563470232015
52.68077071405733
54.64788764067849
52.92171464095441
52.99460561776235
52.02976098933866
52.89521512356136
53.56823823002746
52.83742700837083
54.09742382431312
53.64881149342973
54.26645209509895
53.36319522706917
56.232262676210304
55.05513721922314
54.49710200721218
52.19803206010394
53.852412833129065
53.676926655479164
55.465107834492876
53.00148102055509
53.85059456283582
52.449837812578316
54.36431255934429
55.28409775073438
52.12714366452458
53.18004806283575
54.59258427242941
54.48743416652737
51.90621321739605
52.72310196169766
52.869470477567184
54.58293634163898
52.31320417372814
51.58052873641616
52.1480618796221
53.497684898700165
53.41998382419246
53.56863590084364
53.067872257448016
51.97988019938619
51.932216074559
52.24735400884716
54.3227641461663
54.528935069185835
56.51234930771203
55.381306111419875
53.36757525820165
53.60798965724258
55.38295452233939
52.10062504587695
50.58869005617046
51.64071825140176
54.32650817677303
51.42891964891585
51.347390885359594
53.472050705408435
54.66305213880885
54.24712313697617
57.152638158731236
55.8922472642604
54.99673638072097
56.05601242072745
56.2500235377197
53.70218187968359
54.49400594296467
56.35124753869906
53.242454719539175
53.51470307659321
53.542220310924364
56.04783961444969
53.62887915988436
53.15129266682821
54.34153136736972
54.16276445678166
52.89725142284731
52.78679172091695
53.06090910363937
53.333493092886926
52.66265244672342
51.02698710694753
52.59164175966496
52.12212890740511
51.37499418846433
51.914748233371384
52.522842774220216
51.861930278604994
51.866397380909696
52.82587428703605
51.795348141720254
52.61396816150844
52.34597807578835
51.17403136396629
51.4422281501658
50.78278182891147
51.830923645787315
52.97097655728979
52.197312112249364
51.19821270486291
50.900619979872864
51.69512792547737
52.1789816377624
51.62800868025149
51.484971852760445
50.673845341092985
52.167869308686434
52.23218057715963
51.4180004176799
52.46797117328847
51.68352707440862
50.626789591954115
50.5098204380634
50.86424444529873
51.35881715384748
51.12415012989804
50.54033282198998
51.46347572511447
50.70259294798123
50.50071805411926
50.70388274470782
50.4904387387584
50.708510073322024
50.26356470923887
50.22325688002927
50.54726408500266
51.01590083162292
49.99966356325726
50.136214497380394
50.89463235455012
50.39497202030041
50.804512234732
50.31289525263488
50.4443688339321
51.4823130276037
52.42066297737964
52.47386104634692
52.27707853663888
53.32543545833472
53.34556621212038
53.10760626957375
52.418257374095354
52.316658682098954
52.73441844999198
50.46440172227274
50.696873869740685
52.694584327146224
51.96704191128916
51.832747392294394
51.88569350537494
52.45539687496852
52.51923552063242
51.65828179671711
52.61432246062352
50.243305078348314
51.509567337908585
51.43645882794162
51.47083857697144
51.15660327621623
52.18771677386734
52.3735613995476
52.57615161794861
51.26335989892745
50.8619226713679
51.12092339228622
49.762058249550336
50.67711643717135
50.20179650379714
50.951507200961494
50.37647726134803
49.93923254307243
49.85868929387249
50.81678248388167
49.99814058047205
50.31979366038639
50.640643519133754
50.278680774080556
50.2602658006433
50.92262457479929
50.60543758152649
50.51703764456939
52.50115549099282
53.45166117061866
50.08834625580106
51.33891777405959
51.611581476375484
50.77826329527589
50.47301034357405
50.38672212442526
51.40681434035343
51.601479529834634
50.626215444311235
50.54621863303385
51.51305458240827
51.06677983772097
50.78937405490849
50.61910543030139
51.00372415795369
50.49568932086717
51.93204202260251
49.94328920698507
49.984052329083006
52.45801659352437
52.322857283644005
52.64821330754119
52.73441469997802
53.28095475395174
50.80301749491017
51.15580346791841
51.04853402522638
50.83129977126317
50.78253702829205
51.045451887812945
51.71641187960898
51.34189009724591
51.85632029402097
54.356804204736385
51.978659835417275
53.033964269678435
54.00785838046766
54.21063402502208
52.771271770205196
54.37505823138712
53.765796083563345
53.32599227079823
55.65118013171566
55.04231055520086
55.26719307992182
55.05357493660947
55.75715718570733
54.69838465162372
54.82470597074948
53.41611957437271
52.15617228477208
53.66780413793014
55.59801152025014
55.67608638006115
53.31530345661491
53.31349303103029
54.160270465883315
52.98675901208082
51.68097869954182
52.47091111757453
50.08078601943969
50.77398231723304
50.175559467875146
51.122344547824376
51.224664813519375
50.49780556998041
49.73627592986581
51.68767572080511
52.89796643554172
52.02481338010928
50.165941265315524
50.257953129676146
51.04699576233969
50.91779704856526
51.34483562416606
51.328115350078775
52.25643575170079
51.23822824520623
50.66118519102194
50.59081823462098
51.101575080769926
49.877730033183795
49.95195801924648
52.14102873710037
51.74938534828541
49.84984953107842
49.80915196874299
50.34560814666048
51.48433679103911
49.792753382670874
49.35533286226727
52.290854424041655
53.17820763220834
50.04225838322119
50.416820736063144
50.76301440093675
52.73401965647019
51.52619766838372
52.944758910224465
51.65240614552691
51.738331357402174
51.877595994105576
50.92245936063917
50.109934646541724
51.13289247519148
51.314452667166044
50.36085991234895
51.49076953643862
51.1584409084628
49.880212156983035
49.794309031528016
52.5321137828672
51.17535153951378
50.4840845971799
51.8124518405265
52.07313477794107
52.076418927171495
52.68584908413882
51.39684059101196
52.97483272165996
52.65191801507934
54.042795970784624
53.725914582837795
50.897232012862816
51.95800252929305
53.32594805456788
51.11365486445435
50.56716668206758
51.15386921063262
49.95270987202723
49.900919862881636
50.32359591204922
52.42265116751921
51.01566043367363
50.21168384219398
51.26363447143527
51.31331216816538
49.93192032611782
49.45833226445647
51.268900086961764
49.842671867567425
49.95947643888845
50.76533384876131
51.03248694098509
49.53537330876228
50.123750228551124
49.3772797731116
50.08981951744869
50.04413404801566
49.35735213904298
50.302096037637696
49.18761813053685
49.999483089748644
49.09653021411165
49.790243307932215
49.73639800822089
51.593410065607905
49.630197300024754
49.58361272558484
49.14584277113003
50.30275904182256
49.96811233943404
49.07794876542628
49.75995718736639
50.40332733744717
49.31364420434462
49.35516498502565
49.37523957069094
49.67494028290094
49.577186686033784
50.06700035717527
49.15523719987959
49.206059222111314
48.86610664077157
49.51828973039971
49.417856994115425
49.53202983893441
49.00293771079767
49.57038049655634
48.99292882299658
48.61378076707979
49.57172152323401
49.23822811075982
49.508359203743524
49.90125282140107
50.97341133829451
51.948561553869695
51.71015885628491
49.56809464205131
49.584823770740826
49.18746111983719
50.29135412481847
49.45719881321034
48.918201368303116
48.74849236904916
48.938600242936985
49.09613641750174
48.92282717939077
48.87054676997901
49.118402512933955
49.06515067303391
48.98877784845705
49.65569871031032
50.077537630015556
48.894533380271724
49.34660351083329
50.871391346819586
49.90648570971556
50.20407808068382
50.151030642921285
49.537482560972734
50.668206595629975
49.31914299050297
49.606168672301486
49.104794310900225
51.13928659882201
50.69537097631308
50.0616267470998
49.32652417160444
51.28528661276805
50.41869715342607
49.22850043351266
50.0067901678735
49.34415712780414
49.45552494965688
49.94909880976853
49.91443149591019
49.35971107410765
49.11173498312928
49.05935438913659
49.3352949377615
49.30223391208749
49.86980887219968
49.938278872007025
49.25285553504673
49.267775910992874
49.475788447754205
49.09303706679353
48.97940686308457
49.31783842230733
49.05389046561121
49.17670788929299
49.60559638658433
48.783270065661945
49.56417606387491
48.945607546047675
49.46742317625019
49.03904049897888
48.9994610772992
49.164865504160296
49.168276445023615
50.06889284246317
49.1161928406955
49.282960070310835
49.68047696937683
49.48218888844609
50.93115156130297
49.736565872049084
50.806208398521356
51.071422026676316
49.81189924688417
51.09026977280805
50.524148192002414
50.16853509245674
49.61205030511227
51.04505424405697
48.871555887086735
49.27625699007484
50.05315758991895
49.581470722737876
49.35699454099307
49.252988022899245
49.34322480698047
48.9429171364152
48.778195958689274
49.350929556556636
49.21533756605377
48.75187479001086
48.73558069362753
49.81306880286215
49.40348674320687
49.08870546420115
51.12602432369171
48.976713114563466
49.336199283145945
50.61395054757922
50.371529364241795
49.54080766491858
49.457004635988575
49.50920286655729
48.841642581771865
49.13752293726617
50.216880757385844
52.41578720724527
51.29119647909614
50.732449796069204
51.655248873618
48.83068185720065
49.866525149804595
51.060987198544005
50.165474562643965
49.00451837738865
48.99294606995996
50.209879138547386
51.07232748241182
48.67569558137865
49.09806403313265
50.55851510969747
49.62863259800114
49.355269403660884
50.82344291620208
50.35634026304859
49.4557473870255
49.519369459226475
48.870699146217966
48.844000269449786
49.83893743544205
48.56998056582214
49.02116302670333
49.01519412674461
49.354525653073104
48.62128862799787
48.97786719786611
49.268620625707044
48.93224899717515
49.77833698552504
48.79795001097256
48.92545189736099
48.92006234862794
48.84954962957836
48.92669503668088
48.82822213790174
49.876824325604446
48.736181211748935
48.876181320029225
48.73907981237396
48.79539920183422
48.969521642466276
48.850412733828165
48.83291286131091
48.86897003230148
48.63833915878252
48.72430453873081
48.88687876415244
48.77947095929128
48.97655466278359
48.62491442963646
48.95604517207263
49.27316734495632
48.56266337032348
51.31972497085306
47.85033453865276
47.44508887310544
43.90310922625227
43.80831840207089
44.332128552404264
48.245160220093254
44.86940457891768
41.875431308785664
41.14245730357649
38.507223669820235
41.01949636158036
37.480693440739635
38.63993918623499
39.64864245144966
45.17945069179015
49.074914543647594
53.37598466087131
45.32098445984759
47.50103365576832
47.98539612481642
48.11819701113499
47.61665233469099
45.42520184854104
47.92375686166697
49.76979615349033
51.76994186667496
48.126355112864395
45.1763157324913
44.491665112973095
40.39869025973839
41.80593532707398
40.77439676020624
38.4065423808236
36.88413578581254
37.607811132136305
40.03702307841522
47.574745878370486
49.35710975674363
45.30961362855614
50.89136498193433
41.588494873081416
45.69704850195187
49.41479441714213
50.66894170252513
47.67964105580977
46.62436652736369
47.36225718889237
47.34318148960782
46.36937806004158
47.16760601934227
50.01536737607448
49.29160717241435
53.45049199712939
55.49258522242324
55.04494173892513
54.182041692907994
51.61231393230663
50.19621654975764
51.911647330167824
50.553733797895276
53.8253068904713
53.14311048277912
50.43104990992526
51.40651817817634
46.53549359844825
44.72728422037429
43.85800858864855
37.309055450125356
37.16650621533324
41.575974575418
42.08527198084381
41.76345652063858
45.99989958901802
48.4002871365544
44.68838752557993
43.546511493189826
39.73470598129941
42.113371262867474
44.44509953682889
42.19794140048579
40.69634669801718
39.58464601410988
40.499565913019985
38.044280866339115
39.817416580027704
39.21531872210514
42.345639280352
42.03898201577045
36.795670300046766
43.59826214213821
40.99718346163798
37.47918135581409
37.916262676418725
41.309562570342784
43.534444106771936
37.55923748195824
40.45504498919852
37.25100140582552
39.08197174709585
39.01695651168618
38.99131663660129
42.383195931569134
44.857923130468954
45.996153705221005
46.755864649810775
45.43620272789749
48.44947077210958
48.04930970796395
47.70422250501358
47.90938493597916
49.2292127162772
48.83150688866386
50.64816130992862
50.23307724362089
52.576287345159734
50.23630615100201
45.063544114681925
47.990847351594226
50.778254612509
49.560153128749995
49.70625891336885
50.664353793033825
50.89194250241615
50.80256941993297
50.474570442580465
45.6358251572676
44.22097960647584
44.04194585677043
44.32790542638139
45.32935855898464
45.98557016158059
41.883379288936936
46.32463118592896
48.03031238934633
48.560332547803526
50.91807852717811
47.76151027807993
44.719553306484556
44.80792962751771
44.75868784380766
45.31281508264272
41.67898379358161
42.075730592376246
41.40664403051133
47.457093093415324
41.700709573484474
43.48778149870248
47.51660076346002
50.201233712308685
46.38479913348786
46.83095206697282
48.61567481822996
50.75855281256274
47.59068575312709
49.21131597949869
51.20525542459807
50.75955729637022
50.471814824667256
49.95825599119014
51.90637651737434
49.535883601181034
51.69976221756544
54.04737036917955
53.86364091142157
50.83130731487887
52.14721122150238
46.4942842412719
44.09314698488914
49.15518869680411
49.134888933027575
46.6670713102575
49.58390876085502
52.199028006823966
52.54263581558183
51.98268554163831
50.358132216339456
50.10737689473008
52.02876645886723
54.37705520478298
53.06014490598639
52.14576829986845
50.96720596895375
53.38034694187497
52.590624378184586
55.64365229364759
53.83435656134946
52.59674393951111
53.73970578699631
54.35728718052319
53.30588274500877
52.36712679157918
52.93467957838281
51.38815835151634
52.05689927427732
52.041951781051736
52.29368882115406
51.59425694029628
51.52074002815669
51.88696990269327
51.34286994533872
51.5346856858359
50.17885347534911
44.33872230445162
49.36664388633124
52.0225078359073
53.008802663065744
50.45806688788825
49.304259329451206
49.47079896922375
51.56587434356938
48.34670819746987
49.18273582271194
50.88680553966053
49.84248768571249
49.305818063345484
49.610025755224285
49.374686151919086
50.51742848322896
48.66182018420355
48.7422879603358
49.83673445356515
54.0430641065012
51.29967706282001
51.12821065588578
51.47008504397176
52.060812012193274
50.054601834956195
50.93913315731218
50.97793234345048
50.96038076972049
51.06634635701013
49.88351641738927
50.38255085391273
50.76817810253312
52.08706778127686
50.71121255547677
48.91336721948869
46.7412821080893
45.641044007818124
50.33647167172907
49.196299827224465
47.876634722763384
47.57285221913477
44.28323625881024
41.69258832699806
45.48461534181919
45.11379336022093
47.87656522377662
46.10934277468001
50.91125586487757
48.81854653126991
49.06384893870948
47.38711303526575
43.82438178346863
44.93505648286546
46.055596265332724
44.42110649736664
43.539315064371515
42.4136046025916
43.67702438708554
45.049998857119114
43.92044966709754
45.22483422612415
46.245722183985116
48.43539700288566
50.504988810713236
50.62114665803701
49.58501511932198
49.34502963693747
50.763191928933466
53.19112492466376
51.194390640312704
53.77903442407719
53.46126908431934
53.33256404573258
47.925563642255526
43.175484687680935
43.18147037789609
46.88779224944911
44.946109351724154
49.8709030111935
54.24317872352886
50.50246837951977
51.57778643030673
50.05448815917394
47.92629846803483
42.55066919254059
51.494997424488055
53.77420286550803
47.95194066745923
48.543310424292365
52.633911592442566
51.14885327315045
50.49290132103843
51.81954751919398
51.78822677366124
48.83286570029213
50.34821484381537
48.65837097483845
48.07830854960298
52.8645763742303
49.24665242544523
48.15558369120896
51.66969946670581
51.95067465445565
50.532050240499046
54.27656113999813
54.013558878212706
52.52912761515879
50.851661692294755
51.725868781868286
52.67067698761649
51.308030983491825
50.55852305877366
52.18482359340702
54.13839488690419
51.39013257865139
50.43587610338096
52.470082920738086
51.85873330519469
51.169600570140084
48.53027528861055
44.71515152594307
44.03888519168666
49.05672974091771
49.42263960887603
49.396447279154074
52.786655555025575
49.55337967482592
48.52296925462366
46.62566686980348
49.35008503311886
49.94957932615309
50.27570110993514
49.91293892255313
51.817666369313756
48.79931462316988
48.0041573608629
49.61058259133886
49.718858940232145
48.93772474107527
53.20139371192476
51.05004306720895
48.68772550432864
50.40096636650624
50.148999754910825
53.69582123677518
51.336547205014796
54.06680440449643
53.92931282986485
52.7197624206885
50.15593945289457
49.47471903440715
51.88302335133467
51.83637726254591
50.082068023294106
48.48503743150879
48.288602394820074
47.39330970189856
44.3557594619025
45.323369584081505
43.07055177656941
41.26355162395697
38.21808270470328
34.449569081184315
37.00146610823524
39.90734309669135
35.83545468346351
36.03522762558766
38.94157783952331
43.25127708953995
42.57186233009462
40.41637222929489
45.22401859694135
47.612067772447084
49.54573608144477
50.90461554756053
50.402232523146765
48.03859032476025
47.679976853081286
48.36549062181615
47.65341819835241
47.378636119360905
49.46540867357633
48.71122663541104
53.493568540539215
48.98726623426308
43.82495315308305
47.76869968718163
46.158164873508284
48.02190274701308
47.624277770306925
48.32456080645301
48.70816195778477
49.23751739984411
47.95483568085118
49.51931613474474
49.308564832575414
48.731423803163146
47.566617437705396
49.42413699915515
46.20141727449364
46.992194609635355
49.4968356966302
45.05610335303864
48.00573374031414
48.046678503621315
52.517172056378605
51.30654469760926
50.21986507819142
49.152563251978265
51.41747867523432
51.55113112206132
52.328186373525604
52.83363755125652
49.755230551360626
48.2852440857894
45.61388053898421
44.88861733586198
53.01902897436778
56.09183766375399
51.79750389304888
54.012544408543384
57.26611141463283
52.4739743612842
51.10679102114671
51.51060613252171
53.383971850681974
54.30475807524346
51.57697558818049
53.37902579146949
53.941195700230374
53.11769402446439
50.401002312937045
46.55043424937071
50.25797669452055
50.90570374788934
51.45390112392823
50.770641444658374
52.91685413757925
53.24559935016812
52.656339338276304
51.471983845999084
51.67945984751977
51.32683791040459
55.687791820804144
54.594960330075885
53.234073349585934
51.07361214582271
43.40508260211298
41.452040242927524
37.35030148948362
33.18957620135223
36.10298181465068
41.75575013869715
43.9854118987716
45.5867149809661
49.99622699809743
47.97968627892964
45.23543795496651
46.47386099360245
51.14236064662419
50.76790635047185
47.9031568990366
47.28976606255903
47.01607504050484
45.75840132776334
47.486156195406004
45.286391504806645
48.60165007121771
49.399486361947666
47.83103503624863
48.71438856171992
50.77169187584732
50.422186489632715
48.32268461633432
50.98790860750932
49.23741041670674
50.46322867506609
49.465987345623596
49.73182760018842
48.42652536227084
48.31591373246334
48.28588253609089
49.24365190319736
47.77282797360171
47.60785734697395
48.28765155969265
48.75334672953675
47.91769302731031
50.38742408061371
49.30291545239947
49.10836619451803
48.341074238863364
48.580587680250645
48.77460466738472
50.23829939048641
47.24179500234606
51.09791863883578
50.23054833824504
50.25843315687216
49.89141904042497
47.73891840678543
50.83740518823227
51.291190087109825
50.44250129619303
50.855841960916486
50.20985073213726
49.97998547205655
48.514462601280385
48.78746197683224
45.139792526962886
49.09274903618544
49.00355129206489
45.654857189511624
45.588284203814425
44.94135576808072
45.27067261108643
49.33603561820864
48.02607423806903
52.38199096171188
49.5325284299743
51.188997145766564
51.430945415120895
52.23037060062905
51.9766375697837
51.09481465456233
54.50125871346998
53.881130173163235
51.4278372062922
55.173699184594554
55.85887862751928
50.94472275572967
45.56335881227042
48.18645556581372
50.410861167847344
49.646656572332525
49.69926538907355
51.56285489322374
48.29975852745173
48.63598670595525
52.53306025078134
52.94362062887663
52.173398096417394
52.1068399279874
50.819144916520536
51.01953044939497
54.642946894550114
53.95026769892913
54.526445168940775
55.01303569321737
55.61157595224365
52.48693583107005
52.958962983506765
53.55107777910933
53.442306760600275
52.56207156028445
52.10908604996851
50.22259164934388
52.27497591437704
51.52474858230602
48.04488202481657
48.74782653271646
49.60592747032027
47.80700120540914
45.66855050359216
49.22976887830168
50.209600024183544
47.297066304120875
47.353965314561144
45.658184404561545
48.501581359911086
43.991433023632474
49.82097133090082
47.69983440959397
46.34372722897004
45.030871294574496
47.27033694377484
48.12172422291197
46.17859827255659
44.965869708100925
36.65822504120739
33.81281241619996
31.73983351248775
26.71225571961545
37.94283702409
40.89032567864957
37.45447626099187
35.80871135395298
39.34053009387637
39.95378901988305
40.087179921286626
42.788354904137016
42.71282325227305
45.18737808045485
43.466580247488395
48.86237381144471
46.199500038306084
46.18598359555159
44.230470663934696
41.85376414003361
44.65547853961263
44.64648470007543
39.109579893559314
42.54711704600049
42.9975321984493
40.209596508441905
41.2029876941844
47.20487387642626
45.07606383019421
45.831398564594025
46.529822311427516
48.71363522915018
48.078412116235214
46.4212099299412
45.24168426199958
49.4403834190399
49.81877193393315
47.8476147663101
48.36093856961374
48.454910448041836
49.02065533661438
48.16024116927081
46.99750583367613
48.404866193916966
47.872336159916415
47.38413586122167
47.537994005278726
48.00739097926177
46.03114269682118
48.78537628573723
48.53333758585709
46.942373853259866
48.04249171276423
46.611365387035306
47.83999795772515
47.31257141483533
46.984808874853734
47.03783488134027
46.28970286716082
47.15072701707126
46.713325639189996
47.87827611140714
47.25662231188548
46.729256135160334
46.420898178062814
48.0902293564934
48.04919047787927
46.284649747395804
47.356631460607296
48.15749019155555
47.096469352241485
47.31779107056303
47.03019754641661
47.10623373474416
46.94578488546315
47.016874270657574
46.388634937963985
46.70209239411745
46.97192544715867
46.812260385015335
47.53626769708392
46.97125638842342
46.99316525146953
47.635404932973906
46.39371930918551
47.727466604852886
47.618917263379736
47.74668956726071
44.52508553609782
47.357905985877366
51.09434775402773
50.50200713724446
48.81469489487536
48.30543818160832
43.24310161744233
45.33421581369229
43.58469260063174
46.197392420532
45.750739846662555
45.547368570102336
42.27609625752784
43.947590328047724
42.88392003212818
42.5774025250162
44.28212354531337
43.12168373160228
45.68523045324449
45.616656800422405
44.215171023398746
43.837247678114146
44.85553411463583
43.825230791184495
43.71843466369903
44.4696551053877
44.105212797312944
45.05880248412407
46.73039062965444
45.51383920175038
44.61590266266914
46.717319594808544
44.475709281990454
46.59006511395692
48.231005155062384
48.176125800232
46.639122564067065
48.35294575357352
51.02330304535357
50.3950320316684
47.95096360653917
49.37955223609095
48.751606929487345
50.48799507532749
50.53488204319546
50.840255072817435
47.99476804971485
50.464028249999004
50.001739014359565
48.57918680597591
49.81338961646032
50.0221031284573
48.45237509359744
48.013213637174864
49.704064179851976
47.90899297325741
48.739121314358655
47.72889081576754
49.31706462079362
50.60446623429565
49.99794647906355
49.423671821054924
49.948629994280154
50.00108602617541
49.823045705703244
49.3267384612977
49.1877608591429
49.39536819031919
49.26278082319187
50.05042295968673
48.823552027230875
49.00668818031026
48.91710734156111
48.558814055649634
48.548025606223476
48.763099429983725
49.984359430507574
52.14781612050573
51.18931652079749
49.704333706310464
51.95564191776884
51.54743196411662
49.36388351308915
49.87668022422312
50.286098273554764
49.33388469467149
49.70782746531145
49.89767090252099
49.57585457023058
49.473846217603985
51.551380571972594
53.712902689252985
54.290085299951194
50.773595895920664
53.92447358162871
51.07280117126216
53.35743520397181
51.553166411544716
49.046343223553556
49.99477819718018
54.29008802426687
50.82899534442
49.08238666391932
51.8238732993706
53.34479892566716
52.80773072700279
51.78579121608251
52.76848042216383
55.44374727086289
53.363272429927704
53.09758358986775
53.685449042376405
52.497005609840045
50.85651151339176
50.522335919505295
50.490116252011866
48.929003127037156
48.560752016176174
44.10150714282856
41.65764735957171
37.82367637382977
40.956702646337234
37.96650224704267
40.219754404572484
44.65398382365236
44.807575882375296
43.07653174234263
44.287920013386284
42.227627963004146
43.63598180126097
41.99416700133519
43.58421682226046
40.841484399578036
39.45466136474476
33.787526378066
30.415810029836816
27.888008220316394
31.270892318019367
34.11722967900073
33.611499302178146
29.77178487088608
30.88035791104652
31.047821664053853
28.68045008445001
32.31060647274984
36.58446432843514
32.4405498416224
36.64534584879843
35.97821507581564
42.442596673344696
41.76535604111146
39.445907389849296
41.27284381999179
41.6430207628794
40.68439324243826
42.5963179512699
44.46117068447762
42.30164953531824
40.51860101373684
46.835008262283516
46.36157345708884
48.07015414262944
47.058504667978674
48.00680795788538
37.28508161962629
38.10954853233059
40.99806405495517
44.628804087863664
44.9043019562977
42.28651726327635
43.28603674476747
43.57417688828875
42.43121928455528
45.61457718373902
45.7494973251106
46.074517707538256
44.34492284479445
47.67207646217561
47.53017379531002
46.33301914548993
46.653102277399086
48.990385573372095
48.94056085874732
49.60537933804942
47.46745227874313
45.484163013574936
49.869464430455984
48.87331912789763
48.57941375425893
50.409395645578215
50.28719290964608
52.218019737083466
49.704655313881986
50.66464517664317
51.58361554206846
51.78735305302906
50.56740237665816
50.4896899105784
51.74259864379681
49.88672006966921
50.2567991749123
50.48680403791614
50.13323908688755
49.13372209092959
49.19500694819058
50.390165244621606
51.64571117965812
50.9723792220168
50.82080781261162
50.540692753264594
50.69096473937787
51.42943371087611
48.32099870769207
48.7891412184109
49.351780781091314
48.42889980175325
48.94651035146578
48.64561268688787
48.653240839811886
48.633864069073226
49.231159777713785
48.15628051326313
48.629055323343835
48.79490095012936
48.1954889731293
48.39913616092861
48.583293494434564
48.35014411258095
48.37634450366753
48.30611167739613
48.521196719202905
48.184193029911675
48.21399465735014
48.40972256779729
48.56061870351267
48.16718824367513
48.030467773351276
48.25329431600438
48.960679022066905
49.31641572705766
50.82974482156471
53.61683673557625
50.799167817282466
52.6991589173899
51.0053465869295
51.49890118894629
53.64723697471716
54.221347066265736
50.74272186260895
50.067037238428966
51.81812902118695
51.41310433228464
54.316298920052176
51.97188556406065
50.88718917690049
51.73905200010921
47.52188600811726
52.12096256511805
51.811055548030545
50.21091103112983
45.75787769392549
45.43280093779079
49.803426476118595
49.86856973150443
51.41745542388722
48.18785002575788
52.46721133819827
52.91757225148286
51.36252958119554
51.161217201424485
48.360011320447285
45.221131378120816
46.781186044073856
49.3117936416958
46.269204091281814
47.501386481559756
42.2945063350872
41.375768112345256
42.85276764774903
40.20722455144907
38.40613671633815
43.2695841350485
47.18011405394638
43.26907475835858
45.77420783483008
48.64348508292869
47.7001405728566
49.5791742653375
48.61833344269931
46.69539256248894
46.73466627087564
49.42386350029577
48.495654701526
47.96237653645052
48.870276911590835
49.219520824807006
50.717041186912745
50.72717385456125
49.76331175099323
50.3057772634392
51.49124222130272
47.934884502327186
47.8603468733287
49.96204820607895
50.20503148287418
48.13141528135864
48.85343448223216
48.234685058097945
47.66502179356772
48.455791709406206
46.6269112978094
48.76765099303293
53.23557277491891
50.99125308168695
47.85214612577748
46.54866082681185
44.12671699823331
52.04919859103286
49.17981939466724
49.74736998639459
48.945401075654544
50.329961765164335
53.996702876869506
53.2367461076122
52.57832150431041
50.95201612357755
51.74998285788538
53.27093032022849
52.84373170152207
52.41518222447254
48.82110436928553
52.66143435132304
54.9697413886002
48.213109447656926
49.44543948006591
52.01141480068076
49.97054554656201
49.9276056153219
42.242611558755144
39.66849725865512
37.895471334081186
39.64703084597042
42.90643343453768
37.28024778244548
46.22336967463603
48.068740851009615
47.3902963949647
40.36991130696204
45.37594300763862
45.698776829670415
47.43993606324986
50.25578935987281
49.27358493179596
45.20108664246429
46.77555169221562
51.492441474497085
49.28044720363837
48.7395092751605
49.51067997064472
49.993956911742146
50.53943247363026
47.241510961775056
48.67784676345893
47.79738497703436
47.526694795114366
49.491707435104374
49.51544810408843
48.85221304004424
49.18283623793478
47.89150321832631
48.81264491457492
50.54121888175527
48.79007337845191
48.93144707391379
49.402248476433705
53.873082016772535
53.31419895810499
52.24382469686802
52.2862887898454
51.74108111022042
51.226960744952585
50.19765378013739
51.96037980995026
53.02628808616255
50.84345701063798
52.563937462006905
52.097360544069225
51.28878709714003
52.623530571530374
50.6723459942944
50.031614595767095
49.54182784338685
51.23639226114519
50.31456490660149
51.53250477751511
52.41516054343527
53.000583254292
51.98469547770837
52.05055238849516
51.35401135914642
51.390904619978976
52.11481217147287
50.91357385174764
52.74737554532871
51.37574085424769
51.26143014819738
54.942858827831245
51.99764445580302
51.48386998898652
52.45726228591289
54.31184712882477
53.220883749088024
50.231896223519215
47.917110056590545
52.02171189600458
51.08492259378908
49.52789253518567
51.17668241774474
51.98029792790816
49.51584211207648
47.57218875910983
46.82664156550364
46.36379183656097
46.75926520161434
42.014110379149606
42.167518954219915
38.38717790545152
39.730686112701235
37.332284931958505
42.022198638400305
41.77527760509585
41.92001883526846
37.009879825057915
36.40841311122916
41.788969815545585
39.68429309037318
42.15047267171322
37.887380563230145
34.16746717740333
36.64857749770607
34.05494424007386
36.475148387802165
37.90818639019524
38.20441975762821
35.896893045957995
38.756713040642346
36.01389886855912
37.60013527837348
37.81317970816236
41.475119666341435
40.461561778158384
43.44441429469982
38.62446563766034
38.99071596410718
43.190183633501874
46.128373607032636
41.982368093098486
41.43423039497529
47.613357398988356
48.29850021305511
49.58262102270084
48.44183751801
45.20508564237385
46.31469330145721
37.78927027705873
45.16504527537295
44.16351465507576
42.139582289039424
45.09152401027382
45.23636834021232
38.668568917763366
43.32164806724641
45.88078841074022
45.936181636016414
48.42987241660788
50.41234976438699
46.85902141728935
47.82531257009961
49.419813089118634
50.86889148214037
50.474211554555566
46.573365078889644
46.968116148966054
47.94941257770377
40.93781244261853
43.46801279518595
46.243119445511326
50.17101564941757
39.32156786757965
35.168038369393436
37.14328705343099
32.75469468356364
35.96072206202941
39.364433489992244
41.55517743449386
37.48158302109138
36.55365286432127
40.35036256562857
40.58560240064508
37.75017192433417
43.12143939105344
42.932892198551265
41.49623114168535
43.25909506853045
38.51380518310084
49.18510229226412
46.83522448138303
46.5589203699401
46.13726573790056
41.11945359158617
45.804522076186586
46.836706005346024
41.120389147155386
47.695395356711806
46.45197957344852
47.07259169185262
43.981980362318644
44.10486248181516
43.52179255032351
39.26373273447651
40.69315666063805
42.862852137881106
41.61555831847993
41.42352960272338
41.67316618634234
41.592425939766564
46.97433376799296
46.02486469638747
49.23369908765312
49.057367488270884
46.520658814371636
49.68063854037384
46.967272378505385
48.6957403981435
48.09262385810202
48.09014175923806
46.303296279955305
50.41365188912186
49.43923723415209
48.57901283162968
50.01310846278771
51.2060175972289
46.791351182514546
50.88314866697151
50.1158796356814
48.223294071372365
51.015993358324096
49.61401052155436
47.92769572911846
45.594989595574624
47.20252552847825
48.234525610000965
45.727851778765846
50.48512311458253
50.47701519456008
46.952929545035985
43.21901112949074
45.70356252165814
48.70664312655152
50.14292400717468
51.30673839771198
53.64843105118441
54.2216994246692
50.85381371735244
50.94225594492929
46.46633778388248
45.00830788209101
47.8094553726855
49.7329117894337
43.73617645907711
46.39542507462822
48.93387639997718
46.44379583036477
45.537531581456506
43.99102582346032
47.59527375108915
47.74659225777785
49.05051543862638
48.46221649794153
47.64052901467254
48.210371635469436
47.31135412062562
50.16989349431653
51.22839503380225
50.79411378640309
53.11374778891623
49.5763786786431
48.58023090629166
43.31308317045387
49.23858813944977
46.27849348621144
47.49908090825277
48.46376256221261
45.599974554049204
47.05827211258303
48.01159134439682
46.04805264662187
47.45773268554798
49.828191582639036
48.49032493337836
49.33934314767976
46.87312582874978
51.32323916237261
46.57795659184244
50.759438837763106
52.05289785831148
49.29794367503779
48.686759283414624
49.44351051788881
50.92038572933094
51.180663166197384
49.90375771588882
46.426155557592175
50.67046843653669
49.73388878598402
47.709973597093686
51.10830622375135
45.21000457565177
47.136987080077276
44.3434477263113
45.07976986639554
39.45087356376123
43.8652466661199
33.854922492519115
34.19552811196947
32.715776858411225
30.60273932717886
36.03190460344397
40.70872249997304
41.50100436644432
47.07846910235405
41.021204750779816
41.82834060014645
44.104479615950055
41.63800135915717
43.700969645541406
45.0761587962524
42.009275295441874
38.650188935572615
40.623399166134334
41.95358953577042
46.63170273139005
47.88949861564761
48.25943202969278
45.65163314171907
45.713309828871495
49.918257330747366
46.725033323330855
46.77212855905385
42.4382768006933
45.42983230025814
44.88505617161966
45.493674970838896
46.10043335720058
48.23110580393295
44.846615574337136
45.433557746268654
46.72847082661452
45.46870170816179
46.47975525475847
52.388558298031185
47.68236393913237
46.87834996453528
46.00056624693524
43.76820881870231
43.13717490732957
39.62204810013783
39.7115240002899
38.39580742204309
34.18049904838038
33.672105923010456
35.4106924848103
37.37712275096996
41.91947199204524
40.37866401111403
38.15186092757355
43.50509371874035
42.4070814043266
44.73980422853834
44.448957028690764
45.53819122907211
44.41296004827524
47.431113947170736
43.85542605794695
44.99596026550035
48.642547296902414
46.80995265123898
41.09565206398211
43.2558319353116
36.09864645383569
36.63305856973716
32.41306195135959
36.67632578841409
32.32770310409087
30.77275523347794
32.626032559785905
32.07436628967604
30.565725817763113
34.32749003368208
30.826066573901542
32.32052035025027
32.525603986107306
40.90793075074439
38.915833658614474
32.538890695078514
30.046422542669298
29.233021456081225
32.09550228035263
35.00593725322467
36.5757406553859
36.943864364472695
38.4387759063774
36.959715057991254
38.6490641073617
44.05048769408134
44.89435444571229
45.60320650375493
43.90716750619234
47.132117082013934
49.81669209532927
49.069526399819004
45.08930725460775
44.57831972608126
43.92137736506499
39.09652980364512
36.04316495519756
42.79203803911816
44.96210767621332
43.51529784079467
41.96524796751525
49.611834469676005
46.79051729107062
50.39843273131276
50.97329011751628
49.59960500061028
47.44403379616886
51.09275261553279
51.50073354242844
51.7039398426457
52.17074677405075
50.433086971492266
49.80854071509395
51.02898889020483
49.92598932199744
49.495626434700654
50.085339225731005
49.957282972587265
49.18322669501575
49.72653287132295
49.840431163056365
49.77999816384152
50.38196210493227
50.34682456169399
50.883729632537516
50.99057818323965
50.719255901654925
48.30832400699023
45.21702608110624
45.244651345064014
43.81027334777393
47.07229996320836
51.542973328858736
48.454292244838214
42.66510789460575
42.43679567494718
36.75564235137599
33.2641848371295
32.57620581132677
36.11698125145374
38.03511226601725
35.87716879984711
34.95622791648758
35.977260679019
32.1495323047621
32.85657358073624
36.18670782545812
42.18243143131151
38.37469354279019
35.25142178043529
36.21334323191297
36.626422974273666
38.92166635541519
37.29602298153558
34.594718488094095
35.38506579663596
35.16346861129548
37.187624887916314
40.01700835768432
42.929495555633736
40.85775110539452
41.812789567368455
36.962624856419886
46.79457386956009
45.012240577612864
44.984878734856686
48.85234514729857
49.007043992804945
45.58502483283586
44.91612844911191
48.11782270477292
43.5921332286025
42.0254986388802
48.393780249327854
48.9472938429951
46.73299785855628
48.189794536706835
46.40266265086253
46.590126432742
43.9131265785693
45.04289528764485
42.39873753903303
44.50809432196986
48.954271799332545
46.55405188132913
47.01218540357171
45.13269924223079
45.818533396048224
45.74440610423415
47.90487450954983
51.54635047054506
49.06783894834592
48.43109506667363
50.28564794812584
48.44371410645493
46.205321280208494
45.74583493224242
49.35359638450975
47.861872513262334
46.47045004987315
50.36086284180261
49.78234797712545
47.56374366788925
47.897190408731646
48.76536194642666
49.94496278858976
48.26165728130315
47.8561317111501
50.75748981003861
48.274164343307795
49.54285883707183
46.90551543379005
49.584576202124794
53.09904494695868
50.863351717871936
49.68601786991193
52.611171491298265
51.88826747511377
50.48364884747225
50.295525615351636
50.78420151756743
49.7670897122684
46.71018597853649
48.27171828453133
52.01203535716056
51.841920743907814
50.80435967824505
49.11654607906128
47.839726055732264
49.1851059843411
50.986438025821634
49.20136801764013
50.06570784496832
49.20914034343541
50.284966915780785
49.65654407364235
48.75233112329417
48.9840862053576
50.65634259102103
47.71976031308017
49.68525466143599
47.92134285814538
48.56648503591632
48.43076734766295
46.84722143625913
50.88176832317971
47.977787814046614
49.324848370682176
49.837600365857654
53.323082724288234
52.836222020069954
52.15589480248753
51.84165476737209
51.67746291569554
51.47083065825017
48.18380999412533
51.4536899833095
52.03154216843775
51.272584694349774
48.106249375308835
48.30963531614485
48.84217873348514
47.87303633129227
45.62469015049906
43.40982933536994
49.791073117007464
48.287818127792235
48.369038423146065
45.019829383098205
47.98805223393761
50.876670737249206
46.73185718503816
43.90699186650165
45.796982441600036
45.30731122687854
38.459741302090535
44.56458288384312
45.96327252977253
42.27693671770701
45.29495646701812
46.15067450833807
43.51963196776518
38.59650676698606
43.88578447787695
44.48903303395278
41.3203384525099
42.71326595623705
40.33934310248529
40.40303110474536
39.92309037803553
43.03117215131734
43.167415801188355
41.9144030089083
42.3080826063889
45.56543685039897
48.37317246990779
46.765318721215614
41.00534219839979
44.636706172376336
44.2034320815932
45.58979491648884
44.9630316846409
45.78214195615773
45.62633071175083
45.91012666946497
45.709580619875254
47.03782555323383
47.5763191240054
47.34206699286222
45.866069955384134
42.71385031652002
42.54936528091315
42.9124147479637
40.365928284634094
42.12275631359776
48.15191550872509
47.3786327999582
48.488863306972455
48.88971800119244
50.13813823988955
48.530110918831724
49.03645983837708
47.4311763195285
43.99202786068969
50.39571370175076
49.72395855781696
45.94052758308778
44.69286722237419
47.6075128916433
48.341260712964
50.61241022749638
46.90469514787583
37.401188925806466
42.76273681050293
41.51893431390763
44.49036295658158
45.00547723327691
47.540373087488625
42.56590060049835
40.400330755914375
45.45265816253156
46.13861099619122
47.76299223023034
46.866894537031754
46.460582237392146
43.940467956700175
44.649833278854196
50.082218279716145
45.763000117784586
46.62208032134151
47.49247607750123
39.97820878673522
42.98814332210391
42.154834316845466
43.672583382770014
40.139598630545336
43.144828213886484
42.74213302214503
46.43299857644186
48.130369733650596
40.03307024838777
43.13085353909564
43.90659640844807
44.764820131132325
45.68430532526224
48.918498230609146
50.25407775630069
49.594503221460556
50.852618907627495
52.809421122380044
49.81552709639995
50.060660641589564
52.1038685764607
48.531893609630764
45.72504590642261
46.6791719150292
47.57796249150417
47.787003964184215
41.85415878967013
37.85370275214013
35.73005207027031
37.469017520419555
37.626197481468964
41.006317633060114
42.8806481169869
42.74936151938254
45.61899704679075
46.45936991031451
48.514561830909415
49.4521850173098
50.13885661377507
50.51639276054708
48.6091913431363
52.29863534337752
51.16185858283305
50.86140892634977
51.34032012503703
49.20585251644998
48.78409996243272
50.16618532116925
49.87308232652345
48.86732001676659
49.23968101675879
49.535066263205955
50.59726619947072
48.26289574604874
49.95508591675013
49.369647124112525
51.41139654406659
52.789727734569254
52.84812384198835
52.4161243697893
51.01837923025164
53.56535852669389
52.61361398001196
51.16751258318664
54.48077516805675
54.08833891960628
51.92281041756166
51.94444058016763
51.44997902337125
48.52770704382354
51.29388058862938
51.882289844264925
49.82051516817465
51.39661722177911
52.156976542450266
53.08640032130499
50.81652820378262
50.35372747256715
48.74142202435302
54.43154760166968
51.412050809839826
50.856794944868376
51.944441507446435
52.00082641640334
49.929031323491245
48.327939154088966
49.52957983026685
53.850908936645446
53.364187041933
53.6072653484387
49.725029614299075
46.83778357948141
53.43188314920371
52.38694940585261
51.53926468335823
52.23349991844101
50.207110241579294
48.81235859151563
45.626386772358885
52.08748315381948
49.535657058691065
44.84263518862885
44.48611193981102
50.90219834616776
48.91811061816142
51.12654622025768
50.5816235515594
52.0157180476567
50.420976758489886
51.10810280716422
51.981893357900645
49.875516402237956
51.75133768735509
50.48732527735162
49.625975281955746
51.232789691099555
51.0589002353248
49.40921458272916
52.100539840376605
49.669435487221
50.339685454424135
50.11810295472041
49.65325467467843
53.72261941703736
51.423692942436304
49.85171517939912
51.30863292612825
51.23803030499295
49.80026762871213
48.99273642064919
46.4695482837823
44.93146410059715
47.38184470956123
44.09322358230307
40.12782601448601
39.271674507547694
37.3761641857631
40.71889141552284
38.61758681237672
40.30734343750264
39.877599554057426
38.35995106312419
38.23283831429395
34.66295582087707
32.96369488173669
31.60890510591655
30.72777301536221
35.983237081179254
37.16520372609823
38.8065640265724
39.74786183791245
37.05475592800479
38.11178697207323
40.03054235517913
42.035685930281915
37.80650908709095
45.435812444436344
47.01021507992775
44.59724437938367
43.570220109313276
47.13702086534393
47.95664897640186
45.3229548269891
40.79495641475521
41.339813889375236
39.0242864426106
39.09055770543069
39.99309509511941
39.73531198381148
39.9134109066241
42.18978601618696
48.6564633906422
49.151314120790765
38.1128929427368
47.58264405678996
49.076903464059775
49.88256124192984
49.87277397050591
47.803751199166534
44.68738619596022
44.24023067405109
44.04726937084726
43.87853883167989
43.13699428244959
36.2182219755117
36.99091066862535
41.49871756935593
39.43179361450452
38.79822562528013
42.432395384619646
45.96566471320726
45.972450118317795
45.78148921123719
46.12304421891161
43.960654584422855
43.503783249933214
47.84598764168725
46.2828932670459
45.0829704624815
43.80101054686605
44.63356613117987
44.90176642246228
45.79811447846164
44.37732842485837
45.326924403876276
46.02151639663134
45.0164616957516
47.29119800017412
49.20044937011041
48.51395313635498
48.68575183217996
49.10056991120349
49.2975244711
48.823091828222985
48.45594423392773
48.84173976689836
49.00827659772895
48.88635090394775
48.6261542022193
48.932374066341396
49.311625401555446
48.50109106042959
48.60203438459435
48.85941604636121
48.79561649549325
47.628192368552845
51.01343353750208
53.12795996795537
51.11656938893848
51.30962925350092
52.3141537804629
52.53475937506707
51.51122260535466
51.82610239642514
50.06504443215591
52.170149493590685
43.58381174426456
50.19526765067462
49.48504158338419
47.850641056539516
51.172508658702185
49.63249712838172
50.789866009559354
53.30639791064034
50.71907570079896
47.73930192515192
46.972626249614294
52.723726853696554
53.68849065379695
52.019231290434966
53.78332404098287
52.33037817039521
46.89347684575926
42.37151502327987
43.92634906028772
52.35838071073389
50.068047601129784
47.831004190635284
53.28693127667955
51.115178521278494
46.01989843033537
46.05502820851184
46.85446287525996
48.20215610138851
46.76094686207238
47.2080565928274
50.69753441098335
48.53472430458088
45.619783210396164
52.421944940868244
48.994493516314826
46.14162828507688
46.61651900845261
46.96036775393881
49.37785882556725
49.47532308902874
47.890897485871
47.31493862414904
46.19327848073377
45.08441460552374
48.6710895762524
42.19382289610564
41.40681402453825
40.93665513096227
43.13246442677018
37.76473098866823
42.702808654382146
44.378690758266
43.20848664496479
41.635470983701815
48.54750259068442
44.80516407828138
46.87408487548244
45.43004271606687
48.31677764317283
50.62537042002352
50.70729730162708
43.05576557107441
41.67189542733782
44.015644046530525
40.25898999002377
44.88277810896733
46.54791094181996
42.815787268092606
38.37703107112683
46.14143810834973
44.17064502005795
47.949312462460945
47.103625150529886
47.412028329220036
46.246255715710525
44.71752902342934
45.477965298686684
48.49440233985086
49.097372729454655
51.024182859365425
48.884345727858474
48.53479535901465
48.367985711468265
49.955382313886695
47.97436082744459
47.227202302617734
48.14391198808584
47.49267165417495
46.404923101128944
45.92791080086904
50.91114102565979
49.71705770643991
49.653740225728455
49.869405507664304
50.44370294220839
46.401443054482336
50.06099940857992
49.09639753533561
46.1957734893027
49.7799809335355
53.40776743278556
50.41079389684357
49.22359736080756
52.86611363202271
50.34445432646242
48.83010930664975
50.74443244925607
47.826720723647995
42.31077810427745
45.46746709529549
43.99399254998282
44.587521822305696
39.200929222649805
43.8768819220365
45.11358516885008
42.70614341554874
37.284876340239535
40.91360043587434
41.20731993583202
43.43702256798534
40.73704752768562
39.03775119863643
39.25455204815977
36.0878590108925
33.381775836191025
38.503508726804455
38.82965338926511
39.480215341188554
40.79835622633023
38.1816767399679
39.69798072386022
42.06511780492298
39.98846756691053
41.96172327687245
41.99325450355256
42.02163709016839
41.996233833812965
37.76205734332798
33.31118274827355
37.958226934651876
36.73687794629205
34.27733521220142
37.58285134344003
37.028134489981
36.83955105725834
31.22546248693958
32.60290712092835
39.29838171503946
34.84207278417252
37.685984272690646
38.87157208852879
41.31878030328218
39.3343286990558
42.670766609394256
42.90639382836083
43.23209701853928
41.82153692461843
42.09887194272378
40.99855637592993
39.75984300548078
36.6248427127421
37.151344876801346
36.69072142902862
37.979200284759884
44.220140892249546
42.22078836746137
43.92942887609043
43.10878478408687
44.96921695361134
40.42030218831325
42.50695092476161
39.85143071704544
46.86494156717261
48.01907688004383
50.95384612358067
54.44314732042707
54.29347066402755
53.08103079142413
51.61709891305883
48.854379920463565
46.384666562095944
43.18329940536705
40.962375092558084
39.16953179754485
39.223231684150825
39.49430333027922
36.67797028286307
37.97983504796268
43.269200110772125
34.792766375328505
38.42533020619864
40.914544198449455
35.70333915205063
36.30124821071991
44.03854754361344
43.97823048153379
44.231952997885635
41.63548617889027
40.27040010898509
37.9647897876897
41.41346645965028
42.020886330100055
41.3238485261105
41.476678776144105
39.03207524170271
38.63421041271116
38.640790665986934
48.57073305981665
49.01789791578043
49.97587726705445
44.22461292689566
37.5850502943527
41.1771882205089
46.09188036659641
43.999272476876115
40.57312914118035
38.357212488531665
38.99987119427816
35.042004807777104
37.9810694179614
44.64964944311382
46.147365857932265
47.974927892724274
42.530326439750276
40.28808159687081
37.517533502193864
32.998239746952606
32.88605754182572
33.14409003257173
32.24437113893943
38.68241493449855
40.612052337000605
46.18954574770578
45.03075460208463
43.26649735954197
45.500915689194336
46.18272114912745
45.66866542635944
46.00735381917844
48.41412414864154
51.843005669020265
51.03109210438541
47.444407517243725
44.379328124734045
42.80724993975904
33.687179722173575
43.24993667146453
43.303422419734694
43.09203117589796
41.94894987838973
37.08401520203449
41.03175392523927
45.74957770961884
44.5719989479263
45.63277442676198
48.676248729921554
43.04225074081253
39.55181774407964
40.66091947566592
45.63790647046599
47.86421044507297
45.84028102633329
43.21914120987559
45.732829566022225
45.733687038482174
49.98360181307236
43.92331493135835
39.43005816122427
41.15770137519264
42.429891345089345
46.539267960122736
48.0022370185404
45.829215027929486
46.34905647272786
46.221525591523935
46.67360948630977
45.63630972248893
45.089002586008434
45.301390024444245
44.9833083426282
44.886593397859194
44.8929905703679
43.07425880343249
41.39810215949703
48.002484703649564
41.15881214489047
41.63206362838299
40.12509133586659
43.61053796588729
47.23169374854861
47.85548531524438
50.71750868714741
50.86847838131422
51.79842849910707
48.293087921151944
47.651011352245334
47.156365918295904
44.25638646990601
46.13290845282272
49.13967734321714
48.222937097773446
47.31069167274716
46.361453899179494
46.45197814330635
42.681934238925116
40.71969483514734
37.938071471029296
42.846711026221165
45.24223219029395
42.41711956601346
47.019361427909715
45.16655967898997
43.25839547599739
45.70052142523762
41.38018580519685
43.66712168260912
44.281171134673656
40.61961627237495
41.09279626654172
42.90663389421001
44.17670006522354
42.940286172152675
41.71507348604484
48.78057431778861
49.788424576294716
47.76615500244946
44.92751642925964
45.49833960405758
43.9114988282254
46.12816108508592
48.45402245575276
42.8544513755498
40.65168508166151
39.195756856959136
39.787467174879104
43.019189479019744
39.45800796761164
38.43678630554152
39.30074161526717
44.040190058428834
43.7699412459831
49.5707087467577
51.393157386341294
51.637632972778135
49.69921121579967
47.719539594857395
47.46365458102596
45.09990885978648
43.89194486807312
37.98419777369265
37.39603873682426
43.132373309160094
44.6416061677055
45.07953911336432
41.291068313827566
40.556378607994205
39.662503021525225
34.354036774648215
32.28949119167642
30.22602833020577
28.86398334624674
27.068357299888213
24.717910365595095
29.05483356493366
31.71605337071243
37.97421174603036
38.58877881005403
36.102462160473216
42.76978947162095
45.082179593329165
36.64962052703001
42.643766822992035
37.021358353651564
42.593974018412055
39.54212820735365
44.22331482992358
41.41031342682417
40.32942402884564
44.697106806420976
40.75888975849826
42.845297163799486
36.71442644489245
47.54719816958721
44.67535885386561
46.243118002869586
42.51798253203089
42.51824221687122
41.84978514801515
45.26402308683793
39.29261601210496
43.97088554470562
43.2240731762245
41.70847109181224
45.07758991571859
41.02529884907436
43.28188732347066
44.65285966323947
45.516750427651004
51.51387276181703
52.29214059872616
50.52412419852862
52.3849417686792
49.81358334096076
50.09439738258097
48.686890558732465
48.12524574228048
49.12497195582795
49.13516594965606
49.09973973338972
50.89497073836758
50.177882815589236
49.03200811951605
45.97349226267502
43.66664448020155
43.802941514491394
41.3147291574949
38.161919962522944
39.585489268358586
39.64241546956655
38.04574121661506
40.89618122753617
39.519379434078076
37.55326802365074
38.90647213709181
37.7278349717519
36.07935328148059
38.479224644603306
40.08506536576799
48.3406813012391
49.19858782072486
43.35596603097338
41.24839601036527
45.54483377711135
42.28253192671456
34.92973585209293
36.34175621911982
35.993163641081836
34.69586134837783
33.82834265230453
30.325465471796146
30.9983994023233
40.40171998771125
41.53587630196409
41.654554762799826
40.355204579126905
45.37116521062876
46.18134065088004
45.08170931991244
40.35087161816242
46.05723927598553
44.800996286067345
44.8646044179527
46.528353900959104
48.626381629611345
48.15455230619168
45.190316297066595
45.164736779458345
47.69531506327608
37.772436659230415
38.141015237445
37.55011954746871
37.34414167820746
35.875710722329885
38.97484503401747
39.59830993897889
43.612950412454694
41.14510758738061
46.23020926013406
45.31521850710478
48.33144349772047
44.65396314407358
42.52452994919773
43.57044080330505
37.98673061399458
40.45236477165045
43.92218673551965
41.03132967264596
36.65051055036741
38.57648519969566
40.74307372177626
36.72888512352338
37.57086857729734
40.33209015550882
42.056837106301735
42.43759850187874
38.45040785119239
37.30852931819729
40.19262395419948
43.033645353323266
37.35253718999263
33.400332881478974
35.07518170457389
34.047858346058945
28.41598816014073
24.772858420477167
25.843143767731558
29.690863908506024
34.45209596102358
31.85689425201739
34.685546567021966
33.108285450097135
32.283526546789204
38.63744746188834
39.530493492214426
44.35739951840122
42.83920093141885
42.550496899733076
42.377261583700445
40.99330183574464
41.149454664671396
42.43052418330236
43.130761541795174
44.35996210511377
42.66420483194218
46.468768351761675
48.76768993653348
46.40287870895618
50.718557574969616
47.87946491219317
46.47543240550145
42.29486802841146
43.067555570835445
43.97788114179989
43.21416891279703
43.42355772002614
46.49257884756913
44.002813091635
46.00502481973901
45.05853437924661
46.170610814294086
49.65130278753186
49.554965927638
52.20027685797242
47.29948963532222
51.69450923968545
52.59928743692084
50.62617066159486
51.331970742711206
53.386484555549785
51.82304200986348
52.54489406441342
53.973607029957854
52.03021645625453
50.58234235342375
51.589410870567974
53.4313865741924
51.818274054762206
50.85650350992505
49.866171598643376
46.17379111689693
49.437529100938946
47.882681066641815
43.497237446983235
50.447465642695214
49.90280530856113
50.3256687266136
52.717150811426
49.07463659267009
46.14087296205155
44.14032005440706
41.94295366001449
41.01197835909583
39.69776223424398
41.06247918387095
38.11475643271973
36.54820171971997
38.96723938304779
41.75107545111703
37.99240909174318
39.126754583990625
43.034340602705946
37.37820592183116
40.625701158769495
41.01875127778436
43.362634306661306
39.98542332887362
41.30162984169608
44.27404238319789
45.16264615135376
46.962845457595655
47.6334034522999
47.93297911150092
47.46819226188287
46.5783725304743
43.07021195089762
50.37852863566264
52.04720774827973
49.076741530980364
49.40571449756992
51.16482960188706
47.87503394305594
49.408184262068815
47.788250007211936
49.746347751074964
51.16795502521762
49.476308086698026
48.917470954444624
48.73731659116288
49.01093465430595
48.369793377063324
48.11437069681295
48.95362337118511
48.209275639423424
48.279294918363355
49.206470672302586
48.44865102934782
48.52377640930897
48.148485744388196
48.77656934111219
48.64238432369714
47.973776908140174
48.00346315835387
48.236961930406295
52.811740127331575
52.872404366963494
50.53770878393425
50.159514974778574
54.480480783281706
52.16569865012297
51.89263453039237
52.165533754438364
52.1457228603856
52.27830582176518
51.268030547895286
52.07739405429655
51.82793351074608
52.45285301310004
50.227968006705694
50.41172107358285
49.214581406823925
49.31472872449479
48.686526361253165
49.17863089993794
49.45987344372488
49.16465419528151
49.99415120632315
52.25823421406221
48.03199833365998
50.9234003772593
50.573541481444806
49.65748077903614
48.36513546003559
48.149598330117406
44.241559373258305
48.41619293043354
50.74021735678989
50.419408009816486
48.8057912649728
48.840540881539084
48.372615376436734
48.36284389516467
47.50170382843621
47.40664284215567
48.08505385657175
47.81741271526971
48.08080691498957
48.622151602994
47.33350905515341
48.606341334878415
48.20835829770805
48.44080388687981
50.05714741142405
50.07170262317738
48.55415845465061
49.54424701883493
48.81504859311335
47.159854276904134
44.972322287149794
48.35903551654178
46.71536841350531
48.94831716485005
50.09452873861528
49.43608607205631
50.22461728420093
48.21402092103755
49.36455613826929
49.98974773259195
52.60213992494868
51.512490515858154
50.67021839673598
52.85542629308995
52.15407255652959
49.73522559397273
52.477693231201904
51.31067074255756
47.302398880747866
47.34864016534727
49.09252070008653
48.02510527325964
46.183995090330626
48.21497961463884
46.49242585738501
48.762465062900986
48.61930590991103
50.40197809528156
50.486877862994355
46.33153190832303
46.14542163228634
46.090776508408716
51.917584763858514
51.111731001002774
50.979315129836344
50.2001116298492
50.238360672701546
49.295021320198906
45.56028075874897
48.49673275986377
47.686899567773345
46.643784815288775
47.69456201553505
51.00948306772742
47.37198159140475
50.340197381909654
48.79409308202059
48.146078000771865
46.20107184145464
46.19398166928523
44.31733639389602
44.4186463127239
46.991346101143826
47.64183421745358
48.80497582733531
44.25662444976726
45.068283251631684
46.074030240673295
40.40091713667325
37.0309952175906
35.32231050662509
36.68019500303825
38.056640775535826
39.537731616873515
36.606663926088125
40.109786418844386
37.07314437342647
39.25196717347817
39.55198329946867
38.552654543496836
42.55114471264227
40.737605894386576
44.11885905060536
44.401857090421544
45.26913823684591
43.86426652961787
47.11420722874881
47.138601613185735
46.40093842762186
49.39891464143389
45.83016542448382
41.03533008237588
45.66363359271242
45.74302690637932
44.12620404705471
46.63911252805335
45.133735789426154
43.27943324255508
45.55565058242528
45.30435464195703
47.90107647640538
46.8248670890205
42.79041894390077
39.289820473871934
37.433251355181696
41.37292305525503
42.19578712757189
45.32761817494072
44.21581108796073
43.08866887277201
43.33776721447648
40.71965058080886
37.960147648009986
37.09510094888954
38.58730884581763
36.8807530863699
39.610517281510376
37.68484751017005
38.43986824828303
39.15587902686302
35.991954109357984
34.791300503792876
39.856531939439904
46.09322160373885
45.949315502466526
41.131339791069074
36.33350925266424
37.82121222305108
36.46392982866355
35.97618660945624
37.02768072198974
44.02119194648227
43.52377673960855
48.41223006319664
46.18869482354665
48.09535325303425
48.61568206429247
47.32280185421528
47.65210720642575
49.45706386623896
48.18475259014447
43.68074570861191
39.4036792211338
43.79544841525878
42.466273673582165
44.15806108914828
43.30334202667382
45.51992101621188
46.5669345260844
42.67952782906579
40.24561141145896
41.162704111179856
40.49004526744723
39.11040951832979
38.83443559352872
36.10522647095629
38.36306153211351
37.7243205371745
37.61403761167374
42.471104285877544
43.758910933676525
43.768310360813295
42.709074090198065
39.97422962870393
41.67674605690338
41.10210217279701
36.51211460226627
36.96995168241446
32.37434301212905
