190.04099314643332
138.1141327288898
130.36828084433938
121.57411826811511
113.2652789666487
111.9695615573453
109.43645851479243
126.47728886631435
112.2347273108555
109.00280243862991
102.87480434258488
99.92951486180561
99.16525835361352
92.73783509028127
97.66271612245178
83.91843526163991
87.59859406475069
82.85659447777783
89.8499047167708
91.81901288034987
94.53494858088169
92.5153397237289
81.57121585254414
89.87468577583047
83.7189202052644
84.03743830706553
87.39992872876316
103.62981541800447
94.88099046008236
93.79525833592173
88.05587334409901
91.88376526940527
85.05413757217016
89.07704977299039
94.98629583585887
90.50642298418563
88.4985465531622
89.65330490633765
89.64285275482494
94.25620258260777
88.5129030886808
87.07300988125077
93.67658571065108
92.1612846233919
95.47150332583948
91.72631379178881
91.2669511670925
89.71336973867815
100.60849259450926
90.42155741707418
88.97252812544203
94.61615652005734
94.04106884177916
91.5626974807386
82.09946204141674
94.70820088009975
88.22797910007326
91.93801868428538
90.03079146026234
94.52262052494031
95.15803827784879
93.43284300113093
90.11998903524376
94.72375152346794
89.84959874362546
89.87697143814188
82.17321689146455
83.81458854909893
91.25434192936449
92.92381235724126
78.98126765369773
84.31055169415609
87.68085610128766
82.66301888977218
87.64793422676796
86.38546316582027
85.52539548248022
88.22498266684501
87.92777953309978
86.48922002792818
84.3409247432878
84.41499848763995
76.00585500172072
80.20699058911799
85.4219202986656
82.75238386453356
80.03486816969856
77.81119305222138
81.49874027515031
75.23235384693096
80.13365882555377
76.5934929545799
82.96715081549168
76.85984013583494
89.82584870407165
87.35611122768277
86.10256839851186
90.73636520699482
91.71018811342248
89.93979453871724
90.22959298525238
94.3205256200991
90.38559094177818
84.90379657818201
82.68425789774082
91.12968496542386
88.71695535855575
92.83082720879398
95.09437211073836
93.72266493242678
93.78000887595402
91.78916101811195
88.63179681278453
91.29984032163644
89.00731791761446
87.44271096159373
89.66404425126828
96.5959237503169
99.79180408322176
88.9564657381257
96.03264022383803
101.4226420793083
95.33935639041363
87.90131367690665
89.67640677766873
94.9120214845569
93.13128947892476
89.67880107376972
85.60109580346078
90.12810712047653
86.69728943761531
88.15641505139915
88.18340092673135
95.59615150235375
87.0762166051658
93.48947417787981
94.7086214838137
100.33110264108707
94.99735100135653
96.69437936449333
90.96565584244723
86.63957261298663
91.55587494551285
92.28806990380788
92.56027119047243
89.52062218139925
90.54271015325469
89.66262856743782
93.54938236707343
93.11960989157818
97.02725534177938
87.27435651292846
89.70414449905196
93.64208575843408
91.75418281208371
92.87041207229828
89.06965421726994
90.00935678403258
93.07413278998708
92.49165674419014
90.59454837327002
90.03532391272154
86.64058031849288
86.64835647942178
89.58345814385758
89.15680246511398
85.25887386439848
82.54622785708902
90.20842336542067
85.20964427797331
87.51296192993561
85.2267600348596
88.9912425480402
93.8060727016181
95.80454895484216
88.16121843399122
92.74005350644684
88.10352036350895
89.76434869880146
87.51055736130692
93.48474617794706
90.70277123820328
90.37737798706672
87.7215377114234
91.57953601467642
85.31184935694668
91.53137632512185
90.26537592210558
87.64997784184243
89.85712741295166
86.62377938492033
87.70954903720002
94.63650532443516
90.18667401464447
90.24004859373086
85.27193710799916
91.80491767763499
93.18785216540681
92.55122659520471
81.79108233643315
85.14710964400196
89.51336963282306
89.73527463248917
88.14245880400081
87.200125991922
86.23034002971971
84.09804297569623
87.29869344069415
88.4771677429433
86.83620108530053
93.14309561078173
87.55427191652336
83.80845056448001
85.61834329411333
92.95571137374459
85.9751079048752
89.66936366842816
89.61231111204584
86.81623705926435
86.51198104889883
86.73458978334028
93.7457974086796
84.72372087128778
83.77021207323787
85.23733826577399
78.83925391876483
84.61216867397044
86.42917563495699
84.03691285604273
83.0485502329271
85.54631835312198
90.85061008717287
87.84628938692094
76.52745799745804
84.97925150981423
87.5737553692136
85.08069021529322
87.80579400031378
84.4353790663648
85.98522412598285
79.90056373627485
82.26640235741972
85.60317263970377
92.53939694995181
92.50230854029581
88.3514554429073
85.04610664848315
85.0958365896217
88.1081481731052
78.91839705467697
88.38118105229621
93.09510560545864
88.40830606404602
87.71820381466925
88.24266081108668
85.62984074217455
85.78608426267564
86.88064373506178
87.16735367710444
88.65200058584828
90.89909701080902
90.83579637734348
82.07853255624379
86.642644762194
89.18767055364594
87.14391373541325
80.60887041232255
79.25216182109146
82.49249647471478
87.23259397206648
82.02637880265655
85.43328613787922
81.96725634071278
80.7999411709994
82.54752676607224
87.40844347115264
91.5184758472773
87.92637070440357
91.12283056464982
88.51752377837795
92.50835592803367
83.80908860927768
85.89263074673003
86.05514676815592
90.62222219823948
86.45604106494106
82.99713191159161
85.75621119274483
85.84720998670555
84.76352018658913
86.3318299704165
85.5284255497529
86.81772371866114
92.412244690027
89.15383921506248
96.136929262102
91.12032122640012
88.74137100318364
96.99614490804193
85.12739268045082
89.16994644480924
89.11878557082302
95.08117245349138
82.7559684127081
89.69175220417797
86.96340607865913
87.93545612305508
85.65194865630652
82.67564032131784
83.18502040189986
84.45753096581295
86.67849973352419
82.74428709394792
85.22217581066384
86.5615751949851
82.76280492837657
83.3481761036065
81.28969183579305
82.87705316135938
84.0874366503527
85.27391848561882
84.03686743875686
77.46854496407983
84.68033911915381
84.37221334995229
84.0333332218137
81.60055545486796
80.79621970201784
83.56565515455924
90.05110077114688
89.1668354075583
83.79663569540719
84.34783954064986
82.40423957946294
78.80063233188439
79.38998809021118
86.88933399981786
88.79927539928754
76.90518360754535
85.13872929598975
87.43172821922025
86.92461726588695
82.85509114946109
85.17003087323978
84.97821549604978
84.61223484669237
86.79218939157904
84.41058186120179
83.73459008837706
86.45602183589853
87.82589912026819
82.18220738257645
86.0374552303908
84.91182335502134
92.67759711272979
77.12189091810363
84.51675176703156
89.06959202437807
88.0355833930334
84.33260156801178
84.35245652182037
81.95286714235962
88.2969766195717
83.90686028679531
86.62278370075677
84.28105932918739
77.02955418198232
84.83065680574873
81.44344127050675
84.15735095298365
77.7474693848806
81.04336602965306
77.33792645017736
83.89441303475182
89.2468189318792
88.16434886764512
84.32441712085553
85.37383722544317
82.16291160979458
81.20224417998948
84.34018374734161
81.41294503675822
82.11746793177826
81.00089825198309
77.688747550261
83.11479252094567
82.74230375224441
82.11467240449025
77.81842000666757
77.94078165567703
73.82041454711077
77.45555748525567
78.4269991587926
77.21677960633757
71.57661341055848
77.6283529301502
76.99597365612462
75.1310874150261
74.69582824438201
74.56436740055021
67.69270610887803
71.43018185012805
74.04578791446005
75.44548219384298
73.17927662748092
74.3785243518935
85.40397215285054
82.02338497151496
81.19081593435783
79.09550791788531
81.85278740163024
74.78149136440403
81.96586941947174
82.93131296244108
81.94218876458368
89.6736220558863
86.09626960880858
76.39786560622947
74.95037684530445
80.63066013869086
83.22779949983794
85.38913752045968
78.65593600189327
76.13838228179665
81.36962377528461
78.45154136630305
79.58829258294233
76.9153164323091
76.11866831804194
75.63076293974419
81.36243218882038
85.59348982068623
85.17743912813616
84.07026687723652
82.61509315663709
81.75817727717387
74.56832677564482
77.23891302545144
80.28000418061654
84.0432314904971
79.45158153624446
73.90892083076493
78.48369520290474
83.25796991962012
79.16623108424156
72.80871585475596
79.15878237027218
79.11861982828708
76.22370010947122
79.40778000157401
83.40621204069878
78.30924302101914
74.7701237393554
76.70514957251333
80.71746140950933
81.92239045167837
86.28143663332249
86.27253858600903
80.9346316159561
78.53258551195974
83.02254015887166
82.76089578383504
79.29415421787493
78.21035838796175
77.23712258932652
75.38868170340191
72.59294250984658
75.4193937141144
81.8698633008858
82.26515340243739
78.66834250285083
81.71219432425312
75.89668755295233
82.76240928834432
81.56639246007839
79.90346699421738
79.62965619637615
82.55495089610487
87.08971005343842
78.09031088925012
77.4273962301248
77.64422676919362
83.5639600190299
81.27299415030441
75.28507340263621
75.68582045011345
80.74134875918332
83.26143753828384
80.56808945472365
83.58806016910167
82.56537526698446
79.12114973485141
76.5673524795123
76.78395937451388
76.21940943926846
85.12401643879784
78.446540835942
77.4726203673711
77.85670270278713
76.49399652887992
80.17739312025458
78.71286081124111
72.98495598063909
81.61122227787251
84.05365016611027
79.39058235238046
78.10011591961245
82.73603852441853
81.65937227868245
84.14752365086453
79.32417317859984
79.8322980951711
82.75824066383498
81.9709955349106
87.6050127883099
79.23802845511047
85.23720137688842
88.11644740632384
80.24729659974025
76.45325879648863
79.31839379047383
88.39879749098192
79.64628828074078
79.34290460473395
85.80013099753383
87.67263175647966
81.4492135686576
81.77735159616334
82.71702149579058
82.90993119580762
84.64075040002135
84.4950691508369
89.05586214486469
91.81515058249447
91.92383957560041
86.50473579559021
89.58519014427222
92.32553653635242
91.65290479600641
89.66198817889199
86.38611877249616
88.58031183773463
92.3891623810041
83.34003221046595
84.37227570553256
82.45774378467972
91.64492733354285
91.07823300130262
90.86082715710037
90.73475254631893
85.40104067741615
87.63320446267132
80.6570704547566
85.13237105950968
85.6605587938004
82.63032664866446
86.09368619886155
87.61439776158515
81.8253919274975
81.54666690982755
84.98211033090429
82.66477881867966
78.22493006248496
85.45038535030892
84.948259706071
84.04472397403072
79.98264905618791
84.67674155102465
80.1447557254167
87.67282371634722
88.07683244666296
82.69261181316843
79.88449668474847
81.77859089715761
81.72060352946613
83.21863865862099
85.9112139215017
82.42560238394167
83.85970365025155
77.28133023309577
80.23632149718796
82.78398578149509
85.11660816436478
82.2075276786835
85.4662714112393
83.45810637452679
82.51983610425305
86.1187324814848
86.11467824387105
83.44852676209433
86.68345659173313
85.75933426534654
92.66766947098164
88.48882355973598
90.29697692246185
96.70400338040209
92.72060492357278
90.05687507255107
86.10622989969062
83.14158065589704
83.76943057475377
80.3454171098886
84.02213403410828
84.89843440184855
91.9955206740788
86.54171765031755
91.25305738624913
93.69952740577078
89.02149346048427
84.07194690042051
81.79641161189285
84.8127341730919
83.17395210788008
80.79583431460343
79.75589173470397
79.38158706571538
81.28389211493146
82.69632175204639
80.92726306697621
84.78608172722373
87.40252757736704
91.54068815551845
82.39367324199888
80.3064276063178
77.45689744780438
75.35761806697238
79.7094902584988
78.98440463133522
85.01801017545081
85.27058962921808
82.6155724714512
83.97119987497204
92.13694808491248
90.05479754825232
89.64070242131913
90.68027096020734
83.4654361583932
87.09574866518095
91.92504769155993
87.5907370190396
80.55628506479641
82.48823512985493
91.34804279623587
83.48519322943436
83.98915739282529
82.25090428373622
83.37291013973267
79.327676213198
85.08692845938076
82.6060438103421
80.93527427291293
82.09108363756638
79.42656118087162
87.11350266578202
86.82386224661313
88.45576353882228
83.79064063677497
81.18932970727514
82.51585326930167
81.04535971271382
84.1983629665856
79.45681412625932
80.35606897605727
84.86910895095413
82.59224044729304
80.33874204173898
79.38079579346056
80.632219089947
82.19706156807032
85.25289762291777
83.27079640655731
88.45681427548351
86.52584420864844
85.23161261374742
86.38026220820092
87.43168449369358
90.09521264141603
90.93199098232755
87.00926947012756
89.25156138737367
91.69349784528573
93.95248290111796
92.48276705035504
96.65672700280143
93.09347247812693
94.89264937188955
92.02895886084661
88.85344850231428
91.36585340073522
88.15391467144451
86.9710140573827
83.2506042929061
89.6555424463772
87.89691771510167
87.50592483788927
87.29165308059153
92.55044728062923
89.27270378963526
86.7751306168436
86.45231788059237
90.48527606967694
92.21739693223732
90.02859669130542
90.65548381517537
89.57895983218998
91.15462156776914
87.52352133922759
88.14588793354332
86.47539465144602
90.8444018736432
91.39356285693019
90.2999312488514
85.53573935083101
87.1957175269568
88.61268630835639
93.04148577656262
87.52517718363957
85.7133003743892
89.55899530029178
94.10772003152522
91.22415712974038
89.68617100230074
87.2475019143524
83.60950187796371
84.63008529067119
83.22337062849651
83.90402359736234
90.72926744244602
90.06042564020832
90.02496565551313
90.62287875800307
83.5941077818112
86.93843348979182
90.04866395898406
83.74202670943454
88.31931555412892
90.19833004731741
90.04578866005713
84.00250482919327
84.73686173683724
87.18743167781494
87.52519180730953
84.04417144373582
88.43897377887913
91.50570777545013
89.86224306801148
91.73635952168614
89.87956686435987
88.49383957301251
91.58298949046865
86.5882576170271
86.73157914542473
86.22753004521255
86.5939343635178
91.50030755921885
92.19951886736624
85.94854946566444
89.1627687959325
90.6911043825727
90.28718042099965
95.09105045089113
93.30465311870543
90.0086955463668
91.67409228812093
88.19752205000474
93.31333915598213
92.23765341456424
90.68291513206707
86.42342421653174
90.66629386521622
85.60767077352524
86.72602266430977
84.67897861591037
88.1756507945065
83.32516967601796
85.0471124056316
92.21739065211601
94.52419735687388
91.40234772793072
93.19825058313647
94.37188958075654
88.74798450546216
88.70829008355553
94.7212297078815
93.96645098148718
90.62264667073129
91.42457656989973
93.28013200421458
97.1663477954056
94.11819063258798
90.70331275881792
95.61045421619839
93.65955219088029
91.50554769216802
94.54636807928269
93.11423319330112
89.95964019008633
86.19503878786306
90.20500215929872
88.82709053335824
87.5964087209553
89.30144304041674
87.49710154361306
90.34817719497282
92.15554640377682
91.31489455781684
89.18241418823519
90.59186109888287
92.52368338933506
88.23410101736513
87.48340531743524
90.07343892860713
88.08804276262323
91.58348284280164
86.6357327983755
91.57153860379735
95.81635400530166
92.41095908059353
92.27296823876513
91.06241765254221
95.89066550988395
94.30871003094587
95.1990121464837
97.76126432220603
97.95702839870872
97.29245222719027
97.4270902176091
94.15624404133436
92.59423941348099
90.79151704910217
92.18100168623837
92.23374967914923
90.69049078829677
92.30618428440837
95.29344795082042
94.82554318155218
97.65413153363968
91.47012950615715
96.15057935828744
91.65281595408862
86.11493200534282
90.24572754396767
94.61621708985865
91.27686624553061
95.24645002195408
95.60339653042513
93.89251690857647
91.83442714195613
92.80394135836282
94.56487037024783
95.97189247991341
93.39825621341176
90.97060831110088
95.9781036723653
95.23033994869736
95.07986271400536
92.99404753439732
93.53383442750199
91.72206957639003
90.19719505936577
91.33546401544255
91.69994997549519
85.6411198829424
87.667002695822
92.40808237733769
86.7882717469813
88.04483700706645
90.3159356450388
85.02467134032202
82.99454980884444
85.81585304782011
88.40267013742877
84.41861179535829
82.90083297035432
86.25661250524738
86.19616383660006
86.96561820848521
87.95855547838197
87.90208260895328
91.58027738052522
89.46339825575139
94.66003152748299
91.16814000136993
87.04717034770474
89.84706109973344
86.06914616729371
83.17657128402206
84.62147574385814
82.43505989940158
84.279316937771
85.41808416643775
90.66978197412935
91.69294649641706
86.59326043668528
86.60825945910794
86.95107433097657
84.17967095311388
89.3186614065032
93.77670620495687
92.70043626611013
94.03667422879236
92.43704371368177
91.6362638901464
91.50298711171685
88.84522977168963
86.7147549392891
82.91325613171485
90.43277875174147
87.71267134625661
94.55934604687599
89.69225478357997
86.46243407086058
91.05949507650261
84.02442152922198
89.65262934227059
90.3001839132894
86.89737127485691
92.46138244001679
95.56991144587658
93.31468118493787
91.16135843612359
83.85911210850176
90.52248841057559
85.74424298780626
90.63715426135188
90.02647956595047
90.51032064550962
82.8457428313715
83.73755945128828
87.03387506384588
87.79355558464782
86.57395916688543
85.9416705174563
84.0158758718357
81.46856518439175
89.62845318042146
87.81957694783603
86.67032004555662
87.95713626804198
88.91239526926215
88.09866437247962
85.11283479552237
82.33760380900573
79.07937532241596
83.78661548781639
86.68778461200736
85.8516034216843
86.96299958694959
91.62038867067284
90.84117381708646
87.98134405152331
93.1736066137262
93.1464810360147
97.41077967948299
94.72074146854219
92.17186415971726
96.09413799470893
93.60142807045257
96.36493077736968
99.72963944427882
98.3748742095902
93.76100940113524
92.45936441252
92.20646506794205
94.71692406388767
92.94628430562665
89.81789256508739
93.68215951888429
88.19550603511924
89.54450270980655
89.25906541928242
88.66249597799145
89.22619597055211
91.06526539542898
93.04216337989246
88.93050611218926
88.33283291250922
87.62853987475658
86.67100127057716
87.32735519143584
86.73241372192908
83.60381108550293
85.76491961345587
87.01852723034872
87.66295194108835
87.75320791704144
87.17792846203604
85.59674322466046
83.07333602120485
77.17411613220193
78.62665489540012
80.64136010819924
76.98513294305145
75.97778374386752
77.64057789458278
81.65790221571561
76.19039645688855
75.90417183285234
80.4295391811002
73.99965309175565
74.67444144988853
76.74000468829416
79.3866139712356
81.15855920271058
80.52123790980139
78.65984117071689
77.7881997270803
76.55333529392009
77.09586615026844
74.48671332147899
74.8332704308537
77.57025459240938
83.68366959578601
83.62654563326363
83.51369137820497
84.0264431109052
79.49333952375524
78.7722194654395
83.2272374711525
80.61487012036366
81.87007666828457
83.90511787714219
85.27069138151381
84.70250685143245
78.44308316839674
81.61937936963577
80.8668471672126
82.52858590968613
86.65587304147371
81.45354626051493
83.84938706071061
85.99213757103637
86.70201885088562
86.88189938911194
83.20492221958868
86.83044045511969
82.87147159282294
82.6789717892035
77.76026620826154
81.04884585599217
80.81287044665106
83.68515570299517
83.74575323055888
81.3330635673342
90.8320021824357
89.48826094329225
85.72744493146307
87.2326438683759
91.11820241271438
82.38568087906489
86.02085541923434
91.38949543620225
87.50071720174667
85.25954260700662
80.68501083904013
79.5646513088856
78.60800997216155
84.89602961981167
86.5783682743139
86.05889167881357
81.39483245357324
77.98445126703513
82.2309589064452
82.14562737576377
84.61612989571626
86.29933959906248
80.99585561379936
84.06458933117443
82.73733188311215
84.07206821421923
86.2899098622301
82.54227359974968
79.93984634579792
80.59549396026968
84.22577838593153
84.08941897500362
76.90053482294309
79.32953984118562
81.93188670601634
84.12384315418362
77.37828254370731
77.2097560013118
81.80086468285197
82.59299903329187
79.20634953942657
79.73454612750126
80.79839314152217
84.77747358927628
80.68265797596523
82.84886427406927
88.51341164948307
80.63963451564918
76.54962782196611
80.76444435776116
76.09135509062729
75.13455201517573
75.83220571904523
81.2021802859763
83.07632022830198
79.8062014334025
82.45634061519794
86.11071791471176
81.80837867512116
82.38694247227471
87.3688939796646
83.9422296777033
82.48379239508391
80.72128332534685
86.9761700568179
87.58813590007972
82.88455425553708
86.83765884629082
85.99699794793452
87.4509480523098
85.24014399964558
83.5513130232515
85.78099130725222
83.5567806875303
81.92956069832084
87.12943649003977
86.35688093303739
85.72457709102018
85.18462293035472
81.90974768653815
83.89046444124415
81.42237738274689
78.97893074243042
80.05612490048377
83.60319390778812
81.78121934488166
82.31086719012539
77.4099768101544
85.8287882588773
79.60703034168371
81.2800123062012
81.70363595639272
73.64716672927737
70.69594033603613
76.28444624262013
81.43670268698574
78.275216526342
73.31222071845568
72.31792282481906
71.65907931644603
70.41494746864558
69.82728316030386
68.86195554217198
72.11245435647092
70.71170108201693
75.47917282039508
74.23964823089966
73.79659101365066
74.20672219772133
69.37768354376452
73.55991779855056
75.10318931737163
76.6818614768464
74.63952368494921
78.15852277452787
74.12496515274741
76.76886103490614
75.76754151147092
72.51324578377184
78.4575367802567
75.17807037336756
71.4635557010287
70.53989835551434
72.00223099854544
79.81332924646975
74.07300746564704
73.16400088904378
69.0040528815554
69.51615158560605
70.18226045585557
69.21393783696594
68.29776838750823
73.38079362184364
76.142957468154
77.63091411696836
74.90646460071349
72.74933524847268
72.18872586163398
71.85940674257269
69.00671248916939
69.17393725938818
69.9655621552254
74.60096583211504
73.53304765759343
70.8585510160667
72.09896333162008
71.86271346575731
71.12997834920742
72.95850745719481
71.43834164907311
76.06609004579366
73.76783198121699
71.34174127572442
70.46856674618004
72.66269686686151
74.75487467022866
70.68476192323547
72.55599393019838
74.43110541580414
73.95841478625057
76.02726104633602
69.8409067387735
70.84981763033532
76.96809690935656
75.20498301796944
74.27099821667863
74.57898209490598
72.25849526473367
76.16374402873964
71.38476560004722
73.36923644242682
71.58744629774446
74.45528788800462
75.04435696351683
69.96814220014762
71.53190375606545
77.70637913494389
76.32783323277408
75.28505034311786
74.16529186235758
78.30036513791593
79.6473109703597
76.28337520639087
74.52086161108925
72.57717527288096
78.87254862659911
73.94835547085032
72.65331758721622
75.42727797262651
81.32570444769429
75.88784543101657
74.60681254971401
73.30648379785083
74.25870542752818
74.14216674305426
70.34804107810174
72.25803180549411
74.03150929862386
74.4306186848224
74.29993641236301
75.42218564521524
72.18810820153534
66.50412230969296
74.3158917464129
75.00580333544049
73.37033542096343
71.9058184615314
70.6360636751886
69.70441310907012
73.75700856274742
71.13360451040548
75.68446880913594
66.31227513460446
69.69677647101012
69.64815373997948
66.43708246859318
66.71599148333448
70.67871691301536
68.28211331474779
68.94134635309081
72.55917955873498
68.36467432067025
68.79518900132967
67.16999410112274
65.46056853400216
66.62186686458303
66.84009059830346
68.27560030628393
69.18513757528204
69.84864678027597
66.47403600114822
67.12232966788832
69.63324971463439
68.3602530338246
66.6050331539719
64.07887239090991
67.14424067220614
66.8873970258703
65.98120784688648
67.17532517215612
65.99897282142203
67.42048439521518
67.18802233596426
69.11371172214989
66.34770758052554
66.20052962870429
68.6023414549235
68.58828758908594
69.68971928927205
66.99783438402615
69.7617033149366
69.66753967246983
66.17755167702597
64.37308257620724
66.65168039105473
68.21641116941252
66.53802519999321
66.64110973993142
65.34029141320941
64.27870038389406
64.57928031459434
69.1150647292329
67.13108603120723
68.5507658862074
69.88111114477847
65.58777590472876
67.89260096016595
66.25631165439006
66.9246945619587
70.41353829259236
71.62865596458397
68.04314390437725
69.17380458723687
67.09184853363077
72.76007201998048
72.95347792389454
69.14375585551444
64.34444893945175
65.79787694179939
68.98435312088081
68.33759694286658
72.71078841327791
71.1759667675534
71.44427106945072
72.52034274408163
68.15117452473501
74.43991837426722
77.87145514149587
71.72953589486472
68.109448362968
68.97292015069196
72.97724508172406
72.63375160852438
70.63811506419519
69.00915060402221
72.37052126943803
71.71924486830856
68.66862256517702
63.4965477629666
66.23793621817276
67.34335819055808
67.24211608210098
64.85746373977737
63.1124765883086
67.78119498929894
72.22700634519973
66.12352308738777
62.14931228163572
63.437344266001055
68.67187455259393
66.58861411647273
62.155816824566664
64.04890336918814
64.12979172718265
61.87478817497893
60.85861390855627
64.87168200896438
64.5150683344847
67.02751422160351
69.11558402912746
70.68263435094929
69.02781053683383
71.30883868653517
72.52944504496365
73.7237289074976
69.64545602560149
71.54989930122399
73.57288955085741
76.22173185970979
69.51951265647442
68.62522149576839
68.4331176120658
70.25356501424602
69.5179748236106
62.72639413337133
65.53158821685999
67.99707620627015
67.3951148920322
67.11662045778334
63.86442029086432
66.42403415668144
65.99517733404817
64.02108426071872
62.64721303358698
67.51999784364604
63.10126710934261
64.82797829645597
67.0948628217313
64.58990887346337
64.84838092325522
65.93117285162279
63.956890760724164
66.4258507916142
69.12738364312469
71.17465660786928
68.99587948147051
64.09409958933307
63.2722135821954
69.50785255036436
67.63053293710422
61.322360593510695
60.852087929505124
67.19931569470418
61.921809419197686
60.749019192953675
63.903406954844414
68.3764291344508
62.98149575752121
62.590347596625804
64.80753289496707
65.51210304447855
65.0407482158886
64.76830854638344
65.35452264837224
66.32164292788678
64.21193120695229
61.50225055416757
64.62011477939554
65.4478814265894
64.27450429593836
64.60173857424637
64.70667250249197
67.97328136235164
63.31634211565721
65.80659690896528
67.4020228384203
69.00425515086576
65.27828848019038
66.03500191162874
63.382382501191024
66.08665944501976
63.55134644655349
60.93707722797006
63.7300959943171
63.43529974144303
64.91078594527566
62.39286425652302
64.69788073640183
65.38224770355069
62.44723549248687
65.36732871459685
66.96853695335682
64.56218851656526
67.15255405194246
62.44500132737319
67.46402139822068
61.47309989574982
64.31544272843624
65.87923076532972
67.29772569547367
66.592336335369
63.418203955396095
63.03590335827383
66.05588788444369
64.54470988591034
65.29834749951274
62.97967189487996
66.66533794350043
66.69916244497539
64.29122358730588
67.18287855364783
65.9455831612277
67.95236446707497
65.88451557713516
66.4345390430573
65.72476328962296
69.05820554436713
71.69461863253242
69.38459841537536
71.29690060190674
70.2436659388155
66.2740015987012
67.69874366892964
66.34617984371609
68.05997493640407
63.71404234975485
63.901160527683835
65.34615476347149
67.34516098106018
68.03991008226662
68.58830876784506
68.02313155238191
64.69136230783248
63.09981465158251
65.18842139814518
67.90142991746623
69.90534034576838
64.6087730034842
63.1273025417162
64.85238723776176
66.3834969987172
63.6731507433736
64.48738783736668
69.48876449464022
66.29479772485932
69.75912472325159
69.95223466557391
67.21134981117093
65.50295590703679
65.54851334564947
61.90363277900046
62.62911535367593
64.71832097144299
60.515277317231266
60.614360418023715
61.86918864785492
61.45364710693063
70.08276835827638
68.55717836977243
66.45802961658411
64.96560181668906
60.56190924636201
61.75454594861314
60.95788521675857
66.24503642258304
62.89803729569731
62.57044707786008
64.48012968664526
68.18652224649765
64.80031516997634
65.22059592478253
64.86823888028357
66.3447617994642
69.02028331612719
66.47193365707635
63.15961624811224
64.14136042544756
66.34467527184813
65.54373053213588
63.575494124504075
65.84337057466965
66.19652444126962
66.39435567055729
66.19502333856514
62.66512597724415
60.39412475178633
61.85216098700386
62.878157316608046
64.50801457628016
61.95114955830071
61.33904578057738
59.742753921290316
66.69309651123297
65.97072526159532
64.34827945465888
62.47788847582193
64.55480835052823
62.57302914612277
58.45788724254933
66.81387984086992
62.93905333739525
61.948735578243486
63.362674456350696
65.96729602196083
64.70888947785305
63.3774036728518
65.33021655948423
67.59053985878485
63.87306774292435
60.21330705352216
61.18095274582931
61.23924903303528
61.13893007371345
63.91186085070499
62.61156388109312
61.07613156410387
61.754110748421546
61.715853474433224
65.47759028188823
67.21087808596607
66.30794350894956
66.3116906898716
66.67609914961626
66.79424891457197
63.87951056353657
63.489157929551205
61.50701805634231
60.3670623840925
62.509558487927094
65.47562300330111
66.25180684086092
62.06507272322162
65.35806904944396
63.403076434778924
59.36149601353518
61.88750361354459
58.800968039336624
59.50762459748619
59.200671411999075
65.02214073769753
63.694974958445826
64.41126828786058
62.5160922815727
63.78270372289795
60.283021147753026
60.50827354592215
60.06625727015778
61.56802509353629
59.05769922964484
57.86909906352055
56.32589947899746
59.19287833170678
57.82563475447368
57.043687661552646
55.28725728422254
61.87687696235414
57.8314445100315
62.682198269303456
66.09964185829818
66.93892122798393
62.29266571972824
61.620310761821514
63.9534787976427
63.74578766157961
61.45780461039225
59.41559757604101
57.754954907690326
63.82036821041238
59.85858754031655
57.32800478969416
58.398712812168796
60.744959578671676
58.660839730073974
59.59061124467072
56.704200957875734
57.63297186364247
60.9397391601456
58.574899876654875
56.37322447761328
60.412088404025326
61.77303546297124
60.51858522607527
61.06059071875054
57.19290715036457
58.578909464798784
59.28906377749236
57.0693988611645
58.265036002420544
58.356424552802565
59.243976416929144
59.226494998174495
57.488917293163915
57.09201481434558
59.73937597613295
57.26577222915882
54.8623293880844
59.501371688355185
58.07016308344111
59.21755634392182
57.74213905591454
60.21338930611469
59.9245757361447
58.667430438795
58.263011595225834
56.73713162716311
56.92760736791311
56.79145567415946
61.8137791223695
62.67668927686509
60.527913311131854
60.69035938454815
61.76056524641949
60.86435501817881
62.10331187331141
61.824572358104305
62.131532028748694
59.87497973585294
62.00947742395003
61.16547522658607
59.35698370750478
62.78194182039953
60.350632549767404
57.93364937766335
61.06799368545256
61.59036782810296
60.857338002066264
62.67674449636615
62.11218380558073
59.5070050663552
62.35186319595668
58.79493791474817
58.883388390458
60.10931637333461
62.51843760205256
56.7830055493122
56.80865842202591
59.85546245134943
61.926441442051384
57.97830048801864
55.031158710411674
58.48744714667055
58.50851863549386
57.6112163661398
57.27077316972132
58.150529296236144
56.91089802118404
56.8022530963407
61.276825836375544
59.649194009116464
54.841068048122125
58.159864085906975
60.532880231489024
56.15754268503423
57.242366012939364
55.94052166029031
56.494145248810845
56.99534375166419
56.32782668940728
53.573801585893996
57.733548187636735
58.72709196479293
57.2375259166062
57.37069006471015
55.39374746414701
55.32995185709543
54.251693876829705
55.53366969217669
56.998404413176
56.81840470772567
58.181007354187805
57.91610790168362
56.602830669261984
55.944820108669774
60.789310393504074
55.16988175557464
54.134009113185
55.89898861388514
57.160644181737624
54.878961033101945
59.90457237772105
60.212570434714216
60.43882101631156
55.06566832322044
55.943338998753305
59.35857635206815
61.45281780539228
60.056776100724434
58.17231143194979
59.50925944775134
60.81461903388221
58.41673727373963
58.02812608314669
59.879191814257204
56.14790972977621
55.984050999180425
58.40587832519086
61.98398411909728
63.28635701875582
58.66614906487621
60.08519574677528
59.45060980316825
60.560715030401404
62.204784175175426
60.426210477750885
59.8008203991745
60.777759056004044
59.57557678174966
60.053832899157996
55.69045218696951
58.548370425857705
56.16273079434193
56.246704433843405
53.55865069411843
53.87755691951433
55.115665998079564
57.84795115502565
54.573228224960346
56.1374780557693
55.85586600747358
56.939535279163486
56.54072702414527
54.36218773963463
55.132281088714805
58.51742430673872
56.814372390829355
57.401890314222456
55.29212548641132
58.27271913321325
59.33416952459433
57.789037926323964
58.08876111762441
58.26261075217617
57.30833944065018
61.046182752715815
59.42940016951281
59.64854963895301
59.2057800724968
56.385510396120296
61.44254618691106
60.210435116093116
55.269110670195694
56.38680343150864
60.736565025198445
58.77089963960776
55.40082847253271
57.03659135053036
59.02159831359151
59.518474560349524
58.991969931984976
60.033703501261364
60.59534964972966
59.51645823051451
56.93268349160353
58.264931813350124
56.724426516644215
54.3108665984033
54.64064014147989
55.59422626541949
53.15514052227108
56.99961079159638
55.6752428693066
54.436641591848435
54.38722933485794
54.981344473118355
55.1297515237157
54.673597012896316
55.54182728713697
55.41590993576414
55.20902976514601
55.06858985355275
53.24944613367475
55.01651591697406
54.85591770177802
54.545762739771654
56.13181191837046
57.77978207763538
56.566069278872945
59.252990596570584
57.636668712450756
57.348383950372515
59.22765274790045
58.85601198056858
58.09166449013515
53.85156008493936
57.6305175715738
54.40775951180587
54.43419193150052
54.173737314539004
55.992580601566225
59.37399303520165
56.755152680197746
56.298026691855924
57.14790602591307
58.69233936300761
54.17318530628156
55.415956750579696
56.90317027001207
57.06257112984462
54.35067316418165
56.664314536285204
60.46252586907861
59.61505341150576
59.21508174242544
57.137177127119124
59.55635711808184
56.31149116412527
54.87241725019009
56.2517857430014
54.97711376446903
58.06297387316886
55.84560916731136
58.46926319272977
57.29014708495772
58.260004913636074
59.16515840492714
59.728401663855394
57.04632306216725
58.29133714937214
59.687156161443454
60.61328272632938
57.84342554134073
54.960982222781595
58.954602685719294
58.11635738821769
55.311806373123964
58.20717862709073
58.60493716275427
57.185719322136435
55.02684326213998
54.7051178971907
56.30352266971131
58.60298627927078
59.38824825647875
57.516300340646794
57.00506962631818
53.90810880889084
55.836707746334575
55.0058276851321
54.41638810067329
53.08097971327203
53.96735196401383
55.184618917427066
55.92763967667992
53.492146658524334
54.67360593345322
55.55117402163989
58.02630779057723
59.47856398616308
58.541010970059034
60.83550282882126
58.54263739751345
54.750326032216925
55.996993973005374
56.018744041071805
55.153533746734226
56.354156920639944
56.75040429768212
56.07268157035515
52.89673009642449
56.43904560929373
58.510497077572815
56.209205716575546
53.950770483257294
57.47046981523665
54.84623544491972
55.0693035765278
54.96137497635184
55.12556446279547
55.473996138865424
58.012386129031164
58.13751939999422
55.09474724533391
54.66430377684301
55.67902014562989
55.32032288551135
55.35466513029052
52.308226587909445
52.54212919649246
55.36777936977416
55.159486999415115
53.75481227965072
56.18060528644255
55.334545703202366
57.56095261927394
53.91450032762759
54.48230149963816
56.19129554038569
56.19203695620425
57.76045221210913
53.99254180268041
55.40097928427083
58.04087243438738
54.92067242542856
54.1683501776282
55.145763515969435
55.30859072870433
54.41776773518239
52.94374401851008
53.10113359485817
52.318396113545084
54.38459435081334
54.38599157782752
53.617409625246125
53.200899225212005
55.65774389325357
54.76811990140544
51.793278863159465
52.64817778763629
55.8409307699707
52.355161927778525
53.351058838750696
55.77219966578796
55.049609080525244
53.23898227530392
53.179418333235745
55.105753241842486
55.08186425411474
57.310307281804036
59.4774944634067
58.0211127313753
57.945365731171144
54.461182247399044
56.28419574350151
56.04627586225746
54.93587674562319
54.75475555961876
54.02633773596201
54.888978733176856
54.81516124563788
52.09114783040066
55.551471010984805
55.41340674249369
52.782431434951725
54.280265760274666
55.29705874797455
52.96165969924821
54.05521742730177
56.01768699151586
53.84229643329621
52.920529014920405
54.85170943544861
53.21143436000434
53.651488496826396
53.23911645287078
57.547242470327895
54.12215521542069
54.12805882153664
52.80573305087955
52.92251843332085
54.309590950370506
54.31950890956136
52.14077328724716
52.814733758651876
55.110729362928815
53.693167320849824
56.30585137632605
53.57688658663352
54.24830731814296
55.091451709394896
54.5262823177457
53.21040642388802
54.70772072104
56.531232743086
54.4603391196482
52.76919243601251
55.99944998937017
55.82074281258629
53.863489045128674
52.21458404079896
54.272498606184946
53.25848946515614
54.17658396586993
51.414927718364
51.901435906226524
56.3736896138138
51.47049092068745
53.77942060447014
55.355101109985355
52.94251947849736
52.15160117887879
53.239383249608515
53.159292074105615
52.434738107525284
53.794996063900456
54.35590478653837
55.43226528773312
51.49742794721043
51.74714588126875
55.44341276432266
53.21583785485563
51.84590632969403
54.104318449652254
55.22208124031876
51.768181927474
52.079120363345645
52.27692220537338
53.523652767130585
56.376896919637126
54.16756818490997
51.33269671354246
54.45489787385204
54.840292994204034
51.6135650621975
53.65105285422618
55.57108505800043
53.70394064486215
52.663186040612594
51.883632677278584
53.82933401697588
55.71781193982168
55.86955779529628
52.24648615411477
54.49713426289762
57.501582820067334
53.60430021021972
53.021845912088445
52.35192336350905
54.56954086171108
53.854549506561945
55.02101709897843
53.26409399347062
53.7685908330134
52.5798717543396
51.77936718923203
53.81388396731982
52.89174968830022
54.23955480460911
53.62532790667937
52.44388860966413
53.539111181425
53.35611158665996
52.81813598618572
54.21876258604361
55.35779068217023
53.084569545577324
52.58830302414735
53.23252863142845
52.22662740050156
51.67903739236063
54.263511841694545
53.02793688962194
52.45960610645876
52.614369218178744
54.78692420996702
54.09465257866932
54.827188240478975
53.46079927212447
52.935499455602525
54.85753342639135
53.77866725938518
53.04375425999028
53.16669131843369
53.0326954703001
52.44063146409973
54.22536733193343
51.40146804617013
52.378310556522266
52.21142280555068
53.910500084871735
51.59826892882743
52.72977833543466
54.46021681587558
54.10920529115235
52.23019087106137
53.0658806662236
52.21747124905727
53.22334825851061
52.0675601828682
51.66130862439569
51.67675573370353
52.41254133401923
53.90466890284857
53.542135639088464
51.18534442873107
50.8771728060416
52.692130088960226
51.60626591344853
54.277703975186796
54.96533983895322
50.89026772463103
51.693976109329704
53.55423552109933
51.443481943727235
51.112525543673875
53.98920170984417
54.18208257494771
54.08646858761989
53.809171359592995
52.05443921355514
54.305210564027085
52.46466996577139
51.47191713274972
51.60314858000954
51.99898049309848
51.3769884276427
52.05227027807684
52.027634798727995
51.273784733621305
51.86982040356199
52.436850188541285
51.46717576535153
51.244129624684874
52.41593579901992
51.66196410366447
51.69843679030695
51.22808674780637
51.6858964028443
51.77564079839808
51.875329649757184
51.66514347177463
50.913963285087284
52.31825370191811
50.74920681685942
50.756417179726995
52.29811324960941
54.639400059131994
53.329610661493504
52.1346363225176
52.235606461803854
50.818088592656
51.29451019341465
53.15826915654512
54.51260126128238
50.99065070181724
53.95672641922879
56.00931984232683
55.63384264248008
55.3668992356444
55.742456950167195
55.574937626228206
55.55659967961865
56.64155882048228
54.45010415461298
51.10858093854674
51.122359992224595
53.428356364267785
55.72472957207506
55.31589512449497
51.587844934938595
52.945196737998316
53.48254637645954
52.15464484487754
51.331135514375475
54.053832115113075
58.5394420356485
53.479564732956895
51.601304020319404
53.61697730983354
57.81509585983389
53.502298494775914
54.2474083370065
53.204401207798185
53.70943165196416
56.081439445887526
54.52039827900633
53.890056881540424
54.97016650491183
54.212630174968226
54.48859808394128
55.805361097597796
53.11818210195867
52.52476557598565
53.51598863203153
53.146255334150986
53.64084013829857
54.73812953950636
51.81776511695073
53.18243001913208
54.82893438190351
53.97633821681532
52.69438685028619
53.99620495211453
54.69595323803793
53.12086921054906
52.314780327041234
54.113084473724086
52.732989343349
51.430728444428
53.034047109418886
53.63348537868528
52.30706889417338
52.50189972294891
54.272569253164875
51.19172130095136
52.02345920694361
51.75092439191003
54.42483920454333
54.803243523686454
51.37960252885435
51.04947795341903
51.33334178049784
55.33157833972795
54.15699729496887
50.88530848637718
52.529302956326354
53.99467989825729
51.00145783649464
54.752022327936444
51.25693875388919
52.03642973324277
53.73263938825676
51.86810751375667
52.4501139465205
54.562120660871095
54.739937010583546
50.94994056607834
52.28163119537501
52.888117153608526
51.50600845015869
52.09432255999688
52.8347913551869
52.24982621660861
52.524314512273065
53.27271278795134
51.075340347952675
54.443285790854446
50.585362030773375
51.57347829829025
53.927553488288176
54.73570969621953
51.575956143584364
51.80950148010828
53.57727677710936
53.395318545210195
51.77926024184635
51.27331542064787
52.135488493076366
54.87584289020034
52.37250674594306
50.59468308759274
50.59887207347214
56.65906884112037
55.47333921550607
54.782548845222955
51.077665566218236
52.28437834862691
51.27743292822964
50.957773317636075
53.248729136900856
50.965664522711506
52.034783321260065
53.106155592841624
51.992616856886734
51.76769171815588
52.18885536405319
51.04780112470764
52.72276572671424
54.24670884408505
50.851433286700924
51.868278599041204
51.81139721219905
52.00941064410874
52.210484733057854
52.99666113719097
51.5649486134722
51.225810108796395
55.59304599290628
50.797332067502936
52.27433310270199
53.23775112915193
54.3844930116655
50.58946037679826
51.67401418695828
54.75542058379493
53.48934848151217
52.948996147847936
52.339376094389074
50.77987040492158
54.95272358890141
55.91110564834905
54.651034520353726
51.13846374321001
51.73728106653574
50.70384355130775
50.549594878989446
51.22936663942344
52.60216107477903
50.5101206425991
50.500077885899174
51.19440519008771
51.00047565645375
50.840949464359625
52.40222142865396
50.72535557616835
50.74047681181696
51.191876041672195
52.04308228661655
50.665387795883824
50.5600391621092
50.573470586440806
51.19081100548592
50.44433219733609
50.49455058607898
50.710474723900134
50.66466591493558
50.50137251486437
50.389067585060936
50.39129835831795
50.62930558787357
50.746275028883126
50.422560245477534
50.344050397592866
50.452938152523075
50.58115229819058
50.40537991139623
50.39833439752858
51.08192826745503
50.37198562454924
51.59087173268195
50.888788590808225
50.31251902160962
51.59564889246674
50.296544574518656
50.31200810189993
51.202344969112
50.4000586522352
50.27127323889307
50.85294394094677
50.86979218899794
50.230020681431796
51.38342793344871
50.4555027808189
50.312304512393624
50.86745999393049
51.25734702775594
50.219653917120795
50.1650148150638
51.09211393544419
51.30958060249057
50.06916226020303
51.08613321601826
51.0601042439029
51.09403706993322
50.28390371177037
50.29636770640402
51.11677697961096
50.51557461595433
50.30119015270728
51.08349287985524
50.70882160910267
50.429340779189985
51.131573211468805
50.34000530450111
50.45384217732649
50.805008845823416
50.80253693080873
50.295269559230704
50.85799350356617
50.381675596105204
50.37711992510825
50.619524679302096
50.59718002029885
50.35928770920875
50.38160145525207
50.51969045300173
50.53931891457753
50.37259982719538
50.415261804024695
50.43988334785097
50.34454419003068
50.48870762934429
50.39855861193781
50.290290158856166
50.56911128221025
50.468744952105524
50.306890956052584
50.36103468262923
50.46732940296449
50.36811312858144
50.29317926141603
50.38021679015004
50.55935937898954
50.44804024292025
50.317202327584376
50.62539382458837
50.47518071851934
50.27319304083639
50.339114706086505
50.64603665102937
50.47209481515717
50.275065171493004
50.28702152434887
50.538763474342524
50.329571847768975
50.3394156141211
50.32599581401739
50.40833359952814
50.34869957286721
50.32046602404851
50.35864934301739
50.51523731998892
50.36914672691517
50.32939236729479
50.354968560068656
50.513313900069626
50.33985404421332
50.403596322871145
50.5656575164077
50.42823288985836
50.35113821678279
50.94701966091572
50.4082479888338
50.310207356869604
51.25602254276387
50.584322467190724
50.49967844182125
50.995749949212
50.39854650920945
50.42884915371731
50.27171997266746
50.64720269988007
50.56064270437017
50.40256196175194
50.405675702349065
50.592083219058225
50.37654431251458
50.2912730322545
50.84063776187157
50.52758050540504
50.31456500174323
50.371919794559766
50.66185102858328
50.515413232434874
50.41114750505793
50.314631421922584
50.44621601590564
50.35163066390802
50.349172851724454
50.42860221226533
50.36143867532786
50.32994346897657
50.35373111660958
50.40168586898017
50.28838438631179
50.28757487367832
50.38798623452017
50.289842794683324
50.285812732958604
50.3328554474205
50.317701245388335
50.27573631052101
50.3142134802239
50.37644110814048
50.29190019966532
50.28929558377808
50.46856165687505
50.299896829443036
50.292483876261485
50.730755495241375
50.490616024258635
50.354579807449525
50.37165180730808
50.38895368581847
50.41361757668126
50.315561688945024
50.34399446606403
50.347632147898494
50.29931962074304
50.305447541206796
50.29468349080164
50.36062852806926
50.35167035396109
50.34369259391577
50.329906645115855
50.441612445351566
50.308233219782835
50.32069758197262
50.329451998116475
50.38729021650816
50.33625812907896
50.4966661344098
50.470051701648885
50.33878114665891
50.44960538059517
50.367297339832874
50.27931923297921
50.29331667994491
50.57389935739042
50.827267732559704
50.31020540308766
50.3118837947773
50.29431327797674
50.58622034979616
50.690528681159286
50.29994703957143
50.47682278991713
50.42252793176931
50.28908020498538
50.27939360876544
50.40912206074312
50.25993683846478
50.276170506695614
50.318002507373166
50.27272681280205
50.26598307305823
50.31934543840653
50.32339543539303
50.28626444635689
50.29407446191814
50.359335001914026
50.34495648427388
50.27937017664001
50.29402146335383
50.28509601725318
50.27548270453507
50.29163992034095
50.3085493017952
50.32910349528811
50.31769792261492
50.29739591699856
50.33571328831399
50.2955097547767
50.319265464971835
50.31026573227596
50.33014448098654
50.36573003335436
50.298813824903775
50.30955926301222
50.34779227958947
50.25886726533898
50.29655590687908
50.317053375881706
50.31518608951705
50.28084968347744
50.27602082254252
50.323128121146766
50.27402019710713
50.2874618494151
50.317952310143134
50.34300098826654
50.323986957065756
50.35435392619845
50.3924451000885
50.3080369879154
50.411053171577294
50.325050741404354
50.27729265686908
50.30736126841309
50.33810180828719
50.26499641250366
50.33131532970969
50.351037698222356
50.305958692593904
50.31332596670664
50.33260153101759
50.347799821707504
50.32027254804585
50.527746626950666
50.34955043261894
50.37941773548738
50.28687405840456
50.31456493535333
50.39783683102083
50.42772968888707
50.26584704149234
50.252576539108865
50.569410117476416
50.47447832510488
50.28617205353492
50.317332698387126
50.34777978789001
50.25976307911196
50.26357679436169
50.35865302204215
50.24761910133137
50.44331519204727
50.5593257412738
50.28790020776507
50.24934002324849
50.419642997950014
50.241769819406585
50.44025654551575
50.26691093458362
50.26043302299506
50.26666435496664
50.2924029332125
50.26163934567048
50.26825930977819
50.266571128555846
50.292381841338894
50.267526297289734
50.274139273409745
50.275733621461484
50.26479706574285
50.27887281942468
50.292706833496226
50.28936977148582
50.26706720635629
50.26434960562605
50.31050709810623
50.2722105698298
50.24753672823891
50.26195178469863
50.270268906584555
50.267924744729086
50.241705494900934
50.2802425400424
50.257613016019185
50.248464987176845
50.25650376111207
50.281014159062345
50.31309714905089
50.25832352464976
50.23806626042152
50.26087146213064
50.360732656070795
50.24186567948769
50.254935696980475
50.42882930630187
50.24411181823227
50.2630282459606
50.245608491893705
50.34348346296673
50.29241077001672
50.235251289372584
50.23855511871407
50.43606765448914
50.408507512968654
50.2542451203552
50.24845141906353
50.284920254879744
50.256242067829824
50.239603384565946
50.36012367163225
50.25846517902164
50.24834330084118
50.24798074047255
50.32444800385113
50.245422088561064
50.25154950774166
50.414920840776205
50.37385281332338
50.249747159542665
50.23253970096958
50.23655049673136
50.44887520492521
50.36083286657169
50.21648179255937
50.22968995872718
50.42079307924324
50.21057943681759
50.4731763246036
50.36844222670213
50.18757142214535
50.23558824922864
50.544831546387286
50.231888330106024
50.21790060219107
50.38267110012457
50.29757523635889
50.22691950448328
50.224856120226484
50.40476595106891
50.266449286382496
50.22358942869215
50.26290932907889
50.30914489658826
50.22913491792104
50.22760363404402
50.24483005420836
50.261546448267126
50.229460089157435
50.25834272932705
50.237381276066756
50.22753791164967
50.237256188112745
50.30613027029331
50.21943595794794
50.28922965522954
50.27951352641575
50.234123742828814
50.22283108564383
50.34033386882307
50.2356287710777
50.221381146761416
50.2973129303154
50.248330714237966
50.23449582620883
50.272875857671934
50.25696052455751
50.23974999223774
50.25009357776008
50.243549196784045
50.22319455367289
50.24105805082338
50.214736940711674
50.222103049020134
50.229780910674656
50.23315363807495
50.2278179288108
50.228484106355424
50.229198062804365
50.23220853659188
50.22211733059372
50.2243830318909
50.23381652719598
50.22154204140977
50.22481594654987
50.236768242304514
50.22566476929111
50.23180070812863
50.23104846915693
50.22296605441498
50.24017774891361
50.22943313159411
50.230572514699176
50.23835540451279
50.22769060722041
50.22430668197418
50.22214112060494
50.227413402031324
50.232500070281205
50.22422236517943
50.224292756052876
50.225287364912674
50.218742508241924
50.234337387265676
50.23814396967241
50.22614815278951
50.21417035773464
50.231523472417415
50.24973526178699
50.212890424062465
50.22182479926989
50.21912072158927
50.22304745390431
51.043052208483616
55.275364401890826
56.694364517644736
52.93534102916196
54.24290280617641
55.485646755711194
53.284473177626786
50.82484335325831
53.68076878817483
52.49684479467607
53.10811573136783
51.976578900649876
51.98353256599766
52.22635101746417
52.28563372750218
52.348770705430944
51.73325777230052
52.04184425204963
51.37756069126373
51.87795265606018
51.91773847485419
51.50360367752404
50.5656918076736
51.528375603556235
50.86404213460015
50.981259781234606
50.88543636336108
50.681045151535955
50.80757321004724
50.61846788595203
50.786213810167865
50.40225182722081
50.596875304828956
50.78322432243765
50.463935836343026
50.526442000771766
50.79276350651006
50.53878903943312
50.38145897633705
50.36079048269611
50.66054710772869
50.373875175356616
50.30411800146632
50.36257459981101
50.431971746662455
50.2188733984534
50.24989020785149
50.308660099034434
50.261601259751245
50.273198828282496
50.2263956016942
50.27476872349559
50.298096249175835
50.239144664050066
50.21028015316714
50.24832895549027
50.292735444291985
50.23839752020051
50.22178959473908
50.25180919544291
50.244253363631515
50.26279480515158
50.209550161436475
50.248521996736365
50.21860463693918
50.224059178216706
50.22110167440968
50.22488436033944
50.20855120014881
50.246330056557284
50.24232750795314
50.247119514955045
50.231542833063585
50.27005251153407
50.23610621877053
50.21793001307678
50.231970574659705
50.23909937612511
50.2267099991682
50.213013778860294
50.211345444914215
50.20864247553364
50.21771616344855
50.20681213821804
50.211043194357174
50.20979262279527
50.20271802069012
50.19815192889914
50.21637696894084
50.211136488958616
50.20350224412723
50.21310201450471
50.21106718383298
50.19609896106664
50.25362415818003
50.2740841387073
50.233651013406394
50.19630996867518
50.224072781425114
50.21162473281274
50.1972224532622
50.18991674175818
50.22070859617531
50.21804488728301
50.1908242911589
50.22460078474191
50.210048597860975
50.18717018130237
50.20062719866235
50.22504335031599
50.19405181541266
50.185518742863444
50.20654008196514
50.201252321247196
50.196883649434646
50.232683226365
50.18254652096743
50.18236466751261
50.21209238096419
50.19145228353522
50.1786668007204
50.20704794614872
50.196927660740684
50.182259763546945
50.19144844540646
50.19205694214661
50.18183744729017
50.19768238401352
50.18478297735734
50.19218378883859
50.19448615702352
50.18695435089496
50.188841603179206
50.206144893488506
50.182724089575665
50.1823685632376
50.12073504478978
50.14889470034509
50.18798542705592
50.16726811519382
50.15375534327936
50.17477379538618
50.190778312625625
50.18333404525009
50.14656185837713
52.38448852023359
52.87225045610398
54.55364542172725
54.32493197343372
53.999542434290014
52.75259992133891
53.469799950843324
52.43054424417857
51.292374507413236
51.591127599304855
51.06930190997809
51.62893092743678
51.383154115238625
51.68733140744111
50.847931201074616
51.62642511606038
51.43423528463538
50.88917936929147
51.46725173406965
50.9943453165089
50.564880249026736
50.93010658512954
50.64604863049777
50.61847450299963
50.63880382133857
50.958556447206504
50.635283465654396
50.80443183311046
50.74644538010047
50.5942527118681
50.49337288035686
50.69471899313744
50.745789844160534
50.49095827932275
50.63326828835609
50.68244897782397
50.73354148827186
50.49949790836195
50.43676589729862
50.53937251352032
50.27206638529889
50.28453246006782
50.37804071507786
50.22511122851113
50.28955617152722
50.3048779708179
50.226800600902955
50.287990097786086
50.31564908193196
50.30783136788522
50.31361423308147
50.35017831003347
50.17912234789835
50.28588959645881
50.17939609362127
50.19488471463763
50.20455816708507
50.18944722300452
50.192524162588164
50.25920897845324
50.26788068510737
50.13707154362792
50.14705378653447
50.32955218484253
50.31486034596465
50.14426483789362
50.21831615460467
50.13616366739004
50.206950881184795
50.15881643632915
50.275376449315445
50.25206716399971
50.10319236558311
50.231376351859765
50.229039540993064
50.124722275912475
50.15554020274677
50.13891282042443
50.16537515061546
50.16651848223044
50.155291250011196
50.13841777942388
50.123492197268135
50.14398587454646
50.15340306131273
50.18098275286911
50.15134258332933
50.15438729413385
50.08934063099252
50.06319381809398
50.2178582354731
50.15136432038449
50.06374891781572
50.14536691520736
50.1792860983544
50.12758218372251
50.11297799487342
50.162308512560884
50.15909585534873
50.06589967555894
50.12840777953153
50.13726215874808
50.16867260268626
50.12240319807254
50.16741808019782
50.08654538773162
50.12565985331084
50.12548325318087
50.12846745002795
50.07943368626222
50.01880319620103
50.09481296707742
50.07089794241562
50.06649145446103
50.086936788293336
50.116786100796624
49.942654288825025
50.10771363110906
50.103196912845696
49.987736723687306
50.054138455594455
50.17963995340071
50.01776357850009
50.0350744807577
50.10061943345857
50.07215417444429
50.00207134188821
50.00908739641405
50.06251613016131
50.09920056764235
50.074707051399265
49.973502404250546
50.19370660151724
50.07807623578927
49.96491849553636
50.05231249271085
50.06669314231766
49.92190425142016
50.01890875241301
50.14814060479904
50.02293956733118
49.959804004221134
50.00655136343071
50.04992545148367
50.04751992744661
50.07728117574952
50.26089142601277
49.898152531124175
49.96420639126766
50.3119205840004
49.993316347451255
49.895207029426274
50.329413195532204
49.94536753732504
49.85185485999943
50.16237516605153
50.32498046252639
49.85962273793387
49.91778002872408
50.50524407079917
50.58088237309392
49.93318423569116
49.92953597640952
50.346274031427
50.374824155675576
49.9512201028929
49.92012961900878
50.55600607340158
50.34334599473521
49.97827428022405
49.907165002864915
50.23354720184423
50.2934892807309
50.18351911988712
49.95542665897299
50.057741852557
50.15893724705756
50.10084838866214
49.96662222630861
50.00960922209479
50.08039224452637
50.14513358058612
50.1411261865222
50.12074548537821
50.02709630520377
50.54589747300975
50.258144244762065
50.148216587550635
50.10039154485929
50.02668116247569
49.928164406134
50.03181850794654
49.93858885136059
50.263386446293644
50.05350505945573
50.02101571791282
50.24527894886845
50.00500065671994
49.9673785147651
50.16330911675086
50.17472396108391
49.96368959403675
49.846974674897055
50.07645703720608
50.09123127761629
49.99636128670341
49.82887006115503
50.23550515951985
50.15385250609705
49.76570312003238
49.902181421887946
50.10974604911721
50.01553363900426
49.84928447965877
49.858049250318274
49.951181341613434
49.85764351270599
49.84848337430036
49.81280857972621
49.943026500790566
49.998550502394345
49.83343712483312
49.894221189753424
50.00406542205054
49.93192831539396
49.99348459930703
49.93218954913004
49.844450727248514
50.06048279331001
49.933883593358715
49.81235695807
49.88178582266531
49.924140208330336
49.788573675206116
49.89255184113426
49.81688709304018
49.82331200513479
49.850937163643685
49.80617387966795
49.7731231894711
49.86917820836533
49.91767527093001
49.755260465157264
49.961063320618386
49.80312737375801
49.87239982382156
49.81242848408832
49.834015823162574
49.82105038185322
49.82948827235036
49.91825778757689
49.995757420245425
49.82299452581988
49.88467864720429
49.868925875606195
49.77945232480387
49.96193362623726
49.88161586652084
49.733928877622795
49.97430220354902
49.76407275707307
49.81634787653225
49.89778920969386
49.78941053993753
49.761998607287005
49.79629536199197
49.92547049616771
49.79973781087525
49.81920592156867
49.8856775890919
49.86803276094214
49.84494004779692
49.90208288832942
49.93108354422624
49.91685438984729
49.907107110206674
50.13999325841869
49.79344323132593
49.73682225586363
50.14233018339432
50.06758862843419
49.6291522579455
50.08695212817993
50.15051100869523
49.863239034887485
50.11944657782512
49.967182638149225
49.90330047449532
50.37656484076069
50.09510668017004
49.78118846368775
50.20382212352424
49.92949263687135
49.83811822409429
50.047100964638304
50.02001773236843
49.74016850452619
49.87426638724008
50.09912521555063
49.77825942919342
49.759320969653416
49.683222781184526
49.97136295990218
49.86369901030666
49.81413524701277
49.90246996885957
49.92874097107049
49.79616423036289
49.77004982665552
49.80531375764918
49.78933381270692
49.817410375915536
49.897618380478995
49.72966838452457
49.71988420641208
49.88193906700954
49.767435930619584
49.75919419518059
49.78826040221511
49.78730900093917
49.77906439444022
49.68903849944221
49.800620906716524
49.761054321005886
49.829319865542445
49.773411576075034
49.78502662770079
49.758702613507715
49.824849129625946
49.79895704506946
49.76268372595734
49.793062712577736
49.729664014718544
49.747859657972114
49.748903110786685
49.71342344688355
49.808745441930526
49.76704391610757
49.712493796064116
49.763360618335255
49.81426048584759
49.7079112030064
49.7349045267068
49.861002219844224
49.686317093104684
49.757872587152114
49.80718401684693
49.75198924257013
49.69349640912858
49.7971843975384
49.816278204610114
49.75300909885178
49.70286435089517
49.84151002519868
49.757073869784016
49.7476195218065
49.76877048562274
49.81287599481212
49.64403090407756
49.69104806511696
49.778910978316155
49.76806358585165
49.66602981266785
49.71062329902954
49.809937341753695
49.73027616465732
49.64498755392891
49.872536127931134
49.75869279431359
49.64348362947147
49.86446459964565
49.75184974373382
49.70316504955028
49.709642667709865
49.784301133991505
49.723712320713275
49.681981663496074
49.726696507831
49.74584034752957
49.709123048999984
49.75334104087164
49.715605280009825
49.668582511029626
49.73885674451404
49.87885066997338
49.66586685637624
49.696942064259055
49.859596775621405
49.80578046540244
49.70210394691384
49.689811871874916
49.91092116117218
49.69901602881965
49.779696009725875
49.79826693305998
49.66026338826428
49.68581798015352
49.86965508236495
49.75438425023624
49.70405064965898
49.69588331392366
50.064054725329115
49.70273771185046
49.71118421845497
49.79883778190306
49.64808081170901
49.996966526815385
49.87311768707069
49.61522383706937
49.63677298717299
49.88248259226131
49.62791162157586
49.671131325435084
49.970235425508584
49.91273403464984
49.64655507186737
49.61099288779616
49.91689247244042
49.685171201715406
49.72113534282514
49.75348119226124
49.68163523630808
49.739886737249655
49.77513511007392
49.69779773282142
49.62589675716608
49.77156091630216
49.7829762089893
49.63250761552004
49.7731917860981
49.8349876762718
49.71654883942285
49.67366925429935
49.701391277421635
49.79486389088578
49.77549886285137
49.71474352916574
49.64341419759551
49.99990464082348
49.58016473496624
49.63367035705251
50.21603234070771
50.56885541562552
49.57485876059706
49.568535561891395
49.62597976403378
50.16760157189023
50.02482208728089
49.62023948450129
49.572948705752914
49.98296199350642
49.628862762910906
49.633081733241006
49.81579108087044
49.70844418781968
49.62967557187374
49.73028764038433
49.75164520691639
49.60558588097982
49.94526332387591
49.64163159648329
49.632929696540195
49.620927752851024
49.63879986904909
49.783918074873014
49.66381691024607
49.62793495368709
49.67527278894611
49.627492879640634
49.666337183066716
49.65164651214009
49.61433085928741
49.68752807463627
49.725572158770646
49.554446238392245
49.70199572311396
49.74926010041243
49.59362861578579
49.651000883608155
49.71452757047723
49.695288483455386
49.68865326142302
49.724843669484315
49.7142095652965
49.645825789549754
49.66187429258333
49.74480330075291
49.63225235786486
49.612926761417924
49.69250322817683
49.66265487788035
49.68538088218953
49.579835919768975
49.63002148165678
49.72331298830119
49.571332228473146
49.72188504482067
49.65261865551621
49.629784412238706
49.61246111801429
49.63420931030389
49.69512987916644
49.63192227118723
49.63455130529717
49.6622306279319
49.6145181655514
49.65493107596385
49.641007881285496
49.67268162997999
49.66877502057854
49.59763530212051
49.620329358139685
49.75899780088087
49.680919657576794
49.602295022946755
49.594485462955106
49.62184359435651
49.529943000510194
49.47241527372975
49.66723013124231
49.70135727023442
49.55569212549755
49.58454366842723
49.6438466292285
49.5044291251331
49.595222377216714
49.669385105734946
49.4825298162521
49.48831054682969
49.587167069121406
49.546832156772844
49.66881818097869
49.56114530967379
49.55845971465017
49.59493639353237
49.55125590758826
49.560129917147584
49.60096623682891
49.51064769826982
49.55824187647677
49.45939751306942
49.57221649243284
49.57624339841722
49.565596977928124
49.544631082049385
49.49970730076379
49.5431918416107
49.50088534485521
49.57089487618352
49.56058531937693
49.526078805970286
49.54624241099044
49.40734913970901
49.484423119208856
49.63410594155591
49.5404156564519
49.520274329586925
49.49041194374746
49.51804149533522
49.59709018808021
49.53960269163439
49.898047094945795
49.429909447000874
49.57146894587946
49.668844987822155
49.48274879944388
50.02521466501712
49.253063621343905
50.46442238168862
51.041685574372025
48.82084071521689
49.14372372468071
51.253900737441654
48.959498269637386
48.91277947405062
49.034825372543125
49.18544293018185
51.28057854651022
49.91069648503159
49.17650316795208
49.78231502788922
49.44614565946038
49.25450418370974
49.585136390539795
49.426477256090486
49.75109122497308
50.07553065243668
49.45062587493938
49.37187240144478
49.76053888888971
49.43977903724817
49.379149269498974
49.35950561616298
49.2789423648097
49.50036882141821
49.432627374348755
49.32659421726897
49.31492740853897
49.377698480364145
49.38495126256317
49.2734992323619
49.36810096676248
49.439290241835224
49.236276227353976
49.42364606043189
49.34013688795699
49.29731701429351
49.334994087182224
49.30743897978537
49.41475375007837
49.20582652937215
49.23187082315583
49.53893227576344
49.436961105948704
49.225641132056786
49.63237809080969
49.00905195754601
49.231176650505155
49.43864491109567
49.155705789956194
49.148921649576494
49.113428205557646
49.50669446454191
49.388903387138235
48.989321226481245
49.84341151212782
49.600293892529756
48.95142158058192
48.99382799839416
49.26324760747401
49.3304436947931
49.09066397279728
49.16431393700364
49.284760042337126
49.35277635529153
49.084437314136615
49.45759689655726
49.41220456155608
49.085228777945815
49.24936325559014
49.41457406960286
49.20803876291643
49.039024754732075
49.36432508292692
49.3519982479046
48.85619651962357
48.898039667955835
49.56127867257075
49.320313326217054
48.93187134622418
49.05229333759471
49.1367583227437
49.01403561845745
49.289478093167546
49.09165290424858
49.21461105523456
49.50364108938848
49.04146757839521
48.89311035264975
48.97300334423872
49.1512052808223
49.068461309558025
48.97467240978065
49.114411168196476
49.06205352778778
49.17108082561579
48.98064156311739
49.08416370947802
49.080637482748486
48.976017417280964
49.03272145724528
49.05438647491765
49.07716591812492
49.02500765995891
48.99421761696756
48.99899374278541
48.88085284272292
48.88083634683062
48.98871956897099
48.95035898087752
48.93781827162589
48.9877546566451
49.01377977759726
48.95916990071317
48.98314166479993
48.87574076916664
48.90708086366595
49.0350897354881
49.0963013613476
48.81043728339455
48.82905842066436
48.98018300396338
48.87820925096262
48.872886908158534
48.94616782894075
48.83482816679345
48.82742285057396
49.1070826235266
49.01302273488127
48.92225395959982
48.898520586763716
49.060020121035784
49.03826833967185
48.783701753433526
48.94701717912463
49.057039217771255
48.96372834547217
48.803283477316235
48.855916261305055
48.902262761761655
48.90003481981419
48.84507501327575
48.847004852285984
48.86908157634172
48.94840316196396
48.817067097250835
49.016435289028976
48.88512831864949
48.797124723513434
48.91967094396894
48.84989603370588
48.80573587036824
48.90248371384646
48.944123190563175
48.86756574514416
48.930421371800904
48.79289829300777
48.817122292974744
48.92079100341212
48.77516923972332
48.77365717323662
48.92142293165727
48.87978529054993
48.81299427706177
48.83380436258787
48.91325440499226
48.853585400625235
48.92679209069111
48.84024629424528
48.77509986302636
48.934676853097955
48.79910736712308
48.79605643331043
48.81327815555654
48.77084453393745
48.92426118744873
48.79958494325304
48.83308623948281
48.830598757403706
48.80345035299277
48.8394630400299
48.88307745812355
48.83980282938011
48.83710914615414
48.83789801159241
48.80707725545968
48.74875815652643
48.87210506143183
48.77200978420682
48.7113810593387
48.999771825079755
48.8322542211152
48.79178335547675
48.826514320835685
48.75351344688461
48.85992793604805
48.78926071946613
48.74648939670051
48.81607550233757
48.78409299970499
48.76373347732456
48.75872393025178
48.796775453212305
48.89443807699423
48.77361608003009
48.855618470370736
48.76438613563944
48.82834558245047
48.819456767601515
48.83933308667072
48.86631921444612
48.789331375696676
48.75699001409831
48.78155161787373
48.80072304178606
48.826133632000456
48.78179841151682
48.798524983870756
48.774156471163245
48.839844973106864
48.73157111339056
48.76321753988008
48.82138739277862
48.77834199623343
48.74391586519303
48.77713875381713
48.790498526452474
48.76052198888819
48.854649995076635
48.78778199373735
48.74644796656592
48.895166248968486
48.704321921496906
48.87828967929374
48.77897713918823
48.711805409544795
48.753665490693514
48.80559245561455
48.786035165240484
48.75786885409303
48.71695548688256
48.78441031956692
48.79540365138931
48.73135861823043
48.798696928046084
48.7994091001394
48.73937721363307
48.78217265186091
48.80379659108858
48.74980582861472
48.73364575699807
48.733059063535485
48.80724717018548
48.73010903320972
48.7654668590897
48.821354165423806
48.764918140910886
48.77452491952079
48.814454525629024
48.76542540212385
48.74505203299714
48.75767663292394
48.70917921694682
48.725179686032845
48.775991805681485
48.760810134175124
48.73362718571705
48.73321114647144
48.77655844094565
48.75146476041778
48.72652566807681
48.72948489554828
48.7692691043994
48.80952214787598
48.71120937072841
48.72465972892474
48.790638443589124
48.714897930874756
48.764323331805734
48.78007371803496
48.737343081888355
48.707204977041386
48.74951353920207
48.75715546087089
48.70354736841919
48.738396020721304
48.761977569170924
48.70298251220678
49.99359983302163
49.487164952172854
48.12154395003023
54.90130640797533
55.43691681338086
55.41582985240144
47.23154726941814
50.64181627300456
51.725733779916965
53.01573506515067
49.503278404709306
47.74827203883884
48.00897577407202
50.11460410949747
44.93208468675886
49.33947552138843
50.60399660422876
51.846956020078885
51.03703990208671
53.93180404105711
52.709330913963285
52.986564624855845
50.23802682676471
50.40246245042615
51.027320446197955
50.3797363917916
50.320497216885
50.29070217922321
49.459086626314864
50.185633601029515
49.304569440096365
48.96452924664936
48.81639451021514
49.5285773884398
48.952668554792744
48.8796740536823
49.05688239335579
48.90191375124229
49.041517807878144
48.99606641571668
48.89388967764308
48.94335771571752
49.15251122988614
48.66843865952238
48.81142629021444
48.90428256073925
48.72798739453703
48.82422699221446
48.77890505566209
48.72741804998286
48.796060089672665
48.764512729123446
48.696661154482754
48.78844491767921
48.795653530416075
48.79554229615205
48.803492325084726
48.74030639759297
48.78677243680555
48.77471974813876
48.75123271486145
48.743758575657566
48.676772187609714
48.77703530301197
48.84206663273419
48.76226826836017
48.74123940512036
48.75459013417659
48.83029330904095
48.732792436413845
48.69059877444211
48.74829716550628
48.68537361958921
48.69482867208695
48.66794293996791
48.64353307809182
48.70160637138483
48.711429858925406
48.678040100533416
48.69037530772737
48.75875280571572
48.656870098216466
48.67181743073473
48.70334551432545
48.74945321628378
48.660301545676866
48.643689887798935
48.66642361728506
48.65122929188972
48.65364335081868
48.68941494330628
48.6903534541348
48.626126228030174
48.685067824936574
48.680207217424616
48.63157201803793
48.68897726295723
48.66213850588101
48.66122195833343
48.67638692270262
48.66270246454487
48.664221431047416
48.677215649772805
48.66335346793194
48.64117323818897
48.69362693968455
48.71486439229162
48.65011367216906
48.67123949503705
48.66717111899213
48.66566684981856
48.75729674541091
48.64486362916728
48.64228856398869
48.772014202454415
48.6308022624437
48.602732867571376
48.8281161559405
48.63684820579343
48.801245053560095
48.63716033973895
48.6544109516223
48.85146306849722
48.629976451661705
48.620158487173086
48.81133414361902
48.62235405777063
48.78353713703464
48.609132877832124
48.71024093675167
48.62832711528465
48.60042515802572
48.76987060270336
48.63041702647405
48.6169436534361
48.63714606838501
48.64321089357109
48.67129418961871
48.56911686065844
48.59653590975046
48.62934826607611
48.55447919883308
48.65700218013044
48.63506340587944
48.59157628611842
48.683099076984455
48.51955757159889
48.60933333112926
48.66119718426641
48.61649597644533
48.699519077629304
48.77870203014091
48.57476499318378
48.63860614854794
48.91544791249307
48.579727019539185
48.67063274260405
48.64536797201191
48.649384108355136
48.618277186262915
48.56348146682596
48.60486542483893
48.62247252603065
48.57426685202033
48.58453833081423
48.57705298550663
48.60024003099763
48.60570286831301
48.53840874628109
48.6556559054621
48.59943454686093
48.556839769599826
48.571876514205016
48.60672578884383
48.58532820692413
48.68546342796105
48.67027026791059
48.518363704850884
48.644617307895345
48.59599237122487
48.598362194723634
48.54598590159208
48.62528846141357
48.56578275507798
48.525777075943424
48.57213202317274
48.531743394083406
48.57776763701354
48.51768637358257
48.616809071641164
48.65966513096125
48.58033711597155
48.53956030939773
48.55460913327417
48.684661361149836
48.64101314311866
48.602989549333394
48.509830067091045
48.68026328212845
48.592734668412085
48.510937747724164
48.57755057912456
48.54835323093061
48.51284991476136
48.59774783541655
48.55492130993632
48.593471255262415
48.66576511579307
48.48544845521191
48.55805530424889
48.54220823418545
48.6510646665672
48.51847947413542
48.502685978184
48.61160608889792
48.5026297844806
48.55610652002312
48.637839715865894
48.54903935221035
48.50696491930688
48.596382064717865
48.559242359572345
48.575300224308975
48.56372020326486
48.5668396774244
48.5072737692951
48.61114487207675
48.58975970882248
48.57133788778312
48.57781667198106
48.51415334089952
48.67858025136103
48.610636647653195
48.53838064712471
48.61594637313952
48.531982993214655
48.59203964414937
48.60120539404804
48.57316751872321
48.478275439754896
48.54498926452698
48.582662149038086
48.49734762938777
48.51440094967556
48.56523313168713
48.528789596360795
48.55419640280025
48.54894623233298
48.48227839575406
48.54815905429432
48.55452644652596
48.53345601755632
48.52719436632
48.62621353319593
48.550379903335525
48.53963095568337
48.61814851499177
48.49004701850381
48.58441750725521
48.58840637045481
48.50440159861188
48.5166307235744
48.491982454687246
48.5251603173814
48.53786754815124
48.62770088309119
48.525066318018126
48.56256377549223
48.513039930285686
48.618467221968245
48.58303121648525
48.45718674821059
48.487709051956266
48.53055547703521
48.48144898753728
48.573417985474954
48.486857618841896
48.38991573718411
48.465152611552384
48.470414831528345
48.49555703226278
48.51652420669734
48.55316335033993
48.4804695564302
48.49027870448559
48.498312267992716
48.6494239419702
48.60164371493624
48.41471717944098
48.66609618287066
48.47584808164178
48.833149442923876
48.50556787040128
48.24684139644221
48.6964274760317
48.48483705503064
48.476954295058334
48.49687015030898
48.47534867455106
48.398551579041
48.4658740600869
48.46985064049344
48.412431447617266
48.466302010392326
48.4079011478384
48.59778605674942
48.428262145589834
48.30734195977142
48.582638161397135
48.387422281187995
48.51967588824891
48.55489935624781
48.4191130610455
48.54622184209333
48.52609903170975
48.5104857168998
48.42473120244011
48.513244933968146
48.32561850766613
48.643972150797545
48.7123399377895
48.19986252165814
48.31970876833017
48.66575715637682
48.66124134490545
48.381564624827824
48.695737944273205
48.4571854744162
48.749512001878955
48.44661400775938
48.47194753533629
48.51408385633071
48.4410085373444
48.48738740823189
48.54421462780744
48.31793126523195
48.34008982161513
48.584086765882375
48.35243277759066
48.42875792407758
48.49013142251459
48.34261047127733
48.360153074540484
48.54065242956622
48.46078114406793
48.38120326032823
48.419943617900245
48.44281764068917
48.38035319728134
48.43592124813903
48.465250608717426
48.40408703582203
48.66536460835478
48.54943281975423
48.395806358009175
48.67659024341984
48.47642616180587
48.39962245744189
48.632693299974314
48.50356996175635
48.41734885675681
48.40506962456165
48.60522458912715
48.510539080734304
48.40292503196527
48.4705662829098
48.48934437215176
48.32548996400764
48.62147393415149
48.47040498730102
48.405871339429886
48.561235742151524
48.61673245209834
48.65278690445698
48.40844763341364
48.496606672771065
48.441817368182384
48.639945007726446
48.3502822098576
48.483483085523794
48.57828490138432
48.4159794097594
48.6311100132513
48.38614815654173
48.444965781759784
48.604234984246595
48.57986072248992
48.37244640914323
48.51610051107351
48.43919260385517
48.46573768420853
48.38836395112239
48.41680259737992
48.52978060702569
48.41028681643613
48.42928167814512
48.52204173410466
48.38350716261163
48.422178576187456
48.45739081191229
48.514978215549164
48.40175453873463
48.480685138917764
48.449035846265254
48.371022031959285
48.44385322618534
48.44697332700718
48.39940166000139
48.403002224013036
48.52531845293599
48.4767949732836
48.3933036300717
48.53867325972715
48.42361811720132
48.36533613924662
48.359639034859676
48.39116361659701
48.417351427470805
48.38299937953602
48.393094252110274
48.46624915484148
48.25733696676
48.4114522504161
48.4430434492517
48.35625234262566
48.302844117288494
48.341047542264704
48.36156575179826
48.36625963146607
48.33958501258916
48.357458257925984
48.296148801653544
48.532476699897956
48.368205989375085
48.43669190184915
48.528779743151844
48.27213897664887
48.338405496988614
48.36611087618387
48.272495857906826
48.338148450113074
48.35257887997122
48.34050129490414
48.401082277180194
48.386883628444735
48.32568304830254
48.6055954720023
48.47249648422388
48.34096864755531
48.54034457771455
48.32987450377978
48.540069002596255
48.409461430367465
48.351329736020745
48.322374993604136
48.38506929100517
48.473227971782215
48.26175402640372
48.23761413177817
48.34610094865755
48.452411233178694
48.35068511996574
48.33695628068735
48.33564149902675
48.411258047354934
48.33899075338275
48.36668745487258
48.28299632188717
48.34015228843788
48.28780079242026
48.31723406892733
48.41459911010072
48.28925074194221
48.38802368543882
48.33482607825158
48.35604740923828
48.25111318409658
48.22390226000025
48.343288097964745
48.26799443638139
48.19882373915254
48.26589664223773
48.3800952421562
48.26737572417751
48.3883804868796
48.42302095375124
48.29966550628008
48.36236956587136
48.43008256725381
48.29618354361066
48.30097877210503
48.323434532545576
48.43739342194222
48.410283728039325
48.21801900739429
48.36693688823645
48.47453147410355
48.37429628145233
48.206323408139326
48.32007636411611
48.66136971960107
48.646235756221195
48.19468494314275
48.893060568015784
48.32399449559587
48.27091824421055
48.80281060654338
48.18792615971043
48.82463499858169
48.1946200789147
48.43587946988637
48.66514950033581
48.16943747495891
48.441992150093625
48.298017944795255
48.33995082174357
48.28486304047087
48.21368316679087
48.53362286493175
48.29960647608557
48.312858770200876
48.47396541756316
48.23779588820573
48.403626570037986
48.38463996277147
48.345292693897626
48.3305470174653
48.43454806363607
48.42205041324074
48.23796118073775
48.48363393539617
48.27157001366434
48.35091544221424
48.64382827000367
48.08389446083252
48.43255259164959
48.31679364764934
48.36636164553851
48.31603812779829
48.19092709177981
48.37855567720298
48.40839158588198
48.17972419101456
48.333626552301126
48.37310086018871
48.14624428688285
48.306182384360085
48.25693997503595
48.30359180691371
48.37373954677414
48.16450123081288
48.488120623911016
48.39154887543116
48.253967200464295
48.33049480206627
48.53974847387637
48.23764783649261
48.40252978522789
48.40823048505463
48.2525466369111
48.33400024230555
48.20959765445026
48.23864209019057
48.293570023163085
48.25077125897522
48.180810925399854
48.26284506052694
48.218597374749514
48.32987093488035
48.19817230995018
48.25417875270692
48.334686479163594
48.627375944307566
48.2051945330216
48.38501536021203
48.759757914506096
48.132567035137434
48.2719969052856
48.454759834946074
48.13902855160479
48.65850769881238
48.48811741919926
48.22744943460124
48.44336456364539
48.17462186396233
48.3904870537092
48.321703589019016
48.333783062300164
48.155650405141216
48.09398082052039
48.748381682979506
48.3182128286199
48.11756468381172
48.5427157240608
48.36480983127296
48.105209475154226
48.53486815107519
48.35521073491951
48.14476925165014
48.404106254437885
48.10064344703995
48.17502161410455
48.20426446226719
48.238924561608954
48.20941614327119
48.19742392489171
48.270257035301185
48.178765922853664
48.21511218614549
48.191300536231104
48.078052345449905
48.170062326093614
48.15379836961882
48.09788209489904
48.148202492447524
48.14753509419723
48.142711094832684
48.09876284373668
48.13457759682638
48.062071361697974
48.07702038285877
48.11940750584482
48.222910325276125
48.176674124533434
48.0403443860715
48.368822158647475
48.20904630075431
47.95136736144446
48.25555069687243
48.1902212517392
48.200372657972494
48.19560170059498
48.12946732073585
48.05984146662273
48.15085832009804
48.26127530068356
47.93595943401266
48.271928564832336
48.435394118524
48.152472735207375
48.14429218792231
48.27078264732238
48.38627866245788
48.03375509282907
48.13560426745502
48.718998391191455
48.25129484631287
47.97990090036291
48.23263439467853
48.42664116273239
48.09504499938372
48.06943954085259
48.11767102921108
48.12154665299367
47.9696265755529
48.14204893384742
48.086436116965885
47.981382637711356
48.1315763070106
48.02788924333927
48.02553518098688
48.09601913119228
48.13160736757155
48.01722572863897
48.12632454082228
48.042302577784376
48.01154830807834
48.085098431027625
48.06459013623307
48.02357117809029
48.08105373830339
48.16548491976116
48.02821149504956
47.96900611499237
48.15034484007869
47.98415429620487
48.04464244611992
48.084631012096004
48.10968810857572
47.98766355257121
48.16119561057234
48.000383446497764
48.0013076187642
48.01561314034591
48.04262798334128
48.03601192045068
48.05307961079207
48.023789757643115
47.98742046896177
48.0671537799494
48.060216681575675
47.96278383747767
47.95068514753078
48.10990917437959
48.0031302709878
47.95432454766875
48.13842422969437
47.96501333861313
48.05930240840907
47.886232237699296
48.01192753888768
48.077530962017974
47.94320944664799
48.07605332131954
48.028941022647416
48.123164649237026
48.02473826375095
48.03935338723331
48.173657512606106
47.93354752657218
48.153485870351034
48.260045959997505
48.052783774058206
48.00201998245484
47.914203085272
48.08879661430747
48.025852454951064
47.8812861072745
47.98677566579821
48.16390514269833
47.86627727315996
48.027192178175184
47.941567905115555
47.90852777979825
47.891529587281966
47.97541064772342
47.9232021874864
47.94637772467966
47.90403554116533
47.93287362599162
48.00330026939866
47.873772492447
47.911506296854476
47.92528579105578
47.92438512526081
47.95277341980923
47.9014982488908
47.94311427526226
47.93523974947763
47.89371525208236
47.87169620454051
48.038242553743004
47.898616663942654
47.929928220293256
47.95090259194134
47.907125160218264
47.84995804461255
47.947444236911885
47.87845970354241
47.90866866661681
47.91666111083545
47.85682916163275
47.90598121803132
47.90858339815737
47.91778470646566
47.82785761713304
47.97385769427901
47.87905469429263
47.974954385247436
47.92051752634418
47.809280936860205
48.02545712347387
47.872035673760614
47.84670659688745
47.90252734501104
47.89081124426637
47.872038220447294
47.87990128769125
47.954269996232654
47.81965848865397
47.901770980083036
47.9402642881417
47.80606492704497
47.91960010035111
47.93572684288979
47.84380951650474
47.87620714645831
47.90021459700749
47.86237303203905
47.89470070034454
47.8605466027127
47.92757243167548
47.84058128663475
47.89106400451774
47.82620751057112
47.912058628697785
47.928143929013785
47.81887525389989
47.91819204837628
47.937412966323244
47.78529241808013
47.983036815678
47.8689201632169
47.81262172889036
47.77130010355143
47.91507811277808
48.019570867078535
47.833786927704956
47.89281764056411
48.032184390510636
47.858202473039654
47.91639296009686
47.85093043687304
47.907648365514596
47.80037934368767
47.86953329641221
47.85540993783266
47.825320359986236
47.96058025344369
47.92657218818193
47.7973200107011
47.83123436030064
47.96393832961516
47.87425885505961
47.79213376181122
47.79482224479499
48.01697175183111
47.81636984901096
47.85266455083746
47.88913884911952
47.872325193962226
47.81090693672017
47.80323185702737
47.870923855602186
47.82575302135904
47.775713283030775
47.82555448960709
47.76829734422339
47.860074219239685
47.829615142910946
47.73757829226449
48.003510837705456
47.71789900991043
47.770327605465994
47.83142974309308
47.80762132659827
47.720858194385926
47.84426422201906
47.77624441243153
47.80320436667775
47.8053514386196
47.781327261702174
47.839101041753075
47.7673365299022
47.79792675458156
47.79968615441161
47.72826878458198
47.80098816772755
47.7861468484599
47.76149229237106
47.78606482382578
47.71190057425293
47.871921919047175
47.80574957601275
47.74299994943596
47.69994472162473
47.835979944484514
47.75479502093092
47.858091465297676
47.76516210252937
47.946750350915316
47.79843286524842
47.842612976923554
47.84646175066203
47.88137952845158
47.675039983518126
47.99103479480871
47.80301161702848
47.66201252134649
47.68407700724652
48.17845544525588
47.706338893986306
47.80098640916104
47.8130804726984
47.92512043491502
47.933351615541206
47.88223236813881
48.53114070741522
48.74772758628932
47.70428404592041
47.9240305058862
47.86082503707221
48.411363788591274
48.304566567056874
48.0689365037602
47.625845918030464
48.22772877477373
47.72310701625652
47.66704084279207
47.94750455702079
47.850434257984325
47.689833564381686
47.82623428777968
47.74106886980243
47.6490959560843
47.74392924220063
47.788389518813595
47.76397424916173
47.70399706551572
47.88828529051008
47.7197707363755
47.66748372143417
47.78084480936601
47.82356600417428
47.70087609004459
47.7281221092342
47.79543886546853
47.787645970938435
47.69731334453212
47.76920878019992
47.7256579391079
47.83224160736427
47.798870048187425
47.61365748016442
47.67780019518039
47.72346028390235
47.56773082495458
47.665741549043084
47.76339893651119
47.65340075400735
47.71162276115234
47.807144283275846
47.82423704362645
47.68428664474572
48.35744916166099
47.71183705294166
47.64445410519116
47.741403828924646
47.72502660881637
47.6168644956232
47.62743117004031
47.65735591823258
47.63036204060524
47.56562767644946
47.66582553764696
47.68397411205737
47.56827988438964
47.52339841523002
47.69084741314978
47.70148592624804
47.51573791824341
47.651455436036066
47.57852783266444
47.677686435628495
47.684037093294464
47.512860266976496
47.64831724530869
47.610702754798275
47.58150652445317
47.65131744299593
47.605913966670975
47.70521312305356
47.54384439912883
47.67045574875558
47.719380158756984
47.52800847602279
47.740119086715985
47.7195931405798
47.59439424219286
47.52113163520367
47.557099046416916
47.74954161870895
47.64531523278292
47.702668496050144
47.53311355461039
47.851222676502694
47.62086440278455
47.72338439025851
47.741563103059164
47.53988675147324
47.58269509472302
47.75433997701742
47.57025177527296
47.626768916970285
47.6168589435247
47.5749451442624
47.738443484149784
47.59542178480055
47.58573920058971
47.69232734649158
47.483354751018275
47.66389230976029
47.522821701816675
47.5599067184016
47.5489788047638
47.67071935263841
47.46332860716614
47.52699840270225
47.621465076414786
47.430557639510724
47.48838257479113
47.448869366969774
47.581460472140535
47.43200727725903
47.53927050680059
47.56177930856458
47.48466704276568
47.51394765314847
47.5098914297405
47.532142576462185
47.46485017702932
47.64084169626678
47.552740559483915
47.54875028470499
47.6871592376113
47.458269038387826
47.41754445595337
47.740052136826186
47.78944523749849
47.477916495123075
47.69198767988106
47.79142361000906
47.54121619911799
47.670035817686696
47.60147198280556
47.732626008389154
47.52691797196665
47.75058437228075
47.57171865775492
47.423761134571905
47.59529142542953
47.56215660226095
47.5017905781854
47.509813485300555
47.48087484365618
47.580839244393935
47.53086174802462
47.52882039763689
47.50400138754834
47.44786325122097
47.52290643170571
47.549959535179084
47.49717306798463
47.54539047581641
47.48283533676107
47.49458199519834
47.423617238260405
47.45242725053417
47.474165685975784
47.52429906661418
47.46521606508144
47.434300881608635
47.51146487391491
47.56741923412412
47.40039514133508
47.49295342055235
47.55732590751749
47.36596793639476
47.54326287276174
47.55757768572012
47.4133646705
47.44458717453241
47.52636746917102
47.49864076644747
47.476451969324664
47.47283941300153
47.41564111696705
47.5293171666892
47.52343861099841
47.488178781988026
47.50093172328031
47.36000125898825
47.494807507890634
47.58022785485384
47.4707760836624
47.99768596301081
47.65698193236865
47.46045325754848
47.57646616672005
47.34434596721423
47.505505381853325
47.56001385060277
47.383352586532986
47.55118237167105
47.43356265293307
47.468868290082035
47.416591656832054
47.51936874025674
47.41809122006362
47.38314903122218
47.58163858773024
47.322484354529664
47.4670896520399
47.57456267439913
47.43021172746055
47.40795034066614
47.61857849363682
47.44766194719796
47.51024252343419
47.51604066375442
47.43969540304961
47.49534428266401
47.43335743157891
47.48221227545108
47.497011889177614
47.635582601447815
47.64376015919089
47.69128973248696
47.609531697901254
47.35912932904363
47.531385866664
47.53893899914306
47.44591297854706
47.35917050458713
47.61079836946454
47.31332524219417
47.49832406920822
47.446408284277226
47.440631711153074
47.49913239095293
47.2983490625192
47.49720504999465
47.61594017774427
47.36267632468279
47.36680586277787
47.50919496408987
47.46875519510052
47.34342780423158
47.488103003792276
47.51683585344323
47.36692735085157
47.61312326400928
47.4415704732502
47.373660718211205
47.689968515391705
47.37871109730664
47.63580719983514
47.376280152781355
47.40691729240576
47.484519723212856
47.58346589524071
47.58850374335682
47.41002143902307
47.58768982214536
47.6154312196106
47.32532756741927
47.61031970587887
47.3414460431782
47.36336704467108
47.38308493508002
47.38045778329338
47.46107000907166
47.32861060176012
47.62394823266174
47.50830502975103
47.455045365364604
47.54792988794557
47.40006536770128
47.34326757738094
47.53199213699084
47.34108475525551
47.412863647021766
47.444776949209846
47.43090690037713
47.330731468650086
47.300231224224845
47.415383375416624
47.455965911930406
47.29190612471626
47.3272427328604
47.42464141355144
47.35620149137936
47.23590628509558
47.61517607436415
47.348311210504264
47.3060284023472
47.37114971683302
47.42836178529037
47.3039400152423
47.465778934964234
47.25721051525501
47.34207568884604
47.55419822044805
47.39449239505879
47.3426952418988
47.308234320469225
47.56858071469025
47.57708504316287
47.235261316883715
47.50684392124536
47.33679550088905
47.3211310491543
47.445197302048385
47.27518151694838
47.3407685546999
47.345693770276796
47.40313810165155
47.488099791233324
47.28144063691736
47.27064211861434
47.4106182138323
47.35405974453297
47.237197891266334
47.51210414163983
47.235427254676516
47.43155446067784
47.39817275087576
47.386912622563585
47.35670490554424
47.392684478091375
47.39984077170031
47.44407921852598
47.2614496376094
47.637489142361794
47.33799963009629
47.73771461392523
47.29940438267344
47.442110017468664
48.781323438936205
47.646659538597525
49.37596955393447
47.640445690501984
47.41185498316316
48.22278093654799
47.37472264422949
48.10488358596549
47.88180671312456
