186.22994352109686
156.49283759349353
166.53243161559135
144.9426110840009
145.6361043454934
149.125719688551
142.4471521492634
136.31919567684184
126.24019370648537
111.47840102667516
103.5865188681271
104.87710502811044
113.91844579259376
119.97225223251124
115.65798203685519
113.7677299670975
109.73995143514014
100.80885502050714
108.60810875118959
93.8701362573744
99.03874375326734
100.85464897157486
93.15645553790475
95.69957502352327
95.1739672354149
91.55049830427923
95.98476730375523
87.94765548969
91.50629652809651
84.78939263129756
81.42802200943608
91.56016319070547
90.6389963713344
100.77744230240131
93.79133134260715
80.82068547385155
93.1053485143681
89.67164452565162
79.37309460348041
80.88336040583609
74.9317658506665
75.07470278493753
74.27781595073428
66.49391738652095
73.11549034686479
68.83310185077262
79.46430641862486
72.41565451713753
70.60319089990048
68.38553317402476
70.664498141351
70.85418139299972
71.0750165339327
65.2181899847471
68.59572747464303
66.88518525987712
70.37110754938446
64.91577063620383
71.69806901446591
67.20343503224089
79.06233831077853
73.1128647123182
73.678416983428
75.92276457695846
79.65871656752485
77.04451567130602
72.12751082748785
74.29784714266282
76.2823434113859
80.4841181471348
78.66264246823212
79.02280363203008
84.56691126701813
74.48194575032343
74.47398366268264
79.32768755238958
78.33248698896652
80.43514131438815
79.53856019626487
79.40300819439406
83.94570250546913
82.63765597504282
75.61638106286459
75.58418482424396
72.03600309742845
73.17089388884817
75.32024604894569
79.95016446071514
74.18670411215743
77.71334875750303
82.98456345282733
86.2061361177557
79.53884452116353
81.0709205940437
75.33994786559526
74.46250974668612
78.35596411977095
78.5086188745159
77.96234398696134
80.71937463254736
79.72932504907065
80.61521192418098
79.26434413958242
76.97612051781128
80.65558542042919
80.55450786383608
78.72148674878983
72.68156148325794
73.18870798965368
72.83236303157464
74.51609388343878
72.582782565278
70.25742612553411
76.33663277116926
71.84142495232217
72.37623793804784
74.55913731420453
76.86503068734679
77.84758822543154
76.00655645239667
75.67832386884504
70.43740817209363
72.42456143467832
67.961793404218
76.3070741762698
77.77144769460847
75.66815883596168
72.7343416648913
70.91383064955535
74.71813182122337
80.5427638268799
73.01405355113448
68.09650843053198
71.24169578137116
69.97676745817479
74.31293666401551
73.75040257288582
70.88771721364924
70.76364576028261
69.89775980420653
71.90989442497931
73.85038203322108
75.5254690078409
72.05733208829038
70.81071289220053
72.90065272737749
72.5065850370676
75.23368449269562
73.92605823539671
78.25353615369812
70.13394626391003
73.0754213619444
69.96835866005961
71.2527256134167
70.23623719273672
71.89783389689514
70.62065571946863
75.27733843665914
75.89806605985412
67.29778972469921
74.36474105720116
73.83323857479631
67.59457992377119
69.83738591229071
75.86796441141935
81.14396588258418
75.60272940408522
77.70098826859422
72.24156408428794
76.98360090378985
69.0661660233918
74.05753731798721
75.65932864599075
70.3757053113124
73.49134168703839
71.47624187033864
66.07293067693732
71.13111170280226
66.97035448095914
71.4779414224681
71.57113044541568
72.35228690949263
73.34520055926552
69.09204303350262
70.25573057243659
66.41602409172094
68.640329152152
76.70514287875058
78.04801586005473
75.26747096030527
71.16082777744914
73.70309941137423
79.13240326241078
73.54532610580526
77.37259003788284
76.20545031347386
74.76477108147425
68.62363137300821
67.39057583673441
69.73933799888724
76.20541647779054
77.53548158275517
78.67735581703462
74.53781410699855
75.92226041320521
72.82312821098868
74.1990821983653
71.74970639637418
69.52029952343186
73.26851977821347
67.66456528627513
71.41454928297131
71.3182330433592
71.79502681487635
71.523529502746
69.95667924394394
71.82596690240155
73.35425585042418
69.8454424680277
66.91263659517823
69.75779839966864
63.279709837098856
61.935284309876245
67.45690722204708
63.49261527569612
63.63794791719033
65.5815619826183
72.25993851841642
75.0155530536073
66.7205101207239
69.52142842981651
71.24327578153896
73.15880274568188
71.58438585904938
70.8258985417064
70.44807755638632
68.10678191976163
68.18787956819862
69.45980650116785
71.58991489322094
69.02765000049425
69.84626260878396
64.73080197181511
63.005831043550444
63.454568369383445
61.275073130515004
59.099726476504436
71.42738702558695
71.2618722612536
66.34450587089927
67.36227940833005
70.23102492620866
81.61334146412314
78.32470203373092
73.75244869952866
76.04435113100297
68.1166744506577
74.08746789125453
65.58203090015927
68.72241120864275
66.81332148107997
71.76345544578737
70.83895637076385
77.70104796808157
72.47610661255608
69.40366548569506
71.7401840919114
74.49168262114857
73.60941394212466
71.77750010594531
71.81240571049604
80.49196882508899
71.8307037605061
72.20405109953754
76.21891167196958
73.8660980873183
71.86164694989458
78.58013004543164
81.9158454175949
75.37848888928661
70.46221535827948
76.60623572130174
76.81424114093389
67.53658408486284
73.64552209171681
74.47516500521007
74.60620978111695
70.28911415428384
65.97499739635147
71.25610285663228
70.47616472651747
71.69254630856798
71.13608375661
69.22311769620616
76.86983816979404
76.33511091240905
78.50375444994792
75.05997052027976
75.20685732646693
70.65042190399753
76.0374606904103
80.62053022884531
79.41868416726984
77.05819303509558
76.30438218605195
78.80367261689264
71.08625055689402
82.37228708264334
78.55743676155187
73.38958662336381
73.04161839003409
72.86533224296294
69.54400397836355
79.20065493716042
73.24980986825247
65.94635246135607
65.02496803349827
67.6356285199678
68.48508617755103
69.7514330863646
69.21192766659564
70.58805614870148
62.453645538137174
71.64252536457636
71.95786727744618
63.4586426107202
65.21568368160268
67.67346889823546
71.99115898828688
71.25078738988071
72.59564171447755
67.78383934404016
67.35018276921329
70.62324507575606
70.9592595869775
72.99557161236027
73.15799712852349
76.29690978961132
70.50388578925799
70.2195116753547
72.67629850203838
76.41606530880395
75.73036272557849
76.9026702515201
74.61265594696269
71.40323238923175
73.32940348173064
67.20586023460304
61.319825176493
63.72844735701287
68.10040071097194
65.69271571754253
67.6807062602784
65.49914292988454
71.41612674368952
67.2638529247716
63.892093049480536
60.73552797321093
63.93176430862721
65.96743911482686
61.98995848384262
62.1386563985393
67.9685732055433
66.46297261324894
70.11453045379311
66.83179657664218
71.6061876301329
66.3397942843074
62.03921380589709
62.040263862630745
69.63493665694556
68.42540918729985
66.17533801058792
61.93628510457464
61.65618251286629
62.46996223638649
67.06493273749116
55.358344546296934
61.4706946047126
67.08935529640954
67.62995364795175
61.426242942283125
64.15735758905663
62.313611092685385
61.61535436776715
60.654164858422554
62.56964220459582
63.82835450989709
61.32437733852298
59.088603153689725
64.8314953047677
62.459748955233366
64.96462035582337
65.53977042860534
70.92267011917433
68.59007100977605
66.77866202006457
66.99026287512291
67.10282172263636
70.51838692954607
72.04141475821979
71.2921501667651
63.08774720010874
67.75524055860535
69.51310863979376
68.86572018454159
59.17874851369659
61.578861947396526
73.02631606413851
71.61859759179771
73.03802940868108
72.61294539675137
63.46024451370313
69.71806156141716
67.14337440957074
68.23473834411323
68.06746475656155
73.06722555357501
67.64813074341961
69.5373168206585
72.30014600462978
74.32305813399118
77.52970944896501
77.54569352247887
72.3906883122206
71.85019951718509
74.31577520689132
76.14092402618235
81.05175727155819
75.09075597193977
68.59949987950078
73.68043896259051
71.35546454189586
69.67173741820183
68.71691201854637
75.13685283184329
73.45738944515337
76.15545495701144
68.45978736910656
70.99581509584733
68.36060484272497
69.72021206725405
63.43773557570719
73.07937627412828
75.66857125814745
73.82688509929444
72.22494796491505
68.26416189897203
69.06289295466995
69.73042330950507
69.14100693849883
68.9308496549085
68.15120342749263
73.86320233797302
68.24165463600508
70.9199187462385
70.03266693382933
69.58045684421691
65.9273649593333
68.00798087218874
68.29232636544243
71.72470463995332
67.88991160776314
69.05144272671099
71.81440534283203
73.65614541345971
71.07921882129811
71.06553703730759
70.16959927901516
75.98669885987071
77.48115607244436
72.17092109403717
71.53362448782363
74.14342473827229
73.43965361354283
76.7673035407062
73.60805780271541
69.40550363551617
75.96044454750842
73.39500972770408
71.01139840817974
74.18231709934525
82.56935407997193
79.36266929733472
74.3880585353208
70.04924104695779
71.04677253691943
68.69918121417219
73.21203332245777
62.2612071374386
65.78260127069814
63.91491193771871
67.9157443188361
66.89317169513814
73.74740103396563
70.01131382462754
80.6226965722513
75.14510691025681
84.3857149088827
74.53639194305575
73.60830581988907
70.58395291497476
69.47759323125483
68.19416267269456
69.40750405606114
71.21215387812603
67.96938037869418
69.32545934784362
68.62630101333922
62.0893886757928
62.481753334655316
67.25643541956309
69.31736259479929
72.68812928950837
71.45937038834893
67.40605418866116
70.03682311939788
59.92783867067033
66.21832110547672
71.09010167607079
69.62937497486446
65.57938860522074
64.5104936304982
64.52119069542127
62.99297075092737
68.10377161866623
64.94339638074365
70.29940500164625
63.83394015154419
60.28130237811823
60.95539559044408
63.712154372767124
68.66637634237877
70.10204241999556
65.49075346555252
60.178838079955675
65.1989320812994
65.01800264589565
72.73157045764923
70.34151624021332
70.65843741795685
70.98653717740311
76.35200698304466
75.5691012662904
73.63277973788522
70.48484664989972
67.4571955237258
70.99047057652102
68.95612763326609
69.8029082447045
71.26114797504002
72.17513347933985
69.22674234859444
69.3728540412187
62.80408005762181
65.2887613776693
65.37746812757605
63.767736358781036
66.15443181443256
65.35125124312154
67.017290187514
62.63433947272734
64.83085767844481
66.21254065745936
71.49310677143268
67.17159019747317
66.45282613998421
65.99109088605876
68.57696305333342
74.14271500427216
69.46970952959965
70.73240617206606
70.92419553369271
57.183980861167235
68.34224258370912
72.76136744520407
70.46194856999206
67.68488745716274
69.18679855321119
67.55095076225716
73.20117996027757
66.20035980188406
70.23714360070606
68.53056978080146
67.98986119575014
67.83532516883956
68.63212169615703
66.99796286949045
71.96980218477414
70.92128822236056
69.87822485609999
68.40261814424203
73.37801992406543
68.92744510126295
71.51622489943611
67.80810843184838
71.96902661507556
73.23464043379512
66.91702892921248
67.06991666347801
66.57650192639994
66.73690345882181
63.751739785507546
65.09761264013531
67.47268945791708
67.9897299017529
63.086334540622175
67.85276909480706
63.94812106664526
64.31859816849756
64.45780904838965
67.30201203892128
66.46039919791326
69.58379170790107
65.72026888240806
67.73342390976296
71.56911051206443
71.29913447669418
68.19307842797862
71.3532804715654
67.323494521355
67.77663471991657
68.06957469836657
67.55644987489966
67.1915714706174
71.05693805568686
69.7847480452207
66.62102156416726
66.17957999730203
62.50532222117554
64.15305431172946
61.55200105180465
69.06291281777862
62.62992567309584
62.297320313247404
56.75910143249884
67.19476871185744
65.85810313478565
67.3085637482403
71.8741570937772
69.76679598578353
73.987138439966
66.67208063200782
60.382584772879454
63.394428768704195
63.593246186755714
64.67121376164779
59.22117827777262
66.37559042099537
59.97184686835258
60.711764056622215
62.547796278547686
61.0314393729111
61.14847075229191
65.81038780673109
66.0713861303312
62.07328937653469
62.98489986043829
62.09979362786982
64.38029979343837
64.69194292263919
63.4081249938482
71.90135563102837
63.12669279519962
61.939851842831516
62.053998723960596
67.46556598239724
60.404444448126526
62.01572402867088
66.0863495826764
63.120462064597234
63.1517719398519
61.17092405102257
65.47242471586418
63.90010264924977
68.2507455550833
60.820812665748065
64.52812284282953
63.85412004190633
66.45834891462748
67.33454804547942
69.8830409644897
72.01214140483923
67.45938381360952
63.27130541665796
62.26886235004449
68.70783689258161
66.66007634615882
72.47998216878904
68.92807137815915
70.99392559531186
70.09589010908236
66.07321861246784
62.874745069698996
60.253699037821264
63.248432357403225
57.92761886364512
60.484709240712164
68.71726099116319
61.310791075350444
58.55938021204508
60.820765772392335
67.11342446059979
60.9400571457813
61.30864708098488
63.07663473760444
65.02979648603828
66.13477186184782
60.095353836631446
63.18306466678503
63.805009036691516
61.78135875283487
61.03559778344974
64.56936683303572
64.59456402310883
65.97501158772705
61.75407116490069
64.62871588276528
63.597350267351764
62.73799940503383
61.4883328080108
64.3873747694093
65.76328421247176
68.0675494040737
61.951076669603154
59.86838484671272
55.70629810941262
59.00389348076984
62.7630335833312
64.54006253604337
58.125512181359646
57.189551247447014
61.329221638777625
63.68333184294245
65.16985706743122
65.02679370693468
59.75401863044863
63.503132041045134
62.83708528460218
64.19125816284652
58.0488944666761
58.144854710757954
60.51692035221838
65.48247088803673
59.674541736321935
58.47420410216833
62.540755902829005
57.81525659217561
59.777385518175066
60.44428053234382
63.6205074208359
67.73822412311718
63.344384401714564
57.605989363609076
65.25911331247025
70.3631823628779
67.9249609683581
68.85717806112545
66.30718932807821
70.82810728008882
61.95670031626661
61.266482154171
61.130066028476165
62.707310103885646
62.249677858219854
62.5056091068376
65.4658859939311
65.17927970009276
60.771720852032
60.00613076666857
67.57077864218313
65.40631713660994
64.27549379147716
65.9856636720307
63.9811433139642
67.50460135441418
67.75101930254218
63.60170996058605
64.95440774542311
61.986036321932495
65.54041046947384
62.309763310679394
57.346714170049324
58.447331189344425
62.83799680737779
57.34756474694798
61.08850354689522
61.64037824605837
61.78965653081206
59.71845380832697
57.76233328590827
64.1497588640571
67.21576878865206
68.97929778358967
68.10437789448362
71.47680883325211
63.81447838636596
62.119379224865895
64.00090960094309
68.01287365271399
66.04387635355084
72.70002064409262
70.54872502920257
64.20801833817946
63.61795284798056
65.48762373388426
68.73234736009297
65.32906721134376
70.58859629528668
68.17138539243412
68.49489483060329
66.16991727305616
73.63675862932067
72.15421431238434
69.55042629585364
63.62641346970873
67.51433184731083
72.15862048292068
78.12310680127524
70.52793338788756
71.88702879693923
72.32004141728737
69.12569558684213
68.9733075794227
68.6234000447206
69.80766073773289
65.87422399868605
64.27933271072366
68.13658750824808
74.72114945948663
74.93631874832036
73.00083371485735
77.96741420182246
73.74501012613813
74.73985778672899
74.8583807960766
82.17863939601031
83.24448123379912
75.25581026736624
71.53068197333218
71.89530869337304
67.45648855655186
65.9817092181
70.83811721654754
77.76312324717247
69.42161145920417
63.57153439478247
68.4717604302755
74.5612424902481
70.0385099895835
68.49724417821035
66.47139581630893
70.40565918688768
63.98137391868786
69.87812350153065
74.28435264660807
71.33079099321576
71.94790167318673
67.69083662656237
69.98296683865902
75.65798840781878
73.67101583186954
73.5596386809284
74.49664996440396
69.82574855520917
65.63797623049027
64.06467088998339
59.404325159710936
65.74346966099621
72.55904008806674
71.83440401431517
75.14086014780254
73.13752331180424
76.25481583928202
75.57779835305368
75.24537989693748
76.48527011450582
76.76170432384522
72.54502216717776
77.23280239547292
72.94235568749758
73.56858542612726
74.45675653376128
73.38316742354468
73.98844709490687
72.27780425888498
71.50324619967796
74.91663660410053
68.97183151672328
77.35958678010927
75.30303379710587
75.52259076119358
75.59821151602203
75.8243770149721
74.56195243879507
74.91615043351977
75.32754737827219
73.78973775611121
73.79204218786221
70.65722127453373
73.71265724187872
74.33268510190241
76.64572735976206
75.23422448115436
74.0445464840693
68.73298566574253
68.64588269500648
72.37069532977488
74.60155314069135
62.561152168517566
65.10783957020847
66.72709486698194
58.494030143142645
58.42140293992235
59.84102553403887
61.773153149726625
65.63918296513759
69.58645759981925
65.58367688305644
70.73950019987687
67.41732751317456
67.29453184869531
67.55082124440074
68.05598079782023
61.90646590937189
64.41772436262413
67.86793763474972
70.93658778395681
69.06933924920162
71.19055664933332
69.22384832224671
69.12602818479112
67.8694980014506
68.62391935302725
65.14207512638916
69.41308196806753
66.64549271316518
74.54601107445649
73.3121673162151
70.2461975010205
68.85005460950465
72.49732150237175
75.41479200679842
74.30278908777453
75.06143838936697
74.45442326718904
77.61734025607426
69.58610442815069
67.83874025514983
70.9632482027741
69.93403018026385
75.18493017257937
72.18363007353565
75.46811472607112
67.70941304774676
67.98786671650538
68.20904402867599
66.52465121045915
65.71343707803022
70.83345046001111
66.23787468858379
68.00813364820561
70.59877882329009
68.4687724122864
69.43256486052827
70.14970724115634
68.68429725457929
68.08658637514932
70.42294966202533
68.07516392372409
60.16075069018316
59.43204877337419
61.9651847667185
63.92279018178035
58.60461443217244
60.61703048070815
63.252094207798635
63.522934169642305
59.263157627279014
62.848490136149614
64.25789356193346
63.97058658325892
63.63130838041587
71.15808960348309
66.81983914613451
65.44521544612141
59.09412664268183
64.93874336745078
61.45514629558941
65.99395242952352
63.07778775852388
71.21826299714037
69.26511713948022
64.62296294424078
66.7642420027029
70.40473566674247
69.51371684813472
63.190269480665755
67.79560797366354
67.16157845165326
67.10051952519757
61.611586277814176
68.65485363396242
64.50372504444015
60.291654618961964
67.52276176700559
73.94260784985849
71.29205563995747
61.483725386829136
65.77417918321471
69.9839803273338
68.87339617284424
68.31553703225335
71.56602380295857
67.08012739944935
67.85195697080906
71.1587712269483
70.96154075233999
62.27708512154409
66.95658235331096
66.9906983774393
63.203542405086935
70.17172896295372
65.43637413359009
65.05498959633736
60.91447049582754
65.80024170855003
64.91773282596434
75.16323217283599
71.90428459876908
75.71016879188358
68.3110474371962
70.74614769641477
69.09984891104037
73.76264917181898
72.2083870135524
72.85869059455902
76.52414358535407
74.40411570300695
72.48371703474032
69.38073434935951
73.1540484461361
74.96893234763073
72.91767402051457
70.03259715150067
67.61554088255069
65.0129884176803
62.79192251258122
62.63269690918447
70.63306170928955
68.36709514744383
65.15751734110171
68.52548732497493
66.97698533317556
58.09687268744833
62.79225316347671
60.06444550489462
68.32118295007355
67.37322385934354
72.65233428499269
64.99336224464697
64.08962509403506
63.98961733893343
67.02039736263842
64.71770147674798
65.62339824764862
67.83178729120118
65.11558721119788
67.06276067383648
66.63117958910004
67.88441510803843
68.0835552383254
63.4933584520553
69.23308740915269
65.28842676999344
58.519357031337584
64.70965224371999
63.05066543145048
59.24519754744268
57.833767951764905
53.96269154328118
61.96158451832385
65.89674568452371
66.347557834078
60.616692319006724
51.37724456064877
59.57042725439578
58.574880978698395
56.77912730240002
54.36311117521976
59.402259502737486
66.16598283815827
67.42205971945523
67.89938085740431
69.46770107135163
63.989969774621926
65.84583884439897
64.30546867856047
63.0669032215953
63.66310029302102
65.71779181124916
62.70010278856038
65.74722615593564
69.15320444380127
64.31667373820237
66.62448534936706
63.67101953916774
68.9053150420698
63.883332895336395
63.851141359632365
66.50121964691242
61.836036076307174
59.18816166495917
62.48122877137862
60.08639532571922
60.22707738727959
57.279406491888864
59.05199114060091
63.009074127913465
63.7321036639876
60.10913480249523
62.39602171846442
64.11137047410737
65.02407716384857
58.74081209558961
59.18947567941862
58.798384676961575
56.51253522152226
57.328972653208574
63.30206107628932
63.512014943099686
58.110326779427936
63.103585601280145
58.766699188434444
61.59558028557531
66.75164313284613
68.13618697064689
69.13332253096189
64.31018721215462
55.26644410121142
56.40774644352798
60.0622022887385
62.764462519163025
62.4226885849206
64.97390569253737
65.54505843112308
72.25257819418758
70.48139910437975
68.4052678876147
70.43627815478055
69.62620948014512
70.2906766559363
70.02946149317216
63.51812067782297
62.3288337091832
66.61225986697723
60.888482890063514
62.75791202341723
64.77160796001702
62.96570303136095
63.782015576732164
67.99531100496401
63.84184580741937
55.79768180843964
58.613019655559626
64.10589916802739
63.224453259304376
66.3558646466252
59.06792472455194
61.11518342288807
65.08581794753584
64.16924575334839
68.79109602704868
71.4945680026113
63.883978943531694
56.965305802356795
62.134786413180755
62.10840505943842
64.80807728212443
68.15991023305018
67.97194159342601
59.46787188827436
66.57187431516996
66.15190839028818
69.79131983594843
65.93703000310394
63.92071836962117
64.25772803156627
70.96268085916878
72.19609075684158
68.98321785346383
62.49350340045079
58.182790990156676
64.61462528469228
66.01822583425161
67.24839182871968
67.51507872272488
66.47273571316829
64.75153740280314
61.63134437971567
60.45877075114543
61.881520231933244
61.63677732658289
57.5436266067244
67.4511344279466
59.20241632370402
63.90493526566355
65.50776463207202
68.68849178848315
70.72737880718701
68.77979783222708
67.98118494007792
64.32279489122921
66.36390932892691
66.58777389112305
64.95438320522156
64.3251247768118
67.72785373401051
65.38879208394722
57.164376291330875
63.971272013988035
63.81360796184595
62.00092937704885
65.73676082926177
64.00672344013503
65.0587401786203
67.5683740344865
70.57082190186496
71.71838561782315
71.70428693464582
71.63310994405253
66.15664377917913
61.11422704349805
54.803121858446445
60.522338209821484
59.18250760140415
63.450024505043075
70.3859836659962
68.8160771087848
58.68550472134689
59.431736287276145
63.471606166073606
63.049759146332505
59.163216067155915
64.98728884523635
67.79651569176407
64.33673742573993
64.29254341790242
67.91790465169193
70.29325082342554
70.24207577756681
63.02100649368834
65.49455900226067
62.897617518333035
62.61991009180878
63.65516494805113
67.51031779832483
64.82297649002562
70.66209229168697
63.43039718119377
67.20773109245931
68.22953797819562
69.39705584491598
72.20273651619645
74.32366149553408
70.84640605018035
66.94810428793976
67.94570454457885
68.97474025300043
67.62987774357471
69.13494911441998
67.52551512527673
69.713192384876
66.30243585418275
68.34895778165323
69.63820367835156
69.43367589397829
68.33306428701378
68.29015638150686
69.81022971298238
63.22880286252823
63.30156096550197
62.27750736409911
59.65543551182209
60.52059012945083
64.3985620976795
68.37566509878145
65.74218100866176
67.77682154916727
63.66321066945806
59.285457554686616
61.395902261757435
61.19792821805169
60.54013625089602
59.90609882185103
59.770657536133406
61.117422776871884
58.36828434407666
61.404154465980284
65.35297878904717
60.947302185546725
64.88693817493922
60.14879537751817
62.660028184811814
68.17682907596705
65.33145184449539
61.842193336435486
67.29821158080908
69.19192707411958
64.16357712437453
60.783441017024636
66.98754330450166
67.8878559154879
64.32193190247246
65.72240971497939
68.20767169604295
67.82769161845677
64.7960284250395
68.36735865171819
69.01177131164515
67.08554462351087
69.02179270944974
73.30972383273408
69.05801389835734
69.76226611614467
68.59877905839465
71.63415319719068
73.45364224525518
71.12457690582725
65.5466101749585
66.18032527981944
72.00531939634124
73.32254422303072
66.98457813266428
66.76386714347926
70.13672672294314
67.84193671355621
64.08058659545186
66.89490094363914
66.4057487504911
66.82202392052359
63.1481508082102
68.52222270464513
65.46406552666696
64.57219472535228
65.73663807663758
63.72617475961669
60.288372166805544
58.914962682952115
61.282942969787946
57.952597568622565
60.10447701196033
62.075979358217374
65.03703576375614
56.77136916962908
58.34734737085282
59.19587955161442
59.04073227505676
60.30608395206417
57.84083588199637
59.55904491806763
64.36707453077885
68.62179034566645
63.32265024393629
57.88911775501972
59.404426105685
60.89682067333799
61.27928080817813
64.06959593893734
57.19308832424132
53.643045839830464
57.36875378957218
62.85350231113871
59.08883580689395
55.46886176019862
59.638755359517084
58.55880266744338
59.437710806150506
58.4572645699677
63.77564400957817
61.76054366524486
55.49900796053018
54.48194561860542
57.75758479460499
55.181714972486134
55.453259749398605
55.97072957056178
51.08266129370099
51.26269960182806
52.89149801148278
58.64800987378561
53.08207006451883
51.553476974647545
54.87338111326295
55.323269490434676
53.94308937528724
52.11518454804254
53.41053083617856
51.73358581240294
57.01228046878934
54.19695754392632
53.655780375414366
57.435509006711946
54.38024588182748
52.56686391548519
52.30117759846435
56.94456738949185
58.95841258504831
55.21626493068347
52.70459417862308
54.90656662252431
55.97317760485015
48.64422914169976
50.64331199393063
53.96495370983033
57.061736053002626
54.31479264384387
52.32658917238029
53.83288633622949
53.63623075427356
54.344561627705865
55.487654299485094
55.94878351198222
52.520290469839495
61.19456438471865
56.76959691073171
57.116398030157946
55.741181118361716
52.603048306503
57.195558520015624
58.449649974506045
57.84786750844653
57.915455406000525
56.16661251154927
58.030094326460706
63.77400662522672
53.71985523538443
52.403746746435026
54.24622996904614
59.07861638510827
58.75561530928466
52.43661139578528
56.6729551287634
56.376300086842384
54.29014922904689
50.53079871797819
56.98117566352712
58.88102076543991
58.179416279623325
57.85099814894939
60.06388132694553
56.1270274578944
57.469861744682696
56.45535925896431
54.80159208748953
54.39256775782922
55.53714246144671
57.49879208117149
56.60310254840807
54.116717922198234
57.15229147255828
56.027042018227995
59.2927282542622
58.51099717176044
49.01559654615743
54.37290869825572
58.14609017016655
62.30952256174785
58.50464697543328
64.0198740953693
62.81001397559052
67.04670449513604
69.3717823232894
60.18911000362923
54.41697174443194
60.218224091419636
60.19991088160063
57.72037145117569
55.54330524796667
59.8507233477489
62.42751758816663
62.28462371300884
59.12351351410226
61.81811361361812
61.348750382976874
60.36855074822873
60.720603759189146
64.23532766373313
62.154049607356825
58.206521318123805
54.53930654997907
61.510332798119016
61.87821243716933
58.730840539665316
56.15737227791384
60.38388148040722
60.33567727350317
61.13425558804058
65.08548183324794
63.72795698982938
62.82931842645612
55.99529843760596
54.75668358798304
57.709020862889574
53.15437363985961
56.559784199092576
55.70967742556997
58.2208385530986
57.0169293172216
55.2436435692413
60.05460955469593
56.70933606763641
55.501020406368895
54.650208004517545
53.73909455229803
53.23331716122855
61.02229827062442
60.06104885406308
57.96008594330218
58.265453623649265
54.19521614992797
54.666682240918256
54.03375782438412
55.17118127163382
54.670397089979105
57.32705242602595
52.13200721629032
51.982112503695916
58.9331428649926
58.60744924197511
48.187067986340665
55.42284861935195
59.59645238239656
56.284541207772826
60.06910349711168
62.08162526275783
53.02828485892579
51.3559449815547
54.0315253719228
50.52757195946186
52.32674535592136
51.066267041035935
50.07551844454968
59.195130717413484
59.53489447107447
53.44120039533758
50.30131165792161
54.34531935928243
58.26835135237125
59.91163469436506
57.09007828235388
59.32780410702568
62.473384925252134
59.5346077458926
54.44935392228152
62.087582004737506
63.72986500940171
60.19822898633981
59.74010593908035
57.039514201764796
58.991237909922354
53.770143071720994
51.86241484450466
59.89029700869931
62.175158949870266
58.17810709895914
56.42406040001418
58.3924983637852
64.38367185814722
63.792376699057584
59.49014104897547
60.36814232713936
64.8472443943553
63.30206352234733
56.035970969801255
54.28818169922841
62.233883838599105
57.44578281172818
54.69066652766927
58.5347932740013
61.67460240188959
60.49666093699494
54.70395833120993
56.8494465968614
55.84729757866453
58.406374604647965
58.36085234626467
56.628926462412636
55.678043172292455
52.50371273919391
58.71231430343261
59.62915240310309
54.65830288455705
57.47644004485311
59.89786592599352
58.67898274978386
56.735181459121485
60.051873976204064
65.70282976202236
66.24022595121296
61.04809874046643
54.4592291094128
58.605211778224565
57.45611146944615
53.089944905167755
49.65078456216715
56.3901429286952
52.758087997809
50.75300208080846
49.75918397413756
56.38950681627073
55.032132964695776
60.79145166845383
60.697225523046306
56.87224536293963
55.416490957368026
53.86212507985219
53.65885841859783
56.29252619814928
57.08677543690239
57.78700608468266
59.41088963563403
57.39381145681069
54.96209787810807
53.169732467969325
51.49056132523544
53.28016333571386
55.39411856860275
56.06435640940464
56.58815132911519
57.76118734192859
60.99211783742605
59.643852893946566
51.534813129721584
49.826594247363346
54.08001435423357
52.02583810925889
50.7687494854171
50.176188803591394
54.97212226305183
52.20178737055669
53.2340060750222
49.23611791198667
52.755150009779776
50.77609272525401
49.19075126069527
52.02982887454167
49.63230521297233
50.311296928607135
54.39618604053099
55.56984424871191
56.84936590280458
53.965103237032714
52.67263220134939
50.81378950598979
57.1172032657997
49.22587860204649
50.8091684850851
55.9788226625638
58.33345511429037
58.606023096205675
59.202720073076144
59.09982253684875
55.80361592378939
58.367767615381574
57.99240520449539
51.74288375919263
58.60226377181645
58.492260565987074
59.50878524249274
60.313979859359016
62.304273681727985
58.50365829851121
58.60722552804953
56.914302745695984
57.03271887102761
58.13068150437741
53.760791537469025
56.949798072408704
64.09138868257774
57.64887623964802
57.46184378460659
60.950211771783216
58.126820029187336
53.59350066651675
59.35081899853431
57.88561194609337
45.85045900109104
47.64315178354695
49.569611992035355
58.4252125996591
58.26199186944451
57.32356999258076
56.17806394287318
45.03037016965758
43.76976452039529
48.456580493628465
52.744026064612754
56.95241981429159
48.43502296624449
46.25313780011434
50.98356486735396
56.08023025802572
46.34668979499902
50.35478344952562
52.535600733926074
51.928957171933014
55.27264265616159
51.72010744265883
50.92552690411926
55.436818810327324
56.583774949819265
54.282328687297415
55.16275129564068
54.866048542859104
54.059098993463365
53.33875342532894
54.51368693316422
47.81517021393387
49.91979976126022
49.09617719591317
48.505512313390966
47.79042639198311
51.53295545654915
50.03398335399633
47.463989483084326
45.08851964645307
48.13122872974216
48.471179758386405
47.18995719183174
50.581839073804176
50.50730225037544
50.47734169730558
50.148775810493134
51.510324994304916
49.57245415783789
48.00434566473443
48.41231019368859
45.775877205931046
49.49401214051787
52.52265729322084
48.38136143631947
50.548915121110966
51.09127363042451
48.18169897313798
45.456931143786406
47.944178065710446
51.681841259539304
49.874026016627724
47.22259439152038
54.4714664952145
56.739582202612695
54.631878380462474
56.417547674560595
56.39113978808388
59.03410667541473
58.75213676089753
55.30316630104022
50.37422069138378
52.77285271199942
57.262073389514555
56.088127044481205
56.50498474827304
54.392401606610036
54.480762086857595
53.62952509925759
55.0932062141279
55.53109043157811
52.61656522256749
50.46997799687331
54.92874608084246
49.95736815303886
52.39778875815568
51.38268655321605
50.469568569889304
49.184230856770334
49.3074608214341
49.407403327676
48.29199092751564
50.455544444231215
51.127607375545246
50.463213479380094
49.41973720183703
45.95552329171924
45.00919340023796
49.327373317730746
47.71153320505356
47.63383831265813
48.57767162179679
49.40605786619871
43.84774639178869
46.41013863917568
46.45597633050908
47.511458090064224
45.765650796082355
45.616636699711655
47.33793575978203
49.61661260019556
47.219398502755396
44.08155679345857
43.62808736007952
49.730470217947584
51.02418999115883
46.35432375014759
47.67582292486146
47.306522138259986
47.44797113772123
47.908926105880674
44.27797423193847
44.28595272470997
46.8360396693885
44.0457406278737
49.54451455606387
47.95529215581668
45.80686127758201
46.25290131442723
42.39761086905614
47.091952172612764
44.49017073812902
43.72109122394467
48.26541108412917
49.01998939162772
41.226568850475985
44.45566234635819
50.30421734033971
45.91202838937589
42.95917578946412
42.12988780393123
43.250435926230836
41.354325579076594
47.00839293422274
44.78350456480462
42.34037052403662
44.93637712942635
47.117484315425926
47.426535863701275
44.210576424703675
45.21821689972797
46.00855244663874
48.2373919908477
43.68094307742015
45.23163845907679
46.05687449617887
46.79583192232148
45.52835221511463
46.854469727140184
43.99624643627688
40.02400898796906
42.39056985585544
45.13066640055747
46.24965674816563
43.32423982486242
44.66154117395308
42.81164428543524
42.82431322347985
45.39716108284386
45.73000431873761
41.20080240941702
40.49765926493791
41.631324090086544
44.304771567531404
42.5420997430358
40.33469095004527
42.032153753432176
41.63041015466808
41.4849891946402
42.13611640633299
41.63711905549776
41.85517193982823
42.598572233634115
44.365025571123766
44.16539608264774
42.111092054014115
43.27783360746174
42.53024653574881
42.56396306759745
43.85331083947404
46.512289037965736
42.52281503689053
41.87817645609353
44.39263467014857
44.71325300937695
46.94933176196248
45.373645837210944
46.28726375163906
44.6432829892108
43.16005363165148
43.079993129541506
41.26786703371952
47.08482668035981
41.734879102915166
41.78042037229033
43.432768742954885
45.02313941386578
41.66262577114019
45.9756044224861
44.56851652569139
44.623339186914535
45.41474494827366
44.436546138378546
40.531492900720146
44.96311164587263
42.19682527708145
42.19958373014356
43.708314415352454
44.385542397157906
41.71685512671137
39.7961377896371
40.203462939600534
41.603139679930536
43.563639985869095
42.68219064777955
39.71895719065697
42.812898571380245
43.77563997726117
40.37826462506237
42.64578163495203
47.66278000956797
43.094720145624244
45.82622784111858
44.6686851433375
39.95669125028346
44.084164847442956
47.780458494085266
42.01530749486385
41.2870478059772
44.45864940543375
40.23090848394683
41.03799886978335
45.43184716578241
42.98917928656906
38.2958102498286
42.04564234852693
42.72517303521652
41.525718934629964
40.32747044654555
44.008395700742255
43.81041633377646
44.12477286986723
44.17562348822983
42.52656572321638
40.196919833212846
44.916857442796946
42.75606004034802
40.82957275790407
41.23003150663333
42.901785086495074
41.999875622763355
38.33229745107685
41.66345466741726
46.74552422072625
40.16174356777729
38.757509624892016
42.157664000856656
41.4941373357364
39.666185716783964
41.45052808131199
46.438196736923125
48.10023681085181
43.73657261095139
43.19770568519814
41.99219501691991
43.76284394651966
46.623339459445496
45.328476612461344
45.08831321394061
47.4602090598235
46.219015024068725
46.894870809869296
45.06915909587093
45.075424776587845
46.38869168132458
39.870334959425236
40.09891230985673
40.2647115467004
43.41119979744407
39.68352764779502
38.78019613434608
41.42930268497641
39.90101912252513
39.39544727320707
39.78085631113201
38.42557359327152
41.92807447405865
42.511745580291134
41.537057473697516
41.52569240976673
38.806732693695395
39.3921417439455
40.32384017810639
40.01780988183831
39.59293329384701
41.10289911290264
40.1934479602915
41.274128948961476
42.59957674427058
40.910972896978016
40.16743589191882
39.6530466054769
42.048183809462934
39.576819169974264
40.06785551489972
40.626003373412175
43.11614480398852
42.89818623099167
43.65796248290861
42.01999777553035
41.88531231451814
42.43768298795183
43.06762767418444
39.9995732456848
40.388826136728575
41.430179425377716
41.187617287931054
38.555908838129795
37.69850978258498
39.36981756784992
40.25263837050985
39.16724930814895
42.096677608194724
38.235199178342775
41.23361055769959
44.35201102789364
44.0585295279162
44.80947638944044
42.365319578841664
41.791623375372076
43.959567433700066
40.48236097693178
38.28554361163168
41.86007391539945
41.69725188383353
45.00814788812036
46.877824807237594
47.35622085874801
46.65577948092586
45.787707391171374
43.3340876101247
44.429966315171015
42.93169626115374
44.291887509938924
43.46819635301514
42.02843321486649
44.04980595033282
44.54810011898446
44.44333786120787
44.772782253243534
45.14871203405412
43.360596958725075
42.127875924547446
43.33642251777286
45.33918554710395
43.880292899779306
43.36415551204579
41.404987314568444
39.995916406918916
38.26637343070376
41.30310361231828
42.03761749534966
39.67198869701416
41.08106951056929
41.11481705095839
40.93473064133724
38.75632464846893
41.64455533818858
42.03560042570937
41.06627239976846
42.06912213227403
41.36434864194906
38.35881485488584
40.11229244454798
39.74090354255389
38.75780831110682
38.38865473951769
38.351258044920534
39.03859150949291
40.65173489243069
40.19560098361812
39.59288178383822
39.8594001385173
39.44045452992736
39.60644256647074
39.27975378851427
39.727487905823466
39.193887601503725
41.95482637018851
37.64439472578263
37.84765215544746
40.4222813574438
38.38859694717497
39.068693946209365
43.34591370118942
40.47355771712594
39.850105961554604
38.972653377364885
40.443590297830774
36.5707182101456
38.67075752820789
41.23192052290764
41.802062738504425
41.71828436275016
39.827471727469046
38.86271587830271
39.66387249163307
38.74273629207258
37.50529251475154
39.70493698165778
39.488091520788956
37.39045399963784
37.37887365320537
38.576163157865516
38.50192297814046
38.15886535940098
38.685911320409524
37.70002043553423
38.77139790096486
37.740440217339135
38.295571212077746
39.599780257873974
37.42764541009284
37.347995329194525
38.38910213872705
37.66746481607507
37.86438423820933
38.73623282100106
37.11884013574541
39.38632210342763
39.72143993696127
40.564846389726966
40.97522592690327
40.16198936604309
39.06908443782289
38.67619034374239
40.979154175698824
42.167617040108006
42.18145018901565
39.21405931677683
39.38135769209078
42.700965791472534
40.94971043151328
37.58481161360518
39.0659262596006
40.66249105481268
40.28582818501507
41.43515679040886
42.70047634670482
44.00311828254212
41.538934654388605
40.44598702276191
41.988104590287605
41.579555822972125
40.668921256781125
41.124238319986006
38.493114799587325
37.52946357528454
37.67708862797384
39.16311696916394
38.21191390399453
36.866503444050274
37.38938235828526
41.07117621315787
38.6712341790994
36.512334716508306
40.176854257914385
40.96092219976556
38.06071901768984
36.829886414169145
38.86263262433586
40.23795933590818
36.24925590381462
31.259569658934126
30.404427342479377
37.277140345601694
35.325097933408344
32.30858333832869
38.83652740781928
39.16438329615213
41.02553446352669
39.27955710942773
45.046247701554655
45.85297854125758
43.66115164319627
42.57465214972765
43.7518771479912
36.681833523066786
36.52303793533147
41.53346029273212
41.75152465748081
45.60530958928215
44.13466767472801
43.370155334064556
45.68789969930538
45.62529515151853
45.73510169219626
44.40142753777491
43.53337330195385
43.591826347594804
44.40562169695662
41.258194083033175
43.33093006361505
43.92164794587277
42.450210938443476
42.51095530154208
43.13946982059199
42.433537638954206
39.096389346446024
37.30977704289833
37.76457879299254
39.86873643889517
39.59043741711566
37.66061248589098
37.01745388288487
39.76343279346342
40.08354241950142
39.18735973443651
40.467822892924154
41.365173363714604
42.54028510142316
40.563637419788265
36.545395559682554
39.808003861057976
37.576358472279246
39.051840453008346
39.98244682633036
37.83699654011815
39.36444780650314
37.74949905768642
37.00431670269346
38.16575934009221
37.43660937156464
38.12086780140825
37.67952368328561
38.27070883508363
38.3329922672835
38.17303959352359
37.558481186799014
37.73584652416857
38.0556543713263
37.69357360346251
38.41891730986501
37.94127919489462
37.585210779992764
37.92293208207984
38.53048456880263
37.76536037285698
37.29814252826914
37.77079144068924
38.104175959952826
37.532200470053546
37.559220460542946
38.736809313105525
37.90626143804479
38.31162979348539
38.29913995605549
38.520884527848146
38.49067291320376
37.646789427158694
37.913300534244044
38.49737849589718
38.841741057647084
37.23149898630074
38.52990317912211
37.93099964125605
38.120534902828496
37.44888570608304
38.45045599004176
38.385678509015925
37.74011694739544
37.69208441658881
38.18585479651304
37.63872062109841
37.255050493890984
38.22196525314801
40.915412941867984
41.96283907707993
41.48404883215027
43.041224210249474
42.775285955779985
40.01026597325861
45.24421736319051
45.00434851014949
41.490997021290426
39.80067843680676
39.757273803380166
40.39001157634509
35.13150021599112
35.01885650865042
36.70818475022459
36.552696532873206
33.52188437258999
36.70914908748712
41.05830193889619
41.91218984823827
46.644668439377035
45.642418668542206
42.18429040625983
38.733111673049336
37.200894850507076
40.71823787813333
41.84584543154297
41.40360322579373
40.789176412185945
41.485502343565514
43.1701737672959
42.57188818173732
40.95832570636426
41.433973573311576
37.56095000567453
30.7620550704854
32.27833810549106
39.95616269625602
34.93282047890709
34.05624750165757
38.49995030104911
40.01560110435909
35.61659419166596
33.60087701909005
32.5907980992484
33.5233413261081
35.86417997212799
32.82865437103246
37.29193687032397
40.12075049818901
40.89236191549127
43.53782121409869
43.85556802534533
39.8306683367628
43.09129180833516
41.97407677092533
38.793309880974874
40.8758790427762
41.56376865930691
37.175430268059465
38.29116827178966
43.98225731654813
43.30899618198609
41.28013949020191
40.39222111868088
35.102848162183356
40.37392486743893
39.90359355754979
40.85900325401012
45.30870251694738
38.83403946387638
41.61604238075499
42.6066424710888
41.92662932775877
38.38872039918143
40.24980526753275
43.9619258361414
42.37352572760262
41.269735981466795
39.94212978854536
35.3100656066647
38.89612790665632
39.19000278410724
35.63778589881715
32.95554713133827
37.18887015330903
33.66199282357295
36.676378326462725
44.840759625829605
36.817415968322905
40.44487051046255
44.619484799931655
39.17688440621725
42.65780919257885
43.93324362051941
36.21531302481671
39.398198876867966
40.78644529492451
39.52762491008921
37.134376784433286
40.029308000310486
44.64257662072585
44.55599285833347
47.023942242307406
41.86924605903842
45.82705049649921
44.28892757599896
44.47103705915666
43.612650231401446
43.137327127869014
41.27596651671265
42.43719548294179
38.74006091593123
41.562928848421365
42.05439101536698
46.526469188817316
44.82600874731882
45.822909700552565
44.805770922977466
38.020716185293004
39.175982336859015
40.550444374422696
38.89309645795967
41.59253663076992
41.12929975397541
43.055656557068815
39.99326187255504
38.310521523685644
38.030036185425324
44.675102419871465
41.93894123348138
43.18918563300996
45.69659693668326
40.52797373749746
39.08467363341615
47.15083377619834
48.89233081151896
44.760461402354416
48.38220120429525
42.53869462056511
41.037542899574525
38.05641697154344
35.3731276634718
36.55012572218532
38.60224275007532
38.80661280702348
39.064987256567356
36.63569203891525
31.06665948183204
30.984979659114988
27.303656255337515
24.2257446787509
31.046557672806166
32.155328226164265
37.60954233365231
38.88018015615373
34.36633342560472
35.62372101779627
32.85873204302565
36.635276752983785
41.96530583404271
37.346369539111336
35.895571527821694
37.59944478834836
38.99102991535637
37.16483073726689
35.68618733399505
32.85908049378825
33.47815596092621
33.446502500622906
32.208890839540786
37.80604930706227
35.89197254549094
31.51880299934326
38.45252875951175
36.236979478666996
32.055088673540865
34.545587808985346
35.51437058668587
38.63039983564712
37.60125998374512
35.39325656395359
35.472174677689225
40.35605051225184
37.94173382450514
37.14456623597741
45.869398519376254
44.810252456953755
46.046382556983154
45.35912026389795
41.9568168513062
42.2888781425874
42.42545681401094
42.6679371875345
44.08049602091949
40.227814830524665
37.39111076349883
37.59621673867376
42.89483795973005
38.86428257619201
41.95817478563111
43.53395845880052
43.43174528599824
44.15096726219712
43.254569703350825
45.13152388164885
40.47865902175198
40.43167130353598
42.586051193557
39.95591578093051
40.69661819358417
42.64507753660531
41.65659765873771
42.90944915230806
39.917009971721214
40.86813182420293
38.71755409579725
41.761382101624946
39.47930454416897
40.60858183739709
41.6372802181356
39.89193915380821
37.714849704795284
38.441580965682846
41.70678653209234
39.541801528995116
38.27134749465375
34.98396516402241
37.89214214947125
42.347040838493115
43.33345129109294
43.786014806958676
40.99485366580659
40.03649754018643
38.25670758708758
39.19544237455757
39.95871532256039
38.86243281497917
38.732569137079416
42.47723088870783
41.44958552393811
39.43960409829794
40.345035594591444
44.83521348118256
44.54830321465608
41.18000728273084
40.29069216225599
41.60335933308143
39.86219279082216
40.6818215565674
40.00704994802956
40.026274676734744
40.17675733278701
38.86494818004923
37.83552285772287
38.84761865435664
43.06046909017532
42.86852185171464
39.278980546558934
40.22885237367743
39.541904900594574
39.89019173803142
39.932162948936885
41.903214226635015
39.63391361977101
40.29460678566168
40.67531037055961
39.91279752807618
39.54610614155925
36.016426103420436
43.508164234308445
46.517055338171666
45.579703186886746
45.654809085192184
44.248720518250636
44.95232360677534
45.37334360574106
45.34636591396113
39.67522764388108
40.66693017055192
43.86552392488595
40.97158024320781
40.42072632817027
40.79112979952516
38.871013256221566
39.49800390094542
40.703261846080366
40.246570353745575
37.48435299445366
37.66045005023114
38.077703467712716
37.763681837343036
38.4773997456639
35.28638328043081
38.973234572734164
43.43282261175402
38.15663985356333
37.162139118981415
40.313650430243506
44.64829842920478
38.45669944726193
36.39664014708579
39.87944368914084
48.024798343421544
46.58223693749768
45.33953933491355
40.74822538063489
38.834446158383464
45.12874512838221
44.45305769782422
40.952631718970295
44.39306975093563
45.44343951188953
44.852497119620956
44.232013341200506
42.44577677836369
42.10256775475957
49.653674963141256
49.18156453282603
46.856381422599355
44.857110545504675
46.17742367310429
39.93317391176139
40.68325960922581
34.407305340645536
44.667707084617945
40.921592544821856
42.4763136733992
43.95426777486132
42.93876608898936
40.33855136928684
40.06960835201004
44.82316198803764
45.72107205516957
44.42056936736961
40.41780868039933
40.156234036363045
39.435915195276635
40.01193627997015
31.233722930014583
33.93434722415263
33.45518175818626
34.67292139498672
26.379549581196343
27.591927273956244
31.086259652272666
27.96944686199933
29.513086191758784
31.170583471061374
30.835600112753927
28.25985371664332
31.782626555883336
36.506076955533175
38.42337500866583
39.30916535090266
38.11743647624631
40.062960602885816
39.212772487453755
37.81164343305892
37.27769557479557
36.05954879642503
31.784561279351337
35.11062604738164
34.45421348438123
35.78821322564112
35.92676856655024
39.32573196750955
39.65936105770847
36.74669682486861
35.25743012009906
29.385303935467533
36.26412334052918
44.84189238200154
49.786611625659305
44.0594761803615
41.14511883315199
42.696299284573534
42.39917221932206
43.519364193732144
46.40037897875869
40.5007876014837
37.94669896522864
37.08751763861029
40.7438634958753
38.99604752659673
43.2790431973165
41.5083664229657
39.06437060044299
40.28935380680693
39.83970198432216
37.86540977581404
39.093758298178216
39.86071137349933
39.083779723009656
37.35267194857331
40.115673215285256
39.581130591235485
37.51760529462596
38.82162858689974
40.23020786036712
37.93394740512161
38.17660335820775
38.81071854165718
37.602929205022804
38.20803563032183
38.26078284787388
37.08391955797081
37.28718119202505
38.59457710893055
37.65543447967034
37.18005761400446
36.87939496138356
37.29572474742696
36.829208299388505
36.723283356278465
36.82363603711259
37.18782729633875
36.65612842558472
38.40610831684172
43.56113194050327
42.53874234694424
39.86297192420992
39.0976973478773
39.36163081512618
42.70391116744053
41.18278825715167
40.12782450043927
39.73432054337014
40.61287622582844
41.71036084179874
40.87706598095977
43.2460010306414
45.2818266895547
42.74808998634326
42.53931293359964
41.06016685347771
43.41654685456797
43.103363909791554
37.82709431258418
38.46409496423716
38.73872225968377
37.92793334248739
37.86419289364895
40.43313071085307
41.804027471450105
39.89200923991295
39.53165475740346
41.000114011249565
40.214239247035195
36.7973912478431
37.498260700731045
38.612649947166204
38.07756387511799
37.97039944015208
38.71163954719349
38.855812250554266
39.5504315246167
39.162968158832484
39.43066983796709
34.92576769382201
41.749300847762306
39.9927692980159
37.717603737922985
40.47752964980848
40.606961252426736
40.92036459515699
33.47529056155518
38.15674709500194
40.43233482014829
36.30960430181288
40.07501056905985
39.354392991694375
38.222292171214
36.61696887646187
37.10481985654882
40.513176712648075
40.7758346622307
36.38180448583829
38.48984911573367
38.45757413027449
37.1219300284178
41.27321319447779
40.986840252629015
43.10374307684058
44.73654402048591
43.776215774457576
43.4366654909337
43.9802935670706
46.19290697595112
42.70931210484859
42.9661213709505
42.15282984311268
41.454404958796495
39.85695237897136
38.088619554778745
35.32935695934165
34.50235406396948
40.786890123456914
38.41293904661387
36.980901781182304
42.89146909224291
41.68024515026725
39.21800799215077
41.09250315782912
42.78510416047408
42.42911455956694
41.104275281842405
45.424359242575555
41.51266997857299
40.62141980698096
42.33882637020774
39.55738775106996
36.29106163707122
39.397944039802915
37.77155874075439
34.86238051266735
40.68982655788866
43.47417482726627
39.258293555636975
40.16991220678203
42.428684630776
42.96092860679293
42.718549942298395
42.979684348398536
42.68087016000069
40.933586649800304
39.87016343024515
39.74087615160729
42.522181404632676
40.766744064824245
41.185508345605506
42.191334794196734
42.880032273271375
41.412410882705124
41.043145307036305
41.95327408287832
36.65990264228353
36.944709417174366
36.07423045371608
34.50250459133471
32.797276075319864
32.30672587968113
32.74899241060538
28.376356361190556
29.891963148407296
33.73360075495004
31.861430789453202
35.57274118240546
39.075554867727554
38.85339085532002
37.50615043689464
38.12115126487151
33.781772642516664
36.804610683290356
37.5668393807792
38.34148773208918
34.38356843964367
33.63705412624293
42.861709142353746
45.99490796425753
38.69159489802159
37.05806926584605
40.91595176975813
44.6606674089495
44.348659240187565
44.119681264752224
41.246780862530514
44.875866804176376
39.704405754185515
38.220232352309296
43.166773736901526
43.274820534586304
37.1653228546383
36.92389628293064
38.20905963218408
43.04432408604351
36.12425186700464
41.22404019274868
46.57288808142167
44.62813119805876
42.98002219902611
42.813574599305085
41.32272784532638
42.3833602851243
42.18221063885644
43.01284149216359
42.973598264257504
44.306350665129074
46.600339868726216
40.960748121508715
42.21299367464024
40.695540222270665
43.29216337246349
44.51369668073779
44.346711915909694
42.71288756545371
42.65744075993298
42.28109036891815
42.3977776017702
43.42789967734089
42.20657272858179
41.40558586054839
41.51142535923005
42.11007051062066
42.03517262812423
40.97896702883867
36.52216961158624
40.22165336346585
36.95104187322369
40.87998210533029
40.975126607599115
41.56880167654221
40.38885545957685
36.25512678232716
33.25181446818011
34.628150110881165
38.84737490125917
34.01754367218126
33.57343984570027
32.144954123723714
34.606633103154444
41.49342926288351
45.98418470873077
40.80759518575691
37.2289976093406
38.421891862846785
33.681303014544895
32.135559527696074
32.011619569909925
31.643026769615993
35.98175968784708
31.381669925104262
31.08545911331781
34.49937626169873
34.199053935439395
32.16793825880156
33.645826960050826
35.44446501179941
31.928218338483827
31.313936978929668
34.21936529292462
34.44353236708187
31.78359831795152
37.61060990616235
39.80064090104218
39.71041955412216
34.97008414842036
36.97262483290808
38.564521643524955
34.75882417235028
31.416123668218084
34.19596952974841
38.29387632838464
34.92225060400667
35.139993636495475
41.18096534310605
41.282114303516394
43.94959278642978
45.597363349530696
42.19789161075553
42.823229317742914
43.87579608725569
43.75016183371378
40.07327624809213
43.36791820840284
46.00655218009715
43.62554516999966
41.35855330518038
38.078352977176436
42.467958512746485
39.45630521975349
36.95364058330942
31.637878033880515
34.75762102021551
35.86059824391151
40.59858925800598
44.204505370605496
41.510995993239895
41.93299322087
42.21147285803554
42.36181837020159
36.35518848675145
39.325492030663696
37.80909979142614
37.25443256437896
32.788617412581495
33.71615984061378
30.93897542249495
40.99497580489089
32.41015804680854
28.995098862924024
37.21093070135149
35.38323453334309
34.835516022236774
30.886298380136612
28.985000166922664
37.64845030588403
44.84532529426166
40.23803707708245
37.62581070862706
36.78194144129355
35.144899117920566
31.891691839892605
30.466419089858046
34.11489702003999
37.58566753149827
35.65925687858126
35.20185237392016
38.12537815087706
34.15102663272773
38.82271410319295
41.51750746663763
41.514494698457426
39.85852186878772
40.6615808652383
40.52609008674735
38.655986887324346
43.527430534159606
41.729143551718245
36.281800718762476
39.63874654023379
41.49586934816247
38.30926790217031
37.618450447498184
34.44385402387345
38.60946398119041
37.94407781031705
36.582119227724704
39.48173773244612
40.0280701813326
37.833650344659034
38.311538013286906
38.155192604877264
39.58533644329875
38.422196750958044
37.20271880369759
37.674274190481896
40.13264087425535
41.123925798893715
40.14818859023135
40.578780272698076
40.81563109432799
39.64502248903439
39.740208413232814
40.037197247893126
38.273779472274455
37.97340357885394
38.03914568700853
34.37116993342192
37.44609130674084
46.8431969896883
43.36975729699508
42.462659060070855
40.93571382046737
44.9139976250312
43.83644795988743
43.98367100866326
43.8120776743755
44.14310088754941
38.782386230900805
41.75912448603196
42.06334677912464
45.35966648406222
35.3491237710789
45.30249687032234
46.65307292868721
44.759416969542414
39.80919936874359
44.27190533019003
43.65537407376496
39.38803056724694
43.06163907267494
38.1006717816449
44.08697514582325
41.62890809805214
39.57098062828583
37.21441945769055
38.68545903262624
36.458203419547445
40.02120951469161
43.98178502986019
40.82120511175408
42.944692089158764
43.689960400560985
41.60160926605071
43.69102346790091
39.67100862342082
38.11086139833699
34.992792513729206
43.36349112603213
43.61652694894663
41.56660571320342
35.131755454024606
41.34774090699566
38.93128218197184
40.96817925742257
39.23488243999086
41.65603066860003
42.37124288172017
36.41869416551802
36.55756989101734
37.916318644423676
39.630060042991545
37.455659894359044
37.32342226575528
39.73559768214572
39.55642613079626
39.56736318324227
40.344219749866696
42.24668824195233
42.41118914914225
41.074098170538356
40.78647049362528
40.5633466066397
40.407536496469746
38.33291547698903
37.356675562278085
42.026770170818565
40.584980568724006
40.05485516054664
40.01979821950851
37.52536675011245
40.29716259843142
37.523395328228226
37.21662453143166
39.92861679944157
39.46276705607439
37.97510294800367
38.52433854952034
40.23923492928623
41.27152934884273
41.9626046095839
39.51142082084058
34.385935194121856
35.60053616350704
40.28188548531332
40.50685965642465
36.844759572788526
37.48302851045189
38.75550161440078
37.540853879654954
36.66051700341081
37.65537801337773
38.81449590413764
36.58868202861773
37.758913131035996
35.965960362971444
37.415287111718946
36.19199139837677
36.00159141851555
36.36911305785804
36.82710103389336
34.9538524794361
27.705151537713444
34.08438404630621
37.668617617258946
35.00655386882088
34.44217095196476
33.04934034862431
34.43733455078199
31.02457025342894
31.154215826252756
32.816577364489696
32.51064195889418
30.64036474807522
27.392684859375905
25.917030132732435
28.765606430583144
23.63419842924931
28.298736671998512
31.15722910536834
38.89232026877035
33.091082115874826
37.85786210854451
40.759845659018
38.86030065075942
37.653038404024684
36.98632189044395
32.7911905400166
30.880476567468467
34.48359613180541
34.52479792091555
35.57432644660003
34.042092281568046
38.988761432102294
45.060877818958105
39.4934548525635
43.68378875155739
42.89116359547192
39.15476737068259
36.06670442074282
41.23108526103127
40.112955480622375
36.79603055692796
39.38181385565953
35.81900021363518
39.37703535493426
36.57141517169273
36.811610801193886
34.864981669334185
37.6406934871619
37.55876862202124
35.75064736707637
37.09926728806073
38.72163351281444
38.346476371173054
39.1551806489589
39.069236653265946
37.58452282708296
37.80560472431308
42.267160985714
35.56179270910087
35.716804491877085
36.25817709108817
32.94524085141032
33.4813008026075
36.01719430107782
42.38896951171861
44.50371541399194
43.00539678157786
47.60085000448738
39.38200925629553
35.02907431037388
30.298569700110555
31.89810541089074
32.09567923376942
30.855925319249994
35.2006026341352
27.97907573511566
25.30626303165536
27.313856777546718
27.847882990669248
24.593728861078645
25.310687657605104
18.629050778205986
19.540729538472686
31.04324336427977
32.140067342384576
31.533183373685116
31.08504927737572
35.7965234765304
30.453813731246772
28.251522219858934
24.67935300819775
24.563649858232555
24.064024715652963
27.399964092511272
30.799191527191415
28.560667777454793
29.45068986406941
24.27387570665962
21.953657811381092
22.908424476948493
27.569102116166974
35.65021184710653
36.57565472775276
36.062564438807925
40.44399060607789
42.26901398071398
41.31723585435935
41.10402706373592
40.1451794660783
40.346909947465086
38.89891793746835
34.28019097416248
35.61522527950611
38.47684627693709
37.86955214618325
36.85447168322185
38.384621802535705
34.29809684665617
29.508362163616248
27.147128433919928
22.760202125677207
25.33399544126022
20.011906385467736
27.753903985794874
25.9500466273128
33.79493038343724
28.570862628997762
17.759535548310126
23.996971624127045
31.528070194487
34.85884828427757
33.832151141008445
32.86352664370061
31.791109359237403
30.52972592630046
28.69353152536075
29.591108405663043
28.093795362127437
26.623988135018525
24.06618532045434
19.925772612788656
29.39423819347205
32.50354753863609
33.16418831581824
37.27899701897898
36.99311656389233
36.64809351028031
31.16201938533626
30.274604791600076
31.83906730937832
27.757701524646663
27.480708970493808
27.013999597818703
27.58734985564982
25.710449437681472
27.8452264080799
24.314458576944084
34.07048284188367
38.40329963896751
39.44027303577956
39.29675345588753
36.04637051583541
39.888520637189615
38.9704271411908
43.95269632683392
45.58779200415253
40.90175267131741
37.08791300375798
40.583496944385715
40.637244464035234
40.49899394481573
35.01325175995296
39.25783003436001
37.86801998478285
34.7171650010988
36.28036056593181
43.91705552412224
37.113622435232486
40.89724107685623
44.1518071845604
41.23312304025671
42.45806181948816
39.52087064180273
41.14432425019924
43.89094805732502
38.87485709115967
33.171739436363744
39.31259467686117
36.744031829849284
37.37755818841854
40.17291838990083
38.71118900376744
35.78791792549305
32.234659212506465
31.546768819850673
40.278902878901945
43.2473250720166
41.38489669621758
43.92563950900283
42.639968042014196
40.42147168359666
40.87970005046522
40.3501316557584
40.785756034731676
41.61809950604422
38.3345964754956
41.68048734480856
35.67856528083677
46.770796273030484
44.02452859534223
40.371989486865935
34.96838476682093
34.52615830768458
38.132238589439794
37.77146313154495
37.45793091220689
37.47623198556805
37.984542678394675
38.35740968591903
39.39506067884993
38.029458915256306
41.58218025701678
39.3347343241418
36.48130977295003
37.770887278569916
37.82489818634264
38.075391127043886
33.95730198974152
40.0069740016637
41.926468573537676
39.703349635217236
35.80938464091703
35.729007012930886
35.01862095372691
37.631504303239474
36.675572030860714
34.70664398508479
35.52088867183786
33.256396679623904
36.00110247342816
30.694139308598
28.500958252276384
36.023804170007736
37.45878029367156
34.44898714989875
40.52497326990918
41.957932602083446
40.29205774081619
35.70091670015369
37.1899551552537
43.40993358723326
38.61987193150381
38.2267179792666
34.61028128980518
30.424743712889025
29.807358111990876
30.42914740096964
30.96320876934059
29.89616311301823
31.91426925443596
25.723509350587957
33.398624809696315
36.639226605824305
34.640505950432654
32.861780720370696
32.48629430002081
32.25812396541717
42.78870977537279
34.26872979423061
32.49585960450574
40.43346932457872
39.93457148671178
37.27633490485796
36.436965362554595
33.14593378729207
35.337310217060846
34.38642901658013
33.08240911040457
30.823934106284423
31.925285167965068
29.978321911723327
32.97644174573995
29.840393861948638
40.788280417038315
34.379495829670724
34.38613173056267
39.9190543721198
38.366806013554644
40.53675892193083
36.20090317236564
33.3424271769852
41.06910067423762
46.410423119480804
38.358967347169994
34.51270481685105
31.471402583421565
37.48285969597405
37.83869295703784
36.051836908502054
36.37699262815636
41.090030076284535
41.02810540632477
40.29545488920869
41.82896993562064
42.9666597280914
35.782224962495356
37.03640793647021
43.100957132849054
42.17234310402688
36.93681824263152
39.57347578419765
42.56042793702124
39.407727616888415
37.94754076456687
35.2035067914376
27.35610712438688
31.236315227222217
28.624331865847786
29.51576992921484
23.218719710511895
24.323044711903577
28.08413292547887
28.274129580843933
26.946072024562664
29.875907111946297
39.620044091101015
35.28954038082304
33.46289073174844
37.83442839843327
34.794114656314406
34.12642468426654
37.75965372452647
36.66809020728458
34.331529852164664
28.317330917199598
29.985941479622593
28.398330711089876
28.880362512711336
26.649626687378294
28.233172563968857
32.78821873324656
37.32918598569277
41.443194193385665
42.312799229259454
40.76869244448116
37.85382172622465
39.87224591822678
37.28414145141362
36.80056146688631
34.18462521484964
28.968928981853214
40.72613519676901
35.88104906607131
35.77166053866764
34.862776613870345
29.48338738504786
33.934291851028725
30.961830080088422
34.48450263869852
35.317419253636686
38.794902479468504
35.77374251611615
31.875038227321923
37.174430575371474
33.68816638028921
33.73216061105171
35.73338481477304
38.0606060803464
34.228379794483295
41.196602034352765
39.64099909891047
42.36494140866662
34.39709019790385
35.39990348190761
35.51995174661779
39.54969823756746
34.86297823326858
33.3390111592545
25.615636317894108
29.14322612384168
30.327397585043755
29.437239341425673
34.82058739535758
34.4520206317995
37.588520096802284
33.181983528959066
35.8855849023196
36.274088031564155
34.481086349620526
33.75910804272139
28.549453003019604
35.32020519877196
38.66771598021144
32.62559291205807
35.315311218339765
46.9628385963684
40.40397446886326
31.391953283999456
32.39780797617829
41.59304265749508
35.21657345069661
33.480427159117475
37.91942246286765
34.194638823043185
34.701999003605266
34.66642860031163
37.76722482940109
36.25205790938087
33.29035403210951
34.77427641703877
39.43230190359697
37.755863627997336
32.30842020548327
32.80027249683559
35.312481698053155
39.526105897111364
40.74233071869738
42.429838422363744
46.04646434684531
45.45631838818139
40.146089837558385
38.11930535907663
40.63585986403193
39.38200158287872
38.980469612550884
37.91981586702354
34.688605643169886
31.93419047310465
37.322026534864605
37.35666591404701
32.4758201778574
32.62797450291913
38.79170352337751
38.582394677677804
33.223615213213655
30.785472177762404
39.46392212146981
40.76492128762304
39.309683422145206
35.5784986972099
38.398153688803916
40.59713002628586
37.351696988955226
35.85958999628195
36.8369452511545
31.39180948607793
40.27847649933315
41.11576955295033
37.50275993210618
38.38971319756117
41.21379096065134
37.15135175491248
36.93454515508242
35.195490612116274
36.38551565004282
37.093098969574505
35.937429522221066
32.00998242051208
41.33394288390601
40.59036606745165
38.6856230356565
33.66242069226178
41.388471517870514
34.99300988621549
35.622517411684385
37.17264256600463
37.14687260968028
39.02630517859366
34.78114835334964
34.98902150513749
33.92840885140627
29.84901052586909
28.201379183955037
32.02795253140527
31.48986678805324
36.8645784946323
41.95629418928606
42.32607993365266
41.61341561762771
38.973640673844955
37.84579021653889
39.83330996521664
37.81897198214746
36.757595250105354
41.15122637103591
38.86317768657477
39.600413948502116
37.80347669524998
35.73538564570695
41.58542118551417
41.54951121807679
39.95318696552741
37.04187318794635
38.25151704608913
40.28721690937445
38.61803337826677
37.45555176891408
34.19365459949566
33.57160284307557
39.74121907955634
37.0745885587153
37.03335378713647
36.6704749272463
37.12163189529499
42.01343307003879
41.466294410589654
39.38454510597588
38.67499864927374
37.93549311159122
40.77581363754046
34.727262221986535
30.786960212635016
33.9926174815261
33.729446455665325
39.824202855861834
43.05200634063497
43.0412681131638
37.984785387206415
43.55127102835679
40.753453615390114
41.18575901093034
43.25958757864723
42.27675394969694
41.127772589993036
38.24274518278372
40.51825563492661
38.9169907350423
39.05142849744
42.5008310329421
37.05710387742963
36.55469850330551
40.10862701047446
35.29873866788225
39.290631088123035
40.53615373908386
37.04059047989224
35.3757118439192
35.40766860814869
40.14853428267423
36.412026697839636
35.729778065171644
35.272546273548215
38.833088824527586
34.56722980287695
43.61381864082905
42.38108157531843
35.81461662156056
34.00619210947305
29.86702577294297
28.257311675711577
36.29514476076819
36.07342721982131
34.83699162608935
33.56689263540915
39.01434648263593
35.994987472760414
32.99521849618737
44.56472419476049
38.209133265417215
39.04549164136376
41.602582376179434
39.349531252762
35.41223784788644
35.32177718725917
37.34135194233976
32.12372997874453
25.361575335069638
28.637992453242195
29.004352218979694
29.50881509961347
35.71633851925164
28.824186586751168
33.70131802886242
35.153722864581695
34.347876839148114
30.184573125255014
25.679437680671054
30.10866014974492
30.140931261263134
26.53590659374323
34.0870986806393
34.853248083944656
28.118630997994156
28.505669804010804
27.949594256876217
24.705723552554538
26.278213284580634
29.05300627753848
26.47715614969504
38.59355951852387
34.78774356184326
32.36584840562266
30.216463924443246
26.603114203310984
23.99621770783753
27.472717737634348
27.54010116912584
25.897978835545874
26.726299600090687
28.315217645772922
29.11651000654081
36.4497219858772
33.77618426247323
28.97279198955377
31.104932117526747
29.64758754863426
35.59107229141192
36.61206005202743
32.27312974905999
33.09901357637363
37.48144535389051
30.92022637041393
30.77300078516427
29.860149595665753
41.08772965187034
41.80211363181269
43.09250582945316
43.34600094987782
41.83848969298178
43.19812501577387
43.38291518918685
40.67287195439999
37.6392024250289
41.87513082909518
39.55621746169533
38.299065622519436
43.68192458151403
43.335163528293606
43.728780543032855
35.73518058117367
40.78739392018178
37.74519658078052
38.384405732909116
38.36402422141703
37.66194199280449
36.82332971130395
40.32216980511788
37.82071956674404
37.88365785653994
40.39185823874161
37.9536346561401
37.92282107422563
36.86669119111781
37.372598238497105
42.38210549006018
37.12811563225832
35.547717827817934
34.00291013750209
41.30124503736706
43.16641431003785
41.59460768252434
37.37517275969035
37.071773768914305
41.29433012511861
38.85869316087641
47.13411997715269
46.349326558961145
44.129613181427594
42.15579422248327
41.31059919589285
40.87722501026843
40.30936272055483
39.99132405535417
44.330662875947674
42.81190149440168
40.87712669926531
39.3688597690079
39.31296804216402
37.814409995924706
39.50070617266519
35.94186204689582
33.62880149035416
34.036595460657004
31.489810116176034
28.17882008659897
26.720945724445865
36.74011261358316
35.657688733984735
38.428687196528216
37.1897119517539
37.62579485532693
35.850539302887206
33.675757723997215
36.91258834647823
39.44580827976374
35.725369448498775
35.79005260101996
43.31043128196672
41.05406322475856
35.426412127646245
38.25416632530424
38.415841143457335
38.05352275508052
38.62428876351237
35.54479625203756
36.541141254802945
38.73103683548185
38.30051286342181
36.62036540325723
37.28669519969019
41.07340634820287
38.84859330667578
38.51809765219439
36.594069699975826
34.011069559175176
38.150944640014046
40.29016803177033
40.967955039166306
37.447417749948855
34.51536788789031
37.62403137377414
37.615321680240484
35.470963515653764
37.995907953083936
36.00428359183359
37.28001892319828
40.86512038754066
41.51613092500702
40.95208998457225
41.99973268433735
39.35876698520718
41.31274556472317
47.250269287694465
44.93882362775199
42.7424230268475
45.48017140047279
41.89794917412554
41.658871387519056
47.55142121001618
45.73437466338257
42.22950396145483
41.421939415473325
38.50693654150488
39.693367913756724
40.81695122095857
40.65867719231036
39.17294292255322
34.837018802175
32.11788956601654
35.863209279648984
34.546191072725485
34.024403142295256
36.49366305543513
35.93284927395183
36.5440926343023
37.79146891845562
31.250905729461238
25.638071058237248
30.059969866212512
38.68386195090522
43.63759133762578
41.349074185872034
34.61812279953596
38.475395376027436
41.206542573506105
39.518477309301744
38.364486870809976
39.36601897519923
39.075442289536895
36.49957532535308
38.489793041597125
39.801416227144955
38.5022731122821
36.82095896808457
35.515440960516074
35.548426474920255
24.362306627479246
30.866832813873124
36.0280569979102
37.16163310284038
31.032345493077948
28.38509096244941
39.61057226086036
42.58399181721416
35.260798363908265
31.101448455262645
35.848773653379986
39.81337503180814
32.60331232648211
25.64722020011827
36.86039765006987
37.52560505543685
30.30163867997039
35.69407696701319
39.55690205786278
36.885315732091
39.51761629587391
37.50392557467138
36.991978352104745
38.49052206454215
35.94143105804472
36.27164962665116
36.729779568856785
37.232445285291625
37.15963779486242
39.174940516426524
36.3696764797165
36.66761714489338
37.44363746747845
36.98117534829174
37.939525020328276
37.62731548775361
37.129545636528775
38.164763677557154
38.10544978754125
38.94521487835367
38.6086789667054
35.971615333896224
37.84476630618596
37.47945934142831
37.37870384981398
37.273315317421364
35.660671709541674
35.94240838475435
37.095922321853294
37.59735786240546
35.932808776857975
37.69093264420128
35.96643865766385
34.96537916503851
32.779809819685
36.22498131460721
33.87308427130766
36.29238313036871
32.767051348347806
27.994306465131434
30.945418016534166
26.79366298320747
34.25823982527066
39.522179975381185
32.80308767602769
33.62078716076333
36.32998635219747
40.88638392486037
38.05197418910373
36.04629098548267
41.82679510336611
37.14435837379955
34.52318186402924
42.073949065532936
40.57262216513222
38.950353170773504
39.253893987756584
41.90971521742569
40.552414344891396
41.381499963040405
41.98467772988635
39.18603517707149
41.73015359198495
37.62556611607888
37.54289936651467
44.2358498440619
43.37579976849467
39.99947883556275
40.546118719145916
39.760231644276274
38.441332163088106
37.73152277604378
39.26353495084016
37.578669058172075
37.855342551930065
37.08095728388883
37.902213518343785
36.03853370314219
35.8868878150956
36.23630112781907
39.634895994548266
36.37582793431858
35.29518800277897
36.51629833258336
36.95806167836699
34.283606656934055
35.14007187852806
36.82022311144739
36.483955366557126
41.6623895733872
39.99165339375553
37.636343669834616
36.52819406562664
37.299036047736465
37.664570084629915
36.90187350034716
39.98187215622434
38.84232840188233
40.37273980164514
37.06586100707592
35.35982958003465
35.291834631936396
32.68236130475858
30.417022718285754
38.52800744766228
38.02504006777316
35.87077626682778
37.888170536540045
40.75814622067429
40.28898643653848
38.949499786871485
40.566213971753065
40.20287178648681
40.816699633179205
40.52041494380193
40.10531367022345
41.303911772731034
43.223497877770534
40.04818392797269
41.673169567326916
42.40156275515015
40.593906064590236
40.06804955989455
35.480694957563394
33.976612618159535
35.48851895018613
34.002479049635376
36.03520831039088
33.527640093953
37.92955926116471
33.349256720414516
39.298374061823594
38.78682263496651
39.35984221660138
40.5588573270289
40.92081992035154
40.50027266252586
40.094723594855814
40.42490325435942
41.17847318080119
40.597885416101796
42.49137876641413
38.96216641945378
42.65271464585496
39.58929819449529
37.30092992414448
36.772936239212484
35.88567615599395
39.2788676745606
37.31619073110499
35.37148751470466
38.86955808172106
36.1261309703123
35.27987505201303
37.75229862892175
38.37691732831409
37.35200792254298
34.310765704400254
30.5257124342547
29.05810199249616
36.39458951344686
33.69561940784715
34.226099709661845
41.782271407004366
42.151320219121516
40.8834883175115
37.33906461105951
40.09806506556263
36.237128836040476
30.80627763423846
43.56962548558743
41.617678123656454
40.30129982917087
36.31820828885861
34.192175629114175
31.038885483559476
31.424570116680634
34.531879111778906
33.62632232470338
28.087767343845503
32.43960714984558
41.42062766916146
36.305581230995855
34.17297502763346
40.51795273159781
38.806045793298146
37.55979031460536
35.44229579388638
38.43308481089219
40.55641991401542
37.77837529917615
37.967168098589035
38.671164541768164
36.891413588762695
33.16607597633706
31.96675272610102
28.438269815152104
35.32621035235994
30.4171570027276
29.137949456623947
29.926982995703323
35.455973631121154
34.11943133604745
33.19678972788705
38.34746793014273
31.923204453716846
32.57692679655648
31.695230663599062
30.843899696500603
34.368809802165835
35.45819869211643
32.54009188328306
37.268655125138885
37.15589081563786
38.791922990571166
38.332378889195134
36.73395764675886
33.86775805663106
38.981663688404886
38.60281952404207
34.86385394000739
38.307420781408645
40.74351914599804
41.49917127304134
42.550455978078986
42.41891911083822
40.82134372848142
45.60552343010206
41.43486775833444
37.080471196697665
38.997476794102354
37.1486729466704
35.97962644128639
36.3521910059359
33.09654875441552
38.9767669587411
41.2865485512644
36.19783095663519
36.74948758633528
39.60225865020346
40.93425272955421
37.20423259571182
38.44338543320639
33.99726707776911
31.8783050679298
42.01489293059145
37.71776319311889
32.850196350304024
39.6995829275725
39.08588975537319
36.378678188067
34.582740313285846
27.948269900318515
30.50617642590997
32.54234765054652
30.18417753009992
30.607438685478137
34.00695492037162
33.49112101488516
33.17473887974493
39.33236918349764
40.45175144515269
39.932753642725714
33.92964057188673
45.42662196614369
43.19489832333046
38.602844471283255
43.03074708973281
37.73673485088062
41.54259858070275
40.448237326974365
37.555135187066334
38.709267367806866
43.355415490938086
40.205880842272656
40.419578832293475
39.65538135193689
39.486266643918995
38.870592497937636
39.865360390227316
32.56939498749279
34.51181543760625
33.09768541029173
35.686964522678046
34.47609447342544
40.162263132960874
40.16394588027246
38.85700032327074
36.42096610595841
36.21696695374584
37.239801126170875
41.22893058269336
38.61651419491674
38.48654602959655
36.68692893936227
33.75210855438389
31.109888419324278
32.658143281452006
33.9724754708447
39.57634444587565
36.34051719702993
35.94578101265123
28.111881076963744
25.41959380708391
31.025723445464383
23.675572069028995
29.02262278645027
27.022476699439732
28.637679140243304
32.61703827437986
31.165969325121615
28.085015691684266
23.1103425856763
37.30583317664948
36.37116588489024
37.326454516125075
34.527533826290544
31.481550372745733
28.544902770132683
27.894300996840048
29.75972143075411
31.4666261699844
28.3993231505213
25.448373490850756
24.866230915091528
21.660799268601494
33.134498118586826
33.404036104555544
35.26120970067787
34.456747431206466
31.630680104416157
29.433941251827182
25.556635618898554
36.61749950293396
35.85921174584701
36.83662024563212
42.541365799389716
37.27975894430702
33.193563496141266
34.57036422855778
33.324476250048626
37.253249749582494
28.895318972462693
32.393057535798604
33.58099381998584
33.797043108684086
35.630119164353076
33.440751096990205
35.32054576902877
36.25590690651036
30.233187801462833
36.34121498325997
36.75973072874849
37.18952384875655
36.76721283480652
38.90277891867031
32.54521519891027
32.66216809837793
34.97163732347312
34.60088132412115
32.65800747469012
33.60876595093297
33.69877445127559
33.651986322221276
34.580533798849586
38.48040579049983
38.25289921353508
36.24744275304284
34.11913507029844
28.57953464994145
27.85785790568342
30.792724157109646
30.42980988120835
29.528595679302626
25.477055982029533
25.994054036496482
31.378050653746932
31.774111897403344
32.49349222513985
35.211401890792416
32.981932094251036
38.31581776973214
34.68659084534244
34.51864259835598
31.009663606873463
35.40100576548794
34.651370844924095
32.33711556556337
37.22261683065605
37.815538200859194
36.27397978856302
36.116376108759184
35.57063322802203
31.12239060715072
40.87458013537561
34.023043673638725
35.430429802418466
39.03245112916182
35.595701668237396
37.11221242524166
45.47256789248238
44.8420005262946
39.847516325615025
40.63536066101685
39.610327793905284
38.56848878479202
36.57945260578311
39.75275350474311
39.0525051388637
35.01779128630756
39.082508262281486
35.62081293702845
36.389734988237876
38.645589362180864
31.80234956500559
38.431628625995174
37.52106465450653
36.54689662743359
38.935835813839596
35.99259194559398
38.80622893038735
38.22850103004333
33.32260786768947
33.419483374409296
36.63837429220096
29.634499850669656
36.60662061458138
37.78316852314114
30.25031744264743
33.958908134832484
33.17058515357642
28.269581049572334
30.842962175056222
33.48043811073211
31.952901103751852
31.491098987395688
30.969309455810045
25.438654813511402
26.286705522073508
29.209651127849114
27.475275936563552
24.322324662850313
30.71634464693128
32.83471960339346
31.13933280428588
32.92435004110254
36.94134963391449
37.96032932551337
37.802583632257885
32.12026812202685
32.30210097394256
27.444223410088327
31.32697017680433
30.835679669114338
35.59333930472897
34.8142804455724
33.944751916296475
29.434231642277286
30.206789763155303
28.7967749279277
31.122831218794886
28.022063730167247
35.0886427386508
29.760860390213146
38.10484692270157
30.74772533658891
31.870815642254346
32.23570604068926
39.19567120861595
39.738259759703084
39.6874249945059
39.229096022266894
35.00383438069253
29.956081201615888
39.25387526587631
41.71910136728488
44.39587040735536
45.07214216915412
45.510231098063905
43.2785342758263
38.00588195418833
32.85983503773484
31.222202658523894
31.359416191648616
32.712510166014056
32.0292782204773
33.28931372185776
40.77196660787767
38.97324743147675
35.52344295199364
35.13376565568128
43.89665174514312
39.008160417193146
36.40729483853567
36.60303254370055
40.77517095337495
35.603701579951405
38.26162498111087
39.74491811793666
39.02836619408393
34.95326824411921
44.29918256125139
41.943317044798206
37.6277031061692
34.345198960727046
35.51936995925488
36.76796236972142
33.949202226116256
42.845559886272355
36.71721091112533
34.130485484313475
34.181379448337935
35.98265801139331
31.303297884256246
37.457228158786045
37.96065565056851
34.567893012850135
37.46918032855487
33.67064757833742
37.14310658091413
36.902240107469915
32.345400947934166
32.69905288901343
30.985814679236718
30.394412745268955
34.26389344100048
29.685609879681962
29.857673936364087
35.05574482422132
32.211188619041515
33.10255833781642
36.157978218737234
35.04184178582408
34.569008339491674
34.676486892050974
39.86872696463842
36.85618034397712
38.068456794051606
32.73524233461523
31.237233551811734
29.577138233367997
27.865947759273677
23.873282768180815
24.414968611040205
20.89358703758354
22.629416715410624
23.49811307476732
22.709981166449044
32.00784324894878
35.51607385353419
33.5104531031375
37.79207356528005
33.55614201637438
40.92628894401948
37.59231904625126
37.81052088876075
34.97558950648577
37.04056650904949
36.72272079064184
37.44729037284039
35.78660425195298
35.11388887558699
37.64994626419204
34.97659361584712
36.491838044654195
35.84741634748963
40.309426605755505
38.87688979601864
38.26674487004075
38.87882898086484
35.46218711687107
36.81301133619121
35.29722110213453
36.808998703088015
35.39093636614175
34.83299361115257
35.95715315702848
34.59415392456874
36.44985042177088
33.598136995086044
35.155173133230896
37.27821461017704
30.456387174445727
27.371911683071122
39.72151568612658
38.292015667039124
34.38768767463774
34.760600685807695
38.77066140685577
35.24997205956785
38.56677635726858
36.47055573943283
35.36694747217521
44.07526864369005
39.78177695748715
38.86937005514805
38.4302720648125
36.55321861699977
33.77234034575957
32.20351439457984
38.07263244198193
34.97073457508024
35.23693912135894
38.57845304166667
36.06540573251082
36.89689026812596
37.33365494642013
36.05031365813205
37.002076359589815
38.44518553389613
34.36710175600879
33.027741982467525
33.8282239656128
33.62884071135174
37.26298583152731
31.16370519993577
33.998612550812524
32.24592062716406
27.375660910651927
25.51255007975923
31.659188404369484
32.516770121030575
31.540322759664413
22.30201367350552
29.027653917909234
31.950596939103608
37.741404961330204
30.223755824520502
21.6848937989868
25.938165389530177
27.10721342252003
22.998265817191943
23.28003823467815
28.763161191270846
31.2253183289933
31.08809341707914
34.32151343581705
35.37921746613823
39.01441484681177
38.214555183000776
34.25773165515767
32.99653656432979
33.006377784143424
30.687390432825932
37.051080029177285
39.91739518381352
35.55703249692701
35.94137954281219
38.35213204278606
36.64701090421974
36.32201937273738
32.58411740954236
35.22584762094022
36.431436941134564
33.387171496456574
38.28453426499668
31.125310354269914
34.21075582835812
36.80083381242646
34.94378584287382
32.17501378173254
37.631362397922594
41.17824464780455
39.7549735800109
38.07842937483564
38.1686580235891
39.19826023532133
39.724584194737375
39.20009634591898
38.58795730240165
38.31264197949141
39.935392827310565
42.05580966599378
39.28246581833445
39.3222634004571
35.52590881778134
40.16453310189341
35.348844151504565
33.97518838125701
31.319376887968364
36.50414240548656
34.64627489424528
31.099777884733903
35.905669902678774
29.351813878900092
31.80687077518537
32.66399387361198
37.59608514739907
39.247909096163
36.810172200005084
36.64826405849466
38.12668482797761
41.050510912396724
33.146703671296024
35.939226038075304
36.79048862521465
37.61419092394929
33.846815992277044
32.21942242694735
35.50281811565079
33.74216812547867
38.51763690540933
38.61046308366928
40.265703357866215
38.057490837137856
34.19296908482886
36.666530519626136
35.36265805407975
32.59850191670846
33.96775757933997
36.68028674224727
30.381891637995032
29.238385087007845
39.11945577024805
33.77823346770696
32.16663063561092
36.10853289517857
33.95458751977069
32.89377149913814
29.72670385764497
30.146743242675132
39.56062347346543
38.56411434150303
36.18392749965332
33.106533333011676
35.743020305735556
34.1164283701473
35.14141767268755
39.69856199462147
37.24020038699999
33.3839900267267
30.90860102381333
28.878694765486053
33.243542028801656
32.068660895291934
39.35190922042417
40.41034588492074
41.2322987753213
34.51598749239116
31.74131363257912
32.103120719716046
31.37649244950067
38.358680028650824
35.63261436247021
36.776512905136926
39.196253564061564
34.13760389776478
35.70433706128443
37.007460253891786
39.33755826206385
33.727231798411
34.84444731331141
38.48786286845667
31.2030549536537
28.144373736433234
38.992572150317365
35.0172146434401
32.03027345696355
32.55123578208666
31.370496307979963
46.91762836586413
46.42892561417598
43.195997132551526
44.55128331517817
45.036845220751054
42.92545252073318
40.16226883224993
42.33104572662283
40.16555969259375
42.07318261798958
38.36772495949851
41.05650966394212
40.7355462693841
40.21354847673382
38.255793611072235
34.328773920930004
33.686789631181234
34.75412412605206
37.404340356572796
35.51883023652211
34.816980454137614
27.727034127223142
37.27045383661664
42.41341902776722
38.956351908988964
37.87637343372786
38.94654947877265
33.01544733899894
37.29395725390154
38.27074241472276
39.34706441093639
40.984828841897844
35.080176139497745
37.75950033913615
36.32618676663397
38.196818851509654
34.76611916353682
34.29683306731775
31.71630841319987
35.22813248600518
33.996272243967404
31.464171868182365
34.59327193507232
37.83172099551344
35.413531820112844
34.97635958696932
30.379654341863553
32.16792696312218
31.54389384085925
24.27015109535977
25.415998077725764
30.13182243271158
37.19980374185465
38.44042023776218
36.638168443312125
37.39954856012084
37.60170806733467
34.56698599047581
32.44317230972592
35.810698555780235
35.05648556195011
35.282545526864205
34.064360556928
35.47899739272
32.35492546396345
33.21510326571309
27.447459697864804
29.539092680745153
31.073606129498156
40.427824928967254
37.5393506331744
35.9690543425445
39.122481358892365
33.87594158123959
32.79729282344081
26.708054305197297
42.99910168768173
36.5846564563461
34.42390154885825
36.83175582601299
32.657995649360316
32.075163445582774
28.29175553740592
31.757525296365074
35.92604750878217
33.870401909253786
28.06006146160571
35.40502782471556
30.732688011322935
29.043092907284176
27.526773263022257
26.663562845283817
35.64277927281676
27.574762912578326
33.57872973663154
33.28669676719194
33.808921864434055
34.39582659785142
32.799571865488396
31.65323967812222
27.84666777545913
29.587209399388666
36.26022566361445
42.38275149589046
37.2739358323427
32.17492505424261
33.03750844298333
39.465827295634966
37.832538495631354
33.748794638124444
31.990288344341735
29.76236747560896
31.143029326089007
40.518762221646526
29.138834260542748
27.682268909098248
34.37824813980092
28.237562546424485
31.337555340736778
27.18372560081004
22.454413398324746
24.01172722432607
23.502902652164153
28.183996786308345
28.207177971359815
35.830760583319716
36.64584423377774
35.78074188974051
34.223390294019644
36.85538289010649
35.18395688975953
37.63242704832308
36.9600217120168
32.55737841198603
39.91269100037525
36.77329411704309
40.34667573638648
38.58143749029442
40.93898693237844
42.11362683626834
41.34937942504339
39.85605723380735
33.595273949473906
27.69538096522897
29.278145544933395
30.456957109204314
27.584718520617262
23.296623883154734
18.602199976209754
24.378599841924732
28.1309879418175
35.92146629214323
39.95766818202902
34.6663671627338
34.96918918782016
31.37074261781705
26.88549310141229
31.077300165731163
26.850247699721514
28.46797990854311
33.02622991900642
29.70503626213661
31.867455674047704
34.087619879359416
33.43026794570967
35.61392014897601
36.97975151177407
37.57776368899404
40.42311989631289
40.57664574358253
37.66403405146198
35.71304087577895
35.849083979023796
34.79524091131029
33.67421349066044
34.82692825324364
37.12214173441905
36.57815539975506
36.7833492951976
35.41469580741821
35.10255051751204
36.212928688449225
33.02621410402812
39.92497418531134
40.70115666546002
36.32929968232453
36.901309344902046
35.49581974466338
34.873967651904834
37.39015003924733
38.41591396265382
34.675192857516926
35.20307901785454
36.17391906108028
37.65005615937161
36.02409204917456
37.37723664275746
39.077917993132836
33.75622919952567
38.813571545291545
38.015603947719235
37.095977650619886
36.86875289198168
37.01395847989077
37.08493996558042
33.82436743479282
32.44165453948086
34.103413617729444
34.30141660330673
29.82550884993664
27.598235014708507
25.625223489872514
23.190360487650395
21.87785895789255
20.249159483516646
17.978345819231393
23.50941467824543
36.84763520122152
37.758572748506275
35.11648152134004
31.027884867546877
39.124055776702896
36.16447430426026
32.76075337893415
37.268196365567206
33.44220061260465
33.79402428804368
34.847951804096056
32.42819444912203
32.86475354149157
37.332387757854626
40.72488469584844
36.07376333800589
35.03107085338108
39.62251649108038
34.560004150955685
34.03108586499684
34.922043073206304
41.57710128213379
38.837316251810954
35.15074147960743
38.37813525883585
37.15186957178576
36.992875938558825
37.570049557807536
39.89951469125696
36.17266164507198
38.5611977581109
37.23377092591258
36.17895654534093
37.68663502326367
39.668709268402445
37.497320913745
33.745774856195005
38.253606575793526
37.79309666037037
37.154604815390286
35.854945792821724
35.72765014838843
35.75081111345339
35.554463856848535
35.93886462653287
37.43426956809671
35.22321902201062
34.852072375961534
34.53848345337803
36.37682428226159
34.99791211921868
31.94063682460668
29.389734104675764
32.069326920309344
38.84321158039085
39.374452553170585
37.51424589929327
35.25348629897155
33.59294282389018
34.23259499634077
27.86001642478643
35.590202694966365
28.93636711712743
30.960119328104316
28.17463511689859
32.03544973784601
30.8080637871808
34.95713216080435
36.76131338133694
37.02937092209073
37.216632212297974
32.9841690090884
36.56481647516689
36.000195903235785
36.358801154960666
36.84601364507208
34.38931217427753
31.978544303980833
35.61326084982359
36.70639105683146
34.55611566608385
36.86552340894798
32.29002451374609
29.223724710573535
31.604484703549534
33.69132482815138
39.365684601659
32.55223026996035
36.22954281286619
37.65607512942558
39.31997807130572
41.309251711426185
37.58595985569644
36.94514166573105
38.54337440783962
35.30733422650304
29.98231718332503
30.58880143885302
30.140179412683338
28.69921946645731
21.94295857245123
30.385720374996218
29.218863476142552
27.857675843570775
27.00278500675128
24.94217509837019
26.57543876747268
24.118624579444436
23.7203911501145
24.129157627285217
21.38464097223722
