182.19884044484272
160.69195306024017
162.9216919851801
138.6145412536727
136.96233409772793
135.28977686576226
131.83469701881012
142.9859383548049
136.04171424048357
144.72550491962176
129.21894539323776
121.67829841410008
115.37752934776678
119.47676170283478
137.77957676657905
142.1401798223747
120.440347668621
119.68977631517254
111.57183825949997
110.2224566759128
118.07332528256232
102.12719626764519
97.51138362835373
111.04181609931894
109.16149513886278
108.53602677527059
93.94681390446208
92.83828873322085
105.86537886263977
107.26677152194766
110.45652571158124
98.62991035177498
102.7863787366124
104.53675748007882
98.52441601623222
95.60396307156428
97.5901707287241
105.57030347775267
97.04732254675127
98.9361551846234
89.24372608605103
91.7471662210263
91.87177457025172
97.29755043865894
92.20108797192628
90.10958652481978
91.05779713763397
99.05228684881745
94.03324946372008
89.86427277300274
91.91593113909482
95.63252981333339
95.3280788939029
90.16347318109703
90.06086261804627
101.40584995750818
94.04652617946978
90.61488197070095
86.69337036420455
90.78502161792417
92.8796285846299
93.1322415357365
88.92670544600917
91.56956765296638
90.43422765233748
82.51509100335406
87.30027363330264
97.53757099765679
98.03912748957639
89.14015132428791
88.82334062284085
95.16937870781497
88.55032261875614
94.19407385696424
90.78819385705305
85.90642817532367
91.35231226940454
93.56752505659757
91.25694647461074
86.97538490558459
94.5910780675261
91.43311932940716
90.41882631187735
91.21565293030748
96.42279009211252
87.31083469046723
87.59562035838347
88.43161996672752
97.1567581617321
92.35461005731524
89.80159019142086
95.70270410170417
90.29588562788915
88.8424496300331
96.21090425712802
95.30282177840218
90.71249804679033
91.81783110879037
96.96389169251346
97.20119835614177
94.8930899543548
91.43425582324278
93.27531106743496
92.40598907204651
88.29331927705066
96.26559440352939
94.30887699830615
92.5856502794664
88.09454478717855
95.17290658787897
94.01457803765504
93.39419947716819
92.19157016713486
93.14942844467281
98.06435272731908
94.02162272919018
99.44756063214649
93.06427489883544
94.27308477121466
91.45403632714743
82.46320720135819
91.75946180596058
92.47905529292755
91.35945128724879
87.92537535482992
87.06219963193058
83.04345606974734
87.21338791441958
98.45202363906657
88.53561970200744
83.72916328243763
88.60537859480965
93.85955836792877
93.8459376867181
90.50532460109838
81.82557156676764
91.66303906771273
94.11849127224723
87.7729294451189
90.78758515611047
98.43688881808175
89.24818624138643
86.2689814862356
86.84285280780446
83.50757869819076
85.61357568125133
88.68362844461704
89.10734385213345
87.99475504114551
87.17591523659506
84.13307382865469
87.78473371871321
85.59283192378753
92.77071079165825
86.14233594982942
81.3371682806585
81.50529392941773
87.03088258894522
91.98981395870825
89.6977773368074
81.08325994680641
86.99358100966231
91.26511704560788
91.37232308443622
86.79688916889928
87.6858532297594
90.60052940667464
83.841215721541
83.76191292632049
87.147743550005
89.5416437329269
88.47921652166923
91.25010642973399
89.53794390685252
95.27286769956085
83.98222846426252
91.54918043846472
85.96446232022227
87.73030644804118
87.64231191736334
81.73096740615303
85.14354204518848
87.40466460394053
86.86571363430336
78.11619919879095
83.2329683960295
81.63495858068696
83.90506743716142
83.40273795550728
87.419231553509
83.08342525427457
86.29852575922001
83.2980935466549
90.37392308077091
90.06153024889387
78.99945200492766
82.88824580238509
92.45785158090666
85.93659090459546
79.62748573276009
75.16793773706144
88.79900715969772
90.33576564016138
79.85354158165532
81.9754826949972
89.57207013418703
87.42063423053428
82.25143695765055
83.01637036483994
87.94605188198537
90.51763532065598
90.4684022416362
86.5767575576351
89.51285687652614
83.82491802900567
82.94930182320448
90.03825449706936
88.53872196025421
88.3164008454496
88.89152713442495
87.61224845184323
86.1971628831803
88.73011954567748
80.71181375086324
82.80008550908387
82.45548204296075
78.09918937007673
89.43838195677765
86.34491573969677
83.91034941463035
83.26716122574466
83.85496342652097
93.10161129972035
85.19956703038166
78.04199033776717
85.74313033353829
88.14213031488211
90.49274398813363
86.15829628460396
87.38844863968448
90.68512193047837
91.62438778925186
90.26508814993824
90.95217920130418
85.75740901247087
90.0243040072385
83.65720844943291
80.72903821349534
86.96436330164275
87.70022964629952
87.17212034001703
83.6768870841382
89.31342793002173
81.64911497631064
87.0632157131226
88.59984160919822
86.07294381705157
88.85251973939089
84.40121895025473
84.42152513367888
91.1633703464604
89.80204506580255
87.31592785232152
84.7171175875515
85.76756670195867
82.7785697531427
91.8500051741041
89.99080686526764
84.53591537490087
77.82432159915949
81.12187439971926
94.42014256774523
87.08015661769633
83.18770253569767
90.14460602220618
86.14745458999401
87.07094515785948
78.93621125372178
83.21873713836224
90.52751640472744
89.97672016510023
84.15325543108032
84.88177433148729
83.31338549506685
86.88674368179274
78.6073458115259
78.89602882657697
84.41593480166263
95.21912813334683
85.44678883183248
84.0557116769232
87.29448524553158
85.10346271969041
88.59807616513301
88.0523497393029
80.42659687727154
77.38267891200582
82.69152814773017
90.08256557689393
87.62106568757794
85.53936286571077
82.71490736247428
80.0058895064868
85.46005816336452
85.56039079845647
81.87854545852785
79.24650998040758
86.9346577007276
87.83149210846848
88.31315941263703
91.03035009096588
85.63784946970198
88.80646520248597
91.21560476149834
89.94157184762649
85.80626967957198
84.4074821328966
88.11477984110735
98.96339715464754
91.33857832655085
85.37694730435163
82.1489943021262
81.02465155901811
79.70143066599047
93.57078902010649
79.32472906039393
78.4852771231406
83.10508534460605
85.68018500816098
86.75740678766779
79.71144403525096
85.94673066397588
84.82612022507153
77.1281813744757
83.45555271523084
91.94468817583122
83.95412560462984
79.06758977472552
84.16680522382137
82.58884009468538
85.5908307646526
90.43318417576258
87.17382424028165
81.67869974319831
76.92438256472158
87.0787452776786
94.10759007598485
81.40144339313117
77.26585952508164
80.64970551442748
82.51342857638346
88.04570487537508
84.04934371536514
84.56077056184087
88.78667237825323
84.48432016111896
79.44279383336762
79.59323130477033
88.70798658563905
88.3135669535472
85.78018082463069
80.08532272194027
83.01136471436868
86.52338895898511
77.95687053109573
77.7979263148486
82.9901734615452
85.27772533329599
86.15464631129218
76.88056498439248
81.78200376154152
77.75083629579167
87.08375467532878
79.36893382049894
80.9619992277755
82.6566420923909
83.18948726976978
77.38039326171591
79.8021979230769
81.76975166386045
80.5710105275794
82.73274071372366
82.74617568603641
82.30077698411326
79.1156126955725
75.0136477619949
79.24200858785471
81.8124471889039
78.72164752094506
77.49628723102025
84.55585329588331
83.335582160393
82.3113895114022
75.11489555185662
79.24227621425158
89.67140474000684
81.80768723031035
77.48952492206836
79.65453155688607
83.4600024567189
88.54585006634905
85.27721033358051
76.45849652000346
78.16963958214359
79.31203786371961
86.83350087561539
86.28193961460028
76.54393085115834
80.28264852344219
79.85425106850566
82.87346504985517
81.54077635543837
83.18420062992554
81.88185837672408
82.22934986628763
84.53572623137288
81.6438762869211
83.10819786682038
81.06891523976994
86.10107342316068
81.70874527400609
77.43755569706993
84.81027254925066
86.43582714490661
80.59923088395182
83.91406473099654
86.01190843636725
81.82596487066016
86.48447541773805
80.341970139276
78.92396307042803
82.47881070530961
90.32164386504505
83.32933532978919
83.66962276846414
86.0614196138227
86.08249205125698
78.63005555913564
81.32291917592588
85.27464482554096
87.18035637867673
83.34339733441465
83.37908846192533
82.1698008135269
81.8970259134011
79.42832142985786
81.7307485076073
90.00636534990448
86.15851732214874
82.22238400158167
83.68373309345863
83.04669918207256
85.4542167240681
85.03380183796257
84.95718432975522
87.17266769676696
85.88207822153804
84.0936954415013
81.23410322411932
81.29214955124296
81.77123800671512
81.08219729400349
79.19328073325875
82.37575539849082
87.92651090762695
83.043128755748
79.91270989978571
77.93393610080193
83.42986723177019
85.9325663334881
80.18305642678662
75.51008324766087
86.12024840256383
86.99578932824319
78.30567831137574
79.46905419938226
85.40280967918821
83.39529740166279
81.39744294023492
79.40629624978547
77.56651805366326
76.2490319721576
80.74184571076634
78.12679573514232
79.42186054510769
82.03013884357729
88.85168528824971
77.61040286456269
76.34706665983965
79.33936965003838
86.30139615563128
86.68920236450896
78.46738731086383
80.16371051262333
88.21242635460014
84.50258763860263
83.83830681781681
77.51988199245265
81.83981214053888
85.01060687053977
81.03327507728177
80.92743410016129
80.8562144395453
86.89187522312827
81.1746334567587
76.22165889207456
76.48074260214804
80.292055129546
76.65576525633084
75.44648639562703
82.42336115473489
85.2583588293167
78.32820696889958
78.59935219753523
82.21054151079815
80.70365348033515
84.31388177332764
80.9021843068481
80.65042114497594
78.13812764528862
76.75866081039948
82.99892504285494
80.1981228635849
79.91389961660565
81.41792813344519
80.93218516170978
82.25162307618055
76.60005872093855
82.24405215468244
82.31626394833647
79.34513177362925
92.33833066510067
89.25283868749666
83.05991416857763
77.00067610095245
81.2143463651322
83.77884548320583
77.49951957061842
76.8815744382071
81.83396011779016
85.75346966451045
81.99528890285984
72.27248179530014
83.88601538252865
88.72894551420676
85.37673885896069
77.76818876010093
79.02555887668862
81.35138718626533
79.656232731248
83.4981036123884
90.29152512910227
80.33222801275488
81.03674182287382
82.23760194824425
85.23914977185358
80.94851564351194
77.5909470609438
81.36194184680386
79.98001744163936
90.83553697915733
81.44340879134779
82.05863104406279
82.67640376269301
74.84788549751076
86.09279301092042
90.92438409095186
83.36296074925558
77.83283177198237
82.23141899374534
85.91198707969653
81.55608174601167
77.50718619224322
80.6914202183776
85.42242243699121
81.58496207558568
75.60020719740287
79.20881014567276
81.91169498614252
82.61769837539272
82.16013809081795
80.61872907499712
81.1028075124253
85.75882543738952
85.2590141139742
84.32415613834051
84.50984339166709
79.95455908885339
84.55171811009606
86.19716015275225
83.51611032580429
88.71071900009647
84.80364019417858
85.33253568312561
85.24010869900223
84.19451705840187
86.33119218349539
84.50545722740696
80.63983009861734
79.92030322950306
88.81163918615702
81.5696811648375
79.85719523349397
81.54791837873684
80.88841394278018
84.87050942879425
82.42410288338868
78.54823041000806
81.63334237256171
83.89330813389125
78.17618503964972
80.58909239900673
82.57625590210876
80.39769057645611
82.57920833730579
86.31745704948312
86.89961628146018
79.98535832502836
83.050380900032
81.28815058906348
86.1724525048444
83.7840125996493
82.78207880307549
81.56440382823729
80.0295143206121
81.5720126977607
79.46304474599788
82.57735486376104
87.90516958931859
78.75981405050238
78.82243100749585
81.33760618610471
85.38646173284451
89.05547375100365
87.49246210370958
84.43200759485717
80.7494248789071
81.67488464165811
84.62760829121828
84.58948897038935
78.5102248777123
78.11069075613086
81.27739515390357
83.97457507272318
82.5935536677231
79.94704922160197
77.41434216080918
83.23178485049947
85.29113677567464
80.36957943300757
77.51112866805941
86.94366623638139
78.28708017142759
79.46565924081895
86.77319810450203
84.36569430495494
83.92733511919108
89.69957476702861
79.78560887551409
82.36146442140426
85.30087745882781
85.65767008143415
89.32433062299975
82.06675312957566
77.26185000943359
80.84532763525777
88.68297077688402
86.35727379985998
77.09035219603247
79.44382355906271
84.86726141643351
78.2056433111834
78.9991982491291
80.21227586307768
82.95222576730194
82.4718275685825
74.8091713985638
77.72906205807996
79.3450072780337
81.51948828530976
77.5241981866289
74.74321534126749
78.71091248050767
72.12957592228153
72.1869246480313
78.7109798922084
72.31670879671498
73.26633796440272
81.6320321722814
78.25243385416113
78.48324684203048
74.92092836136361
79.5481287657542
81.67979485644177
75.3988077295348
69.98070856216816
75.11273367656848
80.05938405809763
71.7258431333591
67.8287588980324
79.93644248774288
75.71120095219358
78.1769250601371
75.15595117581131
75.57340916736118
78.21998989703121
76.34913154660885
68.92021544561746
76.0103085992506
74.37655131809217
77.20506729225524
71.08139213025653
69.69952128973085
71.38652650925432
74.24109030383883
80.44169545488435
74.2240163745949
71.89416961010264
73.58958434526548
78.39062637063158
69.55118789516482
69.45428383080421
73.66348383464538
74.55627982554614
70.2440434965771
69.65949558148617
70.75050155685518
75.48663328343842
71.80041744246392
78.12736228752641
72.76924834575149
75.25688013818443
70.06523899672091
72.9729412178026
74.17071375979431
74.3906583964595
76.39737547436432
77.62291606481827
78.433026465973
75.70296743434034
69.19121634688075
78.88433313236088
70.88839251920562
71.54409564363166
64.18882428536952
66.03057181007313
66.30726896735699
71.32586608763545
68.4056111731937
65.34741287111032
71.20208158936435
73.69174951650766
73.14519172040232
74.34617851456498
73.96879349737448
69.0621875549527
73.76095865086711
74.63315215394992
73.87109682002969
72.26584831182674
67.42246329311743
69.05456833464636
79.38519022779559
73.99573707259792
80.10842706047532
74.37087816159678
67.46579521870677
69.30908420620165
67.61212251320566
72.98268490272395
73.40763189449815
71.26886446534392
66.95988891936867
67.12533044486169
69.89192497365339
74.6069333995879
71.51647139737636
65.01474595445535
68.89116449771198
67.69665648413809
68.21535513732015
63.074622518756385
68.26161298315182
69.11617452564158
63.51375471215626
64.42881185960658
65.89012595218757
66.21055454500296
62.954403611002384
70.56698331884823
71.55079579208932
66.2556997687335
66.24179661388197
70.95061595399883
72.56914143658963
64.21111088144121
62.05432116648172
62.37005969008231
68.95357522541464
68.85812013597311
68.17759840284972
73.12415895355166
69.9013289984542
66.69931225282784
64.38917339189409
70.31053931747937
62.092016345372464
73.17701393253213
67.510233778743
67.53705999303742
78.75988109539524
75.14914014639977
73.4107724745844
68.86957180207268
70.46204491949658
71.28429081671534
71.73201540215638
69.59517933478149
69.8227344281252
67.69648931317528
67.37429064142361
72.7024687172184
69.41198041069894
65.55087596535101
65.04792651401152
70.86123944417878
71.35559524685067
74.30614065169713
77.81713449946375
70.81299625271322
74.3527116032698
70.49820153744331
74.06358117138136
69.50163370046371
63.92274349277325
69.99303375539023
72.5675484409844
67.5565770262324
65.34628108065948
70.64308458964115
76.93611768826445
68.33604187511875
66.7833638570042
73.40890800141761
64.75022528736594
65.24365875521255
66.73753996346129
63.57332643981538
62.78571636477254
72.60730038761017
70.14899480628986
65.00375936171612
69.77658806652134
65.55422276892989
65.91575079082419
63.148730896469786
62.948535610340784
62.301960399012714
66.81342434764078
65.04018463975726
67.7606033710354
68.3061216472815
68.32739049256402
68.25551708134209
64.60989542573252
67.08307577316066
70.98639041118903
69.76123405163008
70.9520391818213
75.4697606663628
71.22534747037871
74.09153912223675
62.06452195100464
64.06991459017303
63.69860235621943
65.45836823510483
70.51361223503127
66.02277829278856
68.06439177530766
67.73083462134642
72.12433208764749
67.17768113972399
68.39220475085392
70.5231680269275
76.370117870786
68.87296757786886
66.91059934471635
65.14738800907247
75.4543788631829
67.57873297892803
67.0154964737021
69.23817865313119
70.44043946441442
61.625946406655366
62.0781877477651
60.96234485892098
67.1822526335727
63.11554765140179
63.13227815685048
63.65855681828323
60.93923026562285
70.06404131052801
69.43991034433603
67.0422022973236
66.1918474985722
67.7461685937278
62.80825160492128
68.11467385318655
63.81678753863273
63.942642957180205
68.58570701978363
76.64583748152369
71.44429980671853
71.17216518628443
67.71447788218666
71.73880931514455
67.19285237067093
64.23478891774582
69.15177350594871
66.55730627123692
70.69362476302531
66.28256820741734
71.32176519800086
63.29734345630588
64.32992726017083
72.24043682310582
75.40296152917648
73.6268783942975
76.87775161738202
76.52588045382285
80.25357962825883
77.2700483487579
74.06827212656697
71.76859111484637
69.606845215102
75.35773647423531
76.19253444067027
75.99926307790248
69.9325500105816
63.93213177915764
66.17546123972419
65.05491123408191
68.5693937619639
68.56647544928613
70.9709970696278
62.02509392843081
67.24561033729876
69.7345957383841
65.14268576202389
63.57120800605724
66.03543206924405
66.07807132232074
70.38488779460647
64.93444610564661
63.65450344044084
70.81686890862447
69.17293627998872
62.097135819424714
64.3100384137088
73.1802799137459
77.22746874156374
75.67077959924401
73.95841609074769
82.26671668207608
82.97556817260643
79.91820990946555
77.11708245128871
71.5211416980611
71.85413862784117
70.72730274269249
75.72749680320884
70.94459835290068
66.50120244687854
69.97715329041904
75.70608853577116
74.86042553988186
74.16640040964816
71.72961923073997
71.07616951309646
72.89297821730264
75.69782606279492
77.31246582417357
74.33216017570273
64.52240701530518
67.44567336739756
69.17650977811246
70.23018385836511
68.09291353825769
72.88901936632602
70.55603500779331
72.43346590576157
74.16346470509323
70.82467589871233
71.29801131582191
68.19923987255646
68.78427094851813
68.38290778817573
72.55258258346149
69.43649436652463
73.45037738514482
68.68121513532368
70.67103097934375
77.3243913760827
80.4493740769413
72.64135665262108
76.8936029841217
79.39499659370955
73.30431721908535
75.59327092351697
74.8829874925915
79.089231144542
80.13130544314824
79.69589491097408
82.24509401213022
76.45791356528076
72.22736309592456
70.93760520064131
69.63270985127531
76.5945184294251
74.19784806719993
74.13821499762317
68.13970055538853
71.3773744714019
75.31184517919212
70.20481005590959
69.64399818639228
69.29800838542937
73.1381918932368
71.62668100799729
68.23614949965582
67.53788062448986
75.03528251698903
66.89072458699935
67.53451647719237
72.53597010688884
70.45382965240032
71.1073596489962
72.3903021268571
72.37121028327881
66.56291807067062
63.897984143790715
71.92417441653181
78.985739693866
74.10640138054875
71.36544684088355
70.53723676766641
74.12198325483487
73.14146834763403
73.35717702904385
71.34198492947765
65.7942431503482
68.43862637759204
74.54790849984612
71.46893957500508
73.31098312469717
69.4848392953167
69.95182842424286
70.25644491294379
63.58500553139834
62.33434022110515
68.59689725118982
66.96019971895856
67.34885168619132
64.1759400755655
66.80826053908021
61.62431804501132
65.01863035755366
60.9781415137805
65.38580751331585
63.922914440396305
69.06897888351489
70.07053394225362
69.39462401735489
64.84735779399502
63.721665420358285
69.5183141232091
64.10390758881134
66.43570278994697
65.03545657320973
74.3936322361606
71.9714356402797
63.14571828069311
69.3276561779752
75.17896295188069
68.52656058822922
67.51244650988622
64.30423087683768
65.61856509596339
67.96650425070752
62.495646255919524
67.85121295221177
72.73827857737473
67.31078150788902
62.02646097651881
62.48584129646948
66.5126343737847
66.85489772613506
73.2453273083686
70.98043992209642
67.02179421389968
69.1945881411169
71.88924487601922
65.52901438408398
64.47957329841937
64.16412054494104
71.41810937020982
73.92622219182758
73.79990605901116
70.66778050777785
67.77790983506313
71.94729416324472
75.60534344420586
78.05250613714853
66.9807394338369
69.8786210071723
67.76026197252035
65.1192777481794
67.70220183193778
65.03922781676249
71.881223621571
69.59395415994388
68.57776254463658
66.38746620638557
66.5462153059204
62.07869374762566
60.11774325548915
68.29139927190286
68.65187052617576
60.87251100701953
58.898190322959415
63.896037444471105
64.62173984558362
71.20756319574721
68.61164964585254
70.11780801167491
67.39947573037543
63.86975253317557
68.23562018697669
71.9795351361291
75.89708565153401
69.06495274806835
64.68934665067712
69.95177591202777
68.90277167973619
64.73903358628966
65.13795889403295
72.78367122279197
73.73424779277332
76.32246634441506
75.67555906641076
71.86691999736063
74.43034085353233
72.13560379155281
73.96150997184913
76.47931769617873
74.69384861731807
74.06416347446728
73.46555278469296
75.60891205832799
66.78417540156393
66.11562568532914
67.36716371082335
66.27525750059316
65.87295590312206
68.08821329988308
68.4762986504365
69.78468255543117
73.00247403919452
80.7804332965379
69.20846224175132
70.04864076985488
72.74657703634516
72.0021318632035
70.95300765303209
72.12197118859916
64.14249870415944
63.57289483292567
70.89855468541674
66.57426256714207
60.11998353298006
67.73337699924997
71.75249549867412
64.95594872853547
64.53068312925357
63.500398536214014
67.70343828037988
63.47724222181938
59.94064307883566
70.82380356345868
70.8396852596161
60.062033663341154
62.82946602972329
67.02904902987012
63.50217627909282
68.75423065748762
62.38399986800814
65.66484755622278
64.15125137143417
69.1934535446242
66.21251466929112
67.20244517089137
66.59390325526668
66.4968759033792
62.40684786416179
67.06778692898811
70.45308832757215
71.39221914013332
67.34312442451137
63.39248868863005
68.49312654494722
63.815005461178046
58.12088091652382
57.21487932771656
68.39442596371613
68.21320505546419
71.55446058879005
68.50598670763297
69.14572405401134
68.16861671970187
74.84910461506618
75.6950742035129
67.23103960334365
65.90142600584055
59.25140214706201
63.533884128817846
66.23848317983193
61.85391587257689
60.87575753170208
61.131696885568026
60.788490983566255
68.34812412775855
67.22905296029627
67.05392444279158
62.70948865188582
59.29967025380818
59.78212774643735
63.33513992913291
67.50179865365591
65.84872274328558
64.70108693951194
62.567153903956545
65.5160402313332
69.00333675504855
69.86908711312228
65.49271042216225
65.95729536013913
62.25909239942164
62.09762294776694
66.60022407354207
59.75831677511354
59.16497394469999
65.41394716330771
60.81774572192291
54.096548891897726
54.22412163261532
61.73554953553767
65.28091843438013
65.87134368210302
70.92144313043342
72.30209980951676
68.64298156563208
69.3789086881338
69.77595849207812
64.1940580611585
62.025346786681474
59.90591418175733
59.33754040702465
64.14467464854731
61.92965679579679
57.67944132517785
59.35954164963794
52.65850092847257
56.236404172567205
54.69685359219277
52.716920959519086
52.22399864270021
53.160498440612535
62.87542846533157
61.69894344548533
67.80904586599927
66.35201798044817
63.13330521266832
62.024633909021524
65.95597293023981
70.40534724594544
58.77517470998484
58.36887053728535
63.350482486810186
54.95164516122512
56.41064562476657
59.08842012896392
61.780150103737085
64.3750461826541
66.58316103023168
65.03729192947453
67.24196623036094
66.61213535985037
65.45439967675526
64.33330286199816
61.03025430681874
58.266074961825076
64.79724668338305
68.08368242888952
71.43038096445213
68.65755068939885
66.99141951603902
62.496228432065166
66.20749771699091
60.91843510181736
59.02697609512052
58.88603354701325
62.75120652991991
63.38738273497572
54.507309834206865
52.93389784724637
59.319276698293976
60.5032537861425
52.84564505838092
55.21242620355102
59.43095905297051
59.558214482934474
54.74824355317322
55.978981553781324
50.193244591990606
55.0771020268327
53.79472181421932
55.10105755618369
60.1366197766977
51.94784520583403
48.66501296716855
51.85406905977782
56.559620687433664
59.93841214512697
53.984785397053635
54.14977702351177
56.83830028169677
60.070804258919324
57.11419824966826
53.41700330764093
57.46681896858244
61.34628989540549
57.23879642105921
64.0969668541756
61.81765793582626
54.85206903200265
56.06843453752477
60.593617748288445
64.13392283294361
59.81287147832118
55.92886974487473
57.557900286915064
61.290996462480614
60.6017897351528
55.74139253137002
56.903253522198185
52.901141933560965
55.2908055191458
53.81391296488757
60.604775595890224
55.652285700134335
55.30429348611116
60.77599016419607
54.251797269072796
56.5219283926282
57.9832371926943
61.45919642678078
61.87767755482257
59.792767745578004
55.8614039639536
61.34285122333144
60.99468068330289
61.99488734365046
54.58293572885544
58.868338943589315
56.04703806154138
51.039336231876305
51.137853412951245
54.230731645636155
50.82831996965232
56.991892143853185
48.84080101171935
54.95324840726993
47.53520133145234
51.352258704810176
52.08487394714526
57.27612421533391
50.35707549323865
51.17053383278342
51.78238122275651
58.45251739495972
57.6267879166151
45.82254692863227
53.510361440426514
52.363730366703294
48.98532634604251
52.619454749787
49.64404108845145
51.30086537137169
53.48939632599267
47.44475048060181
47.40479179836145
49.44910336254545
50.53665046820211
52.04025862145809
55.83350775454662
56.69104383181732
60.59661046335061
56.229328148574474
52.56250907538172
51.39759350823049
52.178861547515446
51.666042662555675
47.8169912805231
51.741067547727035
56.22348490017119
56.547656339644064
61.68271502411939
66.99973074614067
59.29580736429512
59.18997034062333
62.12077288828957
60.35665586669834
57.43583500745184
60.91540095502529
58.56053092740311
55.36243114572969
54.47190439953027
51.452668671025464
52.84809681394848
52.447039874737946
57.249752078172776
60.47179202987923
57.54645604969048
60.11793481299375
58.12732025914407
58.123225778554605
52.08144554842768
50.2663581539953
53.93130493701945
60.73784545726965
61.50089364224059
57.743929867417336
55.48050387440762
56.05548536059443
65.41158081824452
60.93923743079433
57.87231241754015
58.9373252745392
56.73974994416445
57.36309237993948
56.43198889537732
63.07727173933244
61.661045344564315
62.05307213187663
64.51821753750244
62.94023798259686
61.6486171337789
59.54000195429693
55.35137038763085
55.650623632037544
56.200626926330344
57.055216104824176
50.149056478908804
55.63627975612918
55.10547096020919
58.4624534670861
56.55244556414245
56.991275624172374
53.73975197550716
54.0847277515532
55.51890823773946
55.78500103781194
57.16792925957383
54.72952343259229
55.63869830760899
54.08068966511616
54.32917263370413
54.390200379206874
57.43818699075571
52.23189553712665
45.3387256858106
49.34166231473141
56.452525031833666
59.707511002509264
55.770446195727715
57.59423059738547
59.394773114430755
61.88039352779993
64.53447441463186
59.360253030141614
57.56243981080976
55.193380670848384
57.61527830219101
59.22463345001187
62.240104959647326
58.87955196544319
59.52721521428323
56.083361810039314
56.23392542021468
54.374644314900905
51.78948168820644
58.25903628858315
54.17482787438929
55.45224598572395
52.893888390183584
53.69274567559579
53.16314474078504
60.08260030677619
56.36787928727958
54.49839472384132
55.31086180847131
52.514231243298894
53.07222806662727
51.424432627105546
57.00311753293981
51.93192124166057
53.99375510780929
59.105286988553196
54.61650410568217
44.29722322179399
44.93284865159516
46.68766620634747
51.1959818036753
49.35785010721588
49.5222647236462
49.87332474592163
49.31357441485606
51.447425128089634
53.18460492606131
47.51591817452787
46.78902687829519
49.28925904578088
51.442677906065676
47.640202078401636
45.65230858004432
51.54499582921013
45.94395144084374
46.01106891266531
49.65024184542965
43.44752666927145
43.98385834209485
44.18605922742825
42.59605599765113
46.585926263779804
46.43895663840876
45.582245279432776
50.08461989131049
48.913908517742996
48.46994800253191
49.75128633758196
51.817349536564215
52.589578884698334
45.690508137196375
47.048007452404676
51.55538949998056
49.01626285416165
47.808873756355624
42.354730478749254
48.991570274084346
51.51276330881411
48.2899493196546
53.31551937442295
47.314706346619104
45.3453014094182
46.69637411901849
46.03713707415104
49.31833988830431
50.13188721058807
49.778659382485166
52.12014804576993
53.145271811893
58.80315330155281
54.68725001147887
53.94308529518077
59.240457918313425
56.931132996200866
53.100713585658625
50.88073362832864
50.807275822982916
61.1646742642103
61.04739092255763
63.873688275901316
58.729263558499106
51.46528101475161
46.83398050545462
55.05059477665247
53.687772837233894
46.87575399893692
47.00304988863592
51.50058574793515
57.366504184846924
57.124479425077745
49.752920309356966
46.660140796849234
53.83149193771838
49.83934737377858
51.61115067920693
53.05480368815061
56.17825763897044
51.51147074353625
52.14390027495039
55.300702106796116
53.88687191537984
49.41851430825909
52.396192006240106
52.0982691827638
53.85585742417843
51.647544032463
53.194181896802746
49.44323789872444
48.84338289967522
52.47436995053178
47.58467623942908
48.83396940352236
55.41297996047793
42.394527443945925
41.04795222773506
37.40629441768161
44.59831109584401
48.32556408236889
38.403407185302996
38.43982333127332
50.04899761584303
49.955654804761586
48.25104144781056
52.194725035608414
47.79939067822515
52.29678916719844
57.315080334732656
52.33107575413839
48.6050696671835
62.67238450209883
56.605229682558374
55.50932156240252
56.18435523528898
52.50040722601123
41.22970790402711
49.984770508581754
52.23728962467108
45.249761692014914
48.0801863629954
54.26489654887133
51.09417507411701
48.140288129105045
45.587952352798474
44.811877920691714
48.23142125416782
51.226295709786534
48.52791286807682
49.791630060348616
45.71037331704303
42.350437704183065
50.47942799129236
53.94807489822504
51.264579778411004
53.60888338139557
55.89262794086048
48.89833322859643
48.44047676503436
45.60066087412962
41.63601349911443
45.10997465378194
48.31330934290853
45.51393265178926
45.82997793569022
44.567611268621356
48.530049865988175
43.78582581689473
45.67111694739182
47.1300311584524
47.675218170547
46.44493539872276
44.00298834075331
45.245122562349096
46.32128671991121
51.261245953913814
56.23954178530741
50.87751951862446
53.76305218747364
51.481555129052886
49.704409240989996
40.846591371219205
43.76404442600929
40.36659035394103
41.31482355226095
43.14740506716495
39.2704985313123
36.915700680111414
35.65443557768034
38.449468857053674
39.454442620236996
40.51988123713525
36.454274446022595
41.607541919494686
45.325478844170476
37.94129291206772
38.0644855276322
40.30833205729585
39.27423110114452
42.480813667751335
39.79731283174786
39.57224068727433
42.96375771832914
41.279975638146844
43.32182397265293
45.78511507267489
45.16000289171001
43.710803240712565
43.58217843279327
44.57538953115119
45.27834661251731
38.0311848074312
43.515347501378166
38.672370653231965
39.12222598812634
36.17943706553518
37.9126967868662
39.0968657117672
46.11679120407282
40.009613273622755
41.60973129791627
35.86757419921908
36.680356101053846
39.17521135147727
35.79718151326815
40.934703514640454
40.330211531189086
39.4242889712016
43.85149217915532
38.06825379994438
43.04513032663486
42.83135777986646
49.73461614113441
47.487542585471346
46.22449782975949
45.88276533236758
44.50476836436963
44.562988523182156
43.36983970860545
44.54246637268736
42.86694685915209
44.30089842139456
40.74525492492508
48.673975201181186
46.20647995983953
42.83862575584852
43.42554766261145
47.6557195524919
49.30485670627064
46.50338394436943
49.246687555493956
48.114239670048306
48.441676684584955
49.976453229952504
48.927790263832165
48.21478367180283
45.84853289486152
45.68569696913826
47.87181393259318
49.27444403911211
50.128216131678506
50.6661866861441
48.138889272886374
45.515856100042
46.61453795724583
43.67849231554565
43.82631726035801
47.19007488349854
45.074360157890276
45.314042263485916
46.80778182538243
49.63753605128497
50.78240371682004
49.31538987744274
49.95693378735019
51.063595684736285
54.40886676615348
49.371849326230965
38.215475423387765
46.19869487953563
56.133538191419284
56.74254326483152
49.59645624158322
52.11453392499635
54.28948085899996
52.29953123679412
51.45640977778148
52.25334236216982
53.41949674605313
44.0852039373916
52.574424877996044
52.9185643259899
49.25228039117463
46.99069962861615
49.90805252169875
51.05471356094945
45.285117097300336
46.55469546329773
51.55684462126026
53.64596449169794
48.09878382392918
50.61084358699883
52.9342094700006
51.96296539359995
45.89471723850365
44.33132827397481
50.05669615531938
49.86003836409978
51.20654899280154
46.74313284621417
47.86801239687546
51.74190939256148
53.025487264043164
46.39278354478452
56.74214159445599
47.817895036097546
42.454001116177366
48.78953653086062
56.4367643694781
49.203959386299914
44.2033240125283
55.041406817133954
53.54995914674859
55.96102760040766
54.03367381859776
54.52094182537514
50.05347491222526
49.18346792794949
47.22104404777813
45.50591123490591
48.91545250157446
48.61768129125571
49.160074585132314
52.07653389274785
52.14234595414506
50.692136898358484
50.754524610271694
44.60558256849377
46.81796027514013
43.41650458684313
44.72657300592271
49.751627809546825
46.652892118769415
46.73496451615814
43.20630409903647
48.49580056916719
52.414802041359195
47.93557476050659
43.49349250503208
44.226099272903895
49.814558139116905
49.119539630800915
48.46830306212186
47.163510456019104
40.788550316361
47.186635919343935
44.65129742719587
44.019864337373654
44.86911117069065
42.24438097211805
40.978405690740416
45.414991494208316
49.156233554397005
47.84176576375342
49.82287792385796
52.541265063847675
53.9242485980769
57.17549940249179
55.36597474478565
51.19628498250713
51.31957022787389
54.07805428859975
47.062059373717375
47.603396238503365
48.91650492270502
49.796808166587496
47.388780891418556
42.411123698937715
40.67640721057078
42.85846732137942
44.29402659687262
44.05794882048702
39.40355194937986
39.39562656026107
37.626807936469255
37.70955090655019
37.984469838215645
35.233371461903495
28.398072198997014
31.232122691157358
32.46288261058178
41.389917403147244
41.283693480708855
32.478528418635136
32.80729786555183
39.738663782858765
34.94418920447061
37.06465862036872
38.96336080086747
34.71152730048697
36.66889941639552
33.846561829259244
38.00697722381827
41.355108554999696
39.58299208950937
41.59978295506276
37.82422706146741
35.723803124777604
38.03380031448591
34.19753767764837
34.931902548787086
29.290898830668755
30.79966375207818
24.308189752533853
24.73847229075046
29.875920228150097
31.762066745618007
34.6348206580539
37.68027971943897
35.245930847593065
28.146062317775712
34.45448119550055
32.977664755931
32.074698059598454
33.124686572071894
32.33213288429029
29.102050345797807
28.702988452029423
30.13681759732901
23.20266361845732
26.537478166810406
30.336337035974797
27.645422533311358
33.9853041023582
33.5273482068067
30.055745758472085
24.278862445325675
31.49662724272881
32.306641003286785
32.678541171287186
33.58579811500545
32.475364275858304
26.100669447464476
29.249228430728834
23.101168266230534
24.500339275206798
27.320839542647718
24.854518496011668
27.062017599450186
24.84812518636706
24.38417047971302
22.179708187203904
27.8124282279241
30.765375714184398
32.197498943887965
31.392789563173892
34.40464053788233
35.123734518607314
34.979479260640765
33.315535385026
29.54067084971247
29.487985741533247
31.065275572409135
26.968435695968143
21.127739318482398
22.804147751444816
29.399023692129912
29.73599383459737
25.77730055443357
25.55317073975455
28.046579682727753
30.54678865669041
30.788643505349217
29.568164968190334
34.47088176857554
31.741937369660917
25.345910902546414
28.01766502525395
23.056539559776944
25.61583788457782
30.347800918845486
26.750371507821054
29.852532709490532
27.048530764365296
26.093387269354825
30.98839782871888
33.52018422347316
34.212735674743115
29.844709687900586
31.276126367469207
36.095979879381105
36.23577108301774
35.29433664253025
33.74982726115004
31.671752711578698
33.46769283906527
38.58051863457717
36.59810412217268
33.171884283110096
28.33229065779697
28.6271241000399
25.011661790169438
28.53023605191278
31.60890432500672
34.90583228746813
33.11393060058483
30.03557641947725
29.88974113277403
32.87836374205145
34.12277917886186
29.129439214550874
31.503180917503286
31.201904737865533
31.835954981343985
32.41092287634485
28.261497829258463
33.04318018470457
28.452331108801125
26.69011165553935
28.945346021300367
30.742227439891717
32.261913933835366
33.3444992864381
30.35679189051812
30.193692182788894
26.58949470403871
25.904689757984965
25.467585462058086
27.729293345860086
34.23769115696058
34.31598014854899
32.816503332026095
30.83177806622847
34.73691388751968
31.973333095919262
31.005079792474813
31.387776885562506
31.887975290396312
35.34904717759813
30.012115173401043
33.47887896751678
28.412222022051328
25.42518117499225
21.815393082033097
28.82530278019194
31.120016848191508
21.657162364505048
27.1860339499342
34.28223646789936
34.99394423567069
30.203351156976183
30.271891438022376
23.336446310485716
25.997571386695718
28.94329297380898
25.148333105328497
26.088427254563918
23.82538554219077
24.688382473240164
24.809732619563864
20.95680615213447
21.118656808804623
22.176805730305876
18.061715359370726
19.730968511188447
20.27336722422772
21.030452474902066
19.069202532082894
21.686777282838502
22.95485951216633
23.930573301382154
18.281776314173413
20.121960787176253
14.611944421621917
20.617792552116597
20.822743885447764
20.67648612912828
16.661671187448817
17.390840277406458
16.306504376615845
21.87031693164722
21.649758900207427
25.03218832076559
25.859789194560324
33.33752252420101
31.28798701249955
22.21585848038048
20.679268398231542
21.866843738426724
23.19184627819171
24.139542380204126
17.931862144637744
18.910461084284467
21.54388600953135
13.523154784004015
21.7092256084328
25.76821706912928
26.67935988550464
23.500091954164937
23.03736640506283
23.106043883449992
21.33823372787934
25.5269596956438
25.38993978932092
30.371212285395845
27.14041370905094
26.656102193184093
25.891916045608955
21.761152473130906
21.610563366106422
22.85846483245392
22.142187387861995
24.102173755552503
22.665713173953304
21.869302424642054
22.04744334142085
26.994460378648196
28.288060103350382
20.640094701943468
24.0614673067773
22.106360843114544
24.851930570222603
24.665866033907633
19.364751955618942
14.689425070921338
17.79883527060151
17.15764185617902
16.93808368610627
15.265518823604841
20.220664287878936
15.725302791151542
19.393289638145166
23.239343497835804
18.16202320125739
20.854044770645586
21.151347201962654
24.35609829588292
23.503984093371674
22.76322317572698
18.834193937896288
15.739521794072125
18.193553518742906
23.410142288304133
21.42332736231434
17.780719742522034
19.406054361708993
17.760656355586132
20.973928272336337
21.98765917211801
24.992677836695655
22.80838225332848
19.802976752737504
15.385139328564899
21.966081214050643
21.447237042795916
21.118147451265067
22.500846878666444
14.112559723421887
14.636103108480047
12.195649230259896
8.047043607556558
12.699736522025775
13.542754887978463
16.78217058473454
13.37251080363982
12.19474694095816
15.201292999782439
16.767625652388727
14.74990779371337
15.108669573270495
16.881685645519646
16.70819024404618
17.02131477509672
15.071923754026564
14.45892509927746
15.157437697906035
16.669655937381968
15.260583800601703
15.319772498586103
16.12223819673903
15.027792958608645
10.984569356009857
11.57534183545933
17.945943588808923
17.782499326973277
16.941875975940746
16.308463502295872
15.325547094019232
14.53736556160467
21.029483570690857
17.89225857702892
15.008895613547807
16.362542800843723
16.429527397709222
19.071920964911065
14.990672381838904
19.717161037726903
16.838907905920806
17.49393465657972
15.507946796749339
17.339631525156737
11.679748781427973
8.808764985693657
13.06980444130603
18.927392232790424
18.94956387807616
19.257147901565812
18.74481860816619
21.09798647691218
21.242753638419778
27.032290317166776
21.97200384971578
19.58979560947071
19.26149789756445
17.054393138691854
13.504599542663527
17.849224124663042
14.170815375083896
14.776650232298296
15.181119474483703
15.343674139043951
17.046812340843882
15.348392663236641
15.352708129095332
8.85449652840088
12.09129192676608
15.914336532654156
17.0624203017513
16.685666672672067
14.6826225651633
13.726376399983229
13.85935874203387
17.20446406751864
12.731156190835895
10.292768317873742
16.767226414412214
11.719377927407457
13.990854349986606
18.16922501471748
19.171249964665734
18.14720804998797
13.642817258952219
16.124294775471746
15.135975860934236
14.521387829066832
13.580804409207776
17.158758887256386
18.392810281790787
19.63447621195008
16.57985281388782
15.394246456128585
11.896379968565245
14.696634085729565
12.59962109473697
13.643145400113859
16.59226294978944
21.241302684549495
20.4040476020981
20.330985289285554
18.472968325950585
17.656917164174242
15.106967288955639
13.503075092575608
12.810362520736932
14.901256808160912
11.29653647140476
13.38188126317554
12.101365184689712
11.487230029093496
7.826800948445011
7.384853269903983
10.892226778096285
9.524132112867466
15.84384189980533
15.933650822176533
16.133862763471406
13.711863953609452
12.709650224896215
13.19696413754948
10.332048702231202
13.549467750018444
16.93869153568366
15.409997825957563
16.415557960815406
9.318161145743646
6.759084837669759
10.212739205573078
12.691717640180247
9.99052651011226
11.623508777493306
11.957154613641663
12.055593011646934
12.653186846959857
12.221223686016597
16.985059516437747
21.074540417998904
18.054765690174314
15.695799254129577
16.45194800797112
12.612812258551601
16.508425137740698
11.78849413375801
14.652876746280754
12.428780378130657
14.240923761332938
15.410732022727538
18.13732979555332
16.18645926007215
16.711491510049168
13.154739981754929
12.601162720266139
18.27468043990903
19.576678671654452
18.66897465394559
19.94271668427376
19.458004130505255
18.213406323325586
14.110134167623073
12.887006282308587
12.183777910278991
17.532149415499795
20.998654940053868
20.227856219007545
18.81605747498199
18.462749324934176
18.28153356798696
13.188605473038303
11.362687297977299
12.878211026041301
16.897159739267387
16.904916386557378
14.300591534842152
14.651569927847184
12.753275412409618
12.90343121145752
13.066798804259056
14.479103547271288
15.926863379300409
14.389695358840886
12.059039139553219
11.628624403980563
14.824206699394136
14.689998951099946
10.365995563073874
10.77187335562651
10.860922821359527
11.989587553400215
10.464219104895887
11.321960480039303
14.75686410155904
14.881767144096841
11.10486054959917
6.04504799473596
6.937077366320044
5.494638522492908
7.731366844184334
11.603399499151077
8.531678251373732
10.57387097029768
10.379663932495305
12.983238962815008
12.39033572735023
12.731499326127905
13.659294927166563
15.120762747725339
17.025852872450866
19.072431274676216
16.133955535156527
16.05053474766969
18.79307432158181
13.609728150757537
10.69066103305812
13.522845266366685
14.641077291061077
13.727246469139567
13.845653456676464
15.212358513318241
17.751914380964095
17.494943717419446
16.73788254266186
18.074971189501902
14.595672374219161
11.824585429913828
9.830526310718659
11.398169121920787
13.625529668480244
8.443274761659092
7.7472553132315305
8.688432810822727
12.468995483729282
13.175275075612182
11.795573099606617
13.751445411413489
15.120564849902555
11.699001041934356
8.086209863865642
8.073883599359267
7.741077063214863
7.013459685723617
10.6575776741856
8.752034862175794
8.44921922811031
4.892381669968534
8.63275606233341
6.443402003305216
11.107222864870005
9.681243101805729
7.003662503512502
7.074803153947442
7.589517189887749
12.18785147475647
12.155450572348256
13.246050429843981
13.147538526299304
17.193693302769997
13.531386239553596
13.933300745647857
15.524134360462355
14.573432384651326
14.474543067137915
14.489149924343806
13.16788880230483
13.731901442611115
11.923498204705554
14.48067328911445
10.138709691303918
8.282151307728252
13.056625810371377
13.546036259367986
15.555002168424663
15.548784590953526
17.666228263469012
14.729418687505959
15.14744920246404
13.193142050089437
12.221154335611097
14.12019902605577
15.1397306245868
15.048322898832875
14.368301593953609
9.394958701747164
9.844123209038978
13.010958371876551
15.337564498463859
12.111135276911762
12.09133010921731
11.496917159413636
12.779171980566343
8.91281495836322
11.734217003548718
10.308245887006924
9.307896138934161
8.633792286435074
7.860393835250413
5.839171245219318
7.493643230031676
11.249498132186313
7.146207921220921
7.414642917180027
9.383116327714339
8.784522065933384
7.753686074001094
8.746187551297934
10.913438202901085
10.481118306352219
7.218021382906438
8.18801744277361
6.72204002672051
11.566855655560834
11.471094742776657
11.65476867852683
8.323497751378627
13.164851829430958
9.255986932434118
9.688943337132207
11.451437702901321
10.298731262318006
6.352171977758162
9.590890018995992
8.076189146617713
8.226000338934861
10.912035549056126
10.796836341552227
10.108322122661088
9.02053388257641
10.613928445276452
10.368445933968635
10.513331593722917
4.5055624427365615
10.504331791882976
11.02085050402698
10.145137048948845
12.20294024184339
11.473774308258061
8.56425067469198
10.318006179906279
5.733326983613838
3.4987977498330998
7.201421534390545
9.805038583958067
11.219554041945548
14.354029941513772
12.834413319599484
8.896836611844485
14.434826847176982
14.82693779856012
14.056311136751551
11.024743273092913
12.154336564346577
11.883001120264316
15.820097927924403
14.45577451892198
16.01742101195683
11.230971698097498
9.325062959584956
9.300666877166327
4.024027322789421
5.261662543805816
8.28660937452562
7.212519336784823
6.963860835975698
8.080062806046625
5.733362246899103
5.719548663496202
3.641555409069332
2.8399644262385983
6.386354800766173
7.70764672605221
7.570408369273018
5.274954942804293
9.804325893683282
9.787445506989128
10.37620470253892
7.695714897501923
3.973432410053266
5.695837886511622
8.488169766651147
6.866128979164098
4.347575187744536
9.209403744168183
6.9514419248876615
5.886374313762459
5.830894469211901
10.807045666918743
5.419644192562853
5.278920146398003
7.0807444628316105
7.448135058934626
8.748603948679417
6.749822674480136
9.235418947326579
4.676515570244926
5.349846821107318
4.510735944677428
5.314627063996893
4.347106042359795
5.761004818774216
7.7099560303832515
9.108304728045802
8.656414038019287
6.295727724999033
3.2506814488523195
3.263355363231515
9.103471199659817
12.544288724721014
12.728389645203979
10.476570586537822
7.785041064357906
10.864133324806566
11.90315175177997
9.263391867034228
7.224936780388925
10.033231032993891
6.701924612400917
6.84739443896668
7.300664972031481
9.718499292533512
9.212652990821534
9.939498574787908
8.806847331721901
6.330182973565645
4.21515619375714
4.524097665412669
4.584620664909399
6.009277354613134
4.871616931695883
5.050626860098408
5.390860749024784
7.067937854826485
5.985813062330728
3.4522964240471485
6.8935106149306025
8.416662508601407
8.204166121094538
6.837046461747978
3.2118006436151556
7.291773030831373
6.406535090705388
4.799927324794417
7.719363901758359
6.217865530441445
6.296995952847642
9.309823617863449
11.194113486747993
10.029743975132149
5.658096807646612
6.80321750321123
11.51605094302143
11.835808981889892
10.921838713374246
5.988075289724336
5.175669455612247
5.0647021106403205
6.5407793088040656
6.74848596048689
8.61738813844455
6.756729619976545
5.020940237746003
4.588501239438961
8.519063631093713
4.887834573512759
9.659700473274174
8.07338022721574
7.11784853950923
10.505872833492258
8.309526803799645
7.247980908326039
8.762292704689298
8.505979393069035
8.923965312059304
7.674524391742427
11.104047097319562
11.712833493584647
10.785510108686868
8.665247332386897
6.005803427851685
8.772158744992568
5.137132217246626
10.490977784163105
7.67087894833536
8.049876659419663
7.179850774470578
8.067109213632566
11.043732977805666
5.9364498535614345
12.114512313737691
12.97516058785248
14.095455942066687
14.40582613096744
14.433433556097432
12.503257334879116
13.099304713564699
14.97454626671089
14.622604757535719
19.282430113261654
18.404371082050947
14.086293694672209
13.593091431079767
10.140818789436084
7.625644605730129
7.359184249586792
6.339671409369955
3.5141500645522274
3.6435062592251812
5.936136277764421
6.280123710505982
6.044451373323303
7.39586529594164
6.045845378813489
6.669586127922262
5.57962860037894
6.787065423603401
10.834454474204444
7.745250055343433
9.171527789977048
8.751491185434839
9.48325024068409
9.17248955506403
5.677799132043807
5.030576952081441
3.437123910490671
5.223429605064768
7.701817919753332
6.207296920537795
10.311541877495268
9.083004988998617
2.9248051838195197
6.061665879631992
8.165860488419844
5.737315097143986
9.769121786252496
8.974340903279968
9.405308833833693
10.55964486507335
8.003545141506413
7.402325563551767
5.2198758282020545
4.9156785923304644
6.841167520780253
5.243156762512928
5.973307278946042
5.349338497703651
5.1570419968530015
6.519631023684947
5.643616482763553
1.7727568917764165
4.832026278853317
5.669301825769477
4.2670878141595265
7.916152735830501
8.573942136109006
7.776584730766214
8.102278411397618
9.157608309298434
10.023574942901122
13.946191725217524
7.234447503714465
7.891978621782098
5.55636826470527
8.374945016037032
8.379740248696194
5.651062380399633
9.0646968808462
6.915848733954737
3.323124903120869
4.623845277120043
5.322517722997415
2.1573850532351475
3.275311959920661
2.355586072364184
7.041965319347494
8.996449183448314
9.29898942778229
10.702696028890209
10.76232994084046
10.8321014175405
10.542966157987976
10.717387395136555
8.284875907262645
8.015410466882678
4.466713899794635
6.399003331668239
6.898273080201728
3.284846249381143
3.756848245001988
2.1618638882366508
1.8781369316793006
4.4214769472370525
4.424775128910149
2.8158350139348487
5.217500195525815
6.834229388655554
6.9246383908400775
8.070834213955175
6.477206419914857
6.512455342641897
6.219643586313628
7.558410574409732
4.636330369337734
3.265217649326553
6.54692018528276
5.855696461656875
8.848480856870646
8.495482148501447
10.301604951682016
9.212195540281712
12.228987709324446
11.995692339948132
9.681920302036021
7.493993955958858
10.24573468005079
6.122628276879786
6.435709923575068
5.154344038343584
4.83879922139737
2.4941917871487056
3.0594472061466984
2.6015167422482857
3.41098053227885
3.242149221656356
2.9146663992875483
3.003195992374005
5.317616261231953
1.636149425627699
3.147124864222344
2.96428325358936
4.662911051807712
6.279143092762854
6.819738956063766
6.81758156957842
4.224699041606691
2.038282762417519
4.788394730072754
3.693989324286513
4.380898305346616
4.8638976785224255
5.508676708043838
2.9490940520328057
2.916010195378524
3.359029797229839
1.6918255226558947
6.161085995348234
5.920715889951354
3.6207751630049474
3.5772520721623446
5.381400170199616
1.188218163444963
4.965831279842219
7.432603288367796
7.10676799849589
4.7058674187599525
3.4056367027728287
2.8394655508679887
1.9088018327206973
2.9606396852416106
8.096211828942733
8.317069998112265
7.84996715880007
8.37486119756468
7.890258700687242
8.274781065953645
8.051177801882183
8.40289279581216
8.592473909022674
7.698191350291415
8.321268899466665
8.192615608601006
8.018684504910713
7.77797634859817
7.276866862120101
7.690436608099792
7.1564555264767264
7.321625017619187
6.963535585098637
7.285660215670873
5.601375070681877
2.927595578826529
2.0819239510330907
5.264566333109204
8.279205164352017
8.340942477803406
8.439294913749627
8.617273339856734
8.887220489831025
5.502564807388503
6.328851215885289
6.350867419887314
4.330875800958816
2.1482127472608297
3.843393324074802
2.5880550424299953
3.1265425319364932
2.882328696062211
1.9875687343093205
2.928392967217318
1.737873440021089
1.8354183381819764
4.201866152113985
7.7918059702676326
7.27533260569066
7.599594137032721
3.9065451587909172
2.871593848194278
3.2258342169782965
3.4514029032277254
3.590372509046064
3.406588849389822
3.331239863495749
4.020687511184077
3.8971830613961096
4.339043435332773
4.928116981627857
3.025773342548125
3.7773623792023625
3.9729544779959713
4.927479416298801
5.9057703905693435
2.9232358576471054
2.8740636239921766
3.9537189957262004
3.413030870607313
3.17470055011423
4.084249809277647
3.637243069649051
2.778548290792469
1.8577052810534158
4.027262925480684
2.5675873166556737
6.3628715670195195
3.36333961575305
6.962506258606368
6.499163659917315
6.344200234773126
4.163105969115605
4.58315494385591
3.217252298775246
2.196727746233831
3.407521522291214
3.5740816946884273
3.381149613082058
3.112656584602821
2.7899315302193033
3.2431708529092
3.426038658450422
4.0140397785703845
4.806621765781715
1.835786031560751
4.796912329732552
4.427160230416008
2.0041100085586954
3.2240147471677205
4.044683307145433
3.466442747302241
6.679012929698615
6.0804512382914435
3.385794600358042
6.172655632197916
10.115518474927166
9.375708581977106
9.163925558548387
10.434183867519629
9.917098645760241
8.734816027181562
9.103091437376028
8.714266751561722
8.315875714045989
8.048970688993606
7.3454128634267475
7.495053743839232
4.784095678895912
4.6009181826869785
3.9278604804710984
4.552025629277165
7.50230094860407
7.317018306373895
2.6776455925913534
5.869667289485849
2.697041375250389
4.730921384898531
3.735470739230714
3.821938571315511
2.556622026889773
1.7473930893234288
4.270501244731269
5.378349655962905
5.102230457245559
5.632215058413639
5.748725976634567
5.39447009139997
5.229824755642967
5.395977066137192
4.963294626417712
2.8769964451797447
6.539233809199187
6.445488403904768
4.68129018126571
2.4158277316835863
2.101934182264682
2.5935142686648125
1.8953506757730885
3.979044262415706
4.791017188075392
3.219591497557476
2.215576775260127
3.4303208718690916
2.6487470621794755
4.122722362616984
5.110431624734739
2.947576367550964
5.7492905340257785
5.7437129304116805
5.719999454320646
2.8527070280628832
3.164389025787672
2.5600677513998846
3.2420113588307995
6.6857249514760575
2.9993232850088525
1.8080095384571242
2.1723477491693597
4.649214464603043
1.9822756236234877
2.5828509275668328
3.0760905780728653
4.936890374548829
5.8962431930601085
3.2589498049855
8.228797666604159
6.677584564384264
3.026655158952116
3.486748611866745
3.3811861575524422
4.214197455048726
3.334452803366271
4.451228756370778
4.565783052464306
3.038090324817777
3.4482010101871934
4.469880399528858
5.493781852746278
5.926549191842354
2.93095239592187
3.1359321839301475
3.2313988786363566
6.954333152261036
4.152798487933532
2.8214986568848395
4.013658631086943
4.829081385922618
4.628369688849415
3.6428211962613593
6.124534698635081
4.771105934935849
5.143330030645011
2.5194941448556865
2.1170096176865414
2.509902601642444
1.976511861601871
2.3004232761373546
6.673110677540331
6.557192451177072
6.9131841989964595
3.7076471913842552
1.7520724258173517
1.1759822818846672
3.531081000152393
1.2518567466356443
2.404492983347371
2.3417652493484704
2.9004398269861724
6.266312328872379
6.064318564272864
5.9057561857429
5.691467055813523
6.048212308411628
3.9105854571721705
2.5302914583520435
5.705660857540489
3.8665316757026162
4.838413206346775
7.533778077799798
7.949378747695297
7.711786596573924
7.664196804859457
7.674620452685356
8.549181559832927
4.671757217451507
2.710301461257261
2.9289838274300077
2.2310047182210067
3.1238963350445705
2.195564684417492
2.0923096089594115
2.730232275318023
2.804429709174231
2.8521860763202995
2.024489437270253
3.5480175491063415
2.050448281808327
2.3963738148291456
2.129261388111081
2.848258188256709
1.228681396404662
2.372144329990278
5.177793996336987
3.004746229499211
2.449984089109069
1.231935435993787
4.412486326597047
7.997538249918183
5.04552282708112
3.379112846627473
2.534334392973429
5.768629848808957
3.1457351356155696
2.3567993742567968
1.8868104306927336
5.073524634539321
4.97629190669723
1.1567649653358736
3.088746835148371
3.737965651829951
3.2262816924131106
3.1953351448000524
5.758796554288617
6.296056216918082
4.76330870587168
5.122617820792815
6.78706811485328
7.032108069809956
6.449280645243068
7.437765389978016
9.654855423080694
9.094012404578745
6.973243832561629
5.620458735214501
5.838846312147259
4.184658094901917
7.111827075498241
5.467895362947689
2.3946362905210283
5.353326825228964
3.6482227510216543
1.9869270182839487
2.1595750431158223
2.8250992166844435
2.6856838263425744
2.862449113028025
4.40826883092924
2.8117655034554128
1.5091301398738544
3.8048148208983696
6.547992907940002
4.489718126402338
6.26717758672267
4.179108451167834
1.5002557478948646
1.854977754073743
1.3994709823016211
2.38557551975271
3.8598221952251937
4.673256660520675
6.846101820386971
5.996429959650434
5.093873725071672
3.9929724734033014
7.81741390448211
4.939624614315067
8.993128316069111
9.503100936887742
6.999194438374892
8.10051147698971
8.805714848542529
8.706654167404036
8.674538055447735
6.697444873117027
5.887632503235246
5.864152400666406
4.546862824319763
3.7738624458792764
3.817089127923671
2.869426315893075
4.13738575876892
3.9164128306116113
1.821414479308672
2.0454612330378508
2.306792780726835
2.3965641030016207
2.2716362281215434
1.6556078900298001
1.7752598343412962
2.8523065847094586
6.61631472430862
6.805980011557607
6.755525126969193
7.208817191102355
3.9954200246976397
3.0459538356569418
4.893642617765848
5.229890080993313
4.605140827419219
1.3251033908150454
1.1710485213002615
3.4238694455075223
5.193791943087416
4.248039936289462
7.1179557872199055
5.931688266330063
3.814112606811583
1.50578756280876
2.030597652431409
3.7645339176598447
4.899348640793247
1.8530279382290862
2.9035328979429256
1.9535730870511667
1.7998902438055182
2.0873974828323707
1.6386630156670783
1.6594961473222327
1.5036587869012101
1.8897796124230384
1.6167355700536166
2.370493461961134
0.9519472576915858
1.8309966011205743
1.6043902497283
1.264402638774804
1.9623252676418332
1.1393878102168162
1.1751648268815722
1.2100935257051524
1.3146396495497696
1.2958240115420927
1.6322450098361971
1.4072865603062459
1.6881318231420364
1.4681295140674009
1.1497391111463147
0.9189286782786447
0.9826076462250932
0.6911342460206129
0.9445170253563262
0.7209428945114418
0.6313631112389324
0.7938682118416961
0.5463366694507097
0.6615324073845489
0.9687992375605805
0.6667146518206173
0.6553236607349582
0.7175909285327543
0.7575646270553041
1.132740583536203
1.4596262605665282
1.7824781342504787
1.348953869807467
0.9446318098864332
1.232190795682114
1.2235831509616775
1.5380317113724873
1.3710612496344816
0.7550110099001648
0.9458671958954108
0.6750265925164196
1.0751205966027106
0.8116568456679377
0.6116964000710413
0.9551314488265998
1.1708262136376681
1.1501307778124437
0.9029341674223812
1.138194443072607
0.915960889659957
1.1089553400087755
1.0747695079236366
0.8586818897671986
0.8185862735034134
0.9908186506022366
1.083342274061581
0.9687978978505517
0.7866352606420289
1.0134373623180992
0.9650334394493831
0.9252374160052658
0.7754681768561325
0.8374476829209544
0.6454029548267846
0.5045547044052645
0.6982661115289136
0.7825042079018766
0.677968635252256
0.5609713328321766
0.8495850640007708
0.4811787124965714
0.4556526390739066
0.39436010572408264
0.44831346908854075
0.4823645222340139
0.555014885630373
0.44214927474834953
0.6429513003296441
0.6834487597570446
0.6522641505278851
0.8291365500791861
1.0246903980513131
0.6484728238544594
0.7440891576326029
0.4814106856891982
0.7097181516197724
0.8389407943566547
0.6124000901079192
0.6241055820741653
0.6166336818540499
0.7341127568426014
1.0622509028799925
0.47950777789976734
0.9324749660119744
1.0758038612082563
0.7689904655877757
1.28074203891374
1.0501284945089728
1.1954791105790905
0.8050642505123536
1.0074767165509086
0.6841374165700488
0.8889666096904579
1.0958423441889982
1.5459144608965736
0.9857356489296246
0.8409785898503719
0.800799998662029
0.6819355322002235
0.7040863747432837
0.5768278701382437
0.830663629078287
0.6549488640980106
0.7165864089132669
0.8220339145455897
0.8502851231102724
0.8054275844286967
1.0738083632827402
0.7761345616077822
0.726528804876273
0.730763210398232
0.7135416434530352
0.8343165712701974
0.5367531605145718
0.4545073345345324
0.6996830379083226
0.7757889034134863
0.8267611033673784
0.7101203236788775
0.6745135132211192
1.161362607397443
0.742047053461263
0.983372459165577
1.1682546232306699
0.9079012984510763
1.1436204102133338
1.0617764681978619
0.9529954419266247
1.3018593885867282
1.1325107167386377
1.7466378848187056
0.9635148776247064
1.050143547357331
0.8674575858109518
0.9419660358057371
1.1848175601527502
1.3155956402116238
1.0782158026514836
1.149357281324507
0.8728661269245817
1.0682386516807396
0.7725135023594701
0.6275885825945393
0.7189785157191908
1.0241755720765
0.9789733132916782
0.9258277382532755
0.7873255574573758
0.7889118664675939
1.2059976624496853
0.9661405855258542
1.3456135220376617
1.2349723611713423
0.7139287677166473
1.2017756128044361
0.8525521395009986
0.8992454254819922
0.8996632992064539
0.5707016138063442
1.1000218357137264
0.687754227634224
0.7024713457621552
1.1197683074012108
1.348624361657532
0.9214926841049182
0.7583288249371435
1.3005361869684333
1.1504999732284995
0.6480931963401869
1.2961789566679902
0.9393955661290214
1.4352046141988524
1.0789650391072976
1.5245483394087995
0.8647916672888194
0.7893333957320772
1.1905484385821685
0.7883330702832985
0.6308177836362577
0.9636050309294225
0.9467448644651051
1.0866659313673643
0.8583167114548401
1.047222404780233
0.9982722121337659
0.9107377021354458
1.1020196188284836
1.1753244486754708
1.1670559380241554
1.488659257729524
2.2648450666980238
1.7286579454653361
1.0682601108490424
1.399603220546778
0.8634393577734731
1.3585617693803997
1.1072599221134605
0.8936476649934656
0.63142782997825
0.7205734462845319
0.7832130731189679
0.7860982630872949
0.5346159347521551
0.90241778342704
0.6302973838579337
0.8900920656536058
1.0188311658391553
0.6190741254627367
0.6950103478038911
0.8903136075855482
1.0478349577628157
1.0576316706091198
1.300155103822621
0.9921956038825652
0.9105509636984442
1.0239614744916055
1.072556294467968
0.9041053347331476
1.096585666992994
0.5910749211707373
0.6469620457578436
0.8409888589621376
1.0187901894871558
1.1584725774614923
1.2035980328757303
1.2875673201885007
0.8515736867946554
1.1355362400948812
0.8266010730701749
0.6941455383194028
0.8636800932864014
0.7026015271066518
0.6343510735540518
0.5447976546911157
0.6116565265817303
0.7722291078751746
0.735645055132224
0.9303073424421342
0.7186304047067058
0.7318505578351701
0.8016998572598834
0.666310905066593
0.6292181752490796
0.6431191596686638
0.5234936183382354
0.8490036712180441
0.8592582690112368
1.0075019027292458
0.9399383879270243
0.9962190968164363
0.6897596963893533
1.1356095304149747
1.1077746729938338
1.3217774398073359
0.8980988717685403
1.1971859034368644
0.9382284293404743
0.7904005567234883
0.7819937419231977
0.978256817138605
0.8978035200781588
0.8257189672815781
0.9335520261876722
1.1136647097066665
0.7382703212771713
0.6386732703640543
0.5400189355319149
0.6112244575793546
0.571231687353241
0.4519233773322104
0.498663828746618
0.7366467691230751
0.6818074602452958
0.48424693551800585
0.8065030696642661
0.9037072621612845
0.6634783127789302
0.5727218845692121
0.7878266491410959
0.8330951485065128
0.7897988156197069
0.688998322153095
0.7678686735960736
0.6608543471299783
0.6758054950759953
0.7745130365769473
0.48183636647449046
0.5611670656640422
0.6168803951667138
0.7201464253861019
0.6300450138330828
0.8403227519836142
0.7250651596193675
1.1244204410220098
0.9720781302722975
0.9141358892868959
0.8822484652606181
0.9412305644040316
0.8531560711283959
0.5021323283133284
0.5252980799217785
0.8675043027338066
0.6991757322000018
0.5914523146965043
0.9123760663019715
0.6061222833419503
0.6272349993995038
0.5306801061726975
0.6145929753642537
1.0202928952825676
0.9834971290972604
0.8821942779872038
1.2432934887092093
0.9887772822092128
1.2499498430091567
1.0989159625676814
1.1013047554840716
0.6640920451388902
0.6212293458101283
0.6092465328851318
1.0777278229262146
0.5912287001200681
1.078712426000812
0.712680618848807
0.8080287076113095
1.1735762533454877
0.8527692267330454
0.6725171914460344
0.5494213011140893
0.5528795725121245
0.7544135615935414
0.5938032407684308
1.0331764422679954
0.8133973330591965
0.6863604976112195
0.7228075433342928
0.5249406542015199
0.42771936760984164
0.8106048957584688
0.915731747617908
0.7188638621724557
0.7173693195698598
0.5837691227107916
1.0654220091956557
0.8504530285672758
1.1893940127400076
1.2931071221204993
1.8489348314528855
2.455703677008234
1.7653694775153903
2.179924699503016
1.925182088687774
2.0893650625212836
2.5096975783534603
2.516089694509037
1.5858482114850156
1.9374556416393296
1.9951514242159853
3.125524712347297
3.572016221749575
1.8803556699676383
1.5529735405851455
1.5722921081274444
1.3471883749169742
1.3619749511898203
1.0932750515964065
1.4455636963413832
1.0759874876604305
2.209091762851491
1.1246113728041418
1.311440758893453
2.1039309006487783
1.0084955555242434
1.6648647228068933
2.000529910309555
2.2403459419747582
1.1206232493875223
1.7582709510464185
1.6134413326135137
1.078503060953354
0.8203731667993011
0.7969845972722408
1.0828344331987443
0.6095899660337172
0.5170734755353125
0.47775731454023435
0.7832595222802283
0.7776153210325778
1.1325769488954014
1.0130977157117171
1.1794074991844048
1.4337918873490276
1.339822333388551
1.7506849454118603
2.4366763055302094
3.949629707745811
5.431069156830605
5.730278558172124
5.9409272035062
5.439630225308224
6.182968951389298
5.686130141203493
3.562963385091381
2.756605445873131
1.015441269382283
2.2700552357952906
2.4290317569820887
3.155820561914744
1.4135004669500961
2.399261594542898
4.074437639530482
3.838828819265534
2.1107552459454766
1.1603394900651145
1.5881107422298442
1.5054245841380556
1.484916347956734
1.1589186225154953
1.117059830066341
0.5914346676363703
0.9631904048213263
0.8874756644884358
0.9238715164308082
0.6125058633000788
0.897049535278702
1.2762175258881872
1.2729398122498232
1.1195054784026284
1.1323647985322778
0.5789381299821755
1.4465861333980143
0.8092081592335438
0.902931986445684
1.2747301235041641
0.5144343415112441
0.6845246044435777
0.8144335112723641
0.8968183398884672
1.136647837888265
1.2774363004416092
1.1936912578839527
1.0044472517482024
1.2140447112075143
0.9715981680958466
0.9791193005670118
0.839234174870442
1.073858388779032
1.0643706655285197
1.888353600951765
0.7446159814219115
0.9481741345392806
1.4358195064721526
1.2394032479552084
0.8152787527268588
1.1993076515034442
0.3800079159881633
0.7381497546602717
0.7534614121158567
0.48821197747549905
0.6452617124173787
0.6383642296789197
1.0391743346929363
0.6840404839530544
0.4011225613199372
0.7824751091784564
0.5997151346260048
0.5027035202845493
0.35809771657115314
0.4531771109061841
0.40546622220976347
0.5955382862789981
0.4525616170838535
0.6602902306852004
0.5676176035397996
0.46521893790227936
0.4162346019428434
0.4644166360855308
0.5052900615322897
0.780859202544226
1.0331283819206272
0.6814412504538734
1.055547236058324
1.0708037683086418
0.9241957308508681
0.4540631466957521
0.6397610267935845
0.8162681854883955
0.6781393046504909
0.7939874592048691
1.6120882965125503
1.570839083345498
0.7299818848828566
0.7364815193813761
1.3357557918908998
0.9129925997145572
0.9226651980961532
0.8175064598278189
0.5779742778787115
0.5342137738985324
0.6301717901777338
0.8979473163985319
0.9039495356232317
0.8815420460236703
0.5330372879790184
0.6070198292641511
0.7722992412461324
0.8454043205009532
1.0129746140877496
0.5114687204464697
0.6006769401866875
0.8099658651480429
0.8174049313011617
1.8886886990229215
2.272690893969219
1.9480029357402515
2.2059021074597944
3.8044090112310402
3.3079534511021995
1.3385047387421465
1.8623321554595362
1.2049950137120273
0.9898116186858291
1.2653545736940186
1.4733509868950012
1.715635861502143
1.4942621382608297
0.9263338790886858
1.139076819223055
1.2396389577715983
0.9290189412737123
0.9364477607439025
1.3661964628747345
1.1914284866372866
0.9304238086262737
0.6300055971500251
0.9089824463189887
0.42364148537181406
0.3903827833327241
0.5151157681650618
0.5862948572371544
0.4932253096879242
0.517072244821901
0.4970594935985719
0.2876807494671897
0.24996591774560792
0.6916326936081945
0.5908022554875743
0.4971935684396436
0.678355082337479
0.5147149186439666
0.2856272699805359
0.4815614216386257
0.8204925379157014
0.2422772617112232
0.45574515018545836
0.8625868918045063
0.5985787422806709
0.5099307514781926
0.37358827195443495
0.5818074492070591
0.3743672068580014
0.36043793348854697
0.5722057610609768
0.568575768474329
0.44604948391161775
0.5201943054556207
0.4123553518836021
0.45828128055463396
0.3777359192834745
0.6163545937335855
0.49588418808417795
0.54535181100463
0.5950192356469565
0.4355595026095569
0.43954892667733136
0.6439455606856128
0.7415810383285509
0.6940279016450802
1.1131003841228118
0.8992396281223125
0.6332723363792833
0.6860143716863764
0.4917075301331549
0.5138235844015406
0.6052948155941403
0.6588246539466565
0.5253638390523279
0.7234517460131755
0.7843434226512688
0.31268834685272445
0.566294123309599
1.0107932887032647
0.6896512187188548
0.6092973540097043
0.4824634748798481
0.5279912540881722
0.62807352222065
0.5980189139358796
0.8463193899492538
0.535850793967839
0.450272711570213
0.7463726050723011
0.36565973809295504
0.6029569035176077
0.6166825541984867
0.3596067358139841
0.518121597720004
0.4865518070175973
0.3478294463638235
0.5054466652788859
0.262441635788369
0.32547553829128395
0.3343065740235411
0.24957479513721054
0.46959598352647325
0.38676794243513174
0.40537089155194267
0.6405169190864697
0.7771618588755425
0.6866188423515429
0.7954462884492293
0.7690845935820307
0.3639500287224189
0.45203876119368447
0.4899390944500581
0.27218703103827596
0.42878838672476605
0.4534614097856895
0.23693878862373205
0.3103986644823822
0.6531759529549445
0.6096618187409316
0.6624770280043386
0.7462489666245196
0.8357378484769282
0.8725727565037761
0.8042080358952465
1.0251689909457382
0.668134389525938
0.8182406814025718
1.0506129319819533
0.6216965656000015
0.6984462603278735
0.4011705333020169
0.7017446613618116
0.4068937575287589
0.5900265880345656
0.6875497004369397
0.6877825269444847
0.7264063776049625
1.2195452415677905
0.8223948146345296
0.5182797894370956
0.7831425214684351
0.7504698106627232
0.8752581250937037
0.7070772570801475
0.7522448438348062
0.7490109487345196
0.6691477812263336
0.5437866913687529
0.48832929532045505
0.7691129602317005
0.6873576538633221
0.4682262645640107
0.5056487321796933
0.42250797019917824
0.5925102230394574
0.5201423863951523
0.5076493354647283
0.6467162002029647
0.737886086296466
0.8960210544346784
0.4371050126558791
0.7513271161380152
0.7894275505221081
0.5716648859424722
0.801425134365856
0.648840472938499
0.6739965165591544
0.7052911954192073
0.5396864340382013
0.5586722930669707
0.7011224617106364
0.577541832762429
0.4478630464400761
0.5759236349992423
0.5795418435651257
0.6900884377239973
0.5624232520979421
0.5869406394698343
0.49841153184190984
0.5920868387907912
0.5295972053690687
0.8121915097015351
0.8077085830630242
0.5755402196686573
0.7060010258312803
0.5735369621133085
0.636102354428083
0.8844530016497445
0.46600758754273014
0.6883854651516483
0.561996796093997
0.6782938268289869
0.6686211695889032
1.0177373219199548
0.9237855101370436
0.9077850078156718
0.8678054282105542
0.9603899050257959
1.0460648872488596
0.9500777427164908
0.5435031037745062
1.1478656384940835
1.2837814970644583
0.787995152515419
0.8774899355555457
0.9632881088837857
0.6931013471901383
0.6844469257230499
1.0125799087681198
1.0482949609079038
1.0142188793337275
1.1629106446733986
1.5937465577473606
1.3078739385345668
0.7539104595996704
0.7250993936111516
1.1762771512377737
0.8208828664744385
0.5826856278712144
0.9527503344784427
0.7213013968130911
0.6735792767837271
0.543599044408857
0.7236467706838242
0.7868286117726419
0.7098073398399586
0.656398906383006
1.0272127860147997
1.0486691841824487
0.9447845860541659
1.8424360291075381
0.7901461918758408
0.9416404737806262
0.9267437139040402
0.9339507335853071
1.0991772671574704
0.8121702569454504
0.9128366277161569
0.7501013135292688
0.8195457762629416
0.8959916940926074
1.0441145369306322
1.1791946179682142
0.7048859591765472
0.7122684348795102
0.7818110703056783
0.7984493784471383
0.7653578179820605
0.5215104158507433
0.734384574025884
0.48706426808121633
0.6430653659739619
0.6881759094366086
0.4254994293795826
0.6184105508709229
0.7770283935609977
0.8613985915964257
1.3476716291180013
1.3298480874341965
1.8212419914798696
0.5712271795850046
0.9485786746195172
1.0911672358134974
0.9442588014661614
0.8663099333646221
0.7110025546635673
0.8226922918838662
0.7678213448065268
0.9107036278701824
0.6036824570995324
1.0256656386609504
0.851920369264098
1.1362099639061782
0.9971592465998385
0.6986702565770111
0.7593710228067329
0.98650616413715
0.6855851901417332
1.0824346557602387
0.6313936924908375
0.9293049666381973
0.7322592097995647
0.814750438366698
1.021360377590919
0.9686797065821822
0.6075648237320389
0.5311114927932252
0.8707819921255776
0.7413834860561391
0.9914933030731702
0.9647578234153135
0.863889797889145
0.9780521327644425
0.7810475493619515
0.7915834467763108
0.7683727799831463
0.711924571545616
0.7845836014735926
0.821685470792
0.9843166499011119
1.101814680733037
0.8017132490566374
1.008069339230349
0.7816602703905275
0.9394342237700606
1.132377527960702
1.0109007479846257
0.9879509069278443
1.004199645429494
0.8771648130699978
1.034377355480857
1.3459582250890219
1.1823481729133878
1.4914411464172097
0.9723502997824705
1.105234271812946
1.6090572024396332
1.1311280264490866
1.4303254303838697
1.403093737501723
0.9045506951879109
1.285133099647452
1.302559978239513
0.980362340333824
0.8935272155267452
0.8358112125400491
0.9657842045822863
0.8710586832177148
0.8430618462249094
0.7876240075905675
0.6970994597102618
0.7548542040380427
0.8299262135593074
0.797220549992997
0.9452294638977691
0.7751483341292521
0.7508576279838536
0.7247519812160361
0.6750206173154857
0.7786437717019292
0.8638949942143216
0.853766884354911
0.7656365486679982
0.9927363794739805
0.6571137525648527
0.9397940791085331
0.763062746316774
0.8298016190249077
0.7494867661815654
0.8377828454729692
0.7350743998480883
1.0103663223112773
0.9663457401051917
1.1116567668769557
1.0223506344057371
1.0310228551624645
0.8572872090503155
1.2326677993165749
1.1721805170923956
1.5785048467637435
1.4483528223020232
1.729480554028401
1.4859501181280026
1.1476517317051642
0.8685984407389872
1.2568353111885464
0.825578368966952
1.3306735027195093
1.0335925281794953
1.108529852350453
1.4817168347065905
2.0019891823461453
1.8407802056124496
1.592996017608348
2.547744790641543
2.2024922403954634
1.2479088146482686
1.375117524425716
1.550184537776645
1.2460575106092997
1.7851974780119735
1.7573848563509997
1.53512869267887
1.1314428609530043
1.6225845412983841
1.8480546430508134
2.2018615715238026
1.3934983475457627
1.4947992815683688
1.9764626404863213
3.3870141744526303
3.7537427978628757
1.6985664945073242
2.254196154487239
1.6641148628605784
1.611082501285924
1.5507086892598005
1.5192597582517609
1.396702806977085
0.8808105985768273
1.2320765566879135
1.5703831179633552
1.104269579353872
1.3277554737765853
0.9682649405073178
1.042581775063821
1.5007176792678751
1.0644726350939318
1.117148983711746
0.8056818851224128
0.6037229838636332
0.9227208418977548
0.7629942779981359
1.0375997362113258
0.963432129783698
1.1141346013084104
1.1886374090920993
0.8452779568035231
0.6664347427642145
0.9708529755551112
0.7445325563124036
0.8191860713177544
0.8311239895321049
0.4042659417294163
0.7041685243226512
1.0577042175870652
1.1040070488621616
0.8614569195745736
1.0618809989904885
0.8029878348540174
0.6393548223238246
0.7313854863507339
0.7232806394134212
0.8053669120843716
1.0586018338865901
0.8538821442018495
0.9338999346077479
1.061819261825557
1.2939767796759372
1.5305452129058037
2.320214417714155
1.8096274688869627
0.8923646470236645
0.9182807388648243
1.1071383033096307
0.9187635864741792
0.8453206476084973
0.8217152074124183
0.8507995416534462
0.7290136710278796
0.8783631372713724
0.6332859312327461
0.5582887498955752
0.6562390226842879
0.6013607172490467
0.9231975386842509
0.8879531770542514
1.0581426242004317
1.1486098127018896
2.0762801135125004
1.0118308240814116
1.3692857559406695
1.1779180015835533
0.7873945864874949
0.7174602856044723
1.0724534089889686
1.1935533592040928
1.3025493132896235
1.281388284939777
1.1422704151618719
1.2368946644559025
0.9422595758529017
1.5291603195754888
1.003778854891142
0.9567304253829405
0.7927726243914179
1.1988338356289727
0.8991922741816682
1.0292442650013784
1.042531797493072
1.0501325360771534
0.8245222798255212
0.7677997938075481
0.6430297020776717
0.7843337585239499
0.6330821530521071
0.836518472229738
1.4261870102026595
1.365333437627346
1.9186458438990888
1.7520891108994017
1.7293398384066052
1.719196632985581
1.0607438837577066
1.2648524359555473
1.3107244665409978
0.9881220559679497
1.101698016120743
1.5451405899201571
1.0887044259963314
1.4120310188981409
1.6059726391260338
1.3027001881437192
1.6216416341889783
2.215690281429989
1.6315654396051502
1.3030899954165307
1.7519837643855782
1.718590535032671
1.4817352882179768
1.652247392234708
1.5573757249130327
1.3637558831731156
1.5858107191351791
2.0028438829252244
2.4266456139582373
2.7032434529629628
4.095561892713077
1.646574429757215
3.1743062380178024
2.0785345675751525
2.8302570498945534
3.4905929342994564
3.5824890286573496
3.121664567200282
3.429905884118241
1.984962625383677
1.7729446448541304
1.6186766294521198
1.070010077152514
1.5434158989498763
1.3430788663537567
0.8842996754808271
1.1544018013123327
0.8741561376225471
1.005818561349628
0.7576416229786495
1.190071286028087
0.8155597424305796
1.1439584396593419
0.7726254041798952
0.8676017930921683
0.8240980035413764
0.9854565869437947
1.042320224697366
1.2480500083227173
1.4083835173379264
0.8744169492217294
1.0075889079079128
1.3229805293521417
1.1009009773605516
1.1115988051190713
1.4491608474015272
1.0977696246323538
1.3205124981458385
0.9905879741577702
1.1022708859305
0.8179066087856864
1.0804777540113886
0.904642272129677
1.3396968159015337
1.1461746909186212
1.1910187532105971
0.8646966880752638
1.0147534510366234
0.7584162037403352
0.8069367656705423
0.8475452081145627
1.0205426059749036
0.7260568193672402
0.8287195885036531
0.7073296717645579
0.6922680409296081
0.871796078475599
1.1206912418920796
1.8291800577569177
1.7781880450941432
1.372819972637012
0.8656386204017649
1.2994072977188984
1.309616335999811
1.5583133797647133
0.9997074420788951
1.7212009889254565
1.2382990581938236
0.9083630929690087
0.8538387203537332
1.0927781837217927
1.632753157906206
1.2296587643393437
1.293981708517591
1.4038254191972093
1.0581052214247009
1.2289432729674161
0.8134631431180905
1.1700083255093892
1.2613303368390134
0.9257517239350045
0.9927572842833097
1.1053006445860478
1.091706637549438
1.049167041638446
1.3286152278419041
1.2452096415995608
0.8045766076957277
0.6650836840419514
0.858434162516453
0.6941612736741977
0.682968921491667
0.9776526834023636
0.9037445484809521
0.9380177303307949
1.1937936980155586
0.9453207300414203
0.8154864583459309
0.727921266849478
0.7333336831471873
1.104244036380731
0.883023082601095
0.9400488575607397
0.812745003030236
0.9922970324633996
1.1748612724735483
1.8309735622169154
2.080752751846433
2.903968840361439
2.8720609730279603
2.850047770263344
0.8628233526686926
1.702743359837212
2.4592500851985006
2.1021158713630723
0.7522712216385332
1.2149748243142533
1.228308522782529
1.3974828373845947
0.8807626924213953
0.9365017424392187
0.7162294079957252
1.1045464070400426
0.7853146111121538
0.8932075465285578
0.798352873352176
0.7387358210670425
0.7312859699954782
0.6652989016308637
0.7934015352701319
0.7963968219591636
0.6351325303445614
1.0357769677203728
1.0121662618432021
1.1528590268662449
1.2539958369681097
1.4960169767612086
2.2962884016156715
3.377188532841443
2.1768439414154983
2.363363007607629
2.1720387458209665
1.1159213959222622
1.6666790399770008
1.670303559796549
2.500202259648143
2.073304220195114
1.8169750393334354
1.4523352458495173
1.0523244419307645
0.8032011334433429
0.7553962527997777
0.6859865513836635
0.6109941552134565
0.6079363638631748
0.6202464848259652
0.9748131947111928
0.7137176409532472
0.666015647852241
0.7404922616760341
0.7286847401753775
0.6560239934148298
0.4740715113318698
0.6446831764856769
0.841446709534279
0.6988521802824894
0.7727816730989346
1.1633448764012104
1.776449879021485
0.7929610889030575
1.5275705012465153
1.3295141512617135
0.8257451643082743
0.958006843517783
0.6893528397673384
0.8389141359468161
0.7732383552257371
0.9827821594684102
0.5858701532191133
0.6939382043658199
0.8711435609009694
0.7721142009063
0.6858276381468406
0.7404915761444602
0.8342321779777925
0.8492199691579907
0.9396526275592764
0.5763487720484535
0.6351220629955061
0.6347189499853575
0.6380385579172794
0.4883159227380746
0.7363407945553405
0.7629608488879219
1.0216498368364464
0.6240227781038165
1.029090201085348
1.0543155087749354
0.8865002930839029
1.2654157547176248
1.039515614518819
0.9305692335652398
1.007651001794686
0.8465489757409742
1.0644465400763736
0.9195761183667577
1.3623384969977326
0.9021472152633527
0.902223894825523
1.0206567600656198
1.0724806688031672
0.864254805486459
1.2024151948717747
0.6576971167598435
0.9289248449648594
1.2720715390774862
1.0712038802240216
1.2316723125210436
1.5778365805790748
1.1207421466606202
1.141372430830797
1.114663845412958
0.9172897337766597
1.208693742501159
1.2300254494940854
1.3935047663502258
1.391569241910329
1.5437354694224785
2.650887031415006
1.7716255868420836
1.9561541046515145
2.281650224526699
0.9270628510453375
1.586643624422861
1.1077782993814755
1.106118911294746
0.7669779071227016
0.6966547660168128
0.9817501084060121
0.9351632913564646
0.7711501354372823
0.9096512411772457
0.9093939060238617
0.7867998904243114
1.0588440413368012
0.8077956385924204
0.5257199574904199
0.8522083471944439
0.6493112018860914
0.7250786361947056
0.5530184343871574
0.8017571397805525
0.9383444504872906
0.6389617230761971
0.9288902410774452
0.5901410531808129
0.8464718382132973
0.9935783968846956
0.9007904760984828
1.2397366797948188
1.348220217554214
1.4657957045133758
1.0726016221436774
0.8301610913981965
0.9959739054899387
1.1290560098163311
1.3269222862537933
1.3702294396198749
0.8031054256338088
1.5091443900157078
1.4716017637856322
1.4771303393724837
1.047437359852045
0.9479403607331843
1.2816710399690927
1.5672961326800543
1.019922350658491
1.515852457988405
1.4475777818506117
0.9021494419222091
1.3377404588306587
1.0992796693431985
1.3202857309096196
1.0509609053956575
1.1660515161166838
1.6085588653516651
1.5225438674466778
1.3714554232103027
1.351228213975702
1.3449941458189676
1.6037513541653068
1.2026999565447472
1.1878219876512737
1.5594038238933081
1.3423843938294806
1.3401868831533539
1.5789774228359728
1.2774310712260826
1.1545968287556745
1.5774549622252174
1.438397016497031
1.4237952623326056
0.987249697859592
1.16086923534386
0.9092193376303612
1.1834024248617485
1.400567365173209
1.7021999253146367
1.3482700647073347
1.6551494468285142
1.528456913374764
1.5839613266903934
1.590103589187028
1.495546142839144
1.0181331551832458
1.3143541671672552
1.70597768691977
0.7418967176968883
1.250011316574693
1.3977897084743813
1.1245504181876693
1.3010542524449769
1.5226870792640466
1.2009299774291462
1.679496059377763
1.3792695695284605
1.2275037540068263
1.8675847329769633
1.9678605005251142
1.5528315824475072
1.1830429271851814
0.9719095147747862
0.8803434612489878
0.9494457395362239
1.0638569841143581
0.9415398545134479
1.099715667638002
0.842717674211505
0.8755465960632897
1.0190898261969357
0.9630463133098282
1.034738963602304
0.8686772985546232
0.9457937720087932
0.9421926259690696
1.1504913229838571
1.1490531920663758
1.1026760510128848
1.3056125472388447
0.9760040878437425
1.7360432298533548
1.3893651499221427
0.8472219645081774
1.47108910978461
1.378478801683628
0.8204080894676723
1.0237695665723916
1.0676270144711137
1.1903139843988217
1.765908345253901
1.4701508620661212
0.7855752379606022
0.9983763402355273
0.994779860907565
0.9625222954575509
1.0696758267280448
1.3563756338091395
1.2542855555918253
1.4118993862583578
1.3228436103333991
1.1780813803281034
1.090390550997381
0.7048971409003542
0.9476555083626049
1.0772848659133054
0.9363351118309982
1.0256163556418965
0.8769809494713605
1.3135351292786948
1.196262716664262
1.3113265399206497
1.8637743233816315
2.5035112473626837
1.0883620321607927
1.99383384972067
3.6924704743271493
1.8013777073585808
1.8314022528433964
2.9118815802060825
2.9922202303444876
3.681021064154008
3.6435630928104104
2.6746078090344803
1.8838092487371965
1.2568357440669873
1.9643562218760504
1.7959236544735189
1.8735010985187452
2.1176783876307983
1.829143131007429
2.3028793606015983
1.680285200877047
1.1154410311168692
1.3936855980940432
1.8505990451496068
1.6616620552039592
1.958650327716859
1.8418417903447744
1.2497746183044556
1.0905370990969472
1.289234551215078
1.2394524857325395
0.9119356033279743
1.2888215667569927
1.1630875011363446
1.0894194910391808
1.0813385951728167
1.4061418870959512
1.870476178299656
2.1964049970477397
2.816469448949225
2.0019617740851867
2.028397622732781
1.898442225030376
2.266485963877205
2.106391746407962
1.4188106463027188
2.1077800918192224
1.368199632805077
1.9524474241655787
2.413310811246769
1.9987092842056962
1.7271270632948534
2.4629779565532766
1.512512192390349
2.0841848694765392
1.1235577153801697
1.0781942625513807
1.0514445117859834
1.4951629071613362
1.909757814961658
1.2601962777597993
1.4589224290568583
1.3112338636414846
1.5439402627266514
1.266524777039862
0.9694812342667742
0.9847222388346861
1.0853176611973856
1.5014641744453947
1.9909766506019904
1.6529743222804745
1.8632204363977132
1.6693867917403538
1.6616867554004329
1.759122650823035
1.7733176922455685
1.715611028534392
2.298364664167914
1.7385710105949892
1.841061999212058
1.816360548318608
1.3894703140188656
1.3341359533219606
1.8511281279465244
2.5534424292230478
2.4792499277802382
2.582131102733026
2.733303682147089
2.2699152639228184
2.87611728155101
2.510935981201561
2.533058656725857
2.5018227667754407
3.3928611213526305
2.424310703724744
3.7144863232189413
5.348237806566813
4.194173956950277
3.596308019946183
2.51902422757537
3.330699910243555
3.4075001084563388
2.128647654161201
2.447767636159951
1.5152465710499206
1.5234359325177789
1.5077058085461268
1.8576897077944294
1.3636215174648902
1.194189297530493
2.1966194007779287
1.7254439198930687
1.6251322024458006
1.5692257363679112
1.3135119477775479
1.0710790153419736
1.005235822849822
1.4737575433353456
1.080793728907753
1.0623057957528002
1.413417905323173
1.614848480347645
1.5052006985686246
1.8203262349602511
1.825629957126995
1.2382593799087145
1.0584610627042734
1.260240249316345
1.0896520561118614
1.1067763316552475
1.3528134090125346
1.2063360495321658
1.1373496311504272
1.157797099662847
1.1101294658029806
1.284105787482676
1.4969539028210825
1.3982548190303001
1.311630812410648
2.06557160527304
1.648855354460315
1.1335749045861205
1.3740989002723387
1.641204158258098
1.387072797456018
0.9796048005278337
1.4351038416061377
1.3849979077303005
1.2704989665112794
1.9960265935273696
2.1444861804537534
1.9495695052773145
1.8816420715716333
1.5426374395614397
1.650499547822906
1.79139258039732
1.4253140606080676
1.4116179208049464
1.491004098920046
1.9826385641278348
1.6628723383450628
1.4465083813916721
1.7877736158204038
1.5546568190228172
1.8500441416945808
1.4866648583253943
2.093520607692054
1.5582577971846134
2.1774790819087992
1.91338069666981
2.0545732701757218
1.7053707411056716
1.4860298949739397
1.4330938381448135
1.441696490002958
2.0040047372091934
1.1194555534998352
1.4662385872398493
1.6064012177917397
2.9393515383233524
1.6165099551115736
0.8902471694302322
1.6348489498714127
1.843590355193589
1.6603981295876502
2.346761829450216
2.2730165338016737
2.1955684712542314
1.5187869607658788
1.3100544143649793
1.4035444802885129
1.31454878724232
1.199886456533589
1.6663200919898649
1.5866605127638196
1.96063295682513
2.949702697503426
2.6757206145030854
3.374458847744502
4.354593818527613
2.803656874346504
2.436841395231327
2.5330317720373854
2.4926420481195217
1.7460177855336527
1.5352791603719391
1.992909243645564
2.2312761506739944
3.216777632874505
3.5042587622228485
3.990475612825447
1.884465735325257
2.711194395080181
1.7987089534986422
2.182422072098701
1.796536952233763
2.3932876260437324
2.020605327877783
2.6118570203250018
1.5392152592533799
2.4188150498329066
1.8542149897486864
1.6962561583848856
2.4931192067554266
1.8354734103869839
1.6027783571853444
1.1006170188981999
1.4390925232127545
1.536325350513249
1.0003515279137198
1.5398062425090593
1.34633525325844
1.2207099624573092
1.2269075408240886
2.0110770739727144
1.3350553813134183
1.5832273901920082
1.5371426961802666
1.4775159138162173
1.2480739687455107
1.7985084049050442
1.2333197355098193
1.0592632008964307
1.3636723228881005
1.5392058470231453
1.063516833516522
1.7641405494335505
1.6485347962152026
1.9770534683367225
1.9208998427992787
1.7163296788645335
2.9132053684049763
2.953443015978047
4.129649524059647
4.388379622979577
3.5479111885936745
1.6780634775090113
2.0416184265210733
1.5998395684346156
1.2348211827869076
1.7850200200272286
1.5300379548793825
1.7118331191742413
1.7249122934974395
1.8291834570593637
1.7267818935040946
1.394682143258845
1.9701873615444436
1.430765515897758
1.190974803207053
1.4083065652052265
1.3791219380366722
1.09778549743787
1.0852577253961815
1.159397122332895
1.464370512343155
0.9527189368311773
1.1226514549415219
1.3889949052336497
1.2994124564499248
1.3569979721162506
1.218320986649657
1.1785510458686164
1.5776262013757358
1.2772482559645646
1.8811211526374336
1.7435758744614713
1.3931972683288207
1.7777305164663761
2.4246378090024394
1.85624204002374
1.1564302840250744
0.9512689805763372
1.646341241435452
1.2585259976007008
1.1468372495688006
1.4708756822042048
1.3747427939572276
0.991264353115296
0.99816559713552
1.0497259206836282
1.1322994424832795
0.9469972206123604
1.5671513587941461
1.0397779729312457
1.3903125617874488
1.3955139087300512
1.1282992584369331
1.390377905122504
1.2313088215703223
1.453800195712019
1.2721504589856625
1.153502934902303
1.3048977264375923
1.8972956951850548
1.5433741521343718
1.4351675655043883
1.73046930601655
1.4302520439911763
1.3927229716963132
1.5568219829468684
1.8873063875288947
1.2521416470611166
1.3638993389911969
1.444221262905944
1.405576380177838
1.6514030867998906
1.7091499780974615
1.5391341646045205
1.796667622343241
1.4197965156962693
1.4616636170568678
2.0732487592229227
1.5367915125807667
1.068479280416891
2.1816401940491956
1.5587874869947294
1.2746636326453402
1.6819190911049804
1.2373675685639693
1.4335633345712415
1.3387682631504683
1.707266028265692
1.464490318137353
2.075325129571261
1.612396063468302
1.554490079848046
1.1501818017002656
1.4404159316827374
1.7368894711979248
1.2345396675900744
1.378335806736673
1.554203693090382
1.1409118911563811
0.983665248125371
1.607286021141727
1.3590926612230754
1.1514108265102962
1.3502092022455707
1.5156328835514659
1.3034162354067362
1.0055942090150929
1.9969920763130447
1.1487801102090467
0.9857730805781193
1.6025098206696486
0.9676558735935924
1.060194712971658
0.9066707662919569
1.3846727545260245
0.9070480555417294
2.242698244637274
1.523087332226377
1.3955803379228615
1.77678434235172
1.3744044893121736
1.41104701222022
2.166491725226569
1.9541850757083645
1.8582227936373732
1.270285617876709
1.357318862305474
1.070232528051697
1.5191589154000094
1.1879715967242181
1.0443791688638655
1.101208607366466
1.127152713324064
0.8328495102623116
1.0536557710988084
1.0927102129734054
0.8827772944650942
1.4481120735022548
1.6153435268878262
1.347662879792507
