206.8535666353172
157.5059894313714
124.43747646079082
135.35871853435805
129.21157992618606
121.09149644241538
111.18231461261537
107.67764259277511
105.96282692189901
109.27010566071387
109.12286058722306
103.60293984883603
109.04312361419255
111.62366613169503
112.23796144185457
104.88164264549867
103.2184889306438
102.22313056499966
114.3559859231316
105.67696007864747
102.00929677409071
91.39691011139854
98.72547180751067
108.79770006438127
107.16798970027958
96.5755490056003
105.75642557872293
95.3753347184118
107.362528020281
94.85363295613388
103.2772651836299
100.88035191052957
107.8759355238049
96.7679870877396
103.95706870896076
95.07121332956196
110.69783427772312
102.9170612454166
95.4573096225454
94.61357074332827
104.90331267539392
104.88554238285518
102.98776111068811
106.49646721712853
102.02632643998284
104.42963505779953
97.23453485481397
97.50422629735334
101.46256832274342
101.56499216538755
104.84126566330389
96.8602989240745
99.79600656049017
91.30507662196416
95.29058819795995
90.38363516325256
89.69074773521035
97.34357730905282
101.87301353651266
92.92611840427939
91.03423708465515
93.44949316478233
93.06442065339057
93.76808468817782
99.13769197108041
101.13476403994991
97.55484486165994
99.89242057048399
99.48796069766848
103.61598765729221
94.98196913791936
94.56425962319659
95.92924950682936
97.7624090298792
98.30017243064633
90.28888237254337
96.44867276320525
104.81016459827127
98.02763131545882
94.38397216142015
87.62606578027669
95.06612956505055
98.82619329393961
98.1931269374365
87.33608629939579
89.84910038832538
92.33038884245745
91.30619399789983
95.80976487553012
93.70845575518844
88.84118422200552
91.66777438622258
86.4739962135411
94.20406898693862
92.693947889942
90.46562044645485
88.21070355952713
85.9292377919226
86.44362903930342
81.59948764140589
82.3143773764577
83.65795381669803
78.75827663792316
81.02312080922184
79.1984776128372
76.09565221521387
79.83229931886814
84.7167827394056
82.70250072867637
80.76971845312788
79.31121898066839
83.26855915090208
84.50927820433706
82.77510936878917
81.09134565798544
80.8311613125359
80.97459287050087
76.98488774951721
80.54984449724321
81.21334787967955
78.10205367186734
80.67322137118217
75.49414316458336
75.84229704379942
80.33288647562392
69.0952127667999
67.74394394642624
74.60881740934913
82.07904928483067
74.41285716128867
69.54150775705737
70.94812464861705
74.07086142738241
72.42077441423635
69.06415636117164
70.45193153408626
68.642857224126
67.17137755352866
65.87390736394772
63.36769797614244
68.54863125180685
63.288881035986314
68.83135872493733
76.61796782096084
81.28266713187311
72.24835186463835
70.45930880285802
75.28790652971465
75.89702588367763
67.44757507904573
65.6523924331764
70.69405069032724
75.40924551202788
68.91630229439026
70.88968722789912
72.29848274008091
74.47481554990213
75.58424103325152
77.22881605478796
73.66178536658241
71.03970148599623
73.26223845937707
71.68899280648941
70.61166413659946
70.04786252520971
68.51522045375776
70.83216601784507
66.19550886916218
67.0443496899596
76.34151350795406
69.8570348087702
66.40716536769003
67.6413424739872
74.00548675492578
64.12047845092414
66.91268746464374
70.97794292594524
64.53321045850389
65.66642966543172
64.84313369801
72.46414068425162
60.594981540319516
63.92582455931252
71.34651194263743
71.63409151626803
66.36690265043595
60.73587305917148
68.71167503337477
62.92960176180618
59.265652917609586
64.01828821415603
60.68835875474035
59.142990150637516
61.91977157562273
66.93779347560982
65.1394594017142
66.54349782911329
61.64702006548311
71.5603826325675
65.89548233689456
61.482780789402135
55.172918579355844
61.32766609542916
67.66110080055881
69.98803108937938
66.95628372102206
63.643722342368775
64.86726681659566
67.18066788995198
62.778012805927744
64.61762473097542
65.1943639558339
64.46982955290596
60.39853452857915
70.65115536497798
66.4464011178791
59.040886392293174
57.73534072214479
64.1657932911475
60.6494413001232
60.23418545961957
61.1183872858828
65.42853076867844
71.32415942943399
59.9853976556434
60.75733931609215
67.4865234957048
67.84468397112492
66.20505009770575
61.560665211041034
66.89371937465235
66.71330560696765
61.65946923287489
66.95808381116797
61.48704200656757
68.63053205944382
66.98515390731187
64.28088695896244
67.68440689713054
64.72599673144389
66.51002702743237
68.38393570852384
66.49169170124755
67.17258184409816
69.75512163232284
68.31625297789952
65.84478722977201
62.38053804493926
62.86152347068907
66.19144888231688
66.54251868151958
72.82797492742696
67.1568249732427
66.95887286776424
67.65311914698013
63.729554581564116
76.25607114361091
68.9653295989641
63.56588635369286
62.5400099363411
67.99636263072846
72.19100684927429
67.56741464940268
69.07945023045718
67.62314646151407
69.01152072901347
72.2114364993475
73.14726511818166
68.74266709449056
67.31971120229073
71.2001300740233
68.01392121459446
69.07895493708538
71.35760715068602
68.98992018373752
67.25812026759516
64.46130885561608
66.79225033110183
70.20464934448196
64.2217325931802
66.5851255492002
72.19615116435003
72.03427660406243
75.49163970295358
71.65306932160696
69.60362886000642
69.01652388779326
73.68011543833738
66.6758468246968
68.45820644707725
62.645681596592546
66.11522964094249
59.733054558831824
62.96198539615561
69.30640669470542
64.15653650357821
67.98894179660788
68.05160201638223
71.6882792599211
69.34714811976534
62.06412639945211
65.06175130023192
68.75472170144023
66.60474447920643
59.58533568711151
59.114609213047025
59.98338727353082
67.58971281775628
65.82141991221683
65.26792256460959
67.48786797542898
71.75804687218636
60.741075625631645
63.41444194896182
64.89849460655272
70.09968247992778
56.8903755653492
62.030092606078505
62.11433608066036
63.92283547845819
58.898224805101
64.98981580834017
62.67569827526395
63.722347793814606
53.26305175007123
61.399547721849416
59.16398541210015
54.953454031356344
67.50431921150616
64.6194858178938
59.97635490343865
54.99928762198831
61.12601074723554
55.75153056379888
55.34661436385113
60.05967029173835
60.20920622098434
63.576426713843055
65.2416965297818
63.12221803941098
62.482254653379805
58.51263563685253
64.56266827036914
63.62456723343188
67.61347462656542
60.68479031182888
57.66614521050742
57.35972735078569
62.08941818580236
65.17694417425331
59.631154852276325
67.18049662992405
68.49813759699485
58.99532650310913
53.25605109009506
57.182447157527164
60.87561709051269
60.16278543532004
62.634685956048976
61.35409372792012
61.2122291267759
63.5319839895375
57.3064229423128
58.940943260915766
70.51625885313366
65.19249815183676
59.78918346471619
57.57710377218149
59.23488699643649
54.026349628260895
55.625676399796575
58.73453570378067
64.56843147397234
56.94137528759254
60.81127356675765
59.493871279964154
56.00219732799201
57.53359347706001
65.96821734444421
63.407383708444776
65.98004507507468
62.2943624293884
67.76823228661266
65.89327267389768
64.75926798550864
63.87532895322998
63.32586081797461
60.66178354586771
60.528517851923354
62.261358661467455
60.33600905149799
64.94590417482681
63.32845384239997
60.25125314781113
58.65638350583302
61.73519010757
54.45023211660903
57.757749779840175
63.29668418162094
65.45207706838252
57.91231436092059
58.246342449132605
61.228524487350334
61.2813814837547
63.53084402691057
57.91353377442154
56.60785329667781
59.9767412207228
62.894653571432634
61.58625709865315
61.762647264002354
59.3102883751904
63.58425920036663
63.24819345495065
53.49165709541634
58.7165816638819
64.52765656680187
64.0975380033536
57.58401932648825
57.75606015460012
59.47766588628102
63.38673800667042
57.64100775690244
54.386240646430124
64.87562504056962
62.76076687444958
59.36659724293155
61.33487389361597
64.77520643791819
54.017862101646244
59.81259907706233
65.8638791219219
60.03992696294209
63.660769599102494
64.04405411135663
62.408235034452176
65.96242434026863
55.52370077516292
58.76792470866027
55.78967530609105
53.568611296646104
56.62369380151105
59.16008528925688
56.4218458091
49.535993980353986
63.795780889513296
65.0097735623193
53.6860704234839
57.82760017612517
60.35267028549066
58.78119368449428
59.01456593209916
56.73121211528474
55.87135355503177
57.52750309105515
62.7382432249868
56.40902318072065
65.39901784964275
56.83987042026421
59.93546343666272
62.517410593666135
66.19699126215183
67.11544573953196
63.27220848826051
58.11550616555265
59.753471722287586
60.832867335230546
60.38870276779777
61.133221468916325
62.87004279689668
63.17030178473179
58.210982115470536
58.39367822429773
61.58022146769064
55.4062813997947
62.50027049137121
61.574294141766075
63.83445158343753
62.929012318964226
64.95448593240756
60.397184635139375
63.718461633937515
60.9184696824065
63.21952746531044
63.75304375475445
61.40182048568158
63.987584852687945
61.511281232933214
62.260844582604044
63.198904905931116
62.38074594529855
65.17944477558365
69.8528702325972
71.57563349573256
64.97448859377306
66.27575095657846
72.10643334225423
68.23197291267905
61.16956072027956
60.45994023257599
63.097506987047566
65.20640350997864
68.97332861693117
62.281577599344
66.92036592534481
67.97094653203571
62.15033321753813
64.21335735445555
65.60431284374326
62.09234821833941
60.04640610403005
64.92753121093038
58.52332587061139
67.80574200970199
61.88170702283525
63.1602942518915
65.40552629074364
61.87692157396401
60.38980992084029
64.32322084547553
60.4681192432189
61.117681669171844
61.02838604589808
60.278298882138316
61.70121992660581
59.6411411144167
55.021157625779104
62.218749551710964
57.677729049192855
55.99745530569715
56.08616251878383
63.52434831707412
56.80589648476769
59.831409152414196
62.36556885102355
69.96546185949583
60.93014118811795
64.2357741505093
56.72298658259606
53.244399598593375
56.43949716867382
59.66110965632628
62.526726867226905
64.8445374808602
59.99822598079949
65.63452243057722
65.79963823385702
71.57635427271833
67.58352559892494
63.69364298628814
59.32495932832655
61.39595648623673
59.088248290907416
61.79828799456751
57.3896542442727
57.76264457641445
51.52484888282012
56.565836265912424
56.25637985875487
59.56965261167226
58.08640400912396
59.98171648969876
56.41432848987426
65.57825233635346
66.82184544578418
57.288545632365256
56.40159855017659
56.63940382875506
64.9597714435084
60.307690820545574
58.232476964462975
61.652112168116155
61.142620695618696
59.66376196524207
58.45229026935785
62.56101824514651
63.734648910931
57.644444081623895
61.05773883576996
61.509157873398536
58.614216086352684
64.0683164447701
64.14575288927705
63.69812704011195
66.51803166492451
60.78861051895445
62.64912232971291
62.27890435879223
60.7749473053975
64.76918543103895
66.27517476518055
69.37837671875737
67.99734971122237
63.486181048405484
70.28618386320687
69.21674302632107
66.52269164159713
63.54648767294284
64.27023714495189
62.134820581366064
64.50027111385052
62.862514186464594
59.809503206584516
63.85703903017963
63.55023456306757
64.14527612809276
58.01726516338447
66.35370800038253
58.978200452872755
60.10153745318547
62.155276552838046
62.39825857169402
60.07977701469807
63.80667029122355
63.88439037537224
57.25897623767408
57.17679504119042
61.59381224087343
62.592542641424245
62.47237268174275
58.81859492098789
55.94011681431632
60.160859380018756
56.917191690379425
61.739375043631036
60.51641784827232
57.992590290196134
64.03703744580362
65.65615420749607
64.06659286279788
61.19488469293441
62.15761852546809
64.24388935946236
62.143845584782284
61.97540440063849
60.04364194843285
61.29605355228025
59.47688658217147
59.78137983719849
58.52598142034439
59.65100570662102
58.15349146283064
54.61161865174759
57.491773399193846
51.26774409164196
56.04628532036977
59.781844881203135
55.422462539526784
61.98886861947074
63.20342522457307
58.727989253319464
61.80496512045562
67.60774983788862
65.20658143093618
58.4143166969905
63.733765452033964
60.94466715620541
60.5410528622247
55.21051535426283
68.82448714206662
64.19046509897277
62.00926298661254
54.82844066448736
60.23542507144841
59.243518566554904
55.195746034432474
59.785781052706874
62.26227241233362
59.213609292884755
57.71057300193141
64.80382416731383
68.32340164351231
66.88897365276767
64.65997849562956
64.34219961044468
63.668221852100395
63.46986799255264
62.6524394764439
63.726359990751114
64.26106206557957
68.08780449675038
57.45419302483872
60.7905542744617
61.82083903849747
67.65632958093629
61.22126759307548
59.99742117466596
56.80462350966529
55.312665682904004
56.87474198419244
61.971768424582805
57.25325362612688
60.84398033138201
58.106947674118494
58.03326123391198
57.079593233664454
60.643564849939054
61.11622738530514
59.81185504740889
56.58049379505181
57.84786013460256
58.10261251255235
57.94248399793771
54.872316035476985
57.99933714014362
52.96578116678309
57.951177195324014
55.35449413827227
57.76334402054199
57.04179413353439
57.44683790351906
53.122301804095315
51.60387047968986
54.616814289404154
53.66177230733223
52.49898351985212
51.61640639674507
50.65152771308919
55.73967507219413
57.842069082468335
55.760335753451464
57.225601267985496
54.018996026959556
51.0033769409465
49.6415622505174
48.644155778432534
49.00358343480992
49.46066877791863
50.25696966005775
50.72319803651951
53.64709138208191
57.40058653837485
54.82134719607085
52.350887481401514
53.591549134241276
54.02744073656592
57.53957093643599
45.27390525212659
51.37575683401439
60.39186486475224
54.551714148741645
58.25249581672013
50.656534506617184
53.723314004595835
49.98407277641027
55.135359353958435
52.666458201313645
56.797095404244175
49.05095175355475
54.2141757774653
51.66165982989721
49.78066699361421
56.91399692353804
51.89963595512134
53.70560013294985
54.01632114921385
55.62304415392453
51.814488250707456
42.60122794409286
47.2807023977156
49.03023396059991
51.29455722449541
48.85626143026008
52.48462542625174
47.25306932125909
51.730902730069204
45.4837034056734
46.95602086477262
44.466547458367685
50.94158489261436
47.61352344498482
46.09339450005999
47.16078133957535
47.687012867803766
52.86693207383594
53.62484290347021
50.30676154009936
53.58920214029766
50.60571398297374
46.84825776034775
46.486067421047004
52.88296587267094
51.10365263957046
50.35030385217777
53.4271994076684
51.76195830307035
53.2421156086872
46.241250385407746
57.07045296499811
53.92461429074442
50.41928851424993
51.066178931406576
50.794671548992355
49.92860885853852
52.95347027437379
54.18275765857431
51.151352537617
52.7724535948662
50.35239364633705
53.49151956886167
56.11485339066605
54.79668965008897
58.44189432255297
52.98801702676348
49.76654389314428
48.62614686673
46.69104931125062
46.598955216502944
47.910225869703915
47.80974143103196
52.95763516534197
57.3210986479983
54.717288146536724
51.0887567880337
49.973127555613864
49.19547422464337
47.940545998539335
53.60598252011964
47.89365560178362
53.751083206852236
49.503503997029384
48.82105279929689
46.33127586022741
50.82509680962248
41.69031005512059
49.63792111986195
49.404156662745315
51.079961751503795
50.17623488136902
55.86211877835276
45.9903946030744
46.40581773756108
41.310452479267
45.974119732360506
47.29666806264835
48.14775049188692
50.64820541740151
47.13881982538396
50.45653913897273
47.61741965408361
45.42081958214662
48.78074585160481
44.16273711877654
46.28441116060902
50.69577067596003
50.2268148475206
54.442635531307566
49.73438767890682
50.32098939842561
52.89632196112692
49.93941381113593
51.277360800152074
51.592783448200905
52.86693273609851
48.871862311490275
49.565759922358005
50.63698162573932
46.612180739604135
51.55883146541624
52.95758373006445
55.51753297030291
51.5600871743039
48.26328643420759
50.9090172866897
48.03231428117131
47.40785732271346
46.332807676880265
47.63890576007914
42.3877887515449
47.18769234222323
46.07225926382408
46.40737402813527
46.951144024756886
50.245299778035815
48.11710895000375
49.061541901573946
46.097180414352735
48.89140022065167
48.069146559052186
48.36985062520574
44.74544547330451
47.157839513892405
50.97989159870653
56.072148240499736
51.42349802344061
54.50123244174187
54.14468241115424
52.92041098324984
49.90379335532494
50.738461406021926
49.395117073844105
51.219678901769875
50.717215150921945
42.03434955667523
45.22847995994227
44.40266188909145
47.58315228550473
48.17461565075281
47.14541348665362
45.167216163634095
48.184728676246756
48.39333086236447
47.77169990962849
51.476278128220095
51.57539029006901
44.84149265584571
49.80697036330135
48.02220932121409
51.441379455861686
52.49847430140357
49.10984861956309
53.88653279275404
51.048333067513774
48.595102868202865
51.94953538239303
42.61960473598447
47.98254961256511
46.46145565397367
43.63037355155647
54.634357692042556
51.88433638689497
49.94636616483544
50.78445895108279
52.6819081549924
50.18466153850464
47.56014043753009
47.35232581820943
50.72626400677667
50.78554038081202
52.65120086486173
57.076548668715375
51.10778555320858
57.94100746777622
55.254044038341
50.158083019376555
48.78726178717447
48.86647542868656
46.55635977997014
50.801760055897965
45.68037510033174
48.417623277428866
51.979469404180215
51.550565309042355
52.24784814315388
48.13986706522747
50.08657833792018
51.27062843874073
51.6797637520667
49.71206566896213
50.2046406071379
51.72234356168269
53.9108488265071
59.736845946096636
57.75215773774091
55.44177673939064
57.18319283413082
55.91246735823833
51.82202459612822
51.71347773020366
53.80758343948346
49.893747483677636
48.26242957392686
52.2639300876998
55.14931118456077
46.39686821892151
48.05502254834808
47.51291468770016
52.82273462569176
52.53257203853964
48.49403076744352
50.33025327461468
45.3731270290445
51.55072936256484
52.434731389794486
50.532556962682776
50.30317347824004
48.71448071328909
43.16273771481211
48.7251159714825
50.65157277924877
49.928334120274414
50.751511669032936
55.39500156595835
54.88790968104275
55.187445360332255
53.652210268361614
58.48575536856137
55.73667216073015
60.43893658107325
52.27408154812194
53.74702757976316
54.45644262146577
54.54072325175311
53.75095993259656
49.926113869981094
54.25863012872161
49.85976877043694
52.02638868860413
50.611567377973145
51.640578290190895
45.52874758245165
45.01897124326064
51.69918610584585
49.70516552856809
52.880394845551834
48.97589461917638
51.637641411907886
48.02472883671625
45.79359904935616
45.09928036126664
48.12786490244338
45.17684210159461
44.08961779136569
43.5498610308326
42.66584679037287
46.714264648036334
47.727123108265225
44.27764905305203
51.18523363732136
49.11992544498796
52.14366365794447
51.85788131015122
52.67024457791429
55.21920807063494
56.76546551540552
56.032919972613925
53.90473215499979
52.230584209774506
50.46437149623896
55.559656621070026
47.9400640367312
52.95275536824283
51.80340318628392
52.067276071592644
54.741253746813854
47.18674905372898
46.126119321801
45.81876687806932
47.92806269387489
44.55260384454263
45.135532361645055
47.35484291299187
46.567840381774204
40.57504514215483
43.75190863345144
51.75651098838407
52.01069079329175
53.760373935290225
46.322396532626456
50.27571429768646
50.574003883103124
48.011617016464754
45.88506497637576
43.840453329664484
49.24369415958383
48.61610703470557
46.43822064224194
42.80897822849764
49.728372933515175
49.40511543016119
48.89082365116767
51.59356851631644
50.39802803459339
53.04449321195262
55.153443856856796
54.1975115717639
53.318582558777734
49.16620891682253
48.80209102360075
45.90897495839831
42.58313062867319
43.780565140338666
42.801552767283475
42.5638427009621
40.184424180674995
41.962478271757426
43.155747460583825
44.3014316527461
45.98551817525358
45.71003696696944
45.41150916557857
46.21819287153281
46.39070680852702
43.41625015723315
43.97569386057441
48.21750155642027
39.93744160177977
45.304827025102256
45.36461043189477
47.38936694065427
47.435863582031935
48.882835292761065
50.595879713794375
52.64572355231549
47.35696766239893
50.60321457172395
38.43298961694737
45.54872146354981
42.375595653634235
41.36463614083492
40.75030617580159
39.27677872010462
47.413354933370385
41.768788305726055
47.46717843394859
44.20983677114893
48.46540156510702
47.15150914010785
40.998610580957326
45.13981424268172
47.184067209543066
51.987288453267446
49.6944979779011
46.256973638373736
49.71599636047667
47.81806327208399
48.77500392750702
41.092736110136144
47.787923652325055
41.64143619907574
45.2031191174684
42.705384854428445
43.4506045394588
38.68957060071073
42.517381848932125
42.158473905036864
42.19827973171507
41.16832010996868
43.46742405472153
46.38962848764427
40.765859343871135
42.467514160072724
43.94154070246597
44.211564025973566
44.36824277746448
42.98483011530945
40.60847995228368
45.919880869291966
41.23699013420631
40.510362090311816
41.92659806766518
35.67041805422306
38.328108353558484
42.21351006936854
44.18994634053117
42.91121740960685
42.16913614769785
42.88158796152362
40.988150841908045
41.56483464635633
40.89840108245306
42.37923039010246
42.58970425278058
41.31338451579455
44.292097609240464
44.57021034118853
43.31932734901398
42.42732578724583
41.99294579813173
44.2934292075986
44.15796362538095
44.33014538585863
42.63434703251082
44.05449465145772
46.29490152147085
43.78526396518687
48.40624451365695
42.12059829726811
41.00519783363048
44.828493658969386
41.594373492713764
40.838297672765485
38.03079118359902
43.28762934196268
38.79197744495939
43.19176576346106
45.49260430479515
47.29035451018532
46.90678030611162
48.27157431352893
44.97287790969692
46.71110013530282
44.86004579758485
43.44006937234875
44.52102981428906
45.138161816551545
41.372427916536395
41.603551887055616
42.320862943739684
41.207745675127896
41.725732218067805
45.64960437480585
46.07664343540409
48.02979721793534
49.005266899709156
46.5974347237845
48.97799431232676
40.982656147416535
47.63680698469472
47.36560422850341
44.68789177004552
44.75747785945892
46.046466710653384
50.97270130341163
51.85302496762932
47.607233815123806
53.65515502306668
50.370797229052535
47.593433459699575
49.122326051461826
47.51539491591857
51.73863910842078
48.15435786926909
49.86715072491983
48.379747721236654
48.005538495490256
43.60277857903906
46.88657946669151
50.16108425015671
51.25555407297552
47.87517445837886
52.07513739395372
50.074269049953315
51.97195883043343
49.81861769466086
47.68558399936063
50.726704904218515
48.618137335298094
51.324603842505994
48.41020146608341
47.19219221731484
52.96145494378047
55.354599796843196
53.34254573654656
45.33512563995028
49.54401549221397
47.8662186294841
47.975019772400294
46.8043452011587
46.34638591090574
42.03918992288996
50.61622514683706
46.381531178439545
46.24991710714537
42.74497746626343
41.1304104031135
43.04539780825166
43.352573223250566
44.603815651498735
46.02946858641375
45.07353451397381
43.35481797672157
42.009453586088085
41.964876746260806
49.639755041435365
40.5574751071887
42.5673537329615
38.75888652734431
43.88530206947007
35.30715216462121
40.35764481855349
41.12114481650611
41.51638232743928
38.057574900150755
40.43465651068731
41.036193285041065
41.932389676379216
40.4699922468102
37.933170455772114
39.70336003562567
47.29041941354484
44.9726951047386
40.081832095345646
41.18186137541488
46.562433300533705
46.79812225461969
39.310878923683234
42.98420129358666
41.73444643876487
42.897907854082824
43.86645244110599
41.93263524688058
39.80610137822198
40.62513190817322
44.477322813389755
40.882030506447954
38.6833373572367
45.64565202248952
42.40297778043428
43.72778470069183
42.94001093075326
42.4388046600827
44.082405706887414
43.672361018383235
46.6131566308105
45.063190193410826
46.935375552300464
45.08794259105297
45.02364458574029
42.992058598345814
43.420895427516456
41.5372407895799
43.39143278023984
46.99633655233639
44.87949939718894
49.22127112521145
48.10639384664438
46.72494221643046
50.849254401980886
51.15004701462765
49.81404028994253
47.61651166399215
49.446214315104584
49.00376540115947
48.499451888611766
43.98665526282252
42.82949142355053
43.97457469028184
40.96738388374757
47.36777286285096
47.2653302730189
46.111708017011715
46.90933803805195
45.67064863462815
44.69901734085101
46.23311275178561
42.474802794840954
43.51121795331904
44.142857999153
42.75428450015654
36.076641280029854
36.79360779073509
39.852144699570054
36.45326777281697
38.161193208753936
39.88739529928075
42.43134065274347
41.39869136064176
36.77299374254445
39.93468500722377
37.03308177460155
40.80825853683203
38.34080794495532
38.236309803535825
38.92019913299912
39.2033979183496
39.149481001318854
45.03261214294993
45.04881754893594
43.74228024489674
42.480163066494825
41.98810952660516
39.09544482573457
38.820289642589756
42.21512788275966
40.24091965191517
39.90405692780557
37.861731343072094
40.6065819390135
37.699798563087555
34.125919317909975
35.192422412833714
38.42468044515362
35.47622800918801
37.66547049618854
39.29174744199223
39.76215328504699
45.932336099362274
43.902524901238465
41.53399765994827
44.41316529402129
40.30396769988461
39.59017856951113
38.78452026435596
37.117462058651114
38.69944411034272
39.04065074688475
35.4094682044288
35.44991449283922
37.07478213297745
41.95399237440289
43.16198899164282
40.51008124875346
41.52793864290951
37.64312563679923
45.310375079269164
43.71321229405694
36.46663465256216
36.13567728117086
40.58667213037361
40.51812470297511
32.99794487897959
37.483460231744004
43.59915604307064
38.68692405769431
41.05282380257538
43.151541296708395
37.82864748175932
37.10037707069478
37.94951631542933
38.43501165552414
39.50645953456388
37.181943273928084
36.12141353506831
35.32472621689827
38.61467752114039
37.18078435561635
36.4173230645239
37.5185820250774
39.593201265438914
34.74513983711696
32.19687869446605
35.60395144804122
36.03491789918423
35.22523845047365
33.63994553959197
34.70793966838151
31.37869552056408
34.49986046811004
34.232518605752645
34.794981606411305
29.826520854002194
33.798826186571404
27.48647732190214
33.63966996072788
34.994915652634596
33.23041178732531
32.67251448473809
33.07565465878975
34.8559371561464
33.8636594281606
28.02316279088762
30.80725075221735
35.0391068199271
40.095959525881355
37.21619317137646
40.95115616786987
38.9340059995683
37.87360984924203
35.82303736384747
39.31933212212929
39.5019329013286
36.038875403298704
33.23205887308881
33.64479540535743
31.478491479488092
31.781180847080897
34.125975828627936
31.90457092661367
31.9457272135363
31.703483327028444
32.10157667623017
36.922840513241255
34.70201338796356
34.759468398228734
33.30658600195664
37.38918078961716
32.413654097145795
32.27840515758086
35.27809186140138
32.1528519717833
31.511793934576957
32.680098764121894
32.69481258732307
32.39745740852737
33.22293042673771
34.9732213566015
31.44433861417333
34.02895736718825
34.70401031977728
32.456432719559395
29.580478145867644
32.873792640266295
30.19137819934019
31.64935860186999
30.726506247285574
31.224703250010336
29.76418351372398
31.036337526375437
32.39084662463754
30.982780803350824
33.28573737755743
29.804196869682883
33.65334721341722
34.69791186373227
32.400155405369276
34.82754880976744
33.46456667373654
31.208271135196565
29.720371664057385
32.05968662798779
32.78537986270062
33.232865415158514
35.91321403362294
32.639324248200666
33.418538469211605
32.62773914912536
31.05583330220773
32.73869844908152
35.593218042409404
39.5404613522807
33.806823179495005
32.815703273678224
31.5365474893331
33.78528674076334
31.418872341160586
32.719555860569564
35.07350957580843
34.84463377377113
39.033078653597094
37.36682838110349
38.39252637202501
36.6581342083774
34.79709293609247
37.94308125649284
37.4065082390803
40.50072753811566
33.18125391056369
34.25239836725349
38.08368737381231
35.544701461013766
35.310249646180495
32.78702767578864
35.770829666672505
34.9941735246364
32.57641443479865
33.22068506810093
31.439100364199064
35.345444028202444
35.227027706027364
35.855831340119906
36.03669662090656
40.98877022703655
36.834497034592175
34.14640512333346
35.73983123567154
35.450061022234216
33.375275932417026
36.848216273123306
38.800525437049416
38.08763155734622
41.766894712526735
32.46577440813851
33.23931422356622
37.63490589017542
36.19358540887183
33.208884217539726
30.401411388703124
38.6282202960853
34.33026802730873
37.088470849668894
33.798824411792204
33.81521094273568
34.523959844763574
33.26333794498548
32.76210672039772
36.33249317962666
35.335889503993464
36.80503962938788
38.665671304409486
34.94521896300372
35.641049671559905
35.93797162269405
34.55706203622066
34.47167106354754
34.393808491922684
34.00573748362216
37.83745379617362
34.175031732057775
37.94979128444567
35.96931443903807
35.676294862739105
35.722726265543706
37.560137879251414
38.96511583379317
38.5900874896967
35.8665993609093
33.62693071695909
32.0908321006092
30.897820670641096
28.10479048466561
35.456026134176426
31.615422098705878
29.562790189616695
31.609122442498965
33.14799255596461
30.85444132027089
28.950024254221763
33.5012478858508
34.91671668484476
33.60701563900804
34.4839693854933
36.24665938704549
30.952899098472564
30.090367159330423
33.46480192939758
34.37812638729868
37.23618865816775
34.36030985763493
35.55203479852218
33.05233036975268
31.059093204854026
33.60095431055789
32.60716092476507
31.858451675084325
33.64875178552721
33.61415856099847
33.41239306924671
38.53614040312239
32.65719177839617
36.10380333048947
39.142906761809
34.13751203247632
33.93226891929369
31.903626712845217
36.06385169532009
37.39400951201539
36.026806690867865
34.64392564375952
33.78250164423034
35.72960010405762
34.49697108492393
36.44341595099604
35.54252501658051
32.24813242181695
37.09684731772993
40.038231683895276
36.00786997763644
37.64733328553044
36.35027166738167
37.0944828676037
30.93911602220568
37.01434337471133
39.40598778763431
36.5227499509577
30.850330991686473
37.34330247015468
38.05645658028724
33.45094267895692
31.706492504118927
38.02696461527242
35.353986919870756
34.77364561244369
34.21905105473293
39.80415848423072
40.26242707325234
36.085929956165636
35.71031322302649
35.07307021170412
35.376752661177136
34.74457768418037
31.75050183875258
35.37305993777895
35.49799940204028
32.14238237839537
35.75668818536937
30.2733046846453
34.2550422179732
36.448059950086815
38.749523258964004
38.33218017844644
33.00990238868816
34.148905025936024
33.24485749641127
35.117402150440846
38.94678580859067
39.60472325263836
36.4248683533208
35.045792194741665
36.6105125922667
35.81148404215046
38.22879824178086
31.983402949217425
31.231014614836976
32.44995094622935
34.097042309634595
31.878026802041767
31.75138075831983
36.94870722545758
38.26902676373569
34.635677505587736
34.27827254377725
32.21631323809515
36.43979065411239
32.44888588139844
31.51568972084315
29.593257606016213
28.54742145043263
28.069904297410105
27.567060363835576
33.03312186078151
29.834441507042
35.14828074956085
31.777229921421412
37.22609331195785
35.40647713557432
30.242199012263463
32.262283696568055
33.59716776738101
32.64206021204553
34.61273845896845
32.30465771841711
35.12014592833786
37.00857703660587
37.80422423052683
31.318525900126048
32.346601804765726
33.100099248224936
29.79753210950789
29.749581610382037
27.833440299966824
31.23032176080953
30.175938017903608
30.687009633312837
30.893714795324563
28.32328701604367
32.42320309595002
33.69815259329026
34.22356602328285
33.10304880172774
34.273088676736855
36.23964200911209
34.419443938278
39.40878202419528
39.0572192082593
36.61675944550204
37.16377605895847
39.173967853268664
36.867803818168106
39.021487663948975
40.455283042462895
37.095885271211415
33.09958292957714
33.970832931680924
33.02900142452733
32.81803319262145
32.07503902695023
32.50348762918313
33.74949479502882
36.199594247823796
33.017181117793555
31.368113495589913
34.78718581511164
29.63650140530287
32.37638495360788
29.27978635486922
30.31413640006904
33.50281154182549
33.490288805381965
31.361766671324514
31.748648923891487
29.238944620127196
30.161475135916504
28.496871908317495
28.88481361904699
33.09504133124952
32.658328720980215
31.409400932788767
29.127203161311073
33.06915919484956
28.598437113191103
34.48463468024051
35.079045513502386
34.174998765482044
34.700560903475086
37.81485740682536
36.4372553011417
36.42604938866807
31.681068151331054
35.264173043434404
37.67853534384849
38.0940356834278
37.046107905165194
37.82710241799392
35.98115797437598
37.60659998591913
34.35389004670095
37.001050434578296
34.93433696770268
32.658952645492924
36.99126547461129
31.068059432348438
33.788213755559326
35.437478330681294
32.471110679082216
31.32108452760147
31.303397864705317
26.68181320873068
28.867844575170047
32.80070630385512
31.10901411130725
27.661014534062314
29.047572492087042
32.08851134256702
30.847974136917543
29.246051627163673
32.36345676414694
33.91729535006588
29.173623618241418
27.79928939661683
30.990822678254734
34.204582030574144
33.95133493624208
29.66923150638646
35.20641679482475
38.939871405618824
38.24413946593255
36.71394030272765
37.08500447998102
35.80565980372177
30.81980026573775
35.1001135551895
35.58287094035929
35.41489365322409
30.683234428481438
32.72376057557935
34.586471683392624
33.27582713495777
32.02273742592319
32.55262573068096
34.31137766189403
36.28289006073852
33.69792836245838
33.50580814326738
33.98887924636492
30.308886073428734
31.793257483625524
32.20547282652234
31.21495531093027
32.562946482136105
32.396071603813915
31.45568615500434
32.052996740732205
32.49494612791442
33.90844292869293
33.41006502948708
31.42906913042985
32.8077176252631
30.244793754827057
31.64773782329824
32.29100505144793
30.3116505775561
32.21672089778109
33.28065816488321
27.03032837971368
27.880292943637695
32.27093297673444
27.597122532559123
27.004660743973908
28.84871600156154
30.438755828869706
29.482867137432
29.77475869030296
30.44129925376332
31.637618918217505
28.172440869691144
31.25730751342767
30.12659480889282
30.41526635652919
31.96630417763311
31.03475744223176
30.76147465237834
31.010805276895542
31.383653119651626
31.195455380672
36.272636376529015
34.03891290475685
35.566585502570184
31.87317659726825
34.48912306902289
37.03446085205176
34.189213848195045
35.54390639572967
33.527224508255514
36.00601668702087
33.411110364303234
37.179311748028425
34.27316207691801
37.556878802684835
39.392131466315895
38.39477116213908
37.18754896130043
37.27329159983889
35.09794684468106
36.42820566713488
26.910740183659936
26.900595552781873
28.926204220667092
29.81935343322203
29.1792769407717
35.26376381952277
31.06901455243575
31.31325879220541
29.646648998979526
29.329188263880887
28.477830374880433
32.165043100321455
26.102268546531796
27.20695141533681
28.793871211965616
25.542069727037426
28.123136107396284
28.068807116454558
26.902848547478193
28.59010952681824
27.112789448467705
27.730141229142383
33.210663748337126
30.831319478618408
31.518122111213753
30.202262332524732
32.28252841116926
31.4559940695247
30.18876137061922
30.126151322808017
31.049815609081357
30.842074799793135
30.547282102908053
31.413029238555218
33.304924500763356
30.597519396108982
29.23406424489408
31.78467829849908
28.26592626189209
26.92374412171401
30.664123542065155
29.328931930420513
25.30507271226632
29.262564993071308
29.16078477894748
25.494914000944696
25.4885160215385
29.38387014972635
25.0550592190969
26.45885112210819
29.34127751036827
28.819054335725678
29.51734574740349
28.75033690350635
29.86390722842135
30.141437267255675
32.360985418762915
32.42361223881242
34.08723887469246
31.92202932975904
30.14925880950638
31.547150881412232
31.013277702016396
25.4083132228428
28.125581142330294
25.432204843417274
24.8006833348693
26.316972605740737
28.363157182671358
26.894182485926468
26.448828623696173
27.984285257754273
24.889516749071753
24.144233555901113
29.196865901788982
27.793205765222183
23.68489643699008
23.488829842470633
29.31976483172267
27.797370074914955
22.072869980984482
24.840052163186876
29.37916668214122
26.062554606509295
24.85169920098857
28.991448269217226
28.18262342876031
29.023245682344996
28.170751689672134
27.140272996804782
29.231058278654263
25.05665719831729
25.162305581272005
26.89320105132153
28.895012268528518
27.26117985745018
27.7323315777082
30.854033718243258
30.460682924408573
26.944152814693062
26.277274346941645
28.75197094746167
28.74063998723537
26.05218017397804
28.42503917461129
28.49655418391776
27.543320189748503
26.127841456856228
28.545672219413095
27.85674541313535
25.282241252699222
29.150509360448694
30.38445276077605
27.057227898631705
27.579918362509375
29.061099311753722
26.07808961786832
27.3002044764265
28.820138100137072
26.813534890894097
26.533099485029766
29.81358339008888
29.706911588457924
27.14502859102263
28.56745565612775
29.30761198647667
27.574394590276047
26.741784415412997
26.326814768839423
29.274743896835517
29.375543111756407
25.599373333708897
26.296269263927044
29.509664302562943
32.00984578340681
26.586002734448666
28.39756149083053
30.39879200799211
28.93514858309644
31.16753594062844
32.02076383824705
27.74120822379803
29.812003255519745
30.903543138707118
32.856519417933804
29.768550948177953
28.602815357347982
28.907584045988834
29.259135713736846
28.28587897334678
25.4938194964132
28.484232663003965
27.583332625412158
28.563066613470177
26.856132752078643
24.966243962691024
27.424567624508764
24.11125320610875
26.2950114417222
26.19584469550601
30.23828257163219
31.764241653358273
29.422167754788774
24.81914720619009
24.593566275812517
26.778395786862628
28.022874884399435
24.86514932228244
25.713242346699744
29.117121719823785
25.951607845687658
26.767681503421684
26.951075020262135
26.243668737129678
25.205384114037393
24.658094337767146
25.53619105278683
23.53289520010255
26.192601285636737
28.648162635040507
26.642046641999485
26.456959206958242
25.546434034518416
28.443087302827976
28.88278250073262
25.49985699883234
25.057920088321158
27.322686324190173
26.024268377201278
26.27154031118877
25.31272594867927
27.26306132960181
27.55015933555727
25.401242838466274
25.336801601393518
26.274258789472423
29.700514346704246
26.491028893239992
24.472308262001107
27.37495951265796
30.528803243277817
29.309951918080642
25.38744883285237
26.064637434008183
25.085095183240668
25.41406787468236
24.161822906885575
26.55321740217105
26.88412113658884
24.737967954975183
23.04468696845991
27.88794117403411
24.067190184094652
23.84482569646493
26.037589609462767
24.131545080531197
24.255427301021253
29.700096676477962
30.651432822394735
26.594506855439104
23.403944999803624
26.55235981662151
28.216799516108686
26.10633343922982
26.95309460052099
23.067251293286276
22.53400146902503
25.290119009735687
30.267450834047768
22.886707249185502
25.876026521918774
26.311758966180065
26.319778691182208
26.07063997743955
27.105761595854894
27.147190057515527
27.27448924782815
27.064901648196937
26.23240877750749
24.919715600354056
26.566110137484202
23.876378603042614
27.075394944185874
24.770117868357037
27.34233514222845
27.657987930523333
25.933743710555728
25.6962253134766
27.486913134984253
27.709139512844413
25.11535879242295
26.774347276689294
28.35215875662397
24.873109378294394
25.72007777855044
29.445422903637
28.05194141814843
27.897602936834602
24.601793803963748
26.25922254558999
26.320181685956122
25.07994354244569
24.803260836592877
24.932717038205755
24.869815284899108
25.167885889824817
25.19322042957059
24.10929821733986
26.482484174941465
24.095220506026344
24.626835105905325
25.2589975199731
24.931974482033702
26.21464277046234
25.038466233601493
25.731878249903648
27.47202980776885
27.30688987830143
26.39206967557053
27.7466558691283
28.093421812227543
24.85671614889728
26.686394093839503
27.771295269515075
27.937729210117276
24.78711261589181
26.694915688830193
26.224789611619226
25.433343827971484
26.680533788317316
25.359069565615435
27.8354569487636
28.620274591358957
26.68112213399164
25.929095828034892
23.78185764965938
25.625933445374784
24.89171477530621
24.442602043723554
24.90797370246105
24.3111696269046
27.434327403251018
26.793388450270832
27.91856831276346
27.372223356389267
27.16510524996093
27.390402437119274
28.036603759000357
27.85370583482928
28.14760788099839
26.090033464108146
25.951813393214742
27.078209928783878
28.164144247183348
26.62335990416856
26.71638790537906
28.759595695804723
29.784249148414037
27.358551353096637
23.402733328470102
26.381449955308558
24.537628144765314
25.17579225838308
25.288618149451658
26.007337599780595
23.53569483085057
24.576055012636207
27.720634755364816
24.157974171734008
24.942693508825222
24.911335483860338
25.359589429506578
24.733516338837727
24.427913160581983
25.01400703459615
24.97071098294418
25.63225929728751
24.089164680620186
26.97917998253483
26.53792400228646
24.119319644665197
23.94754852985583
24.847188737208512
24.73732562004536
26.2103258615245
26.191519083488103
24.22708133626825
26.317342598035502
27.128725493698884
24.56989183991516
23.547657034444036
23.29296473491929
26.416544454326658
27.025395191989087
27.953588936063166
27.14921030375353
25.71189851362721
28.697234461938336
29.69613019671872
29.593795500206152
27.789317840163672
26.46031694043828
25.46888284377695
26.568326616325876
28.71639540768832
26.41349454778001
23.056972124855065
25.698777176879762
25.514346476971113
26.608759111578966
25.175587398667815
26.7579917910061
23.176922493587586
27.487473870555526
27.186014385314365
27.211681324672767
25.87730525501326
26.034734612835276
24.276730023920337
23.89413333591213
23.9231400931688
24.353393899357133
26.41042064639074
25.575571220268266
24.862965517973144
25.851920291830247
24.287636764641082
23.06653891565741
25.18987559119543
26.619710147247453
22.373683552505064
23.144851087883318
24.851530523795226
25.73209557409824
22.673171238968656
23.06217434435536
24.383895447056457
22.92693071371205
22.767861170442544
25.47232376422718
25.2768909395952
22.7873547892118
23.72385812309433
24.384548706965102
22.89389811460118
24.411154202263525
22.951223612003137
23.263310891695124
22.730737420898933
22.513003107841914
22.698329117577558
23.173864274282767
22.54356306304796
23.030990006183405
23.18828385268854
22.646427314765663
22.457143102173962
22.632366217868892
22.82151431098859
22.48364308970703
22.548041848415178
22.855148275404094
22.976739102506293
22.863799528738262
22.381689736224065
22.932842864207167
23.29190259700075
22.63479001571834
22.562509568850064
23.098947307020197
22.75195693668228
22.84036459556605
22.677776323629605
22.654939915305377
22.786134604360075
23.002625964214776
23.20830642885276
22.730408598177977
22.741900651083498
17.539605402515257
19.303814908715353
21.352819741576667
23.73065276204018
21.117422261532255
25.89884181335484
25.680701093097003
26.355155813237015
29.428266815564132
23.02999279835623
26.05106555965888
28.99513782603458
28.336088830526094
28.55315601863236
27.35173612007371
28.62683581239689
27.069457754459826
28.222321586716262
30.324209678167406
25.045951571826155
27.113159949426652
28.269458318442286
29.07577339165916
29.02904311537216
31.968973825392386
31.155567919187884
20.03389315927672
22.63324170644725
24.397854921710014
25.535636047323614
25.40986749912908
31.269244598506813
27.66682749483586
25.20529733641895
23.524396113064366
27.828097374043
25.608042516189645
25.84260312367332
32.97030145267097
32.013506780429665
28.24710518590755
27.294311229170646
30.836296641271964
26.15593099052231
23.35571212944714
29.42000376771135
29.67637040309225
23.554300845412897
25.38098445991877
27.01203850153245
29.84088035960315
24.04985924451941
28.951406945187227
26.073565500382703
28.5248916952071
20.58323594594166
17.9369721459687
26.68836147221107
19.303670718848863
25.38714701191393
25.27136491651788
30.32465614867452
33.804890303911726
26.963395052928334
30.298626284846158
28.799447559978226
27.19796633698377
27.080520082949256
24.416056036930094
23.965962313797736
28.43916053671996
27.998516389237917
23.211512288376763
26.18246150019328
24.555665909171484
23.08244712627058
19.192796489377344
19.874358977329447
18.289790332592727
19.348268878691655
19.766355846979287
22.18193168568191
22.745001256855325
24.811914443899255
27.187721715325782
28.507036409008492
25.11528124782176
28.39499231452718
28.056490710220732
27.383844069414845
27.18473071529177
28.05058715286927
22.69422002428358
23.37236034136902
25.498370476273553
14.958434862051767
16.961192412243776
25.611481324246526
22.94093164918019
25.14637537127986
24.408275088680575
24.618886385641616
22.02701723629437
23.661644834973504
19.822611319056858
17.53449059238665
19.16719086644304
24.150699881253836
23.96644970560604
21.585609890382806
29.743255718487635
25.025209570487178
24.435409204353196
23.42812015121832
22.678079003092215
21.2768884943303
25.86489583276244
21.10940231273623
27.404575256663946
26.556172922650276
24.5144773699067
25.479449776435857
29.036064544313703
28.605391801780762
26.729369398712535
32.86280151063898
30.447136255611394
28.982442310173738
26.021503677548008
24.174655194988976
17.562837365968097
21.901507918813905
28.467713786056553
24.95715127205017
20.86016338924471
19.115779789906558
22.009515212686875
25.816939167198633
24.077876089818425
29.21665077333634
27.310186022620737
31.89593173098672
26.73160650114674
27.11625193165742
26.506101924038326
22.83587913329393
28.017979608967902
32.599514870913346
23.598344448965545
25.71413589342316
32.20726392807474
32.30253203132457
30.89041531342561
28.64977742615455
28.88218350955125
29.929509078790115
29.541812291119864
30.688913146113105
29.71421701012197
27.647072028611422
24.98081054946058
22.841720436582293
22.923508833045304
25.97680452739754
24.4617583621052
25.0068856032378
24.061370101009015
26.248627250188996
28.58974988574081
26.728577364787203
32.60402969047197
36.05220430921324
32.07265115196646
29.989494973344236
29.76117608344808
20.084428787347687
24.196854583737135
24.707337150343648
25.159216180783645
25.297291166897885
28.94205324883692
29.534901510794032
25.643985086873045
25.16423174396932
28.55012272868109
26.76588669242522
29.430032363728774
23.911905954268413
26.91550779257254
25.99652220808116
27.509178763696195
22.994511950562448
26.9346147189999
28.090591215855188
26.01720462500768
28.550552460671202
28.354374394346305
26.007779769435945
29.936382147615433
33.90739773881148
32.114606616432454
25.19562336046759
23.676758775199627
25.382846171241514
27.704763823045123
26.643421863032735
24.420780078456783
24.447185124218613
26.315375821453408
25.690986253075735
27.98156070518101
27.02472362490814
28.159595643770135
28.976290928550398
27.948064358117808
23.038438634549735
25.431994832147613
24.486012922359887
23.84236462599607
24.854285234482212
27.052428193614578
25.143996112648775
24.35326722678574
25.13541286448878
24.872311868652638
24.263091441937085
24.671034359413117
24.404216301090347
22.947098165180787
25.138250771240404
24.06590506617389
23.225147073461226
21.614186867559038
19.15967152431169
17.47168790213326
22.061414207874947
26.6286068733311
31.875215565241824
26.696119872200594
24.09150747574465
23.457934195507413
25.02950434199824
28.308871235690205
22.85488938446092
22.35769637140356
23.30566091959986
30.77256539489871
33.405625147270484
27.640258849836126
25.594495018791157
33.466379586882056
37.510267828386766
28.34149333174673
26.712324694971183
31.587926945555235
31.99372133615649
28.7631860541353
18.07509685552719
22.539587975079765
22.083386332329646
28.20326108953288
32.87410853396876
35.953063907696055
35.27168732887791
34.58584559939401
34.31746429227598
34.58941697424882
37.366870438188336
40.18691028480559
36.73189700549878
36.54762827983501
35.38856933694993
37.2161696617481
35.00575291509278
34.43041293976382
29.743720258610097
30.738819807559562
30.682683786241768
30.88130224937882
28.748083349657772
30.487845104120094
28.857833371388466
25.66675641512923
27.421789211771912
26.952218316318202
27.097287590376755
27.404909968536213
25.90789953088163
27.525422664093984
25.127772487868572
29.12987216969786
20.7888430510563
17.443808124126118
29.253611826043326
32.72206535645444
30.675090435054194
25.986127019575605
27.48689679181679
26.308107583094007
26.107158377792917
31.84515896432653
28.85284430817498
27.646198990894362
26.128670934011193
31.58402584264052
31.572419599178055
25.204360546570314
24.59182596475612
31.085216370956243
23.86660223071223
24.941426224070472
19.0839212927655
17.754141864819413
18.980680478430955
24.15793928307099
21.37151322800932
19.85267059875615
24.53613448968453
27.438941225555297
25.60748100443193
24.15063707832915
24.53098330950338
21.247862667239765
19.0003468178911
14.182597178626999
18.42637807727989
20.55751383325207
33.19742756908955
33.06414968708308
29.276632517190418
32.00474399496693
32.200310366271594
30.829920108530363
29.819454672111853
27.082893600179514
31.51834499530615
27.50402877522571
31.29988897934946
26.615053513071086
26.356972024111233
27.067412917040006
28.44195337712774
22.899320442741626
24.69353542352475
24.449971894798104
28.428192081580768
29.551806503731864
28.598076392115946
31.72945062752644
29.9505032242585
26.618365252837258
24.409831819245923
26.152773243956872
27.68407101384042
25.140565357877332
23.16779160680237
26.569418928290943
26.121467868332058
23.88577675656757
26.23740346389508
28.322500254900852
26.088492666551346
19.43701036023812
30.996730692322185
25.927834387848108
25.7927507185359
21.199757232546837
23.688069315685087
23.184306085162167
24.248520540044215
29.4785553823109
24.077052749866617
26.56145500830491
33.061593569218566
36.19982224946061
30.195765092969037
28.493899156153574
28.685295962632555
30.085452100031567
30.599292456044058
26.204953714829998
24.952267443557922
25.3587558642222
25.25861644971263
27.324108471312858
21.049396098536278
24.180815712649455
26.470326326436954
23.869188367652278
24.59842415491268
27.910325909302244
28.418977264811538
25.983934787072982
24.435574542779776
27.555452724322937
18.600451501547763
26.60610938774218
24.78375109160723
23.14672882348314
22.466776090843112
26.449832974666325
30.426359819474047
29.578774234649696
28.777311764491518
28.209922473234702
28.95418923307727
26.018464595953134
27.58312629810801
25.8351423658417
25.76045929140114
21.237825239545565
25.063047814612446
24.034543374842073
21.611846851610284
26.345295504307376
30.83066955686254
31.49999756176643
28.393983889524957
29.796704051263408
27.843536279904974
26.245254095530914
29.55802948920858
25.209338157640797
31.0052012955965
37.14585720383454
30.876334888139453
30.298797563255466
27.656619952178627
28.290953006158233
28.56648887076647
30.82070321729319
28.52482440032437
20.37353388914607
23.612548378550837
25.01018967809152
26.20441658015078
26.165564730730843
24.905358356344863
23.946746403246422
26.305692477361298
20.764172668397897
25.743572580654654
26.642819867700446
32.60084524858557
28.556568552454454
30.56971399434859
30.03907409691167
31.827938828032167
32.06752170368953
27.99957203331626
29.33700628170275
30.47216275792821
27.205533140213753
32.991350314210635
29.856554788451295
26.354071061294597
20.61059663400036
27.498646163712998
23.540690860336397
25.610851887596464
26.011814521770685
26.036028874730018
28.147770220715856
23.513618975146688
22.49270891273537
28.707213991050004
28.134351921538
23.737056338442194
25.12421471532412
24.943219334121505
25.283061672556215
27.990895279053166
25.964204825724124
21.809739303190472
29.015115242700357
31.25845622147729
28.485779967333997
30.117160834597335
30.418867321669758
28.875294593117
28.2052453751969
31.99602588569067
31.150230884591295
28.89391755639039
28.40382095893358
30.027178520029437
27.260331309141275
30.305093140311993
32.10226152498792
26.622102480429604
30.711982435156887
29.826748983473315
28.723352748432998
29.577993472698637
33.37250000452565
30.26063477644743
28.940286603020823
25.705269328181384
28.922012494044438
25.799656485946695
24.39077087720394
23.83643368962613
28.185134179118855
28.497619963588523
22.121050409903543
26.160837721763865
25.144303158610455
25.021093074279076
25.888676473648946
24.56734365426174
25.060998161052552
24.003132921567417
26.114490491763025
25.554348553641713
24.23665739300727
23.82849579497357
23.096764386873218
23.27153125458418
28.243489634783597
28.401327110181466
24.48095277639366
24.26415592545473
27.680651204276337
24.68701691149542
23.65768489713616
28.100390956151067
26.228872461464405
25.871785047410103
27.693404072570512
24.0160809079734
23.22926300259944
28.760062735068715
27.97047611774432
25.616929138985306
25.6296417276551
30.464036980106798
25.553996016372608
22.477271419110494
29.436444217395774
28.246685666884943
23.469790207060104
25.79804821809284
29.50454405915801
28.722239642850447
26.018584254774474
24.62402027530961
27.11930041831486
26.891621385811717
25.521370708442806
21.856085973700782
25.10437250343927
31.650025671036918
26.051907246246493
25.21197808280756
27.256569310386805
32.62440485010725
32.64153721250925
29.86872877598738
31.358621129218253
25.109571232868657
22.346688086031907
24.569490403328114
28.63648593486042
27.496507712521524
28.921851542496896
27.179752387988533
26.099343816569718
26.486273034896293
24.27216062627447
27.094895272646767
26.022272991805565
28.48506567759921
26.455299222061043
22.19739026029501
24.366440902243674
24.477918714207433
22.188748263506646
26.512215898925835
25.778397627192867
23.108365154273034
22.574448252260567
24.245289634467664
22.92786816905285
23.13463938013086
23.416752620816133
24.41755787696634
22.743716563246057
22.740112221485255
23.22103291131228
23.43608629528205
22.310169700078028
22.641231998283928
23.433787375633145
22.37458359454942
22.427588537510687
23.06934932573373
22.167352336959247
25.99542719370421
26.556974737927494
25.13408840891482
27.73290035062031
23.80120638008866
25.363467554711843
24.043759200014957
24.5909029158063
31.43077308229238
27.686294689670376
23.109870378234476
24.61767429377644
23.594740409121712
28.511963387482183
31.606460062087777
25.40836537212403
22.59426586711804
27.703711238702702
29.74183928826512
27.116295972721737
22.177323545476455
26.547255872532833
26.156466407440575
27.244976426784888
26.510315482570853
24.954279699178723
25.232974721711688
22.929117009049165
29.02070147891955
29.50936015544508
26.1354729802575
23.401896566512267
24.11158350816067
23.9957090605517
25.993031734369797
24.650228320326555
27.96414272207627
29.63758152933111
28.2487125300048
26.514978514561346
27.662051608543234
27.095651227557678
26.039283401354588
23.76972190860168
24.204032209318278
23.714356648074073
22.259687666196815
19.08720660553531
28.094807609720604
23.4652213045418
26.232700351262775
26.481762722346858
29.188440210666343
26.975058209932172
26.088927858576234
26.36705696169765
21.909956990839756
25.38425326138206
28.84913028489941
27.590453990420578
31.682424086754718
29.711438288961208
28.137386894902146
28.09188341460752
29.277462368541574
25.948507074302334
23.798093245014115
27.74247555102613
27.160618275547623
25.73684559075329
26.673064031289304
28.58776338523603
26.212879132371203
25.43760379852683
27.053910344329157
26.4231958184191
24.02889987245499
22.236404028565445
24.01641319790625
24.20431580902052
22.36646814298604
25.63594442262638
26.60756334873905
25.97309284925116
28.401111787670597
23.972083156431854
23.765418446661588
24.46572577275809
23.68021405208368
21.631715784653665
25.79814839259911
28.955940122044385
23.505563864226534
21.631927520942387
26.289743474649327
28.011248451228568
23.082921219440394
24.20810084284173
24.175133393604593
27.523637821294095
26.48902944044707
27.154037210527626
25.773392761171394
23.62684762751803
24.715949834391385
17.151147848399614
21.723660830951303
21.51758116868582
24.608032292047792
25.94605658305475
25.01782284348668
24.21232314503459
25.415052955251376
24.557160266087703
27.645937243608284
24.575794269807023
24.848573989240467
31.53529483484645
31.98234467963177
28.531984197402622
29.46895165055146
26.392173016048766
28.99779158058589
27.360310328161447
23.225917200598378
22.294405846328992
25.252094667416763
24.501998670192588
27.072884380672757
27.097088764442088
27.58801380045525
27.694822020064425
29.445537848116956
29.94253139753756
26.56075805872549
25.389648585611557
24.61419393495172
25.779202039596967
19.611468074842513
19.024838538722552
18.680960031684766
17.91700771213881
22.79103605982069
26.38842204883018
24.858984552327232
30.842363388934572
31.58487265891191
27.95611870380526
29.500251301485786
27.997178785664246
27.049698243666622
29.634391960840595
32.32337351396969
27.819889835377207
26.24406777287958
24.533726021846206
26.406024785654463
25.619674249416168
22.22231407555325
21.725961522150445
24.915655427979573
22.38749740074978
26.07923236048533
21.907482623403766
26.485748737218923
25.079699743985042
21.50094870216316
19.58760718715884
23.285805687261554
23.90522522949079
25.030789114621204
27.842213771670153
22.970243904296204
24.4381950389007
21.130776915508804
21.654233205144582
25.326826654793273
22.441224548188274
22.777652066472115
20.544421484571384
19.10728795822457
24.111194891024574
21.139497119953518
22.52728561003023
18.284467921706792
18.450674613860485
21.797177823432484
23.618565019781972
20.146959105712043
15.130003803908473
19.162271624488493
20.24521109962906
19.706797372595485
16.357970398466065
14.253298411026199
21.669040456599372
20.8787100508252
22.18590522595614
27.888082724323564
23.09049889764303
23.231286490876474
24.925176015647523
25.32472928610489
27.128963929618113
22.0161799292402
19.85569530421039
17.152789788599218
22.628805086511377
25.7956881362068
28.68153170201142
25.26162268068994
26.6056132597772
21.987023494506992
26.32599465407343
23.824242176529793
21.367842554364127
19.096315708521043
24.453124702939878
23.955585493215594
24.174607761750487
20.655225842917716
22.03843975506905
21.220965236353777
19.455426278370386
21.16891854406757
20.073507265335287
22.473764991484423
23.5764489995853
18.91486785211746
19.32138465437293
23.719034900441365
22.98841843138065
17.6513709210095
25.922143728660455
22.280068536112353
17.690458643846288
25.58792354470323
20.34376513719557
25.424034151509645
26.944401242060156
23.353386842502903
22.404994220076386
29.630732970428923
29.71033981587812
28.386371523596022
24.797111372243435
25.122003236346256
23.67179407104974
24.364550172181033
21.281058393684837
23.90898591528195
26.445334304372356
21.094691513627886
17.350911780134
17.065508702776867
14.888590679419183
15.699080163784634
22.14505314326605
24.040846119740547
27.01950853778229
22.46884702455233
22.77124236450431
29.108940029473953
26.585847572607143
28.032635376221844
34.78474687454264
33.29507648212587
35.871524552513335
33.708132398807386
31.859185486211967
30.17742562050902
30.54856391818269
27.98197595040707
26.163015360416193
30.34700538358346
30.348481825855824
27.351488198522507
29.454158330220427
28.772389268058213
31.242978791995856
31.596623706801815
32.897993122112275
30.530133455141545
32.377605191725166
26.092127457780297
23.80530660234214
23.507033249792084
31.073936973296824
30.75071338284917
30.019804902138993
32.26879266715824
31.765977765897986
28.596237346054973
27.477633056265113
25.26800501849668
31.821229586036896
29.313203252385136
29.516047228315752
30.79188008125834
30.657692809305008
28.46536608122996
24.80391479698975
25.30431860353318
26.90151553586119
23.760147191282595
23.188615491225274
23.70247356353829
24.647953003049846
22.238722367947258
25.28470870273483
21.730713008426008
19.48941062277003
22.40488698895256
25.225234586891446
28.447653175784456
27.64302410542133
25.391334690248524
26.80471659826843
26.84958121387616
28.264594953378865
28.13834668977099
28.879795588986216
26.638435650255396
26.68051204511219
25.907860797058337
25.737929510417715
27.23562841580183
24.523879796466172
25.041321382729947
25.270047559766805
24.49822026879724
24.007834676184086
22.756570220357442
23.057532069892844
25.38586612443653
22.63698757224689
20.932097356163464
25.816144928236625
20.858724498175025
17.127237426495387
24.98219682558496
30.743499530215146
25.641211586123955
31.55334622112756
29.1740897262182
27.941894051653854
30.079945344421823
26.767488743201692
21.714863109019998
23.581022694330155
24.74348906778573
23.507394489256402
16.49171638076591
20.241629351216247
26.124593455449958
24.97228566892134
22.248670662727253
20.984628275890536
25.746523083507274
20.075050670804792
24.26350092712064
24.163895066275877
23.986421830421662
22.747907843373426
24.165408705028934
22.91616975239054
22.672764821959053
23.383806489503254
26.488050303214095
22.574571781213887
22.24656154136579
25.850064873091195
23.124607875665692
21.925496954676643
24.498451993283375
24.374673345305546
26.123250377174134
22.04334618185833
21.120082957208115
25.77093283975366
26.2619628476843
25.520944259514337
26.42369081613949
29.71805448590039
26.788801811956127
26.04742154089613
26.793294208489016
26.905467207172546
25.92231070620476
26.730340045843196
25.664373635694037
22.676686184867123
23.723060078836742
24.188441078293874
23.82450644618383
22.27932149992928
24.117572363397212
23.014218253643595
22.60361306762235
23.732559787544755
21.88051540617944
27.555471065365865
28.73307723889626
25.987734466709735
26.95931324259607
27.459076935058274
25.194763701777436
21.9730998720705
24.286736767411174
26.4766264575082
23.004392941536935
18.78234157251594
17.553142106577628
20.318692672157585
16.969332967508535
17.79768102474883
26.177621094674322
22.36978154276419
18.13800399244119
20.804602717630342
21.008298674629977
21.416697920884836
18.393216221579593
17.711593242683843
19.172413908443456
19.513961574017195
22.465911607687076
22.994469476978228
22.269084686631643
19.121241670903828
18.198473438383925
22.501226101757016
26.63023650592111
25.9898806632153
22.07541517647961
21.86890861798678
23.90905077239147
26.270146478627904
26.01536384749486
27.644777090614774
22.28246867931989
23.167193836647513
26.756932863097074
21.927947118056217
17.655157087326792
24.51732358913424
24.527649006715627
23.98859911567706
23.805039967372867
26.67518871083438
25.100253969666884
22.94942057970302
24.974932669036875
25.903211505818366
23.36859860370954
24.95308721297621
25.011214938701052
24.580643913709263
24.879871513526197
22.459752694266697
22.494953061096805
22.949896130645968
23.35070297208571
24.330183977688296
23.847048830683153
22.94333886539443
23.522629004399864
24.062585506770198
22.4433018969961
22.267199231881577
24.383819728729804
22.93333081930534
22.51940704093226
23.31307829151625
22.166503156580628
22.14118450833118
22.628916397623517
22.345468209834397
22.257593045931603
22.269060598043716
22.445009938687836
22.276941743312562
22.256427176761225
22.295570180206337
22.287230007054305
22.278290724386878
22.19981732257761
22.25791665334782
22.14969223038612
22.271939666229095
22.247275724432388
22.207488240576104
22.15981510486047
22.227968012874044
22.337876634717375
22.211656862870164
22.126122688322333
22.226725890256418
22.168826372561224
22.171378442922695
22.14495751459352
22.137676872140375
22.138967345681184
22.133645401374807
22.16650574585533
22.14668481629173
22.133912791328985
22.138640094086295
22.15481952543104
22.138563856316278
22.13802606999794
22.153467615650356
22.137665073354366
22.134145092905218
22.13741799453731
22.18898902189041
22.12797895514871
22.13203494827776
22.147693480195027
22.169162333332892
22.147255850571874
22.232178276762326
22.133070616873848
22.23183079777818
22.192062180376627
22.121683018575236
22.143377355296295
22.129720413260074
22.161367631550316
22.178200260613504
22.147068465473456
22.122701151847615
19.24021220060021
15.622698699592386
24.909894560813676
22.912686298098357
22.256373575255886
25.241883256816145
24.462961701929608
27.406903418932107
27.159546732489954
21.23391663019359
25.14208148035769
26.38975101846252
25.288690607098307
22.304156415337694
21.94515775455844
21.730573011350305
17.662344294121194
25.577176822356904
21.932604227439946
21.04694574511541
22.793257120177312
19.302161993086045
32.12859476483712
30.337009993096
26.115608374209177
21.847130025521214
24.70261592303349
23.156315406588448
28.12799135208796
23.65751084165853
22.577261578187873
19.301880347383957
15.420765630523114
22.968623416097643
21.416735286644503
19.807450478440625
20.790830190205956
13.607617435486851
12.496463962736302
21.029559369241735
21.597600784603856
19.806824415234946
26.853658549733982
25.743645125787495
22.275134537585167
26.13673678416342
17.878298575912464
21.283740434667592
20.130697840777298
22.351958947621043
20.90258418775894
23.356314715049667
30.002446475310546
26.40400997274688
23.552834583602845
28.013555776922757
25.573160251283383
26.400796869762647
30.073779130719757
32.76453252745041
30.28840470387386
24.589767053916532
24.62047582012078
26.01661011223048
22.69869592457548
22.85411160613178
24.792337139100177
26.573898634741226
24.59258814554593
23.57234746012368
23.68908480208267
17.68923989049445
26.874801204540045
25.692341037841942
23.003265315884402
20.372388983544464
23.464780163326722
23.161862171123975
18.149514843322123
17.458423837831344
21.016551208558976
17.872040620304098
17.598506734793478
28.51824619865798
27.87300418331584
29.466476947566225
28.79187305600475
21.322349419042865
25.117257653442564
29.64958102254216
26.31862246872408
27.001947704698704
28.7037815529791
26.643320850060444
26.494530317932544
22.162408397523777
20.3654751200878
21.513122543214987
23.436667383704425
26.405635406549035
20.945383990251944
28.553769318155744
26.73081295937563
25.857229144686936
26.694490250212702
24.52779923424428
26.635475901173244
24.85279047647595
24.636382794917232
23.416685962873327
22.792411328348827
24.071056474028875
22.752620115474546
20.160949290134496
20.688937127000937
22.710229874609176
20.980904407150756
25.075876384333643
28.237716231512845
24.954254278853362
25.258574643338026
30.59490145150811
27.103906821719224
25.339407321892633
27.346290348711037
22.31024713562494
24.851554076181046
23.14067696766141
24.289220422135905
23.827189793918823
26.15896089819564
22.200441332987904
20.586059681185965
26.06314714986974
25.08220846628178
23.190775738429128
25.341708044439933
19.716206652520963
24.04461934360071
20.664685382928038
20.84523175613201
25.168118712705038
23.053654782154922
22.939468923276735
21.869198859816578
24.616815133308638
23.177488974259155
24.557750683709234
26.825022577381116
27.860975901580073
24.890666547123985
26.45107006133802
20.649195215535045
24.00019270068807
27.879916689905116
23.95590735741137
24.29140214704671
23.29908652350132
22.780555168523332
21.051599953149317
24.872170561941854
23.450159224043283
21.90933743568754
24.191840049872045
23.410910967201424
22.621790195043086
22.6222178915698
22.87316353419218
22.32714732938398
19.61004260503845
27.308363528904348
26.52522127119852
23.53319037414576
25.374373810161032
24.643642987036447
23.20236169241546
22.300879878309907
23.938172469217726
25.40798524710096
20.445784225976155
19.495131480739634
21.6432835865091
20.102395241629186
21.52941413238345
25.554884251228042
19.229782641197268
24.579356924859045
27.24364333577266
22.440774100657304
23.608188530963606
27.404577300750844
27.153993331974036
22.972863997451036
25.236896628914888
21.354727495088003
22.099238144455338
18.882452335082338
27.98601821969896
26.811794220337116
31.80440170735933
23.503502205886498
21.621640394943398
25.358853590036407
27.658250055491767
27.114638495436047
28.805284417014768
31.11017596603766
29.452115381737777
26.933373058564083
28.646697330963615
27.98165810000338
24.58654513225231
25.258131066736734
23.628428148466465
26.721301908560193
25.969357226640167
21.89778175694962
28.91787541514748
27.68524017640825
21.757967000205785
21.616492613727186
19.30282844170685
26.195694732409564
28.00039408414211
27.164118989273803
26.067219186567744
20.853592832514426
20.81857012355899
27.47694244721396
26.867724504468505
20.391847952862307
22.465848824605438
30.528640392428724
24.457496856420967
25.632798094261044
24.240303608435124
24.979314682712296
25.336073958149605
27.640880785828003
27.70612895445858
22.428497396883785
27.96832920202879
30.96082691913162
26.38599464030358
26.516867496588155
23.32335301786621
20.699214819782206
20.476304086122926
20.800421397783637
22.13033685111301
19.359770498118923
16.206739849851502
17.41691614103677
25.352030500129814
20.77958658200988
18.781731099044983
18.494203523331187
21.49033638421304
26.19405823716123
24.86403644927519
24.644613523904717
27.605593621682875
25.99076449719233
23.094566384361734
22.010227445032363
20.558317391203527
22.847928398398743
22.79356503143175
22.71163977580045
22.916319151003062
17.32367442176176
26.90530361210108
26.142132453406205
27.026580929699165
24.935818487608913
25.88466452867617
25.38295677659686
21.876942060282605
24.380964780580076
26.716926822235838
28.507708713333386
23.23331539944812
24.918786788041842
28.064472925845266
22.961216215901615
19.767727010206876
26.39193512286347
24.240317499601332
24.75641642169421
27.591099535307148
27.262088446722228
25.568713759029116
27.63521338681094
29.228493613850944
31.005516387418844
31.489786342666196
32.37895316052517
28.61826578693029
29.941444091986693
33.68745348682714
28.522193165414375
28.290464083181096
28.34399239107508
28.24024362264153
24.375634070560306
25.600758704170268
24.690105211817137
27.65088740539668
26.428079248420836
22.695987974265872
23.871263737506943
27.032833506628226
24.83250261833473
24.396150995771535
24.14829903935842
25.970402893095017
24.205002713457876
25.42613767871377
24.331620140456767
23.828690381111993
23.842507908707894
22.89936835447746
23.03842145646573
23.16849718870979
18.044955910794666
24.398457435889114
28.50032260130932
28.09102524498607
26.305661477855352
27.070171472283764
27.550841622868905
25.01556980243223
24.583669974123897
23.549151174338295
23.39949211994281
22.779400875477467
18.664428674003698
26.788109590033628
26.271855406642207
24.71909271911539
25.811081942740138
23.67778492518386
23.88695132791836
24.236537287948778
23.402624826912515
23.133813271670594
21.866073455182914
25.742507012633425
26.618873812031094
23.04780015353529
22.64726930865085
25.468923245602685
23.29863920139698
24.43999603147051
28.408624572765866
23.81173071037287
23.176629181848657
23.529603004808497
24.53186093075928
21.308964896316247
25.55042618131779
27.17816816600631
23.2534672265107
28.89758594504137
28.110153603727436
28.233028158278394
30.482768271440982
28.087170170068667
26.86720483902556
26.961358835815883
26.847445311527245
23.025663299318083
23.19098693969112
27.079322128118452
23.998990992026684
20.611020428045048
24.39390183729709
25.627176207510843
19.97481024214255
28.816969662742622
28.92217025391372
29.861824435699376
27.312935117109305
26.512640704952346
27.91740375171006
25.7745936243254
25.22237585527143
26.573059805053454
29.590071952331364
25.13515627515736
26.213913126989883
26.018643922184136
24.868182473312345
24.17277913720848
26.100955153776813
25.77533633250248
23.432095166573504
25.87011707381389
24.378025048157916
24.721968622312573
25.329489797375253
23.524521885031053
25.503834485696235
26.270431569635175
25.99633025056786
25.29343607465449
25.26908188486313
25.751459292454015
24.948508576951568
25.31810978851975
25.42600760734595
25.29934715989597
25.128233275410768
25.345513891165893
25.138361152439323
25.027486754395728
25.004306578690247
19.87941746266166
18.675453867377673
26.41524914062061
26.419084650217183
23.591618903461878
25.94568385580028
31.145718584964687
25.390381995352527
23.73611917671519
25.95126306685571
26.52203101521257
25.042203396918612
21.594744548092326
23.416375963716344
22.96436875917112
28.003153435175413
22.99902453266204
23.943889280085187
25.672138741135626
23.34506293076582
24.872392421176613
24.61877770272858
23.506058399873353
20.481232674523184
27.88584356499575
25.961281979629824
24.4632348885249
27.208053684602447
26.6062735955778
26.562382104975313
24.53998636261316
25.949958965766335
25.12654928393428
24.09748376424415
19.39687925607744
25.65126548848043
27.48420646959021
25.10088943295279
27.39258099001444
27.964676701855833
27.78146326820698
20.37687002794039
19.840622018092034
20.126207897354803
24.957195118274548
23.5621566106111
22.863385438471383
23.10774729400342
25.552010270651632
25.387609011671056
25.839759113475658
27.535630089116623
26.58595660443931
24.31917109481499
22.07242076742527
26.258779783971775
24.03621463113278
29.871814652434843
29.079408050686183
24.01215464516312
23.63218033419153
24.37305648990379
25.816741580710733
24.006372426085104
24.953484331861382
25.88659102479767
25.339719303104015
22.403227115549374
22.874612288631596
24.03789777568925
22.708685927591095
22.75882544523224
23.619008738545237
22.821647942900498
23.40712873481017
23.114938922663082
23.792475635106115
21.638047804477893
24.674642486261888
25.52452152540145
23.838610486106546
22.64225643148549
24.422583254088924
26.457789757164633
22.70254229469677
25.957062782498706
24.42796107827435
24.41424802784356
19.4522567841179
23.302662295454503
30.565516236812645
23.052769197548365
25.247948828544768
29.742773466379568
29.27070313788057
27.10250499228644
24.154091977272238
28.263689304267753
28.24508768432996
27.79711965476442
25.38847751674591
28.698799442268815
29.05077885977321
27.22866526417408
27.901364193477747
28.349791974655105
28.230755190818837
24.15441809043534
24.772947946374558
25.788211068430037
22.621734699689487
23.154018727630636
18.388198786943423
22.327276979591954
22.28209887345693
29.249579595806907
25.31206732685915
21.746584952131396
16.83603886943104
26.90390612582418
29.23024684048717
27.96441276201971
27.19518453826913
24.92268845706666
28.563757667013025
22.285816733528286
23.367270041806396
21.973806645890427
28.197326890839186
28.80246502070694
25.540979807079076
33.197256078729694
30.956918162790636
23.75245614779317
25.57959804125709
25.379382125547473
22.68751198678583
24.704538681448476
23.456131048376918
18.305963153565685
21.970895719054298
19.252744728217394
20.542024931527834
20.00322869748637
18.978111176758947
14.655884904028317
21.58533581794739
17.072298434705946
21.496295727085243
23.93828674710359
24.483415829703418
19.46072408497572
15.211448909022106
16.95656318081958
20.90591526363527
20.20197761327174
19.898889101972824
21.373430352320767
19.538875358607605
23.071471425725694
20.84502580818535
21.713453553438775
25.899226109162306
30.42718236735725
22.829668771445323
23.861255354273677
28.347137735966527
25.12582454968603
25.432501846148053
27.31230812859966
26.566961223317534
24.09626473362787
23.967519899469266
22.852854397796136
23.42410923388688
23.606515022590532
22.956610415582535
23.289821184879735
25.232532352638692
23.20793822563427
23.676421856921966
23.890710744538666
23.158634228283404
18.8924568808296
19.194506740995294
18.17231914652661
23.06884869713716
20.520716749800805
19.74447709400817
26.389036621562358
19.22825960766292
24.75443430675497
22.93082625344502
23.674259888487345
14.625801258410785
18.564104806669143
19.636806457354066
26.47219992198658
24.8885958773368
27.104885054805727
22.442090351705957
20.963958295441884
24.38490185119848
23.76298001336546
26.00094799696024
19.421784984905454
24.2453331785733
24.718005423362776
21.393898408215808
21.43044285835247
24.428177259399046
25.094810288511226
23.14160504752328
25.405655118616938
25.852601095525223
22.658508455128672
26.07334217791762
21.922910261409907
23.922661351096167
24.75884468242871
23.25470473027108
22.42608876313354
23.487188354585314
25.8824147029711
22.056821013551815
23.033694822215633
23.34210266103376
22.725417601412083
21.98443909591647
22.15838727287776
23.04141193872481
21.93114660423136
22.966986626962807
22.790809808509724
22.434974022151355
22.314859655489318
22.12703638329687
22.710947106849545
22.225659068352243
21.826098359681428
22.215221079996333
22.346274203582944
22.181301392719348
22.21988353591451
22.13477557928284
21.963387663712098
21.984574553443622
22.077783352630366
21.901328197225094
22.039279512951552
21.963147810004784
21.914802200234462
22.06112314775421
21.95031855205339
21.892030149185373
21.92734379233111
22.01314671014873
21.891346781238
21.99614822974956
21.971165999689738
21.91794604418786
21.97779383842016
21.961576552965262
21.91585758324843
21.927977661523258
21.945753298486594
21.948961532839466
21.907855196641872
21.959898638204603
21.972600193380966
21.952587876763946
21.921857084829448
21.99407358547218
21.979404375535072
20.08975504515724
22.228303389106678
25.435359740163644
21.164135472852813
18.473566424791187
20.653438353817158
18.23636399683288
18.067768953155657
19.48197605425052
23.588872712593357
23.175459512357246
22.209962325711707
23.57226634152897
23.184161498846255
25.21647012258635
23.668094551648842
23.42537564042134
23.672042172216038
21.404344878910127
20.15981839903946
28.924832991079555
28.630454126110997
25.094338680817682
25.431279746979634
27.52786982032184
24.88859529584925
20.49585594049589
21.97179885387326
25.70419577300604
27.73616093694385
24.212820782256305
23.172536663342154
27.00423260413373
22.672226358616996
21.325766814980515
24.763911354331423
23.73380945055284
21.625031570840633
22.294464075555695
21.494307459730425
22.33499131785561
21.860101640428812
22.543717474942632
19.083185067585934
15.002133955058161
28.758926375304977
25.379406741187776
20.843931591734876
25.58106498305293
26.59440839313078
21.39167937405898
24.34897942901971
23.947569882033896
21.75633404710449
22.019056747659587
23.300530025996864
21.82600558347071
23.33655350551329
22.037435995023387
29.538164126096763
21.96830682299383
21.088253706417298
27.36699716909231
24.767224108661388
23.34343585548998
27.12011100202114
26.628448415826032
23.18316802027939
22.704212122579865
24.246659242038007
24.187129639162112
24.274200327808757
24.317316527876947
23.11554357118813
24.82762222856026
21.713457392747
21.90816087827166
23.036607990038778
21.987994367338416
21.989832369092493
22.452005245909533
21.956704105819636
21.969318414434596
21.98820276016362
22.656009842775514
21.852431700152756
22.278410049616536
21.98933046518969
21.903368260568286
21.93569004948335
22.12651673608677
22.055423413316976
21.89352899133795
22.14071583359019
21.94466463069867
21.904927061209214
22.019087693792486
22.039595551811004
21.917381372846798
21.91643380645204
22.03036753841198
21.89338296675388
21.889068844519265
22.15355731134472
21.931507267721216
21.889076817115182
21.980315817347044
21.888965539883447
22.03686468875393
21.89001880873259
21.897729879808356
21.954418198909007
21.925058570436317
21.908290864003447
21.91335193386096
21.913907877348034
21.907866671223957
21.907681071963758
21.925015720031883
21.895913479090215
21.975493521524335
21.924177229544977
21.909233998408794
22.00419358568547
21.95006405770822
21.874475185993386
21.952427397772595
21.96023780164272
21.874693989450023
21.939505274036293
21.94891375483577
21.88232191552255
21.9152480732217
21.943977808941256
21.89168263885329
21.904344339061453
21.931239031433424
21.90680271511262
21.960490024649875
21.889540081011802
21.862130137122577
18.869449929370415
21.11129528421174
18.041619436035216
18.654368043166045
19.737710244882955
29.968989786617268
29.364676297676507
25.290546869170463
26.153230030049098
26.22408940493235
24.49319393774705
27.29339540017195
22.353191799571665
22.469220935493457
26.57755180579644
23.02603771732376
22.05304588727007
23.886510303498838
22.399881437239827
21.869028586065607
22.922533205865992
22.230323378252034
22.07529236971295
22.199991096594367
22.233582161152288
21.899567229757075
22.351521441430872
21.922499806364023
21.959858798854988
22.001871513314974
21.88911709556577
21.935333879640766
22.030631454979538
21.911758934907827
21.887554093539073
22.072459409546695
20.26060675360489
24.087552725619247
26.753618894643168
24.219264532478913
26.125235964337406
24.478091195126417
23.35861581461891
23.47378204817704
23.295476725310845
25.243093517527768
24.470651436797276
24.284246893508616
24.361007990734656
24.398108037354373
22.374985730163072
22.861234019938582
22.10414292916291
21.985059434668713
19.476561447054273
16.176526487545928
18.077277672719035
23.537567465094252
23.72662742672315
22.47863519055845
30.93789520279237
26.527890132616314
28.81129647699298
28.36200541219934
25.681800471580242
27.958687285475143
27.76369119142179
22.259779698327208
30.403678335138043
30.622764489332493
29.767556647695383
20.20185177274944
24.578320141105667
28.719843092752555
23.035128122465967
20.511231753737956
19.332140599674194
11.787293885804845
17.354251352578284
23.453974810454916
19.3765439499731
17.623745159165882
16.14557758511473
16.04358483631324
18.280795396405235
27.819962395992196
27.216338386336115
27.940059742466357
27.554153126974008
26.83699512513414
29.03687779878408
26.319241727134212
20.65471978426261
16.236648906521335
21.654024289451236
16.836035630806418
19.75992159341439
18.574124870425436
20.26843434403826
21.785771831458554
21.80200396077019
20.149716556369196
20.288505270231518
21.022087648646046
17.86135860279583
18.025920002296814
21.23062527109429
23.37010435793879
24.067463586821887
27.56064497683756
23.53774197711555
25.107822125768042
23.146387237113508
24.267700282081815
22.610444638621104
25.00332421571594
21.472516588062707
25.272364371374398
23.400185691731405
24.275751132197502
26.20876164187375
23.53828018557114
19.19656698974235
23.181003559727497
18.901001426135007
23.37376045623175
18.525816737078934
22.744709696741275
26.96317826638494
20.25892500247274
28.127934681730856
25.069326265589126
23.903216968205246
28.82045429401458
25.60364012129197
23.264301591373577
26.70168250634591
25.478983569183583
24.837403030439354
27.2335485684691
24.73204475650336
25.198559496062913
25.685793007905577
24.837199865785507
24.411003005904558
22.947370826658776
22.34737359078169
28.784106144515448
25.95416924172638
22.274644057453134
24.821673219019736
24.497108389347336
22.827633207472164
20.238212296137956
19.042696970919618
17.300954011659
22.064497631002062
17.889657187731043
27.723926372701136
24.66177643615705
28.609700123720458
25.64226665304688
20.05786315053685
25.40830830007201
27.579685411053777
25.63968775849815
21.549959988073752
26.979741917576987
21.99256135738965
24.25427831250893
24.598943717673748
26.7450467117875
25.821559111898797
26.76669471405413
19.217984068959773
17.4326415217931
21.864163830581994
27.1363492443127
24.635382482760388
23.609003722129433
24.09933595977973
23.92375197489468
20.443618935208768
26.895915378072445
18.95204026748053
25.26417456325914
21.154491038905707
21.81297548302194
28.39584793067945
24.866180168277566
25.459272537241706
21.158308775172987
21.324096537717427
24.602013270565475
22.699230333114205
19.672064236428337
19.938677550842645
23.15316227334552
23.13635008597854
23.7497358015649
20.557559888310617
18.036416722030598
15.508996022720407
16.61716547139551
21.162432496682264
20.843389027459796
25.54996453425869
23.671044563609595
20.85191819256113
17.95206586814111
17.21435104943445
20.860055272221842
19.701332503545256
21.29809553800901
19.9476883797262
19.719628593780886
23.763478003483424
20.991820640165024
23.56425990349831
21.820818854623884
18.384777644840582
23.161184136573198
24.885671839922942
21.696487323350603
19.70083468753162
24.889646063743374
25.05724105250836
22.42415729812334
17.196555647561414
19.7565391249624
18.826136163106106
21.974227378538377
21.22053987067563
22.364106183682974
17.95080072007662
16.264243363399604
18.81486453333394
19.140932161183997
25.19629436066646
19.85133511320658
22.768940273300686
27.212699588235754
23.61038065011149
27.323293651455497
28.65643124293766
27.82568908043568
27.179680728768506
25.70730282831486
24.273803991664018
23.021974366234534
22.389236343905196
22.787525587553404
23.664607639823693
14.762325880214144
17.269841936414522
19.8306154770193
22.284548596744493
23.807282873982125
20.615416518304848
22.093032459740343
20.839228165901286
22.964549617383557
30.4802552461212
32.09606182926932
28.367590700402733
25.53106755750273
23.12488249029897
26.300672142805933
23.716981678965666
29.523192468588658
24.947907076956074
26.68623516055214
25.292849920133687
27.72564865945292
21.4900473512432
25.391177872712664
30.221160510838374
24.034074760143394
26.308111199985238
26.527157871166565
21.87735878274028
22.89087242145831
15.171167180186908
13.119367254369838
16.16867317236881
19.52355651079723
21.261255703952838
24.08137945551846
18.14995287453735
22.885994004161457
21.038584238341915
20.855105998572434
22.19973994164866
26.58414382469263
29.602318800903603
23.289890746764637
21.534692971602862
23.78258145417291
23.010075505486494
23.803634325236935
20.86974592659176
21.384656785099015
20.407684220391527
19.062236080599902
19.41627932018625
21.329846308841706
19.96826070490511
16.588203238738217
20.1594312608827
18.14184355369519
19.244551456537494
15.328760501214338
20.128541241788863
17.699446163170318
18.974255330623883
18.53605573845886
23.744568300365753
25.702171162937447
26.28176799003648
25.68621583729903
26.482111463369634
24.07415356508558
27.505585986528896
24.383673466077735
24.035282154882772
22.475986271057945
18.050307627123413
24.759667051728666
21.5355157175611
28.134139521213328
23.89533253074961
22.351688899073125
19.494857446128602
23.701307150992946
21.25848486852192
25.867832616724243
21.39841257848676
20.39938751787887
22.5351107585439
26.715321299509718
27.740335704367823
26.4051204889675
19.100523058820357
25.139152650242504
28.13600218977979
28.77182697509548
23.394121124459943
24.389795642119836
26.599762592116367
23.526918976545513
21.13834510520399
20.3583408509094
26.095784368259228
23.673550207696042
19.897317675512383
15.854505474387352
20.85862917596485
20.239839127348745
25.689781670528124
22.348579997625592
22.510962277617846
26.85707794407712
24.517172274244828
26.173024353171915
26.816195488559643
27.38597105251704
21.44044943774632
24.211330079393758
17.66315199556199
15.84369925911036
15.997833387310056
13.842466835448112
18.343746386637786
22.922731686521466
23.7430724181938
24.379933744937944
19.542931082973805
19.245188411282765
20.576930459063068
25.79874552255714
23.957133393533024
24.780363033850158
20.66865148679943
19.462416506013202
19.83992266052708
18.09749318763925
24.252109178754317
22.86887746013943
18.738237161704866
15.421155435953711
17.097536996486163
17.608403048385796
25.9907623861823
22.96517673977974
22.146463652826913
18.735860599096483
13.839861528542853
17.303522498433757
19.642257027017028
15.910721495536057
21.18131877353553
17.008292760658676
22.739881961542345
23.84054329566924
21.08757952242627
24.274973647870052
28.45699248888913
20.99363250730734
24.46274359525962
28.445177636507267
27.129748132183337
25.201688268746153
24.532207654580542
27.200850493442303
25.304586946630657
24.49201644368767
24.433005467662383
25.99567896131943
26.03964315803691
25.510722273562443
22.484458584978253
23.96693904557017
22.800086229185737
22.436521986700942
22.201091214885118
22.95683956255422
22.534011950200597
22.017769644325373
22.466201110537032
22.295993604425515
22.04609288438253
22.017172254041487
22.34803956959235
22.122106558270872
21.819550584809548
22.080536586830434
21.98793184370951
21.842641376917662
21.947938711235665
21.842447021838762
21.848097415104192
20.95821880432708
16.999583770310508
20.846816456288767
16.134641592342458
20.047600356431094
20.12335287932907
22.471123552762215
21.757679494424902
17.189802113232236
22.86327695600502
20.846588577418544
20.859220516814556
18.17350470164944
18.21666257973191
20.636215162590993
20.619454715825356
25.94430843787599
21.69766592302941
22.396867706246326
22.513594655338775
24.256054493711645
24.786372206959257
22.167799259622402
24.512959526742897
23.45532561661625
22.072661158010597
23.417493319144132
22.198211295573874
21.86187787756208
22.366594550742743
22.058044463897886
21.713133997324658
22.33684826536099
21.923644061104305
21.80650798429352
22.06137855271109
21.888794042860244
21.81858333220326
21.82835816982406
22.243601657317246
21.963931018267903
21.88938572033435
21.940508887783704
21.87525051977411
21.852394335972484
21.848043281947458
21.97203206293929
21.89397862951041
21.952600046724474
22.108383539722354
21.82786753205443
21.765771740079934
21.806363359245683
21.760623938457147
21.75058351284122
21.791663311600296
21.779268512905176
21.766718829616057
21.76042936498854
21.776314705027936
21.76815514005115
21.729645444937354
21.759599560408624
21.756401025082745
21.743101372754055
21.796181417085595
21.76997881193719
21.74664946917148
21.795658994687724
21.7820858520938
21.705309157745514
21.709271205301835
21.729906111097215
21.721496539216403
21.758423998515187
21.659704784466097
21.704387875526564
21.7325484850718
21.811906212883162
21.685771767853076
21.68845258311135
20.139868738759432
24.745738858038216
23.812111593467375
20.478202903971553
16.138310127082434
23.53131960053346
21.540095931278962
20.831160940775185
32.73058857016342
30.17101176593119
23.51882963048987
27.112365332123183
28.496535449279733
28.85423187472765
25.92734962205968
25.415701607593817
26.793901060296772
23.757172769131742
26.568141101140867
24.736321795796428
19.095950726870047
26.768772473809534
30.197417144558234
27.838585500668334
27.72647764821763
30.509386600961406
27.46469340564023
28.278601370440597
26.93775353168675
24.79259286310059
25.578252318676494
25.21329322391939
23.76534999112523
20.611344171308247
19.07167659496217
21.34286311569737
20.83739807436744
23.25092082909272
21.12171199021847
20.444526377944275
19.94856021239807
23.568190456713236
21.967299314452816
18.94155643531099
19.171894460954828
15.015480934524433
20.588337091912535
20.28451418356869
23.3482529353699
19.768652682075167
22.56649430070749
20.768921802383986
22.007941607993097
21.920738410468793
19.466530312888253
19.012641668138805
21.115863808130126
22.721871611170872
20.183991595334287
18.218057487730285
20.082199503566574
22.724498451790364
24.86980331354182
23.86879559736529
19.83961409631836
20.25534538569557
26.078050761574477
21.067738772881768
19.586166371387495
23.26259876318219
29.224199733139077
22.604750626495807
23.957101806615338
23.596092456949776
28.455116859030767
27.90732821242539
28.720910441381058
24.49238968407878
19.09774187626631
27.030807126467167
22.59687384516251
23.687225326378517
31.10120925998544
31.245009073857283
28.875917296022312
27.732358741076045
29.210369350370957
26.722215291761387
30.005425729231728
26.06676513471669
25.020993011163554
21.07214745294712
20.407579723860156
21.015427975190924
17.312844754791413
18.295025118627237
20.12023216462724
19.424774860588442
24.906996678213027
25.54543178518877
22.713210369213922
19.798964738882443
26.106833002826804
19.546068012818438
28.473259065235354
24.883757525625075
25.213607181147623
24.89341388330873
23.08368510611188
23.694234967367937
16.693795157818965
20.079435605112327
28.45272197142525
26.863527162647298
26.245848407900077
24.130839017781184
26.584037536835375
26.02495706675079
23.645816992630916
27.76803967742109
25.044160980140873
26.811692701449758
25.475722675829353
26.090938936181747
24.26965424363128
16.7573649436873
19.828405042101974
27.322025347246196
22.450378887390134
24.186166532685334
22.686822675543077
19.35863844360621
19.088460138569527
16.693297618069053
20.842348866616426
17.23970268106042
19.767895117384036
16.995055231348346
18.74655806281848
16.12699075681417
28.451900041293264
24.770585169091046
21.47495404971284
22.796789488995433
24.317435534147418
24.36197907174327
25.47107894239236
25.09973640861954
27.71722365662705
23.329930158931212
24.93990159201995
24.069185653423656
23.46689520263292
22.03864980660235
23.48730666145706
21.87095538882279
21.322780233472777
22.02452259199305
23.443530229025715
21.24273958010403
23.044620421499573
23.283054318352633
21.377972754882265
21.92708316149974
22.17981787183584
22.3440176105733
21.894695695412665
16.832703533461878
23.71268263292905
23.78035911729088
21.793461757503664
17.991429754344257
23.935147436233333
24.972492480175717
25.034876006660397
24.4286386981272
24.072171785530244
27.366064086215133
24.38070764396243
21.788137939504658
25.696892771800595
27.41495992783441
24.483047626761813
27.641965943425745
27.476451347881934
30.598265892411245
27.711461365416035
24.03393811752725
22.711623076107006
30.397730284433074
21.54204963151757
23.226359921402345
27.5876760706763
