196.16153375243084
163.88372987423472
154.31853240263865
155.43744040473845
135.76285005631667
140.93856659120948
140.1049864854153
136.812085276593
125.12855774160704
116.03301356156081
120.39024647890612
118.97335911397737
117.56693896761634
117.8385063295248
120.59720656758975
113.57155543863381
113.2883718875795
111.03145822588645
118.0174461060487
116.85241668670001
114.06811817743954
116.20794151523009
120.52700574475949
118.666875692842
121.22887271057908
118.7950096782919
120.32516247534248
125.2736450179417
122.49364200082996
135.48017886578174
120.09801672856048
131.4464611313181
125.02277394359776
136.50406411510914
127.51722536100424
124.05837326076048
133.09042181399468
133.14094915493087
137.29474978980545
135.92364694455253
130.4030622847446
138.45907915929067
135.12358859387098
137.38458525123468
137.7051586746599
139.7100927293745
141.93610813546496
127.25297076755422
135.6530043781023
136.72525493221022
136.49892542989926
129.67263112377634
133.67097524449343
138.18958614271523
137.5284517158832
134.05638272058755
134.4924187581322
135.66906346643327
134.22175795231567
131.02011662842358
128.638717364263
137.17187649954778
133.74996390129402
135.01611997880275
131.1475878700361
132.60772123115336
130.0219760661496
134.0783624921002
132.44809578761587
138.5317477328818
130.76824050302682
128.00761249870808
128.07483883131127
137.38433717827357
135.71819311459018
132.36116682681902
134.66008941184393
132.08225641209685
138.0159552499911
137.9495714035301
133.21159599486927
131.53197456263916
130.62241620129015
133.62789705651628
137.76275005390548
132.79190233428378
127.40460952973866
126.4074745956047
135.73089162649453
135.38274160373777
133.9742415685
127.44720212683187
134.19847844029988
134.01419890512764
131.21637533554335
126.18231286778962
127.79475863777203
130.92482563193428
128.83659426360825
121.9010627340699
127.74633445533782
126.70695445773998
128.20772470556187
127.07185962991517
130.34904407671954
124.19006849260226
126.2821503224622
128.44008761352995
120.52820581641456
124.58501207257787
128.68347256672604
125.61493576620734
118.20154862940771
124.70773604013891
124.82947105100732
128.8026180757051
122.12635470163993
120.56123194424883
124.39983699310906
126.76795155048517
126.88942644061117
122.40124039229394
120.42275470410337
128.2399408610379
126.62975552624242
126.81749045632382
127.61785230006666
127.47609606918995
122.94524950411274
129.35767333642474
123.95089526474227
125.52089078647822
122.63710067055668
124.64922958206287
122.71762094370462
118.93971072658205
120.80669333184136
122.505372441365
125.03510015978492
122.1187205003226
121.30458827594889
120.40100292878367
125.58539082124975
119.54209024449497
126.49607638935522
126.94475026092081
127.657614871903
126.59941206289588
127.80578497722962
127.3863427488115
122.99361161643681
128.44550539364508
129.98654637683975
121.8046661322223
121.6386291790576
129.59428310153768
128.79089449045935
121.21610358964955
122.76476104011653
128.43604758059917
132.38887720459172
125.82368182609666
123.37683816856443
124.31304419496725
124.52926467149274
123.94853870584193
121.21122797259801
122.48300644734871
121.53942434402478
124.20119194528314
123.5170542061853
121.91489176152423
122.39952882821665
126.76118625992797
129.9217105147864
118.1013612023278
117.8332730573497
121.84829015816086
129.86042683337507
125.03490839402416
123.45605382572825
125.40848145093918
127.82327091197938
125.27714665020171
128.20512270150718
132.57265605494385
126.66712880566989
127.98728169061509
129.24039792500903
123.09945911551594
121.94129920995698
122.32445141187829
125.7319640746662
126.8121535575986
126.52332562452311
122.94612429876535
127.15123491913344
129.12261937109014
122.55209785404968
123.77484572801593
123.33832932918557
128.4958794464238
125.21396531944234
120.35939821237201
119.54450679554003
123.61949621247973
126.28330474016607
127.17926940689202
124.71013750451013
123.60843314703234
123.22666017944098
123.69185988695433
121.09536719617887
125.69495538353222
123.27283114186521
123.0816432651155
123.34514451343732
124.64017633649817
120.7956399030657
123.58592460295962
122.89870786619903
121.94347986669811
122.93794990041097
123.36258433482094
121.82265456298013
124.32947780925522
125.71742549569375
125.00382950256316
124.31471914766693
122.435493304981
126.80220799213319
125.0682502424028
124.3367769806605
124.5255123567782
128.55315019464976
127.3861626259725
122.69245503783935
123.31129514306043
129.06424536971952
129.93743226335116
127.08838492226263
125.88857725693411
127.45506689538405
126.99498313478263
129.71259245797776
127.3832267840223
125.49975242605531
125.01088506834685
127.0551421903148
127.13297750412804
124.35956056394926
126.03737653952471
128.9289239112574
127.39194845376973
125.60578220969586
126.82546683648732
127.18660274071573
121.58340986256306
127.39267066690387
125.51780200454246
128.29740700505826
128.94754054435757
126.36554349118809
131.48752129987778
125.20050041642693
128.03273250968954
124.33980160387532
126.47625044121163
126.79034533100996
120.9418375754966
124.77999329707751
122.42340461438042
125.80947482496308
122.81465462657566
121.31710215414172
119.05782432385655
118.38385043977856
119.48312335697901
119.66301983276975
123.17293726872259
123.20643166107831
123.30078334196237
120.40716314688423
117.52447767134755
121.0096060567708
124.03405716897005
116.64717939900196
116.03031821486015
117.98607978266688
120.05154854304655
122.12257804844462
117.99487710897087
120.55550100756577
122.43188055515773
118.78087043497243
117.07673109449439
118.672796041831
125.15691313980693
122.11906176108178
118.0720798614089
118.71466386849475
123.08155071631376
121.47448256626889
119.11827223121942
120.04445990796324
120.48964736607773
117.78949788117794
118.13619460873869
119.20425843604106
121.84039868694956
121.97124283895532
121.3212695522894
118.88521503886157
115.84052676853193
113.48009568591547
123.63043231760992
120.89371301436971
112.5897504635316
116.45520014906097
120.42504392970761
115.99097183258304
119.15225790782816
117.18774332554308
115.60998722015404
119.70059026074014
117.71237601645707
122.8522144431699
118.76005310633042
122.56210749576978
119.08258829860898
118.4623770954146
119.13706459732606
119.88991935723794
117.91240164852914
118.85016055015221
117.24972289865697
118.80274471026001
119.38684168488027
115.38410239440877
114.75267505911255
116.99019338504513
122.84356514770707
119.39333453013023
112.8842629514132
117.12318691552863
121.28006311351776
115.18270197282028
115.74314404579395
115.86899303879963
119.32065713826461
117.77328520536292
114.05467570064604
116.56036061612734
115.93943967925303
119.3295649426612
121.66295463060726
119.77441015418508
117.6018912016373
118.37250013487764
116.89773627018673
119.68054547639089
114.96878065746536
113.04885833152665
118.82440715284962
120.82427645128251
117.50639632833621
117.0559058755689
115.89408003982382
117.53656902557596
114.44455957239634
117.89808266137268
121.77217079251496
121.42251859918242
114.32064759609058
119.36982451024815
119.12161161451277
116.19304478464659
114.49318090701885
115.75849080767013
117.17449786814205
121.69222977071662
115.46897481630252
113.88285831935518
116.40402326165767
119.61478370509198
118.7049853690948
116.92116242245943
114.23993424868067
124.10750204817992
116.32349074481155
117.04768189642384
117.02618998482984
117.58979784173907
118.55289948461159
116.76547637785437
115.33422974730192
119.33079186119996
121.4613011580614
116.27335113008212
117.32543217944091
118.9831046344388
116.68335273312296
118.58078966834695
118.3296324764732
118.17556050301738
119.24074855660612
118.66248470640649
121.09659384999082
118.32804594270412
115.87297360405226
114.63633781313598
119.53436942678681
121.16239656198297
119.80027235218554
113.49472685228642
117.26065883803317
120.26840303574981
116.16385924777711
116.25278104685334
120.04510806558501
119.82489450975241
118.56859677656303
117.297878522681
118.54434507928592
117.59290269616196
120.57101309632318
121.3879339791038
116.93054707263283
119.70843953218863
118.68430295909009
121.06027190697151
115.89147707625195
115.42852247693162
121.01290879824572
119.33618377240985
120.37133742980599
113.3774078283954
113.52747491710139
118.69967750797346
118.88978948049899
118.29353064327199
115.88218240103139
116.73387360599028
118.62434351965315
117.71268571582765
119.74525802216235
118.95861721219104
123.41327071381089
116.5624717103796
117.78716570987346
117.8415845077841
120.23745568753503
113.46971658014144
114.40546575348166
116.26846277843705
115.31564232776225
119.72811436386579
117.59013560243207
117.51489601095889
114.22684694253498
116.75811766532493
115.57672200332483
118.31597037695285
116.54105761286687
117.0882409168602
116.47676853089278
118.82382734500312
119.78803044607587
114.70544197906612
119.74998847676665
115.81281871955571
113.657209530817
112.60303908480509
113.70552812840724
111.17902447588511
115.16161238448836
112.3837513909277
114.2105452528983
113.43495474400412
116.22437628257273
118.70992871464048
115.15882085727249
115.42738871156213
118.10340926035796
120.50433087721063
114.65597436478689
113.72801929885307
115.94997434896257
114.22900934769848
110.42067184638039
119.17180658144261
116.07297102174023
114.29717584127198
118.34792348163715
116.74240573711155
116.56846081655732
116.30955984272367
114.35423318661452
117.53768484034656
115.46142036343191
116.92011094266762
118.3003924324382
116.2055324551913
114.79897555577004
111.58722573899726
113.8848993397012
113.32920817714894
116.61675815434285
117.05150985633081
116.74762765599466
113.00000585736578
118.1035601815927
116.3737444564767
111.82316275870548
114.32048947320538
111.372528996287
112.46136117506845
112.42142351326537
112.79003066955067
111.77257957494513
113.76699170906555
111.54962962956982
115.42513088921885
108.32754717394288
109.23402666931733
112.92949741393505
112.41006438881963
108.34451799577326
113.95870634243025
114.26032930932992
108.80666791634383
112.71639942430164
111.9252546265399
111.46379677825287
111.48039867024923
115.07032378120557
113.52610974771196
114.56297254987712
113.80602336131442
111.20644323696206
109.87739942815709
115.16219624983822
117.85756799543813
115.58066266440379
113.25281481841601
114.46993390250339
119.94145076263666
115.71177282937711
113.63281053321354
114.18861640010378
113.66259947652004
114.51658522870383
108.89927022754148
116.48086153138834
113.75176054667229
112.68327119225054
117.60667330637781
116.0273618527249
111.02256272765185
111.97082987154533
112.89827557160763
112.86866657176586
111.5981195850786
116.1099409415439
116.91797726427325
116.58152516595594
110.72197697628624
114.08724434741356
116.26282446405183
115.37506454738697
112.72206433982993
116.08737136470863
117.58828798762737
113.55791299881983
116.85329614034164
114.377120270294
115.030794006874
113.97657704857883
116.39193761955903
114.80037896596899
110.10706786134577
112.98933121404731
112.07672176677403
114.08554674853295
117.24445256936505
110.22012322744281
111.61454167578977
112.35649982347095
114.98526829269721
111.4599729466968
111.58538635975786
113.44504379505241
113.9553892296118
114.39263342295486
113.03012616668515
115.20325384483796
113.94254455489212
110.611933597374
119.48610470852189
111.75322324674134
112.98340995304419
111.42981504066401
116.83076714154427
114.56770588496244
113.06257937641298
112.32066981156487
118.5981457603255
118.43832449320799
112.744313544508
117.34164303436584
113.18694048467016
111.60514841648215
114.1837913339021
117.0003095661198
116.99888753361854
111.76409391523826
116.11673709549254
118.38428363412376
115.37580388611863
112.49838694793573
112.76528314543397
116.99478292758933
111.06998633946199
115.0069486840045
116.22858348593147
114.34833643236722
113.09185571618757
113.50257249315881
116.33482858293229
114.6035646809921
116.9063710140649
114.73746302566664
111.32429622200982
116.84296245656238
117.62095215762066
119.2641612881531
115.95373442586897
119.04588248126537
117.11959492520856
114.28364330483923
115.38243629142224
115.505264878395
116.61709845278546
115.88421043627964
116.05607036799036
116.38059312046295
114.93474493418563
113.96462438852774
114.462532438613
112.69734968515033
115.44983971852257
117.6689976584493
113.450464358428
115.59355723276572
116.5138665768698
117.55783904279937
114.4414177610483
116.80496686134713
116.95220886155423
121.5033303669963
120.57036398073528
113.36001117810545
115.58593571573563
114.58185450768059
114.13468078019092
114.64602811518924
115.42432029516522
114.09659776594486
115.39220869904246
115.78490047343152
114.2521401977685
114.10636153226284
114.58081148974725
119.01391466248612
118.44614695467412
112.96319654114446
115.27947840650991
114.91056598452927
117.1062327524609
118.94738587859513
112.11761875751114
119.72929105543
119.8450257301152
110.34457399019419
112.98570058658963
114.47505628549672
116.02638874104287
114.72219749986888
113.80888298562873
116.28367637687305
114.52793194143779
115.81201682157187
114.84523410765222
114.28370592010899
112.69709885132353
116.86339177587739
116.85547857959251
116.85418074993424
110.98937797320654
116.29412881974302
112.76475677024267
112.59279141214476
115.14840295017511
115.02080927745155
113.04803895658586
111.42151991785767
109.09842641832918
114.86261455443235
117.15761215328617
116.74594724433315
113.60999394411952
115.9623531692879
119.63839009626015
121.23916635183839
116.15812792378958
115.92879866968232
116.71095078218427
117.51154368133675
113.75749540747151
115.33038906352984
113.33106927292911
114.49006402697952
114.76058935373588
115.44471464593894
111.18612069891839
113.40657148953407
117.69138733494455
113.99604761377395
112.22146785269076
114.94942888970544
112.66735741962617
108.59880936909386
115.93181375363773
116.94063132102677
115.3033894244734
113.47747913088318
112.11347560921033
114.18115719640817
114.9428071206457
115.75465263598602
119.14559752051544
113.53082374777186
113.96368995503421
115.52049530606207
110.84637432691575
111.2327261260752
115.96519925321628
114.02514344597017
114.67569921506063
116.7498125921081
109.2333276091958
112.83908899337617
114.32336624504231
115.7877378939981
111.6451665514103
113.03446804903825
114.44929172878314
115.29244064076926
114.03523385054173
113.25239473863782
115.4112371711389
115.9526425038812
113.94886117345867
115.19024394430978
112.96175077881318
113.20485257546618
115.37013617088938
112.18766072679638
115.71240729189016
117.3951651152611
119.35426097726068
116.5371615794162
112.28828661724415
114.42628786408048
115.35188354255955
111.1858967064523
111.80778361943813
115.51461087315074
111.99167088805531
110.65789828059748
110.727605309914
114.40676238072247
115.40272990885398
110.47548787805636
109.22466157478878
115.39622065710547
114.58121314490671
109.71432597109204
111.29264690531934
112.96268575906093
113.06724841211715
113.25426844650472
112.16128704176717
110.56222226808292
113.67985765540264
113.02818333255475
108.64359130312738
107.71154558456521
109.00734548798235
113.0660555317649
111.12947593221907
112.17546531908269
111.33808554547771
108.28290436448461
112.00185880796522
112.10027767433286
108.81701035981679
113.58696442517976
110.7037151627873
108.63166267908288
114.41705890445328
116.22963516449892
116.54893723510664
109.42424870351385
110.59118875624297
111.66678095578241
113.3279288523905
107.93471032392198
109.37807375035769
111.03361614152769
109.2755203295923
109.96086897143005
114.9037499544816
109.79328302257836
107.90966687996642
109.6083852033435
112.86668157633773
111.27761623541028
112.40595630063403
108.87816464780131
108.46792813305078
108.2950127271361
110.90706975527682
108.81738739615622
110.90188003215525
113.146002877138
114.79151273392321
110.4046602677687
109.78306470123523
108.32498888525497
112.01819635751552
113.80949721275012
114.73208717905716
113.01182256920349
110.94564410694151
113.46363875811869
111.78958085475621
110.41925185518652
110.61950380370982
109.51651431844323
106.09015255865881
109.6011086459257
114.18021076126881
113.80715222177398
109.91268254695063
114.33418884570828
108.80096100037969
111.23007525981888
109.12633482153134
112.91172531058827
112.4850683320405
114.26877494393668
112.43415161758016
110.01310053575642
113.7054165781509
110.2854194061795
106.18251678962653
106.13509650814578
110.34791076041203
110.49277796098613
104.80966436863409
102.53815059927838
106.38786320378054
106.22750862688207
103.91292863369549
103.25870697332721
106.79699131283087
107.91506050812978
105.2793986439022
107.99270856982717
108.6815061841761
106.51396477791597
106.99451753961813
110.97735267065971
113.28812310055258
109.75477512657464
107.45780317476724
111.13131159121211
115.00400215107187
113.63038702422236
114.68940839130406
116.03979528036056
116.62236335707081
114.91477885444368
113.74083207862861
113.64671030987579
109.0432538612713
116.8486278276061
118.44679343768028
119.03654502900932
118.86847726216139
116.93105860741125
116.01081433550584
118.67040636040721
119.74904538518928
118.87066727237465
120.91547891909414
119.43097488794065
119.63930846517822
121.88638816270429
117.90399842526826
115.83450531167324
114.91110653666081
116.53449684816657
115.79713975611867
111.82263357426582
112.59356035139336
115.98315097521682
118.48259292321909
117.08740134836313
112.25621739860044
112.92783926261171
112.16221102233041
112.17770099622989
112.76085771743726
115.11581401420756
112.656248251205
113.20956419502605
111.73650121695636
117.8911487131679
109.63591572580957
109.05986314470626
112.612875121209
112.58176242992984
111.08127451094157
110.60890931843572
112.59206057364194
109.46140879447181
111.49529848946602
112.33835824375889
111.93422449802637
110.11937625590028
108.06025498190749
112.06417854379917
115.76106561262499
109.9150634023599
108.09338276924241
115.4441968053799
115.72102586339324
113.28491517605049
114.15123005180253
115.06022914954298
111.98693081572816
113.42582268366994
110.64522936308711
109.69338209732604
108.95877916371111
110.2632871229865
111.26535313419915
114.26196527950604
109.67386413829972
110.34498040381487
110.8352822264949
110.08792601371876
115.4616871967047
114.80447054797122
111.463258586424
115.49852749525202
113.78929467039465
114.37076122010195
115.9654423552733
112.51930206712628
111.77277656104735
114.72631808364329
113.2646458888601
114.325224195048
112.12495654206728
112.04997562312116
115.11802239978825
112.85998667059229
110.1509384351053
111.97808801374931
112.43022033244608
111.04067692526446
110.98282418961651
110.80006434137857
109.1337631315783
114.09343267137058
114.53829541503735
115.85408562836729
114.64660251786474
114.33010482380834
116.29589976045624
111.32640536402847
110.31052065594257
111.5287105847768
110.06130912221116
114.3399332167965
113.39869222452893
114.8842399205692
112.71933802742197
113.77909478249546
116.85846331079757
112.30326698958314
112.99657244585009
110.40151545988076
114.25776694726173
116.79057919346
113.07633673766277
112.77042277871857
112.94458249666161
107.312930621001
111.44464284836639
112.11254857519191
113.62332908988861
113.30267572194587
116.40341769568657
116.86819169528171
115.30984266634773
114.64859283463367
114.16927352184844
116.32335938990518
115.61213698716848
114.33240025595416
116.38320613457289
114.5972085126845
114.50887193047348
110.72249752202377
111.34499502486702
112.74698475744295
116.38360519559203
115.92599035522217
116.48727069563692
116.99696870961807
120.26704963692066
120.86330769578439
115.63222917071788
116.24797071737216
115.86867338999673
114.71906874230316
114.11830957881666
113.49595645543032
116.53151442259254
113.18487486973649
114.77634135300639
113.95712762386131
112.9590456375506
115.36663827432002
116.4976237623554
117.44576056563936
116.12767804903379
119.20057599562705
116.81176241726408
117.5877902363419
116.02665331346707
116.38135437049608
118.46521723775706
116.2274894432606
111.77550878927683
115.9318891956471
112.8403599340031
113.10106002194891
111.93682601821419
108.99028097842005
112.3923249794708
114.78813081076947
111.00900204049782
108.14244935762794
112.16535160488311
113.92497634671628
112.1430767407638
110.76427547903455
113.76430217222241
110.90750957219655
109.77472079026606
108.90225717476045
111.10551813879584
111.79999020957158
110.34872185692674
112.79772600035369
112.16471156330289
111.86117062497411
112.17577435311932
110.5512678023042
109.81785458766326
115.26381449029176
112.58142966119937
108.16942568057355
108.83911670581888
109.69995369417768
108.19204580782458
110.47783601302658
110.37126739856082
112.29254118267286
108.81616070981076
110.19404789124188
109.18934480901382
109.51109920816478
109.28937004320686
111.15467422857304
109.1268463424296
112.34832329202233
111.00465207197807
105.26742536352256
110.31885341843753
110.76211177154346
111.18639392827704
109.78028959160228
105.9441966994621
108.44484563183029
110.45569401265331
109.83546864734316
106.95098412281976
111.39015437605696
110.94873154884023
112.08582052563034
110.24422157928366
110.38469109050666
108.76277169897061
108.81141010594887
108.93094318055905
112.57843044359645
111.63618557657169
113.72902484953767
113.761758776776
113.83443773905273
112.78922485082232
113.70213942797136
112.23064478459892
112.2042826770842
114.12626591605543
111.34896645558035
111.54680863235198
109.74670285952098
112.72701597927885
114.51384082653094
115.12965463877308
112.34858040630395
113.10283777338654
111.44054966709679
111.17043751084682
111.43555413802285
111.6163046330502
109.82663524161904
108.29946817276381
111.5285621315019
112.94253580016901
111.50295896149797
110.97614994134736
114.6583451719113
113.44032389494564
113.77330817989386
108.42381833221967
108.46906615905205
111.34704156374208
111.23919492061279
110.78197921677526
107.68067595745235
111.47768822485277
112.00095569184634
108.36935332255587
104.94612904273126
104.93739698557916
110.1293535513099
111.41326684346237
107.38797620012586
108.36624621690576
109.31448272003288
108.42439370246379
109.60665041275792
111.59456062490739
109.29490178139386
111.79974612348877
108.14715994229864
107.08929494126257
112.98618253592798
110.60294261323236
108.1795382550394
112.0977144861895
107.52875534613406
106.83205644100956
110.23391246245035
109.78960450727547
105.67593968846536
106.91472232191903
107.914203847517
109.29854163824726
108.68772279391982
105.70882269639922
107.50108519560095
109.0521938316146
106.87266064303057
104.93362962089272
110.55099839860235
107.5753216725836
103.95588664875496
108.66471947935985
108.55839810142328
106.2461517036089
101.38964299548789
106.07821169748053
104.5065348346195
106.5306197470013
104.45678010482615
111.0638563780765
108.16366118622707
106.33601148484955
105.47872183007584
109.43638777010196
108.56257600263253
107.0290373848469
106.35623083518318
104.91681023138361
105.98741753124096
102.83144103690124
106.43510896159998
104.6436002794871
106.42794731951443
106.66927779172524
107.62919874046227
106.72252869450739
107.98883748536545
105.77718995921983
108.72752103438262
108.76477593560858
109.09727441205781
103.79348958174997
109.99813571383542
108.96843709020257
109.28535301650714
106.79103561091553
110.00071514847254
109.1265436088583
110.38601479907128
109.9093319480644
109.15471829127617
106.10211301438427
107.05593392689998
107.08021442220077
106.66505345164667
107.62934279357451
105.88143398130838
105.1320188285536
109.16954829936087
106.43242301883183
106.4225019371275
107.67370831591565
108.23254148903325
104.6181325094406
105.34964923445615
104.16702024833577
107.79103431939023
105.40398545820909
107.23228658022381
106.34552445373927
107.37415792737264
107.0763428602234
105.46754743187334
106.2072444217425
106.55996940958758
102.7396204628398
105.37323988847943
106.950737201196
105.05252653387677
102.79127991765218
103.57705242254161
105.98868270432759
105.85069718684201
103.89063666680639
107.82039737152375
106.17020834319807
104.92484908537634
108.56983645047595
106.74900268317047
107.62699085989621
101.87517534967961
104.52542799392772
106.87419524729026
103.20338166657551
102.62790873577904
106.24098609087065
101.9291883570662
102.40508064566946
104.48444699695139
106.34265509846897
105.18085441025806
100.63785759211801
106.80024235691388
103.31586032189722
101.89347376146198
106.98867134472657
103.4721904632892
103.33863833778685
106.03229692522793
106.37968217330295
107.0774094654063
106.74529648212769
105.8742291258746
102.24308586176441
104.56569272215692
104.49661178047776
104.65257385430624
105.00956695145686
108.49574179159663
106.17425329615745
103.72078017261192
106.17395223483531
106.08865219704832
103.75057315870103
106.82566164973456
109.80692305107435
103.72545783240308
107.35988192401965
103.9091889237656
104.79291033932404
105.80897013120394
106.65995800835408
105.61875059307094
104.19678439522988
102.47905501555869
103.14372712361236
103.12303419345083
103.01831881539518
102.2224611261571
101.73873256650008
101.17573337882965
101.95593957574746
102.8877225932687
99.57467000908669
100.88226991092813
103.97117500625956
103.31700423061073
103.35498476567155
103.71830263354839
103.03161608764756
104.7125791688861
101.96966767826662
103.35348167415603
104.02653191160366
104.20939404733136
101.00556542502004
102.78001542458267
105.76523472209348
106.81071529313814
103.61132626064376
101.32640952666561
104.20552843756383
103.46032952846957
103.60505745678412
104.24250448185913
103.56824064339202
104.47409493809909
101.82048239600975
103.48017744921903
103.49690395137335
103.01582998392264
103.84068673506005
104.06510289463728
101.99605021298098
104.35345661108347
102.97912833317041
101.74354806897871
102.50313282587686
105.23390900052054
99.51752746946937
100.82415795451725
99.00073509505332
102.32085216786339
104.45391295847374
102.77113617180275
103.98557366551475
105.08167963817739
103.63264265768623
101.79526448389471
104.76065897947294
102.00909308580056
101.5840021522891
102.10509201799883
103.87469623136093
102.19106530711592
104.12529951629922
100.94416061465178
103.19113474113333
103.583798208743
102.69972969468778
107.43597361748289
105.40478182696076
102.52247090223968
103.09756535984926
105.55754033911117
104.31419335330794
99.49262478515345
101.17143148001007
102.4203067523333
101.24791023338247
100.67535850163891
106.25077405212848
105.73912431980237
102.42576132642675
102.83211146435497
105.7542149143069
106.04477148512454
104.0479042996958
103.51952423796247
104.31997855188607
109.17971250779328
104.30122728502005
106.41811895046578
106.63331454165811
108.35782786276275
105.09087721783189
109.7343902838173
108.72709265269285
111.3562954950949
109.32968592700418
105.69237682972303
105.39377157889562
109.3165938748045
107.70514990898528
106.18526702380328
105.68811712140023
107.74548602709928
105.77612835655756
107.5690166421066
104.8323976895411
104.94728229151056
103.48636561963923
107.35907588446317
103.39162863933389
103.91036023053407
108.0026088205203
105.46018383908701
105.28175765471609
104.7752374719131
104.78095722262118
109.87774209220431
109.80199853142038
108.11892524458388
109.87344217175654
107.8200456552691
107.14222861822489
105.82540333984896
108.54198851521713
108.77058518290484
109.04123647010285
107.96737435368641
110.11505663140804
111.23989549111407
111.10433309250027
110.26386470026323
106.78599538008089
111.2895279404675
110.63917489605018
102.32988315889554
103.78163119790047
108.06068986902318
107.13672145070781
103.40974100136864
105.60189181222734
108.95365263290587
105.48131026073997
103.56251929213362
107.29952167917702
106.4554399365196
103.22814980350107
104.40353079420238
106.74694375705057
105.35421597557095
104.21011904984739
103.64119173564107
106.03159017073202
102.84977842077171
103.921702987233
104.29439635004871
107.48815159482884
105.50346526472528
105.32131675748371
105.81935600732204
105.74829559789134
102.78112249799884
104.99755318660266
104.75474125781726
102.03151324759762
104.95275217565208
108.1628107878651
107.69467034167272
105.04253735456983
107.84971610920974
105.12076908659952
106.4392515279949
107.0032511592187
105.71807655072084
104.90463954564457
105.4506828242752
101.27987323889408
109.39240730437841
108.22836329431149
107.0492294672755
104.06430558463617
105.68063479613011
107.14028169368255
106.85025388478684
107.04256879607539
103.20026656131202
102.68417229780488
105.63513228190834
103.18895232463183
102.84847473424972
104.44349766902968
103.7111682200458
101.82657268956737
102.3739911200423
101.64119212399336
102.42784543178504
101.94553032783911
104.29494593634888
103.03825043750734
100.20324164008169
107.85989394712499
105.6132662399558
99.68235306674651
102.23813991181552
101.92264828061585
102.9448474556115
101.92864959792914
104.92426833890647
103.18467444055744
99.92682556915088
103.64672413002441
101.35174026834571
103.25079227325415
102.66949955862549
102.70255399169132
100.47818549748852
100.50647427463264
100.01931018619524
102.22870124399269
103.09255622128101
99.47254085044584
100.21620758135163
102.76221503702898
101.64473124473378
103.39244775405828
102.22453341063759
102.41716270043621
97.98484201270716
104.59312547778582
106.02650774508533
106.630538128316
106.18662895692349
103.35854791577206
107.44446875131372
106.91637018650881
103.86824040995006
104.33141508654968
102.00355308615711
104.52342547393171
103.28176474729612
103.07087977340639
101.2208000838623
103.50668876516487
102.93112434123239
101.67490109501095
102.60115385478605
100.68125034379229
101.02665645825904
99.9466838538281
101.12550696068016
101.04814899708919
98.76748975601798
98.13023494950225
100.92567252457991
102.58493497188668
100.61266002353463
104.01679977787607
101.41264210247975
99.20648660882942
98.93163248065059
100.91025787034228
98.46223573476124
97.06683982372435
97.49645828508554
99.35189161177736
100.10395055531866
99.23379332693854
99.15471282337545
99.87059087292633
98.92792534061981
98.8700114480939
99.66447328714635
98.55514535129973
97.53765706499918
98.49651787383705
98.40387692851168
98.47758445292901
95.65709421379884
99.67122270824346
100.8348583326005
99.03189986436568
97.41103299715647
96.77454347564687
98.9557587831458
98.95369401269541
96.77769096624725
96.91875222710492
97.62089155426743
99.72929397984713
95.7822276970165
99.212871376418
99.2119567517031
100.10595505752626
98.17292972079369
97.41219580769688
98.68801748737489
97.52141727940874
99.06438041892866
95.99973183762162
97.65551988423108
99.49129763799341
95.12843565718508
97.74803239016833
96.71174271967382
95.96913120910736
95.14294629518058
96.42492074685833
97.97433220604172
95.68481494808367
96.75573844533658
96.3795250148317
95.12473778626666
96.33392285726084
95.08037427556442
96.94546683707915
95.4941894827045
96.30820389245038
96.89684829687114
97.14153216799863
98.82152488830506
100.38964657130924
97.2783985975977
96.81482071384609
99.95013047405322
100.32438959171787
95.69779210994831
98.22131342504434
98.68481614856961
96.11020441451994
100.63557726015787
99.63439703002884
97.52637404528843
97.71997544676962
99.03365902653947
98.30449688278982
97.36023094593082
98.91691000300997
99.30045929420763
98.69441708357537
99.50649687667436
99.9169429667883
98.17891679074171
96.26634289865818
96.36821215126474
100.16011651453431
97.97707396560865
96.04674421283268
95.11277939034127
96.97693725669947
97.35856155326569
99.02197547576998
98.74062879669208
94.53117606205642
96.39722707364098
100.36669470383924
96.94666406826381
96.21935996089938
96.92641808419175
97.80636928271953
98.76317843191391
97.06388695305519
96.83901611978723
99.41475044851613
98.4105151849967
99.55500347262804
99.49605107577672
97.28869591696353
96.8546067276851
97.0533861065549
97.40057578888458
98.96827065846838
97.94180061864886
100.24256265627126
99.29814689675692
99.44309723901344
98.18829457227982
99.11389710902742
98.53848903786879
97.99318286515961
99.25576442541835
97.53776864503398
98.74021157706396
97.46146096004063
98.90378977796335
97.54952658477603
97.62324211045569
98.08279038564801
95.82857761474658
97.96772510567727
96.2520534662479
95.4284359064334
96.02264161574016
96.09594797606222
96.99570120298708
95.59483696223568
95.58099886173443
95.06338561690886
96.08611935283578
96.07946234012594
94.60940488439824
92.98531979818652
96.26650483424233
96.8973720532118
95.8038221621644
96.08074757084654
99.30686539354927
98.14779329433387
94.82583907834847
96.75509719700308
98.28342362260953
97.63164830990671
98.08139306351877
96.07002269785684
96.26918624769237
97.21651424635195
98.08479476675595
97.36763408913788
97.3646520825688
96.57569842047414
97.55127612803997
97.1856950862077
94.88621046633406
98.96105680771505
96.95790041981007
96.70175891475442
96.37486245174654
97.66710800867449
96.65639318574787
95.25288534796495
96.68131697370539
96.46405415721009
96.40388617567264
97.90166470016436
95.54746886607023
94.08570269033542
95.79795540716768
94.60429606361417
95.6538977337704
92.97152651601893
94.07638493425216
95.38254828430274
93.60873293813121
95.07607263875389
95.77844929169326
96.91164200050754
96.6271682450697
97.20812214371087
95.95108002121643
94.94219098359507
93.95136841137972
94.6652743211887
94.57791331234475
96.02684362153639
95.03564636621199
94.92982014140563
93.52969079491554
94.70466446753755
97.62695101841636
96.34395183839834
95.2053584721189
98.06331394116867
97.59898971665943
97.96890199089819
97.20869207761902
98.6496647723089
99.98840323491827
96.46993730891455
98.0665290685965
98.9904352022458
95.38587815380338
95.7745811894771
94.89506937703442
91.42211931589055
92.57350531532327
93.39780201804545
93.94816004296212
94.46746182328556
92.74730700525615
92.90745587195975
94.50859056572253
92.25342077953864
90.94921396064302
93.31024726529857
93.07383901366073
91.12047764154853
91.08635746504184
93.02992438762085
92.77540761409222
92.53560543593255
92.34435860029062
92.46929173445432
91.9084945462738
92.00242468224063
92.9652557224633
93.45975074382905
92.84434648249965
93.81567772552316
93.32135398116381
93.21628917943774
93.34503374458178
93.09678439997893
91.19345307324909
92.46509254515715
91.42532259673914
91.85391067929476
91.40950436548545
91.93890901087208
91.34449422923834
93.378803496824
91.90933912833269
91.1211521401194
91.19386396473911
94.20373799063906
91.25599393795144
91.25665344386124
93.9224727900319
91.67890934091461
91.53412784329315
91.98568814019211
91.61999813803902
92.82662491499282
91.37322997196038
93.12046440158305
90.65939068259631
91.65615019561439
91.25573996797313
91.00571815247244
91.21479326516913
91.58882055398846
91.62702762224072
91.53049753028944
91.16176546228645
91.68849099895982
91.20467079884274
91.43780962897443
92.81761155229644
93.30066408724088
93.91561046529205
92.88137208272975
93.31453930128127
90.77568057782126
91.61792807566442
91.34356160336938
92.7391936463082
92.03969436508989
92.44315702109375
92.13811660851357
94.00975305924159
93.41001871796647
92.93788400514138
92.00642360133777
93.25141615626212
92.52938701290718
93.61113192082125
92.11379542302612
91.94992840723216
91.97399492012659
94.32605098526494
91.67093136462084
90.59507882974529
91.10202590997291
90.99583521523107
91.54367752846248
89.58180051063768
91.21539737974672
89.87393182463165
90.92622252202653
90.37528747782271
90.69425863518954
89.46335184494988
89.85717829181799
90.34745559223455
91.38699444348015
90.49095767715329
89.72564913508586
90.38701920095694
90.01963740821519
90.3906748861556
89.6387177921274
90.32348013981249
90.30117823622295
89.94347952415843
90.02327655215235
90.61223001251375
90.30156354436251
90.0285180259741
90.93057374048927
92.08801863062021
90.87209923937345
90.39956239348517
91.45934964856993
91.94825399035537
91.26564779805695
91.69578444200914
92.53518270122794
91.15726235715627
92.51684288588211
90.32573189100927
90.78227242298946
89.53943880190353
89.98814759945992
91.55780435153605
89.4799477243118
88.64978458778667
89.47383228117778
90.71293020123096
89.2631292324308
89.66526603492747
89.54763206947715
90.18092898218784
90.64846544241605
90.68393604765102
89.75938610989479
89.36277802489421
89.64949685269058
90.15105476860025
89.89171892138592
89.91635063595012
89.49582504919212
89.53333992337052
90.04287926221843
89.25447325099914
89.4641940759845
90.599262646829
89.09939070694527
89.96667366345278
89.8445362633787
89.66141574742007
89.50756366243286
89.26528679638723
90.38232750813313
90.72085951545432
90.34335576474936
89.84696061770104
90.28725324184352
89.72164251620862
89.82341246775937
91.6748601274197
89.96143714083217
90.25659912543033
89.21453028282072
90.10226134170136
91.42095157822553
90.82411344246454
90.39790222504216
91.09108629616628
91.98085130531204
91.80783213362115
90.94140558435284
91.61912003639237
92.43761566282606
92.35627023151069
91.8600084475067
92.95131369679315
92.99584765871197
90.8178258135119
90.24633684908251
91.64225429330914
90.78810038599211
91.0192405510964
91.48301768579098
93.69114601315148
91.76069025326225
90.95063597899811
93.67044783888137
90.69612082942811
89.60966536441488
91.04102585210053
92.49676324455193
88.84244604789593
90.15884049714278
91.41182491287199
92.50111427496321
91.93074582663758
91.96165778382382
93.29373537754446
92.27890500067329
92.6067364002936
90.29257701864852
91.05246214251481
90.64757383617437
91.47533234410847
90.81119644839232
90.00838254816405
89.2020103728383
89.56084244755588
90.39331198611144
90.61901453351967
89.65765860005972
89.46126023762658
91.00386303370975
89.22917754760759
89.41544797025374
90.36610608697232
89.70618361670779
88.08634867745619
88.99046286731802
89.83051774958183
90.19038831848806
89.80645528149309
91.66123412514604
90.90117777168454
89.94882462657498
90.09051593597091
90.22365318874935
90.70901582553839
91.89130071069866
93.21273635518503
93.11221818463191
92.79596095615926
92.73422781021033
93.96913888413329
93.50823159844674
93.66025604807551
92.47245731847596
92.84500840494282
93.59788058593047
91.51366287581737
91.81339451105526
90.17795054062866
91.28850313445564
91.03418507423936
91.3365662699734
89.75151494010697
90.41864007634787
91.20957362025204
92.30944549592974
90.84796431341809
88.26596256761722
88.94451775412246
90.01078057849794
89.38183512194884
88.81213283305385
89.48554240977649
89.26191287744885
89.74007390560514
89.43360066757079
89.7819359049292
90.80544359127038
90.35188029882048
89.65405339158013
90.3857102933326
89.93579084890487
90.73888717146387
90.65039294647572
90.34695391691588
89.73518774555352
89.66248530613476
89.85541854217689
90.55486314480848
90.57194448792379
90.0069481049506
93.2407676128735
92.02744224032044
90.93012217345127
90.08495063382213
92.26899733474633
93.0740673555421
92.55819560658674
91.51454411874762
91.58806694988102
91.42624278015424
92.06781758931419
92.88901127985925
93.29713500932554
90.92205062545516
93.17234912326838
92.88937319948886
91.65325310138897
90.946332258621
90.00145990622694
91.83077872504637
90.17767412317797
89.39163861659857
89.43827622903252
89.63207417939061
90.29163910631254
88.91480480380083
89.46462472709925
89.87638836735704
89.11634367370607
88.95272954689277
88.60343416430962
88.7533634931242
89.02399217441528
88.9080198396617
88.40510088008878
88.7713471321838
88.83139622350785
88.74967162719513
88.6237008838282
88.68431377137586
88.77188192131707
88.21330417775488
89.91532139393784
88.89673302735872
88.04330814192885
88.52130595812935
88.95957061268075
88.78646758137758
88.39505676881043
88.05629939081007
88.81003068450354
88.02176022796989
88.00997781553355
88.56614633106904
88.13109777575774
88.52569528573605
88.5751145339351
88.28001523437328
88.98308995762837
89.04717011418279
87.89509446140463
88.06606300120276
89.00702855733867
88.99417854707244
88.7523671395161
88.28915902300646
88.84918438944031
88.70434906777598
88.8290807006152
88.35880173445271
88.50725277399175
88.09409402247351
88.88253220021132
88.3768760263685
89.74534339380632
88.43880080537365
88.51759884485256
88.18946097909118
89.65542196464881
88.53605240056524
88.07739696833085
88.20374673907216
88.84219306462053
87.96098476281026
87.7458093436266
89.15852710238254
88.27039775637547
88.18326858113423
88.1859757773351
88.69681536865534
87.83453428864311
87.68409688045058
88.22929015526222
88.16319392525507
89.05007094579565
88.09755915839106
87.8118898170675
87.77541499851765
87.94774480180105
87.99598593903765
88.42321326818943
87.79971511469986
87.7576282725237
88.1214602268242
87.88372933529307
87.95939944210036
87.86583972287293
88.13814172466824
90.11946289236684
88.01211670084038
85.92365072468928
92.54614000575684
93.37882863137735
92.14534786036307
91.62849950624312
92.85286925087168
90.6216788328204
90.34970962169889
89.12098309511133
90.48666067345397
90.98145325371847
90.98837831307104
92.1883043171486
92.60748107108006
90.48578739214992
91.45781648372962
87.22117218772506
89.23045586716184
92.03331951382032
89.7856798832874
90.40645476464603
91.26052561946685
91.13054511730162
91.08150533759806
90.88125050072482
89.69995013329343
91.68952246540113
93.72360449069383
91.93217383205891
92.28796860793365
94.06812745458242
91.72890438398223
90.21415270055303
90.78505034954182
93.0335204850881
91.85477400406403
91.47576940361846
93.21006181920919
89.79966649253825
88.9722230482628
89.30139599059534
89.2871153006623
90.54207229538086
89.65357192103652
89.99776910971352
90.04731002000717
89.74228044304577
90.7872164441714
90.69763196388035
91.0535279329293
90.37937064002405
91.99270969742236
89.78716927839905
89.45128082607512
92.113957288973
91.1730585907913
88.42031273664084
89.13989333832454
89.3549858390285
89.37000655069991
88.78748439894888
89.27565930996214
89.0003614383981
90.28178679228168
90.23596075989248
90.37164749774935
89.10924681960655
91.94398273721134
88.72482797950346
88.91306178957791
89.69949880125723
89.85956769743035
89.25664645055083
89.3651198483927
90.73644084269213
88.75789055209582
89.4757953619297
89.2531612049221
88.96602746253042
88.52179117994285
88.68729786528701
88.43350079471469
88.8760484417092
88.8405290244419
88.46219683873625
88.29882199924992
88.80419716745988
88.6620574310096
85.60413406505916
87.3886750156484
87.23999736950485
87.88075076042759
90.28693230389428
88.95988467226267
86.92394010788405
86.94008053810687
92.04114402964466
89.11646193505847
90.256538409874
94.83819094936342
92.87129546607144
90.09309821090979
93.19295206290658
93.24677146961338
91.68231912412233
90.58011836768792
91.07432126223023
89.95514529875591
91.23117885829565
90.78357022336863
93.04380951537755
92.60440387196496
90.36331221874156
91.67768218066068
92.82537925382567
90.61962402243215
89.05543018053726
91.06332879226211
88.39678797039666
86.99975502660469
88.71308842546404
87.30109853196942
90.8540455896469
88.89089248287708
86.78473070334927
88.40117204281678
86.93986359997209
87.62426029872486
88.99509672882046
90.8079533741059
90.39446640379055
88.54413708909996
89.83173119098728
92.4929972390706
91.54693293235624
89.3062451212063
90.58710781112663
92.79887715500564
89.68790811775584
89.28268465067508
88.59060666501071
87.73380777835605
87.57014730517508
89.45216933753049
90.43807080162973
93.18722877047765
90.6479502878917
89.49353801501582
88.35185904446571
89.27624499350162
91.54083174313942
90.08036216113078
91.22948858301326
91.42246181357156
89.05080205046455
89.4883587710987
90.8309439723405
90.89270513981654
93.82950880160351
93.0078320105767
95.15889271992273
91.34091444898398
90.56446125659488
91.85659631615381
91.75387919854971
91.13489104781567
93.03996122530845
91.86655800550416
90.83080361787019
92.02095717684904
92.24269329442065
94.40704912055122
92.09301879791727
91.61667349288419
92.26420047297553
89.43472012738283
88.00445523448847
94.13295726182307
90.85376577166562
91.20698927208967
91.13118521108385
85.14506493583224
89.22534102376285
90.28190922597955
85.92905163024001
83.86220215417379
86.99876335302628
89.1284574689692
90.82248611000291
90.78620316188909
91.91951767120976
93.81065516012124
92.88021595427094
90.47005906558819
92.95403980941268
91.51417657791109
91.86097265241456
87.19169261645726
87.9282939954109
89.23276220086315
87.6806356543057
86.47015756128236
85.09136807868225
85.0625284539607
89.2553095129841
90.58955619389036
86.22450813727575
89.38547368156269
88.35414818902994
88.25859107266548
85.47688006847824
85.87936660162727
85.88411390267069
86.35297090086463
87.33259365279555
86.3781067775016
84.55874232595289
84.69741765572802
84.56452923471802
85.83841859385068
87.49705145551512
84.95971462936373
85.28682887761053
88.26221897332492
84.63173412734335
82.52154527962149
77.87526124566452
79.29418613296306
71.13842241362823
70.29092947889637
73.85117140658754
77.96742108813555
79.40677466674585
80.95199994202929
84.28877930449781
84.26429674811108
85.0038711529888
86.9136169427763
85.85773840773851
83.90596134226317
83.65860893413044
85.89226251074197
84.48828209217919
83.19878158086202
81.18146951416199
82.65719570307304
81.12267215797165
81.15616538017686
77.55406139054745
76.33286584993421
78.11109088039521
80.20902573924111
78.08578001663703
80.32083441729935
78.40858591692971
80.6730102799361
78.88648127692956
75.92106869027171
76.67494637670093
76.92349246163391
75.60530834614521
74.63032073581334
79.21355189062182
79.21171500045321
75.24760897481647
77.70209303638894
80.57656852308571
82.55342837179246
84.94434522398913
79.24079756353039
77.65279525455584
78.95721409118843
79.4765097923616
80.0308647908913
83.24231298094746
85.869271100722
86.15820214029215
86.66742156729084
84.9956018705167
82.46602175029595
85.30182754425704
89.72024915684506
89.32258019731319
90.46975359149279
89.59766734688942
89.00112351268841
89.74182982533505
90.80749165016026
89.62527429050748
89.31510297853889
84.82292224762645
86.68557235193929
86.23886186806295
90.49528020857638
89.65063809722234
90.676871462182
90.76341122222955
87.68864118639418
86.12596279577046
84.51556133814971
85.53489557665412
88.78487663349559
88.10179255217365
86.20853461893337
86.46332986832357
87.772608044326
89.31192241388308
89.9653452034916
87.9634283146853
87.99560885429048
84.89713754179691
87.10957076443302
87.26099390251154
85.21896089886398
91.94601437562699
93.12407437455803
86.75934060792937
86.20420024986888
83.90696749089335
90.7788115633492
89.8018052517284
87.2789537367295
86.43011079941456
88.91498886652997
87.51751224478899
90.21595336838669
89.84015703182979
86.90178351509502
88.9899304043986
87.09293476531926
86.199121139793
85.62812344146063
86.90278535549382
87.70207666018355
87.59477482108696
86.8984508618208
85.14794467175234
87.97566578859092
87.71075442953939
87.00853423457986
87.52383856759221
87.69337404118562
89.33682928988088
86.39887037700622
87.16424527499919
87.99100028233424
88.10152660638997
84.8859359582575
86.51154555944485
88.82936902810289
86.23480285797393
86.96556386847246
88.64552773114748
88.15585637299947
88.73942075293378
88.8126840796298
85.9199780961743
84.78796543612043
85.4406761316864
89.76349440913579
90.10096566059843
92.26988121264229
89.46039947475936
88.87607257316041
89.08504518047005
90.60684201716603
89.85052381400027
90.24875630208004
89.81467636194996
92.41375558841484
91.6545126168236
89.42646785168711
88.72877516705141
88.98838471186315
88.45631465802248
90.70988923079693
89.11891773964848
84.10010503954516
89.82881576468856
87.92183127848458
88.60741435372927
86.5347862618457
85.44158457172543
86.21505341727385
86.92373659344875
84.80259968402014
86.48729198959077
85.9794765155869
86.76297964993097
85.40974739078207
86.96845449149694
84.80025927999368
85.10842896695867
83.05322295273965
83.97817762170389
84.10311229793682
81.19205708628648
79.98074711049833
83.17621593500876
82.63806960362024
84.06751224882768
85.74769303649803
83.19941671505829
83.79131606940994
82.94008110295248
79.47930745445035
74.1103245568444
77.82238936781829
78.66314581338726
78.28351990944189
79.59481629984522
81.24151862049698
83.29371569231814
82.52975567523553
87.47524512275258
87.24750381597977
87.07463605236444
88.8030745610476
86.46673906759887
89.85478605754713
87.83987505421275
90.73666757825146
88.98090032822158
86.5461578200183
88.03435312435282
86.9245926897863
87.6261739194517
87.99588059704915
88.55808481073956
86.71787362455687
87.24722187325318
87.495458750058
88.91155459026882
88.13265956202227
88.18247840238071
89.08808476281104
88.80428737372885
88.84431143876645
87.48498960594759
88.55029467531858
89.9038816367364
87.93300468288278
88.46913583245514
88.49426737140521
87.61919537022997
87.48604825440151
89.12282770210045
87.78104654327264
88.16851033840652
87.85180158347833
88.06820706653134
88.76174402134616
87.8915139973238
88.66607013296829
89.30693237901336
87.97481019440028
88.71366775406541
88.65223894704077
93.44235576940024
91.65565330226991
91.4705999962687
89.74316364526621
91.2420292977638
92.3840326393211
89.34888077926762
88.8305484046133
89.99215344912864
87.54528269451079
90.09328297666939
91.05751242014522
88.40198454416318
86.84585641895438
89.17408197256033
89.40898276832678
88.97098269039023
84.6101966539931
85.50207206688471
86.12869850239153
87.47065335100194
90.6354858461201
89.72466029821635
88.13395464354042
84.12132295685873
85.58759698075441
85.71658832605928
86.2572122140888
85.10418339811633
87.54954066459095
88.286015299059
89.76808558384215
87.77148713045223
86.5600733654495
85.73119201703531
84.99911832136532
88.97197906879805
87.25782887073585
85.96091735559237
86.8577015277572
87.1488263910982
84.55927612965714
85.5322484085396
86.05873625148594
84.0241124399202
85.20994213175847
88.06993614631959
88.15334014312003
87.91627429151168
89.36123692844566
88.28468480354505
88.43137908438945
90.30798577651862
90.6543719922981
90.97166427838094
90.0550132793148
92.98425677643966
90.235732224908
88.4588638761322
90.93901821311978
91.79697506711749
89.57933387731256
90.7290741242623
92.85724434495069
89.51237635845523
86.69654095416148
87.68028895659005
87.81029817437313
87.9672010057078
90.0030843654562
88.61388349461407
90.39823413910973
87.96031223705951
87.3335663988296
89.3399636607274
90.14093068602735
88.9986981012312
88.26340134930477
90.93738368637234
89.64139904561318
91.16007889990327
91.73061731123262
92.6779303723904
92.59611665944331
93.33823233208386
94.31482028022961
93.92176811396445
93.20735949715116
91.827526700026
90.40548160854651
92.8772057675395
93.59077206136455
91.33637481588528
88.48814244062473
88.8728105358803
88.23070681164828
88.6706014281918
91.13021963054463
90.76775891325615
89.98323622204373
90.67638645848636
90.02254942920294
91.55558422615091
90.0021650779934
90.6465201715349
91.86767153839877
92.26071766920474
91.5034175258872
93.18715986390173
92.87666638527142
91.00524417418166
93.45970650315107
91.65229147358174
92.99426487666355
92.53678787514602
90.05407461562734
89.68291736813079
91.56876189346026
91.06349456949661
88.29328450664481
91.93726327406107
94.02908461128526
91.52300114965249
92.02270783095892
88.64002595682994
87.98091120198154
93.30848161492004
89.45570822423775
90.91404586060804
90.50723621251855
88.64757808185477
88.9080517985611
85.61770566213474
81.84610829381403
83.95032198418755
85.0064965411017
82.55771785975745
84.01648383416635
82.97457742110625
84.21903805631896
82.71845629485793
80.38519678457286
84.4052351140807
78.39181771516559
78.07518340140776
78.90474772240358
80.69698499070986
81.48466532041697
81.04732930393797
80.71698830622894
79.81074899816747
79.90341651343584
77.08735342693944
77.95698169084508
74.1512517289992
75.14145770830477
74.34522058719867
76.21172851761098
75.44109704134999
74.69993896598498
76.68695232963012
76.80876586112967
75.68707331643685
75.38279059859197
75.60302704437089
79.84003577959284
74.26817120799048
70.22847100993822
70.7765167519897
70.66897776463175
71.65672370498037
65.78020482803171
63.7627160838684
66.30823497831926
64.59374848471751
65.9217557225657
65.28099432336523
65.32059049032618
68.23260941489403
67.33832219821656
66.28366734281714
69.85978833906067
70.40334878291623
65.06512782214351
67.80879358253293
71.85771199415422
74.15225268561079
71.44582305384341
70.12285905713426
70.11842825550394
67.74987819325865
71.53555928909414
72.52624765511202
66.39360400666943
67.24803333072809
67.82069944056676
68.77126942608649
73.57804040338686
73.56207478903187
74.8206030736542
72.41788723619442
70.78378943130326
72.40156789391126
73.37574218866833
74.17094663219034
73.50229487805767
75.08019865996886
73.64290736908872
67.47546633011397
62.961542850299296
64.50804775903873
69.46147639812064
71.86174812930844
66.42466966894771
64.52503646462048
61.93066086831628
62.73756036085124
62.91953761885703
63.517943562724305
62.67882371684732
66.2056096198479
67.00324530113639
68.92289355035992
69.19667278070364
71.95923749024269
67.58588215578821
67.41421851055445
69.97751983168722
71.01975826667405
74.06756947264226
69.80928707531227
72.04703922690382
73.79355345494655
75.26673252977344
74.90547125250033
74.26160980651748
74.57836242901467
74.15280740035865
74.37459818851875
75.21317366330841
76.29347645847123
75.74307792527759
75.94905421998291
78.72317419437807
79.90784199978499
81.79270069062767
79.73529998400139
81.85508066806338
82.19731599232223
80.60409459529107
82.01894617632959
82.26116082000507
84.89495159440203
85.29198240034643
86.55170667618805
86.53685470492672
87.39765748618773
86.05685319519449
88.07996984279816
87.36207662689664
88.65440731646035
85.33951198379651
89.46021385216784
91.6501608611982
89.28062527069812
89.94613960381827
88.9737552476335
89.36776791897638
89.96369281092194
90.69091852662301
89.29303589362155
89.11394867029678
88.25422520542678
88.8874631942729
89.22914827437418
88.74576068598861
88.76065780341149
88.2794370103672
88.29828965806487
88.55865847684834
88.11277376846279
88.13427486802883
89.1217046479265
88.61496292611675
88.43118768248216
87.58585279922819
88.11543386335876
88.54586276563222
88.74002529038643
88.36241006797408
86.06118028644458
86.78324746210048
87.73240439110293
84.64313162279457
82.65731903225922
84.49569781316839
85.5798340932748
87.9273813816698
89.83610549500624
89.15865380890085
90.78159854135896
89.7115114335016
94.61849869007924
94.05122266526793
90.05747861160965
89.67197627749951
90.6141765540206
91.0088339550238
91.93238207958237
90.75871239861581
89.49762045961604
86.92818693760064
88.31091414013464
89.22948756197485
88.43488503552561
88.48975781321606
89.42550186055607
87.5331802189371
90.3981426330684
91.68991885452871
90.56022622542434
87.48342146990949
89.67873655901347
89.85493159043777
89.49753212501145
89.88680272465822
89.45725544387712
89.4286027802717
87.62526040502748
85.91471105278801
90.44964085798179
89.97379810096301
89.8421838291271
88.658551705305
88.13724959006753
87.76189864531058
88.39805305375954
88.4702960050083
86.33211500663234
84.33406854880899
85.1749960515678
87.31751580872623
87.18719673589644
86.94672554518566
87.43124624319393
88.90148407113367
91.63170389569119
91.53645772613503
93.38192194166717
90.40508483698235
88.75936745676994
88.08096777060426
90.74246425846866
88.63638550480744
88.32414181915686
89.73877855897771
88.99826596521864
88.49459491889147
88.8043960278445
87.38884724511892
87.56423998256983
88.27051237364323
87.87377479770512
87.68052380051172
88.12531577297021
87.5753088733469
88.29803028041643
88.19221085974827
88.01257847158342
89.07774189004503
89.09524057822529
88.6291181896138
87.97780696634373
87.44603117698048
88.97865673858212
87.01342730479274
86.91427226279092
88.0020965922095
87.42899853473095
86.71975192012165
87.54667082599607
86.87835207180251
88.06776166951754
87.12743361346425
86.93396108380661
88.36908767039469
89.01328674645951
86.13083456831582
86.60339274507325
87.30930257594258
87.36694976905808
87.34039964914754
87.04590944733522
86.22116296807354
86.54275677313406
86.59651842979916
86.2305404946861
86.1191864837319
86.07669852846914
86.27811450452977
86.39186984921736
87.15616889032907
87.0631304942247
86.2886495991792
87.54551328325141
87.8390233657285
85.87684649443676
89.00652605463583
92.09839410126791
87.30135439863814
88.07377942820254
87.55718460115916
90.02674661275752
90.02171964059148
88.70280814551442
88.70842484187999
89.11813463397128
89.32806464063677
88.12441000149894
86.58709892428016
86.20850301599661
87.1158284953788
86.80907528616933
87.17594649208677
88.97659846367642
88.2362242262505
86.19641038452417
83.40840511819901
86.78139637989663
88.90918939951233
87.59090373211002
88.23679993638201
85.05413186488634
87.48245081419593
90.95437292061986
87.28240951949726
87.84227122376076
87.64135050867222
91.24503300854555
90.37375810270288
88.61187440946283
91.66195214425555
93.72625956121398
92.70561643193474
91.95455262561013
93.85466418622113
93.84676314701686
90.77350326726955
91.60306482194206
90.44267535422284
90.06879306360703
89.65581604529196
89.23139809604498
89.57814058836726
90.27830237861919
91.14939186170861
91.38136345100727
91.47352353063641
90.78192921260937
90.5317629117938
90.56071263098016
91.70828413997671
90.76686701547015
89.16063287028024
92.36459371651051
91.1945104906429
88.98268123087007
92.1043984183911
90.535607431242
90.6427743289915
89.73255539949781
89.19407696597453
90.2390953593008
89.21350474039963
89.76581641879207
89.50398924671916
88.32293049369699
87.76202985828466
88.59904216199753
88.04311641797707
88.7084939820122
89.57462503911341
87.79515301522797
87.11189937641437
88.85334047228837
86.15661762830729
88.36447813278879
88.90452007724186
89.54330178048173
89.14394471298941
89.7363413992372
90.59425278661949
88.93046084692105
90.55215769912009
91.30864711384534
89.43461921290606
89.10081483454073
89.1836747028795
89.04143081329134
88.90351644049503
87.96499217605175
89.72867199961325
88.4904609507406
88.03422928235469
88.46098340697499
89.24435011627658
87.82575072992073
89.23033573414891
89.10019016918369
87.87138088742893
87.50502072088737
87.70887785793084
87.64990949243624
87.8329062028458
87.8486397111569
87.47906134821739
87.30200129041492
88.35292166549293
87.85954058077088
87.21511510564858
87.5362573702245
87.1498035343667
87.32037782932424
86.69219876917731
88.20228872155224
88.16727927237501
87.53362723787474
87.3588486159627
87.13686900661676
87.03368529597407
87.20105507468674
86.90629494862897
87.07955414781101
87.22988732210875
87.23581137221068
87.38488713814563
86.772079700758
87.18325961389014
89.42176721490199
89.47427814945817
88.74667745136274
88.8671087573728
89.89138843003445
90.76098729019661
90.03460715789345
90.65423778420423
89.9402591151009
90.69085923427578
90.367132675892
90.74173748961621
90.31289880506698
90.99189740430829
89.84274772278422
91.84792328958156
88.80784566593066
89.66005759774151
88.57865748836144
88.44029766541233
88.10434652398193
91.07545559483331
91.35737544151183
88.61195660112588
90.11262009258385
89.18925352706432
90.68643518351578
86.6212465166021
88.50080994946515
87.68209650202346
88.11301171822079
86.76895942522893
86.8734777829356
84.60543267829584
84.72313490311696
84.79913444652072
85.69122973090205
85.18179881797488
90.88593631897277
89.38568819635027
88.30217075080633
90.37353083105765
90.5742302563231
87.68095721012813
90.78420959070198
88.46935305968321
87.61250786376618
87.26402989321551
84.59294612896865
82.76584611393733
83.49544557531785
82.53502623911659
73.69524595925763
74.8069196738485
78.80832487072497
77.93181423416418
78.18816802440409
78.86918326866676
78.61068076509508
74.16584667228234
77.58771624023889
79.78593793018084
78.8067246844146
75.79097628592913
77.52171597782076
79.86062484429321
79.13138094193727
75.11569579992396
75.92073745529237
73.43555055638878
78.85204319023033
79.54392811746904
79.8164666294381
80.1737107307827
81.67162272375415
82.26813509137712
82.17528143293683
83.98615124427313
79.796522000957
80.83488678781718
80.94229106395137
78.95178244149332
79.54040252854443
78.99910645937494
81.82434083765325
78.18757177388551
79.65817409919688
79.99321116626433
78.59852495711631
78.56233601649899
77.74785664217845
77.5161819809506
76.91453747582011
76.34706809840674
73.39167897222612
67.0062507310632
69.07680247272111
69.66680839247812
70.8563449708196
67.1844270532212
69.17686574105471
65.01965146712128
66.04354726046844
64.83733005859453
68.78071581408356
72.97686139505802
70.92248533427257
74.32470080363905
70.44755350091943
70.296723989577
67.45067424499454
70.06982616342411
72.65898064702299
79.13398765647689
76.20813382209153
76.7617790919548
79.31311194174815
78.59587865135444
75.55719787582625
71.9151180462351
73.43152592429833
70.00751377238345
67.61565509214428
70.88689183861374
69.98188320395721
66.35080813547086
69.41640155532521
72.14979381981544
66.35302792666874
70.2553961496863
72.11659229424315
73.09038366219306
70.66453462618988
66.63167806751146
64.86825735116537
66.57296047679867
64.49174547798293
63.385651594640294
64.11180156946095
63.72071444272984
63.67817192643524
62.93520861375442
58.29103662116722
63.97320950766609
65.15488109384987
62.938800809445226
64.26437374335774
64.60357514337257
67.0015884959124
67.32056755932817
67.26028448225135
67.21065829830583
70.95805072536591
71.87479218469969
75.05304370687055
69.97732648987473
69.63412833919747
63.95067013684433
64.17990962475136
68.90740464286274
65.34440426536017
68.70040312938796
77.35372695181026
77.49448391722598
71.32642089769486
74.10428563208978
73.18009872150346
70.17471357164344
65.87575104778224
71.41985993820185
74.98615816509314
69.89960216209386
66.18581336641437
67.39516094792498
66.7961517254738
66.51116283225718
67.72263238872151
66.12130047466015
66.89972864317653
68.11325556864182
70.570345241497
66.88468729917493
70.09919831939389
64.99069841427236
60.88165209835691
61.42076632920358
62.436086362070625
59.079074398450174
62.112014241657015
65.14928836679415
64.01799936972722
67.18575515710188
70.79315626394443
69.10612211405225
65.85273954296305
62.88808186762491
66.79544969042226
64.57013080067695
63.01709836033869
68.59329524925168
69.45815714670934
70.45067534045435
70.54531027257391
67.76456266243244
76.98156760894238
80.50041786078646
83.76531364666157
81.81700088667768
78.08592408342206
77.4442184645942
77.74460504099233
75.99108888254354
78.2389720970769
83.86126301656354
82.51340113896879
84.13854848898902
84.78092270833636
82.20809937877259
82.18677440824773
83.16852543994315
84.06775703776195
83.00972731023903
85.87868383267252
83.39598120541028
83.79690865137667
80.38238658622957
80.34901448175688
78.10216437974339
78.52522293305304
81.49070504801203
82.67871532351975
80.42441716505769
80.94458943056617
85.00408201607232
85.20118673845816
84.53628112004749
86.75088277016025
85.80220760905353
87.4616739393487
87.56120350133011
83.321236112277
82.70955780777385
85.07732218873149
84.57470117159424
85.64349717787776
82.43904949613287
86.71248237302879
87.62404175135379
87.84945924458032
88.42940639370552
87.21797525228256
87.5285042016815
86.72173124365514
87.22791689127462
88.05859864041429
86.31548777928289
85.30775127400909
84.27302559838587
86.13358575717237
81.39860061185263
87.1512244562427
88.29655419533152
86.82205871370604
84.50146566785233
85.72682516316603
88.03087840481471
85.6989979275992
85.68000408172115
85.47333272501618
86.24788404409028
85.7630334292087
87.02140871154235
86.49683828827943
87.12270832198084
87.82897167250849
86.26805700147952
83.05937431147198
78.62382434325298
86.32714157498467
83.6675724600695
83.17688309351959
85.22321604629127
85.91063288941078
80.68398138412297
81.43542421521892
81.08761692425152
80.59825296536029
81.71494464501096
78.82809421185878
84.79024890037088
83.42723360646592
82.95036018383539
79.9532054436295
77.79828814913981
76.48145351077441
77.48824567285023
74.96421948409092
77.72973925414068
85.6852362233867
86.28953102557008
90.88768663105584
91.91816811271427
89.76646041197839
88.57295399661804
92.15985389287326
89.89347410586326
85.54118467594195
82.41623421169405
82.44327644373305
87.43832294333573
86.75956448672676
84.8123685610727
86.09569871001469
83.77183394621937
84.36099200876423
85.63849935720121
84.73821557792347
84.46848333947888
82.95391528071674
81.67050339019757
77.89477695316249
78.16306027985392
81.41615097140922
83.66733794244584
85.790387155813
81.12461677278891
86.4484429306649
86.29171632589176
86.30554290044442
85.67831204996907
87.0110960792927
84.76497286892831
81.23559834778386
87.70548854619689
86.38931593093712
82.00108291021817
84.8416861836932
84.48634134009568
82.323932724186
83.36593707136501
83.77842913377006
82.76712207710679
77.31868547418463
72.73909741666162
75.38038418381251
74.75357620825763
76.0362586112621
78.46796068783719
80.72270500008979
79.27345220347367
77.95216193655192
80.50515801364234
81.70368517537231
80.05842786041389
77.45477331869587
76.60691376040126
76.89928322418291
74.08233721539365
71.1289935754469
73.55677207160217
71.27995186713463
70.43482471873519
73.02327124270352
74.06609412969195
74.120961949985
75.03551539620321
75.5336438904388
75.04098876911175
74.34641608532101
71.44743686328397
72.19885872051515
66.54659448379846
67.5544234144631
68.57045904494943
69.47013959996814
70.71922212053147
67.23683488554701
67.75724436054135
67.5835688182451
63.19669319210778
55.77981282269661
58.60802327814283
58.53580171560887
61.842671751908895
58.94851808859249
63.69874145474037
59.986920628859515
65.35759228406378
62.49014549183396
64.87797594380692
65.95590189250241
67.90059054745126
69.67798711610315
70.84908765226432
71.2348863866095
68.2812756155355
80.2961838488342
77.04457657054193
78.89574492717333
77.66772174298623
77.08635239731957
79.2956151480646
80.82333897839308
79.84582903405504
78.53928227678915
79.27209064444246
78.38989156118868
73.5401853347547
78.53464787496337
75.1053636490954
76.56998315281764
76.56964294328554
78.85614840317754
77.6159416917273
73.27439451288207
73.24343876755023
74.96356967044663
78.14325438746341
79.41542427453393
79.12505702629308
79.37409729372703
77.81885005535868
78.90186236326912
80.04520197919587
81.52808982706038
81.90584400156543
80.57368806019899
81.19279215756875
82.5023473696013
82.88616317971861
81.82824431150338
79.92206616560931
79.33916728945755
77.58929553503664
77.50691908917304
79.8871426618656
80.39028657004117
79.30044463283029
80.32633885481854
79.87967787897041
78.9001952337473
79.53603906150833
80.96501269746788
78.81510825368798
79.85025568150124
79.79787173005708
77.22120713765203
77.55279234525482
75.12972386136306
69.74800656842852
68.312325280705
70.33624814918382
68.01787723110998
70.47263722585639
71.42336309368851
73.1787202561584
75.46732375212281
75.10867235099667
74.10886399941607
73.1570475216364
72.53782641495383
72.74245803284376
76.65664860924473
77.34120433096206
76.99033757037427
74.6409847692273
75.3863533940828
75.18647855794308
71.16701552327324
71.08208180343063
70.49824610939834
73.26421925660642
75.37625453195037
77.11729394578842
74.3342301348748
70.11874339624714
67.67032492211669
67.26008136659885
64.1086761498222
65.37670785732762
60.470170364376926
50.53760261591996
46.75633136863413
49.515996691850376
47.673189622501894
46.77859234317012
47.350129566411304
43.44178144659224
45.27537417009706
46.92119391583674
49.13653423384292
53.28714464035419
48.325173823436835
46.27461835857267
49.4178698486136
55.89066936953036
60.10558188925244
58.462957760917405
58.18164970771988
56.21155639590707
58.90046955694747
61.56710799737026
57.136318414892955
57.93905712347616
59.29307048486073
59.01819067199936
60.96005368259171
61.328998993573165
57.07840840651952
53.020519164158905
55.56927404578158
58.43127384842406
61.97350375299131
59.143142224666036
60.21293352050882
55.72091473705113
59.15232325067888
58.121839702125726
61.76911027755948
63.678765878478416
64.52442217055145
59.17834346774312
61.752527823729544
59.551386205326295
56.95892965115363
56.119548541765035
55.14436654516896
55.862959289058146
63.393961105263294
62.097096956756104
64.07324919290235
58.01309090185656
59.26668910684943
60.54881544138844
60.83774355623924
60.050429144049666
63.5911979143442
65.91292225250605
63.432543684617514
66.03581945587561
65.30208036138077
68.53608270582134
66.41298735495818
61.454258104458205
63.45870254552721
62.128008401600276
61.114454387108026
63.631501639106965
64.60753876867615
60.109386129796874
61.427147570876485
67.76069427935167
65.56286358177695
59.307135914780574
55.156119003885486
51.24656427449683
53.497856629754935
51.288777149132585
51.627902580339565
52.21041568757712
49.244250881293674
46.23268125224795
48.16841303218278
44.92540752137275
51.514956585076376
50.6538905716463
48.4385644036986
51.23605279978918
53.294071565033974
54.73641580496817
58.181862779243126
57.35693389114631
55.88465506569322
56.97527459007493
57.21634342024353
64.12046992980174
59.91493351673408
62.173544669801394
64.34511980059841
63.24924685894284
62.44973233140972
62.96787090135399
60.62763720191297
63.24420317715511
67.05146216943399
63.3097529853446
58.96291223084507
52.38131014084132
52.23035619522472
54.39283013087139
56.27554017959087
59.40695761561207
57.75862803812155
62.51933848487631
56.30852680823993
53.68798522921069
53.31480915771968
56.55322495132534
61.129501553927994
57.41460406304636
56.237945396893316
53.51973633057014
51.430012080188135
50.38644144553678
56.06313691968525
57.14365219838023
53.562537019865665
52.01794069092586
54.19119413546789
51.37056277041393
54.161272943216716
50.26691259496505
52.73209703821392
52.49319048804007
55.477778873450205
56.541803583090896
55.36779174520318
51.518450624899124
52.33036554459444
52.35336192149306
53.496103131532635
48.375017692225576
50.340522521054254
55.04664487332211
53.381228853326135
55.17783822693368
58.190021083746124
63.91587155614543
62.955533034014735
63.06396849079728
62.89119547335756
67.60825260475032
66.00249801516772
65.882892966193
64.93945971076529
70.51061082395921
73.05237812662352
73.87901922894812
71.50591309965874
70.59683838730115
67.33139067130644
71.11979477702096
69.62516609594735
71.02274972562901
72.9539158325936
74.69851067978358
71.55014437792623
72.17239803140242
72.61608342355036
61.45031863632717
66.74947979480548
64.6609340887884
63.615094170605815
67.29662895144423
66.75732495967333
65.06006750911283
66.35553901739203
66.88190486250805
65.81212086942165
67.68811089014812
66.81795235770123
69.48245085907398
69.16217119868462
69.84764985454323
71.53706991806763
70.1152038567233
65.09226477560064
66.60991794605208
62.35846574144447
58.99219996673598
59.68692226940681
63.690193984398356
67.55565502201058
67.00883422832614
67.61424947050538
67.59284118961943
66.96083090034564
67.75771444844196
67.45739884988592
69.73000980716418
70.1293064734285
73.18341607066242
76.10699473491945
77.20481242785678
79.97391744063768
77.81143805088308
78.86890266787329
80.33411505915538
80.00475294437464
77.36699091605773
82.48889306978134
79.67861449749995
77.22006565032385
79.21600106230139
78.98475918743408
76.7087278040315
78.56330417546914
80.6028401024665
79.86523149761382
76.56090400970496
74.80639114639074
78.5712401011964
80.5175855211755
79.69998821163746
80.20319832186439
78.79938608031065
79.20093356712584
75.07719601035382
77.03068675692819
75.22656596656836
78.01296840271776
79.12534993702397
79.07744767852077
80.27641305206176
82.54731711341888
82.40261500753542
78.21706765096945
78.64929596323128
79.68941665330621
80.69609197683593
80.91751215118508
81.99721890707382
81.05940745543458
83.09046363938484
82.55402174057079
73.42564192312076
74.54650373708523
79.82203925443604
76.98129830838535
77.11992814181498
72.73354008818063
77.45916052514792
78.4509286011268
80.93162446594778
81.64010801098969
82.54109449088693
82.06247524087979
82.75013929118673
84.45079364883661
83.56756240485082
81.3146790436504
77.73429782245499
82.96506967521356
81.69824049840099
81.17331000661294
80.41991256992628
79.59448797222667
75.02543470088621
71.07146335466722
73.2188400273352
71.31471009797768
71.51777038225066
73.88958661817236
77.81925584442172
77.97707170153208
74.91938597533667
76.49856521559947
76.56353442622098
78.12198964682747
79.05983890940826
79.99236764341934
77.89809498767988
73.66897735349212
73.83142584734671
78.01869128476802
75.68741923766721
75.61373934700423
76.81389465198635
78.26523575762405
78.40081807079281
81.9592593730594
78.53272121429013
80.52550112787421
79.38329957411435
77.57349515718474
73.24691764941605
75.34168365803755
73.06241375062412
66.04847404491849
71.08318081990583
72.25963716721773
75.23999730585531
73.42042717286094
74.07157711689406
76.05377900996147
76.4557759085414
77.30408605035704
68.6817850514972
71.56433434055063
70.48816626620797
74.05247254201635
78.00096201346884
77.70772543825828
78.07562327793634
76.1886865085184
74.88033772120129
75.88859849219928
77.78699718565393
78.51345636635784
76.54654979824046
73.25682695171768
73.32734974584963
74.42985500571038
68.6421231742342
70.93816306304632
71.33491873711247
71.08861323607705
71.232407629
71.58866851377132
71.44311663409023
70.63929812180581
67.92116682149071
65.42671165050642
66.1988280369881
67.40787267611323
70.44309138512514
65.93773076164557
64.8656330875282
67.25408105073265
71.555342769874
70.9996786251621
72.58257677799142
71.8485900333825
78.77930171328241
78.7840501618046
81.39066828859345
81.54610490871796
82.27681945010463
82.36619402549702
82.52337945545227
82.46054604215604
84.68252290229547
84.32489966890319
86.04559411282031
86.59896000451108
85.6895933416728
85.49809915589238
85.76654780077726
86.52315279485101
87.07703712755287
87.71351142602194
86.30087731217591
87.72442198133712
87.2355284829104
86.8659977647159
87.62976796022454
89.7726060267695
90.57936023018271
89.23113585543892
89.65573007868409
89.16626180546623
91.28846706401121
89.44662412946528
88.61924652169476
90.66430728282198
88.15823044244273
90.13809296914111
89.8666757244284
87.41545531741926
87.49456995932835
93.00857109724384
92.20266607689078
91.20224885258833
91.23903201657525
91.90558004083915
90.68210791362033
88.68392019107858
89.09641807669479
89.37612940056431
86.56394271363973
87.75047655202292
87.15608079505265
85.85558951821844
84.07376142644793
81.8806036998968
76.52743566574709
75.7849831747129
74.78201483607384
73.15633838588766
73.54501519448567
74.17288690820264
69.75891581487883
73.64688392936206
74.10533863525892
74.5351148685388
70.81638064715912
70.24432063876655
69.03605763331944
70.19686060075007
75.23657625317503
79.50002410339414
78.56063729427419
80.65794112926648
73.7671748465803
71.56737824688844
72.58499848592379
74.91708522469858
72.51336906855686
80.10819583254825
75.92621294209505
71.64178162803613
71.98598473777993
71.79174833274891
76.61672024891473
73.5218117254571
72.81428679543261
75.77823797518104
80.1286627140413
75.91873710069147
76.288009000156
79.8922887092747
79.32713265140171
79.65284067064977
80.31068907196195
80.72585051404366
78.6874778690138
81.03466668061994
78.31532175246461
79.97608434406725
79.16478387392056
79.31038237619697
78.58527383042384
79.20589856541457
78.83799837332931
78.32784538646811
78.47876405139033
78.91742120298979
79.14594915165135
78.30461234526469
79.41763936674052
78.97910836287917
78.26726642022955
79.40119322003049
78.93868185426112
80.23848304162922
82.57799878713712
82.4279587154291
81.54548787604817
81.90653944952696
83.46180907560192
83.25100427365992
83.07277932848265
84.33238799318755
83.44486501641524
83.06125350062746
83.11688723870921
83.88249771732833
83.1376671988135
83.26452072168534
83.10401547280621
84.15009856922632
84.15066676433844
84.9066154336627
84.73759432241968
84.86516519305813
84.92387207878554
84.36335761079653
85.59138878554255
84.48805567169018
84.83685850715388
84.68814375634206
84.7935276013223
84.65530521337588
84.89918636022553
84.58559972951738
84.96651894397044
84.68136480549451
84.47637951732803
84.69965598584706
84.40582891891029
84.68930031165102
84.7996725354368
84.50368826591246
84.44514823643195
84.7149163552539
84.75302161578522
84.50770977911972
84.51451646093048
84.88950690663535
85.23787071752784
84.4151149704869
84.49065836622904
85.4276632277344
84.41789852353185
84.43366115190105
84.40202439717353
84.48770253245559
84.78524666055142
84.77094316332666
84.92437661894058
84.79929451099022
84.7631191342223
84.7601357811079
84.76627979459961
84.76209407350541
84.7722916911005
84.75887918496309
84.75888844553069
84.86289997671962
84.78924004969161
84.99573203358878
85.09241748149388
84.98625831704194
86.49131568317826
85.95749310464842
85.36521580063851
86.17957728336859
85.69742347316696
85.39311689054193
85.83610836660264
85.56993515746126
85.38717420356254
85.36102965126834
85.76906835081536
85.50708694990232
85.33507713696046
85.84400773986101
85.43264768621631
86.68937799075961
85.48026201448333
85.38529214589128
85.51352434603214
85.8002014360479
85.47076851117565
85.9586316066618
85.71260891269795
85.39917245935321
85.359929951692
85.62071552401609
85.40494307823366
85.35147168930378
85.36403502383845
85.75762885424741
85.33725859647642
85.39204751899615
85.47704101661958
85.39966535344885
85.34048828030922
85.41618710619242
85.36246824719571
85.53031912002048
85.32262259172927
86.07633901053248
85.35811864737698
85.34155612705031
85.62145808642373
85.32718814214059
85.36181017258401
85.34277135894783
85.39272117319804
85.37539057251102
85.32250968759737
85.47201974443443
85.37579505321526
85.31363112894887
85.51371796786911
85.45067307923529
85.28771241682436
85.57089908681954
85.38502368268004
85.31978844251198
85.4237562860728
85.28781793054222
85.45829040931243
85.38963007736038
85.30649053361502
85.73120506741867
85.33998642841946
85.30016655158707
85.3884510489832
85.40972046763638
85.29473660625612
85.3360807746706
85.40532329758791
85.31903115347512
85.30671720537497
85.32981530958521
85.37477386815816
85.38535530966296
85.32017194940214
85.30648064677358
85.29943678162907
85.28501541936201
85.37997232817185
85.49919902546795
85.28960833710116
85.3069274538233
85.33069217868162
85.26804916824385
85.262989356592
85.64691883143489
85.2970120141118
85.27053475841484
85.32600222319998
85.2532102000482
85.27071794217389
85.73691648848686
85.29681845639305
85.28640984516822
85.50474827296776
85.28072292530697
85.31329432655617
85.54615164593048
85.24249903590764
85.42608860383572
85.51241741173595
85.2633159075733
85.2786337869096
86.06385695395707
85.53271078041834
85.27435734303035
85.2510171200637
85.2234956879538
85.49172851940634
85.27249885577517
85.21542016459556
85.22441323431875
85.2565325700648
85.34564088490016
85.40390602733355
85.21679502980811
85.26199578640102
85.54290496848962
85.19158403018413
85.27258752431366
85.32659754236835
85.26001090888693
85.25626521612121
85.16469173213301
85.51742672405778
85.22961579988225
85.16849198923008
85.49332106567101
85.26707732254192
85.29779496137162
85.39698882682802
85.20569586776706
85.23355156253339
85.20500639284307
85.59943143428754
85.24646685982651
85.19229485576687
85.47917751718362
85.144053424342
85.16742412966832
85.33483040213252
85.15971547204327
85.33358366050868
85.13963208526566
85.29338882910852
85.14893191852296
85.16394834084258
85.58009845356999
85.15387767108066
86.62978294865817
87.00932937577033
85.1282938390346
85.17971604406596
86.29120509747177
85.54833363318339
85.18645242194678
85.12457672479643
85.26595481148362
85.23113392592833
85.17113922276025
85.11373270917595
85.14874802859264
85.19642204074411
85.11675778374412
85.12774795615971
85.23624630042899
85.27701395281132
85.13311320006362
85.14665525428049
85.33293168735322
85.12451029073267
85.57843425037503
85.10918321892943
85.42345745793904
85.27483297578853
85.11396222923094
85.10430590721374
85.15466289768156
85.06349550576942
85.18127476022461
85.15127401421108
85.16085225074083
85.10526758863442
85.25118411493968
85.13206924038852
85.11680568196057
85.06793197012405
85.08656298250229
85.18106305206423
85.1459650179654
85.08966808041959
85.31822324651064
85.13445779709326
85.17008166636963
85.29300935749554
85.08797799691268
85.64911635065535
85.0522161726248
85.29205437185121
85.22178300509454
85.18919651569254
85.09942788523936
85.25408086418449
85.14527916722098
85.16729086424101
85.13035406751811
84.98458717857642
85.03982094507235
85.38141579056064
85.09487061752355
85.15538993790625
84.95651234872693
85.64573699036501
85.21485130310391
85.1274727395059
85.18818477528353
85.00661020735221
85.06437956610326
85.07016455805392
85.31004724653668
85.07140548417712
85.02912090216061
85.11055509872978
85.10728740187663
85.08075856983976
85.2764759046699
85.26434881327124
85.03019642384982
85.42503866178271
85.58364199591206
85.1747730708052
85.09941925239578
85.76852108555224
85.02976290782608
85.03619799035013
85.3454755812489
85.07247813419585
85.02936153187038
85.56406315820665
85.00262299760236
84.99827479849246
84.93659000593706
85.02940164406263
84.99959368094336
85.47911027315145
85.52745171270188
85.13035899585662
84.95666517671908
85.48770393801703
85.08221666450481
86.54098579079056
86.80666536243469
85.23833907819363
85.03049714242397
85.43911387482669
85.40650045006176
85.00969534044036
85.08279014246972
85.62400690770305
84.97914880446434
86.06687061952627
85.24189078760232
85.64078222662076
84.93113889101544
85.0576858493935
85.13306800126284
85.13428497289006
85.22794335526238
84.89673673675749
84.92790415645021
84.90493238554568
84.86073999037403
85.15064968597711
84.8896741464019
84.89377244772821
85.12462001086128
84.84177168790785
84.89362909925796
84.94614833530815
85.01144413394196
84.91249360040496
84.93512229725242
85.21942090355438
85.1658767870851
84.95237083625572
85.09093754605613
84.96879326629613
85.18630091829895
84.7943362618451
85.30154818145859
85.73419713244105
84.79549904042258
84.8966266700825
85.71799683697225
84.91645477313587
86.59377174044654
85.03173480889451
84.76062762341884
85.52096584049512
84.96860755050994
86.35901156153945
84.87416335494395
85.72361129622422
86.0958096511758
84.7964374806654
84.90800007926968
86.25194051070295
84.71060999800613
85.96458355754392
84.81643469182953
86.03960749395077
84.90193061727189
84.82830024515442
84.91144805340846
84.7978775137787
84.78070889151704
84.81381809988852
84.91168678121171
84.91415771166699
84.78560497903669
84.84495503555645
84.71435740373511
84.82103766022651
84.7965145780656
84.89393574397414
85.05113547635541
84.64836998549129
85.35298482307655
85.48701947981482
84.78935089054136
86.16422224092982
85.71232486743901
84.71104492516584
84.7253979743165
84.76174443927287
85.19043883350801
85.06657167393314
84.89131056015628
84.75088529049171
84.73421192119979
84.64404860122833
84.7640694851063
84.74714505175234
84.59765345074325
84.92817271950108
84.89219413784038
84.7140531009117
84.85059232914438
84.8292958016912
84.75177436009398
86.09924810820223
84.75058355635058
84.72747368386621
85.3850394705377
85.02299666358041
84.47743569259437
85.23096480715583
85.47979947554568
84.41332435884135
84.94279507808504
84.84565853038337
84.60707099829088
84.65174356800337
84.94782767587607
84.54314999817937
85.27659152831092
84.70757537068852
84.58677428588129
84.82344267444347
85.07990310402238
84.5355225609669
84.89652411789099
84.66952201258144
84.9785434425675
85.35552902512153
84.47025435093208
84.83597140742764
85.01359262570699
84.67643622249103
84.61173208221867
84.74104268846851
84.82572326579276
84.48788087447488
85.02263605346387
84.50378738983474
84.71113122040698
84.7702354398013
85.0193348400552
84.4815804112164
84.52515100842797
84.53041735357425
84.6853990339739
84.44972427903052
84.58890950637372
84.60921561208232
84.4484414979533
84.79684588714692
84.64695772920354
84.79964217168654
84.64064707377085
84.88989842078517
84.68078874481783
84.51034570055894
85.09448054607783
84.49413208219187
84.58482665079605
84.95739931963675
85.08266353827912
84.52250762544732
84.3981495131968
84.87129483595196
85.0812445809099
84.4946414719181
84.41240218118308
85.63084733186726
85.58147053188162
84.40830057797245
84.39305625982246
84.95752294515856
84.49131652769803
84.38636984218991
85.80026478350736
84.37736221183437
84.38122436291236
84.68989007290415
84.39635589011873
84.40394175316968
84.65650142241638
84.41614718128334
84.42810991289433
84.34417805653324
84.3669638867578
84.17140559327221
84.56342556081584
84.46581166718346
84.45303617993481
84.24395040107976
84.3561180610998
84.3281787530168
84.23344436647065
84.75866490492892
84.27936296089172
84.67202332415678
84.81485525832764
84.37021265367713
84.1962482204095
84.23870082701058
84.45500176555328
84.17292354196074
84.52316197679394
84.29156698356209
84.19241192008394
84.6131018600136
84.3484551784562
84.32232851358042
84.36329638225587
84.314053789172
84.19291498780348
84.3316084476162
84.27184023525331
84.29299459620651
84.32367110111885
84.31321259558852
84.28596889594213
84.29436722614655
84.28136645111091
84.26516322943378
84.41385164449868
84.34417515046387
84.35654589659227
84.68778414274075
84.24815778637999
84.41017275383456
84.60552877690984
84.22231043623061
84.70842831007565
84.57269882437151
84.25517757957562
84.81392972533966
84.8633399359914
84.19861314056105
84.168931927421
84.719734472812
84.19253346661772
84.25012439600351
84.31025761324464
84.29493665352682
84.25354911468284
84.58856394763515
84.78520284755682
84.18881944825753
84.15617947282648
84.5154415669171
84.33125910267856
84.66103470721659
84.09398314488212
84.18414780785763
84.38333425436299
84.44343923749565
84.40549126465885
84.2245383783378
85.08172100917426
84.12315009881827
84.21244341493983
85.37726382462452
84.22359840518064
85.95840976453296
85.03004074802753
84.26169122335628
84.14332716735493
84.68324349310824
84.19888954803973
84.18994773429111
84.08958313816773
84.18959186590492
84.24615859335837
84.33298073634005
84.21390140356401
84.18125986749241
84.21364144361151
84.12424004864691
84.02985744171536
84.16560041097063
84.1366865395409
84.14531884432182
84.24623284238078
84.33127790512837
84.16248606283054
84.14355568839602
84.12305983707469
84.10408811635345
84.56064956252571
84.09786653793162
84.06578564580899
84.33796189687949
84.5262738566501
84.22069077510534
84.16769068282716
84.16714963865473
84.11179520487934
84.14000208840943
84.04337103320555
84.13122961275064
84.04928291128603
84.18216896924736
84.00520548740782
84.05159179966365
84.1278720526508
84.29749533409006
84.06722363454126
84.27501991610401
84.10527358574345
84.04838491638824
84.05031203342949
84.06988819541186
84.30042081934204
84.04756793593562
83.97665144511687
84.66475626550114
84.16225557604976
84.21367219039944
83.94714333776301
83.97925442513665
84.09556756432616
83.97370880036564
84.03827449297783
84.20477721452222
83.98051050308342
84.14931833534094
83.93730873158289
84.49921464265701
83.99206941156874
83.95649833335371
84.27572115644372
84.1017813533522
83.94281600948133
84.10632506091893
84.02222682890032
83.96954642842113
84.00007051695007
84.10781886768568
84.00610057700038
84.02161493551195
83.99957181082377
84.01822575709195
84.03513081020213
83.85300944209023
84.0115698568997
84.00787282004984
83.9742656292032
83.96565053084296
83.97223505196817
83.98267914115917
83.9140999209641
83.97040515199474
83.97108038946809
83.92655062786835
83.92334241602185
84.04659155991754
83.89222897728641
84.32599914512451
83.929914045429
83.89504022210882
84.46722232154544
83.7663605334629
83.83547402755573
84.5196516566526
84.32437867545659
83.92640979751894
83.86514683236258
84.2143695139123
83.84247033092632
84.23284891659334
84.14401283499075
83.85299560543277
83.82161903639665
84.18732397577382
83.80958669041743
83.81119989239792
84.29281251804262
83.76653434004112
84.25054518042697
84.04773350606412
83.81125032658144
83.9966270403487
84.1088465015095
84.03243792001388
83.84927951872382
84.04233258349115
83.93586126769675
83.77347851354146
84.1336362172528
84.02638735356477
83.73842166740161
84.12502543211149
83.93299981414735
83.83445789786396
83.99905623458379
83.82188466399548
83.92239414376724
83.98800615693101
83.8519097441154
83.95172141572303
84.10559055240283
83.73859220346709
83.98967130702125
84.02424118573775
83.86844479795593
83.79334037162394
83.8303726179983
84.08865931900036
83.74262382149033
84.24900996644014
83.84585359109394
83.80092765318142
84.01144896401212
83.80009490757752
83.93995534280555
83.80928354397831
83.90624018016665
84.30620670863951
83.82321640457695
83.71824927511574
84.1040807860775
83.9905518881486
83.72684577170433
83.85792785714659
83.97008488133473
83.78631545979947
83.82306492658466
84.10106817002617
83.79901481206547
84.06282168805828
83.89281885511973
84.56307647857169
83.71807716397858
83.66678165198196
84.08727222146368
83.98816031194696
83.75921216751456
83.7797114584548
83.84021979587362
83.76259458147743
83.81796256875936
83.73022911101266
83.79891257030033
83.85375803999433
83.70989903733222
83.71122969588241
83.85215091445929
83.7441381528046
83.69981132398014
83.86910430716092
83.66960275558036
83.96514787470534
83.81015436859823
83.75180310616115
83.76867063470964
83.74540486347647
83.75681512612813
83.72646166678557
83.72103114041296
83.69627512185976
83.70321583471258
82.98979423854706
85.29624648506929
84.07054456658406
84.15712817322344
85.04517012870751
83.3545748006687
85.06543865249732
84.1088945008118
83.54937998229056
85.1988196039083
83.78486957583958
83.90730651093826
83.76531074584177
83.9508827491101
83.90109373836742
83.79249286922725
83.71311772404032
83.79809138098035
83.79142707426912
83.82367961028962
83.82533555232439
83.69472636031627
83.70729619387403
83.84655960935237
83.74866367517976
83.73302605012253
83.74090855558576
83.76903018506337
83.73562160692195
83.60951936289062
83.66956208554336
83.68515508189938
83.65160710102352
83.68211010961463
83.78936986369568
83.67069731055777
83.67339351524755
83.7223619749925
83.61468580369949
83.65067008920055
83.69708932550547
83.6084481451609
83.49416134028941
83.58972485658913
83.61830726726399
83.50575944114706
83.6364944070708
83.57452762446339
83.49418878306186
83.50212295258831
83.63152152196784
83.58778836095397
83.45233551029861
83.67843676964904
83.52881691686032
83.58382046177393
83.5507382218038
83.48338248012385
83.49624564809822
83.58630076205368
83.48579992508866
83.49488181654411
83.51825914343966
83.5230321351487
83.5351464092181
83.54730430112254
83.49987292577262
83.55641763689445
83.49720178838325
82.89461357650603
84.21736451716397
83.43247133272897
82.99126770109974
84.61472858242313
84.11269022751762
83.161364580288
85.74517261293066
90.83276274536678
88.37594177795381
86.91119652297546
87.70928768251811
83.3837849693734
85.83371958852312
86.91687090901574
87.97162300709617
85.76836990629883
84.67902638471496
89.25874319493232
87.45548881909906
87.08394955643587
85.37313880082296
86.22489720862133
86.6036998594817
86.10889063375758
86.73629633278307
83.87502425217197
84.65426661474692
90.06556769507078
85.17669331478017
86.98016496268511
85.24256961207915
84.84218629319537
89.21958123134213
85.91389326291944
85.96241918441737
81.93990587896191
80.78875021873353
79.62313958227702
78.08438579342204
81.8210460788191
83.46192864206722
82.82254400907414
80.39612989275766
81.13466346858915
80.89905842121343
