17210012069.68452
1187093446.976132
990808542.6676697
1047348462.2896649
921499299.1480715
1268304723.7969835
586326684.4684603
333792721.2286828
491287104.6547693
653858623.9130551
1558630834.8062344
510047752.6014512
252817323.00086087
1169646238.8611755
156602211.2672742
96551123.91264129
175710895.68988666
455077840.6734823
136398476.4919697
171663423.25021493
249640291.99693212
245426191.68124694
132400176.9205821
162921699.05727118
330706634.05043113
179964617.29316342
113369730.06450391
110222575.62033775
123325797.39344898
116316108.05578534
147673508.42012408
