22360744273.116966
1592727516.939237
1982122321.756012
1183504706.9010968
1163941524.3507094
1063905667.2754917
1271460618.382237
1019143213.5819771
1085166289.4179215
921726441.5523818
933743148.8625848
571750527.0171897
919179082.7920593
484560341.1375319
589706436.4339298
441881361.3508522
224854069.32612723
151036665.5447637
201311551.1818524
178252442.15714806
151441427.10299882
97939570.42794654
96788704.9979549
68209280.78447863
107606223.66215512
95322871.50258067
147069291.93638185
90751939.19809364
48280590.80573688
42321070.73033562
43297598.709601946
