22574877732.14643
1272815256.9440546
1761321418.2901235
1135520196.0389588
1293844805.4166896
927183739.5512877
616126590.2062781
620908725.8477688
555004188.1498017
840304317.9941691
659843141.0748941
327564849.869339
327116406.1533724
178394364.16137543
132327076.29946609
176842184.40602937
28930281.386718858
49804289.5312616
26230184.546048757
15463735.44600515
10710523.052708393
8990576.188828666
14125645.939148312
51603669.28218068
3707982.155771299
4198724.798030357
273761688.9091334
4177828.1225294545
166281687.7524219
5029209.973053181
5696516.623849448
