17201375665.192154
1046197232.3234288
938817798.2520545
1260186049.2806706
939378647.639218
1078740789.0112605
1176481143.6624515
1167444368.785133
758503599.8145995
986518213.3314953
768664463.688575
559882837.2858827
703397501.829051
464158538.01835835
453166531.8584441
285617725.86514354
181021272.5139139
84827748.03403388
182431737.32056132
107843968.9619797
776151464.6016362
660133984.8636435
743242568.1150984
703439129.3191909
1126693453.196035
862540046.7038672
1194616352.1021504
1145107439.6096246
1146884542.589005
924649337.4525515
944035990.3286816
