21976668011.75489
1063179544.6850477
1098596563.4610076
1182014153.3928404
750904778.5352194
880953622.9652812
1155971148.945239
884027476.6273981
618769766.0393274
657070817.278966
530020109.95872784
325444492.68980545
279588766.04425764
327912077.41382194
172259990.1373424
190187133.20717698
99596254.32262973
98607459.56067188
230773029.3157006
124618403.99290831
108653273.15340674
97575287.04632215
107046580.82755947
82135101.57154574
109175174.82513995
144869041.7287357
124057579.36094241
159157558.17340368
112998822.49712586
75870452.65653779
90426993.50368968
