17895806158.722366
1802545845.2589726
1185809920.9192696
960209285.1859897
924095870.9679806
739526104.7673427
772525785.2649424
1117671308.6263094
895352161.7908522
1151857655.95775
845744367.3129328
639761589.7269099
1094297847.3958733
528831649.7363659
375609980.01614356
385799202.735563
396979746.86377907
479723783.25461596
465194534.000442
454971778.10929185
725611861.8249567
740437872.0129578
107105554.23295456
154174668.98955336
1115029460.4030569
878592567.0952985
630107481.2023273
181212802.61180803
45353953.72018543
69551021.0745239
81553733.25224812
