18099367047.326466
2437369078.0757093
1397443625.0007138
1062515919.3436676
1921826003.720345
1497611807.2544792
1176608701.436648
949996567.9787598
1055238546.5195824
716620856.6911774
745355907.6972216
417636234.9312807
345969343.3950206
1162086764.2622323
413485251.98332274
227588773.4830834
385766136.8708148
230208532.98535743
99955016.94167459
223994633.5062287
126954561.85300355
116699519.35918275
130831539.39957607
262529795.88053316
248066705.59905654
227790447.66871032
164589004.42930034
86780152.76634648
451162546.5950841
303631646.9116389
56845411.896960974
