18809820651.82024
1959123477.3252914
1272666487.124353
1180485003.0379891
635041992.5471725
1045363179.9825678
703251355.6068528
739517418.0710261
879634146.8583103
821152874.7869484
719263679.488295
724996085.1117828
304113315.66223145
2615810891.99612
439418892.76010597
236302458.64518785
130771957.65898529
667435369.7966304
70179116.62485823
54191101.21464254
72836389.3352553
56741781.7723848
44382975.25449485
25879293.720380038
30130415.47127536
26124265.09223874
24964168.568475895
28746008.665314347
25119951.419275492
24816565.063362397
38668387.86685833
