3096513521.2755766
183969364.90403256
109738754.40769768
82932995.72817668
67760408.81917852
51055006.248440474
49219087.75788118
49219087.75788118
49219087.75788098
36800837.75359418
36800837.75359416
19836632.238998987
17327497.98079831
17269654.502435047
9106413.87875144
8018021.046437575
6795479.416513562
4865530.411660577
3770572.3997614933
2044666.4951666882
1547615.6039810241
1315699.4988262232
1090003.754657263
900113.1347858534
834052.6664037316
747701.8666050844
720473.552765163
681435.930929839
679500.9574870265
679500.9096811044
679500.9096811044
