6987099601.27636
145973324.99994043
110993957.6616511
47072953.23819249
47072953.23819249
40230780.616807275
39451066.343410894
32995713.479885764
32995713.47988573
31858448.766926102
31858448.766925965
31858448.766925965
22636969.728334196
15102688.343399558
11761058.225416351
8365555.716658395
3566985.783965369
3027288.100234282
3027288.100234282
2554407.9333977033
2481870.117799272
2481870.117799272
2481870.117799272
2481870.117799272
2481870.117799272
2481870.117799272
2481870.117799272
2481870.117799272
2468621.8254235336
2468621.8254234795
2468621.8254234795
