5751231079.134957
137199245.48293808
71567521.62182026
37173533.93276112
36142824.97635267
28027999.2488097
27025644.39943864
27025644.39943864
27025644.39943864
27025644.39943864
12583095.229329461
8320648.615539543
6077706.0086817425
5522401.537980413
5510240.174944528
4425143.090335498
4088448.0382573665
3460281.660187496
3353652.1404000754
3353652.1404000754
3353652.1404000754
3258219.925783326
2854077.2090827045
2726887.7887361054
2648458.5456621055
2648458.517333484
2648458.5173325962
2488273.9995359303
2446812.005549612
2446808.6497370284
2446808.482739911
