7421826495.998583
119890543.76311202
70279911.57260154
70279911.57260154
57685483.75037018
45152284.55051491
43571456.381998755
43571456.381998755
43571456.381998755
43571456.381998755
43571456.381998755
38797288.044021815
14797408.21192774
7631975.640339599
4605679.907038571
3969635.692672067
3944251.708819372
3449068.276283276
3436590.795591052
3357293.9703332796
3218134.0895742294
3218134.089573915
2703208.462627748
2671502.0921509373
1919306.8900277223
1445186.8956837216
1414464.3095197396
1414464.3095197396
1372594.7201841124
1372594.7201841124
1372594.7201841124
