196.22630675905685
173.8423472090139
168.99336141728614
158.59094963246005
139.3535671085925
132.53756341364556
125.52608755601271
120.580351851911
115.56385880307043
107.66825309028862
111.90098577842636
101.75885731588714
114.59770942141814
107.5975873868684
101.74513556908016
102.5720763338873
90.30785355684489
89.97337996027362
82.64031992711422
83.85549621431296
84.7991985089528
94.02832541023513
74.57637469868601
83.48112955519088
77.99588102180763
80.36943774616331
73.78560492469101
77.52118968143101
82.92892629481027
75.80685953530826
78.04614119749567
69.19660478342239
73.2142826681535
70.7375201215305
70.94482929399273
68.06640161291313
71.2688426215759
61.639330625434866
64.90655645245629
67.23195821985497
62.20046535506532
63.79376027852848
63.73083531781079
66.5904808606033
62.54859062023086
63.394470477790904
63.059968222059666
61.275505250236904
67.18570978710741
65.41990503949641
65.18198915066924
59.36765898280806
63.883022237169705
60.716371826657635
61.02319359833621
62.09827432385015
65.33013203964555
65.33619195756086
58.57381724106217
57.703557889186484
65.82872976779167
69.73177150547187
65.37539300362614
58.30148402619371
58.74997411573645
64.97099088429943
56.80003126016455
61.49390982720401
55.229059983878926
61.39134122376663
62.33783539144736
58.94629109311803
58.596005702049496
60.447699865500496
65.52618271390641
62.312324607174034
58.65487391865155
61.04280963044508
66.6062290937445
60.69303303965365
63.02738740397794
61.931428417498665
60.92350031803173
60.14292396949474
66.13813832184088
59.192642137215074
58.76129531907087
55.951400604790386
57.01182230753579
59.40447365213475
59.73760786991929
57.7309978978359
58.34000844273567
58.57533342138351
65.48478079510069
64.06030372373385
60.2396030187368
61.8302286249755
62.813360820903654
58.37649547663925
59.82334124322869
60.3241194746821
61.63197736191065
65.5944889095333
59.28253326804915
51.198325362508264
56.220652997799604
58.63583571252579
61.326801633914435
60.92506200104629
57.85844804112179
62.93017226434697
56.33567117979448
59.90701831202932
63.695704382963015
57.53038260692343
60.00792016316687
60.96353513903565
62.77475330203213
62.02958278619455
62.41585539820095
57.75939034204494
60.7435838179411
61.655906112180766
66.22399447775071
63.38990067347195
62.36042191444154
59.029420389557124
62.648635720258206
67.00039789701206
61.194980590925645
65.93508026105718
60.63034942709239
56.866899119703845
66.71995223522312
58.397731910585684
59.143788920389746
61.59652659599994
63.86281076478568
61.156863531970046
58.49358882859133
57.430333597893494
55.73962059649647
56.0499695481044
54.492534131502325
56.79386755264922
57.915835463920885
54.91391901633562
53.496158070490075
56.460366181074114
57.39007334201336
55.724616486211104
55.09223955526345
56.265920203697185
54.074290227465944
55.1793021641443
58.09902244461325
59.39310413305751
59.119589608759306
57.7113929653749
52.96884465315363
57.20836134244209
54.68646040355241
51.10787920963083
62.93757647375751
57.77924410120347
55.72780190353699
60.98954259809826
59.2221299999413
60.43759417280111
57.983283113936544
54.86435353829788
54.81926457658185
56.888826586185004
61.498230764357416
57.55896229728669
55.00334464135936
57.19867489974551
56.068616893016944
62.15053957779291
57.27923719160155
59.43237978481459
56.913578243456115
60.411945787440345
62.63723820324171
61.93152723841273
57.94933815948895
56.778210852737956
56.86009863805006
62.57087887589851
53.97041772395477
54.37108150602292
60.10894977775798
59.41191541551012
59.97553835495994
56.26479105404636
58.06221412850379
60.86124858893375
56.90904039807472
57.572582243190006
57.82534913909659
59.45263535339971
60.19254158335187
61.69881418251917
54.85397804827603
56.83772143369993
54.671847816914344
57.6683097853351
54.884322694242854
60.37659923108613
60.14610286064808
54.63003597101946
58.56313803229873
53.30995550087226
53.48794448856205
55.18783694705617
53.58612559777148
56.87685143032888
56.466981886399516
55.247635394536594
49.46584443654998
52.57711550794546
56.159502895743934
52.903239663521525
54.28845747436025
52.67245412628988
51.296855748808866
58.606515796778424
53.6620984453938
55.331664442962435
53.059956263675495
49.57749688857231
51.145970023468074
51.385366903832306
52.611543135786995
54.65158856636251
53.895566975883796
57.97807631403205
54.30644024292636
55.866852595726705
48.12535796391632
56.16691605079112
52.0981949840409
57.72618640140108
60.03226514151636
52.28786760627912
52.23859604426102
51.745158454610774
53.12515264638587
53.70319048714873
52.03769958233679
55.467381067026764
59.35354839723918
59.48445127309745
58.04752231175149
57.627258703371574
62.59819336888391
56.089359062041794
57.89834066572783
57.41235334932525
60.418971043083566
56.65999199170009
57.03066941973017
55.184437579204804
62.08257238883165
62.018974300401716
52.902369172815405
52.046904355894824
59.104864586787514
57.301467820494366
54.29437171428899
55.74140209641762
60.018789775998336
52.24918888341342
55.4615523719056
58.369023303347355
59.583242842927085
58.88415952269048
50.88208249562056
53.29079992645704
52.29799580862513
50.40947977928665
57.27941472336741
56.864407879844784
53.32246214195846
57.23873658958564
58.63069413647818
50.99917482618415
51.92191917048234
55.2330062932387
52.69644362087596
58.03467855870338
53.81817159790324
58.13319647908984
54.52703743907886
60.9790810978887
59.47777107369069
59.328419137777644
57.6946543741829
64.96677172887061
60.227117942784524
61.75533939575943
59.1303496953021
58.876431597391054
64.87705796776939
58.84902882649478
60.89061743656777
54.09643668841158
60.029655836456676
56.21740860525111
60.36456940685963
61.75028644500052
61.325600070988074
59.77443064422946
57.645490093671995
58.728843456176634
61.41088547868736
53.05925497447674
58.05407642110482
55.493830677548296
56.34035894004719
50.27347575887552
55.75392668053141
53.736032026688164
59.78186824473551
56.512337381341915
59.02767723225643
56.12404124901779
51.86869701979695
57.00625809707555
52.83881732780319
58.230662964201166
48.15783952772331
51.68758680138822
50.90983611949065
45.000204615037156
48.07957824856797
51.96432080191722
52.58386382492761
54.79886965167576
54.33704218263369
53.03945032116673
52.189912104786565
52.62024983748657
55.20226967287409
55.384099021977484
59.96684366854739
54.88212810632502
59.94833819237223
52.82742700638145
60.901039692868125
58.67615112687938
60.707718401932965
55.11394874499534
59.17272874304689
57.800681740738995
58.69976613535417
53.187195554351526
55.10953315381537
55.0987483589654
55.16431251273471
52.08698818559486
48.130495104091324
53.259074939095534
53.69380919727584
60.52837657546766
47.362030152127055
56.1011886239677
55.6286367688868
61.71606572623738
54.54489235314015
57.01200411606389
61.987754428598265
58.60233008804171
54.29936708217464
54.47941245434214
54.4422535772409
54.05426700580174
54.17681255211781
58.78423799710572
56.431178994079126
55.06494448956564
54.832698201470706
53.61455078322226
53.37963262546412
55.567239177252375
55.64029088167199
53.204399236541356
53.81406207693914
59.23339951820659
59.42445058915704
59.704297863634366
54.69024626222107
56.43829304958881
56.09900872600613
58.95408531998207
59.34533914923048
58.4731252951417
58.56489535059154
59.59001666553545
54.04967831873835
56.80818643748225
55.080451932482994
56.10522379679298
58.639873829629394
59.392750249055226
55.15758893455379
57.011824825915994
59.43618912079453
54.74887721414597
53.82947120209267
55.05559308153881
52.59029741633806
52.27635103686223
54.3918032664615
56.63910908391179
55.235206601188494
56.32800180325401
54.68084563666802
56.180783573594475
54.646970140676885
57.891097239311804
52.761920742455565
61.22613222544842
60.62488817198393
63.034705636975815
62.79303334816982
60.136511694644426
55.10801861323602
59.91520899497263
56.4321697813998
57.13320631227378
56.62996927771918
53.486235885171894
56.18671337180022
52.37231420030541
52.58136853322412
55.447262998145945
50.421795199895186
53.839711558470405
48.29654284057253
49.636209905247966
48.83533958661123
51.230062918388036
50.4060494151001
49.99514738505826
51.92943358011534
52.33838651938282
51.75993671911303
49.57396449777143
47.418506922316716
49.31718545718826
48.826385230419326
47.615549944566176
46.608907822732334
47.47198240174148
47.29648723715449
43.1617898452058
47.0749485042785
56.84023715665164
58.05559946495672
53.39230288552589
55.10407807336638
57.09171872025261
52.52076104783873
49.071671623961755
53.06969098004974
51.44626475795449
49.66109220224864
52.26212225013296
57.35918312201462
52.65533159807138
52.91643169370331
50.83905623734416
51.74957811534841
53.90474868317162
52.12071730500529
47.429407030618734
54.143117618962016
56.97486395649776
52.08666555925262
52.749412841286315
56.383727507850054
56.00106026558845
52.72546923113406
54.23846092531143
50.19574623120642
51.858571900060035
53.82885169994077
48.46376877240918
51.05224141214396
48.68600170731433
50.47323595416412
52.17637211124156
49.963962010597825
55.398807016025884
55.55772278031108
54.064426333110006
50.88538186872262
47.34392365795735
52.71893436813882
48.30426029617148
53.63942606897151
50.556686654093134
53.78373546512599
53.43627234032161
51.86089688046121
56.61988357882247
52.76759133707241
51.54835699878613
58.06526171086361
54.87268409996175
58.71001952883547
47.73680396076963
52.55264205422187
45.23629215861645
56.71365989177053
54.12612532892461
52.329463875058075
48.537290429110456
50.87289542608509
49.69233717792608
53.494189894488
51.01925305481595
51.105984032681455
54.24220424233055
49.667592021943825
49.55145135576694
55.877653151807884
47.897858575616056
52.550859624741186
54.0347693404121
48.84412765393015
47.602196317737324
42.12541997385466
50.35551618471132
44.64646528987997
45.61817792961497
49.266382501833625
48.92579603545031
48.69298393887497
44.12144066687302
54.45422605325419
52.06092305620849
53.03861378664584
49.5668772157342
48.07487003837198
56.97884928060885
50.56622440779685
54.831369749133245
51.69895754671991
53.223917311936546
53.82805025759022
55.916498243029366
51.93376928018903
56.84036063941485
52.42543518751406
52.34094377578133
45.98382070457503
54.34480172866672
51.1515640989024
46.652457606821656
53.195697503766745
50.08207072595507
50.056111215507116
51.047369029209875
50.269735798305476
49.94053000458245
45.60979464562634
57.49046737799865
50.68103452855115
52.152848992368014
47.92070294247961
54.147774779025625
48.69268690173767
50.736945385227976
46.79511557179698
53.55523748389014
52.96106319446617
55.75353350584541
53.809052328020954
54.09480740026579
50.479965383578964
52.12142617531077
49.42153643960763
49.77286572506007
49.265390937437516
49.66570891621723
48.126070703014896
54.4361872806861
53.29799457472686
50.775579529438566
48.954716071784425
53.36257441158373
51.40775107277809
54.530307942319816
50.251988094488006
55.30603184819507
53.859114696355334
49.711581906902104
55.123903511309855
56.00523301616024
53.03306820946325
53.15392438128235
50.284594247956264
47.32673435506996
49.77646613177708
49.987566286918124
53.03399537636474
51.7356178613486
56.605928600877085
58.25872192638645
60.0603182310368
52.726123637100685
56.26229502322289
56.883776902230274
51.49201067435304
48.742665085550954
51.30615800915412
49.05968449444902
52.70656093671489
53.92149049259963
49.93606147807866
57.90263152849467
51.99188820430736
47.429271685256516
46.79917466976653
44.86597438082512
43.412173768931005
46.919143678956914
47.83132271182474
46.59912855362281
45.56008811226227
51.57027721506279
48.20968637416342
49.26199761363643
48.77780530156322
53.66328134019046
48.97742849644048
49.813121882341356
47.71652721657363
53.39677633121102
54.03957457176437
53.65022681097991
55.948312868340146
50.52085594883124
52.17749121338721
52.17104584569156
51.01503817352799
53.3080793592758
52.3503141745482
53.60760703289082
54.28414015528054
52.822167217180976
55.46440715904751
56.55773029660051
53.54407707451791
50.05378273602596
49.95916200296415
48.90513146543681
54.288682445722735
47.62254385534643
52.92364898416694
54.89735804302589
52.53500914660626
55.286895480377105
51.030935455840925
55.14139810041832
54.38871702964224
53.18243482038721
55.777898688013536
58.33712957470908
50.3556302078344
49.431660940998555
56.037827672446475
55.93119549863448
49.173789615234256
46.88502918065511
48.05520198198678
46.09568541723505
51.73010216083015
50.29894906356892
51.470218035567974
52.79270130955499
46.92253680176771
53.583963855853675
50.696390112474056
49.28526420255426
43.74061279346128
47.68103175670198
45.216465263765876
51.06134710737489
47.49331050694575
47.249837729417756
51.17732679271412
49.086566349439316
50.50596467632034
42.49767178947559
53.58195953540014
45.800162665507145
51.86691134947738
51.72389533301601
56.35925648995264
51.72403071999569
49.51824851419517
50.439349074547174
50.75907208493463
51.99384231655706
48.40620762593988
47.051730562343536
49.63092467187662
51.92076689434394
53.071456634599166
51.06430932889001
52.828605330108296
50.50321414084166
52.00069934152225
48.86450185055446
48.332509104204746
48.315342148047264
50.62339452501387
46.978945012175956
46.860354195476646
46.126138038481876
45.8064975477575
43.55681020886481
47.16127104378022
50.559579409299324
53.88395220637528
54.352948030213774
47.066400208571906
50.24528599606849
49.15137388764602
46.83245481611999
48.91106251491075
52.326424771617624
48.86190240960581
54.36540262087023
50.939307284883455
50.31590245998006
46.927135174548646
46.378183542210735
47.4261612638363
43.56253675968561
44.6659070570756
46.00767776937056
53.64214499637495
55.691629027785766
50.021379582372546
42.23151563672027
47.15466003181846
44.299873805563564
49.25085536058486
49.716422373879055
44.078552562621915
47.35213986190748
50.70595029591752
50.143887063501026
48.521068236349016
44.228162881213386
47.614405653166315
50.54922030317912
53.31795545479853
43.441912596701094
39.838232339427535
40.82696353022911
42.17236677981677
46.237040767322036
43.92024794345396
45.597359590951925
42.41557916118546
44.69751258165469
39.88013715237255
42.260654969325905
38.5637200178302
39.32667260582456
38.09889572495183
42.662517972608754
42.95808509937884
40.17433817605479
43.80796580687778
39.8275507098479
44.05595582674303
44.2185780706031
48.07387146380157
40.22882366550417
42.170195957556835
42.78189946221742
42.353679030322546
44.75401211418519
44.98906151897754
45.873380943920786
43.94995848418775
44.365615564626935
44.237995359093205
39.44004557223629
40.12091284404805
37.94265795281731
41.9929447691956
44.773681756398226
43.94455207454803
43.58361647689163
42.436944838116034
44.77155188957424
42.82418058184865
41.961857096511174
40.611842206867685
47.98616186090795
43.284157820016226
40.517278331895014
42.04775821794972
42.574139645682926
42.52528813076495
43.24391967366321
43.723396389883106
44.08962749790356
44.638216930938654
46.31170967806646
40.54448739455178
42.747383521013965
46.922950401370514
52.32058371187364
49.1561100558345
48.76241837038835
45.33864520776681
46.665624120598025
42.86582651617129
52.463167533098364
44.30393365666927
48.197350394064216
43.564672893869194
41.96647650503205
41.40353978272122
45.69898946162585
42.59207567611498
43.01901224480684
47.70501098502044
47.68545056473626
47.79083776796966
47.68060169823028
44.47008055338996
45.666033882347
43.512268820669895
45.75630284602285
47.35027999870948
46.44551052215853
48.333376809272366
48.12340971667273
49.41121771278869
47.041842851461794
46.33526417483916
50.09693488598775
48.168667916212755
50.21604453255846
47.825262313598266
47.81916622208027
50.37971408867028
53.363579574354596
51.63384913228128
50.49474927134465
51.04705174044235
52.2566473050766
50.76705686844568
47.7543112935942
48.03419583161712
50.311365855060785
50.076644960099436
49.55731287900667
49.44682610979202
49.580870981775426
45.825280427458374
44.58750094518109
49.13071520412118
48.92174525453107
46.42660559021295
48.76744538629208
51.25142358687435
47.90122375582742
45.152181392950425
50.49327839207157
48.58162693030548
50.570414588241775
43.446256273278934
45.8945315988198
44.21607826241627
44.197789039670276
46.953770363247074
48.98345827433098
47.213019198446
50.70061712424161
48.93953836298775
49.52654461878182
49.0525850625165
44.15224857390309
46.0838272096759
43.348777082866825
47.86709651551794
44.49371322602311
46.59429888497647
45.77142425315673
43.71902342689396
44.19459601309532
44.15454189546143
46.15891979337212
44.58175103164899
43.676798218197256
39.22711530111782
47.46930137939063
47.144766980239766
45.27531661473708
49.2256062158012
45.60528097302813
47.16718045985168
45.63234055622479
48.472205106863704
44.38467468073286
45.27160353685751
46.31882190150973
43.14201391094421
46.07088538354691
49.35567431676705
46.94395602367874
49.8278133831644
52.2696667415774
51.46623406757388
50.116733672436276
46.56922649707694
48.48708133834894
45.696486390942674
46.5149521984051
46.61489498561724
49.43422706589052
46.31151896836851
44.6876576437043
41.730149269343904
45.336670931220624
43.03503680560574
38.232813853161275
40.34677246649205
45.24825994284593
47.76766507568692
44.304301122808766
46.76348942080018
46.19440613665847
42.4536539741676
44.36307117252878
46.08748122115931
46.476075084649985
48.160216271760994
47.809888658391884
48.21872779282372
45.769919496357744
45.819232428734665
46.013505629890844
43.10692202792954
44.647808658170504
45.984479343107544
42.68412184547025
47.029873844655306
45.07491954087959
46.40852925440353
45.51836229065085
44.207591600424756
39.45288869699479
47.24299285282907
44.34893213433268
44.736253378491476
43.472216729099465
42.194019283534416
43.2740076414207
39.64108784179506
39.83857655193905
40.31411679773345
45.551828239681306
41.02753367945379
41.89110318117994
42.571164846157735
44.613251809120946
42.057704367797726
45.49920365142474
41.58864830998918
41.44237035625012
38.17292164442507
39.73232659147952
42.38314897527792
48.038256118351654
43.38049396988806
44.01812065584639
45.35321682804988
47.335390700319046
43.59414377406556
44.75301348568753
48.6452216913971
47.891195948301885
48.528661520382784
50.69648826735602
51.39241819117328
51.55161243815233
49.36692608992296
46.822551616926006
48.39974658218973
49.67680740370303
50.43344217643322
47.91114787531429
44.0050880743898
49.54110660825027
41.95213426353268
48.208405907448544
43.94974857896946
42.2414858921806
44.27354908595746
46.34169342439661
50.35916918496556
50.608920087092066
47.00205665179547
39.22335790433541
44.07897496286175
40.25611546879028
40.72014138600315
36.47022330733916
41.67122246803734
42.784052417042716
42.98771539065311
38.422875983095764
32.9070357446707
41.40392703789901
36.95144632346347
36.051382828052354
35.96858060336414
37.80202927384815
39.86685819280796
41.17268003806739
44.99103574173794
40.91294813216586
42.5994510651129
44.990803649198696
45.485865007413594
45.38352266550156
44.40412223069978
43.12054169758248
45.255756487587625
41.07853872869462
40.76482723704549
46.01107556001329
40.21085924418394
45.32927486060531
47.26143719261787
40.2247992135719
44.42657465896494
43.61628260639821
41.64803178147102
41.591058845866854
38.07453438717379
39.380349094883734
37.19581818851058
40.193838430851685
41.63914312512409
41.69594479192247
40.34888031795063
38.1234705608938
41.46340956606955
42.59304353811347
38.044983984560915
39.01455864151786
38.06404674861151
38.56416852976768
39.54633380506745
43.10942168103921
42.844792916589405
39.48614792674047
39.570163241147775
43.01031880158528
43.44976132394169
42.55677649129832
40.78261902063731
37.98663604029961
39.01255882396403
40.64793512336412
39.80215824871494
39.71755320403813
45.019237836599366
46.151627117561546
46.398772507377195
44.42651203001298
45.075334097413744
43.04856113886364
46.668108273322176
48.319410046003334
51.936659264577074
50.83218360157331
49.70366059187498
47.86224463716473
47.82984431020424
45.87301399348291
41.329458461729665
41.37933505132985
38.8370959284531
38.04792898783481
37.50240549326742
36.053674562003025
38.13636092292833
38.173011347558166
37.98629762005682
40.83125866679327
39.00043943273531
38.05250870563984
40.89924611159298
39.15080377895899
39.882734933974774
42.74682251264032
40.51773902652471
43.447724535757295
42.68751171110272
43.55647510835652
43.0852743618163
44.24935381784431
39.35324810680866
38.72667695288957
37.46069991303409
40.17349080115647
43.875677996108735
43.76002196311259
41.860071355021574
41.59635178691041
41.0713447443248
39.91837499142135
43.09187251643245
39.28696827846398
42.911765442238384
44.083009187059595
46.88850322885957
45.109544813864034
42.1542061089475
42.07158033835071
39.07841518177667
38.49856748716463
42.34227941776102
36.86163058815964
40.00333664881719
39.892970482282344
42.38414718184401
39.95523788365871
43.24254621022774
37.768187022864375
39.19061680513131
42.119738134962866
40.19078371668553
39.727078081058515
41.37899959561915
44.44653894083811
39.44777342767492
39.24666350228731
40.56678518934621
40.48266477790151
34.79952055970703
33.909175651946185
31.595847643775056
33.88120015507914
32.384961202489556
34.156241503778766
32.98847804830922
35.7852157629385
36.15312595096113
36.95553102215951
37.375662336367256
33.14648822064181
33.80090432978387
35.78816974779104
36.27810595285131
37.29081381813379
37.58360360278957
42.251143645355334
38.521928890710086
34.308673874358945
35.771437648476486
35.325483941130514
36.05506853722129
33.97431282625027
36.215018832707145
32.139483841679976
35.82544078435225
33.18141085496567
32.18104610093946
36.19377808209993
35.27884496950176
32.92870698848774
37.27959905615896
35.779323749428315
36.814276802004805
38.14428317466284
36.27212424665272
37.09304122577385
42.625957309210264
40.16059439620926
40.68030457628833
36.59528217143492
37.9531094079724
37.24946871124708
38.508737893658775
35.16596460723412
37.14503488596513
34.05954151395571
31.99446724853864
35.793261996600656
35.263856547054054
30.402857241954333
36.67511403516728
33.665804020565226
34.10285379250122
39.44971940591106
35.62518187684578
36.201290355590864
36.80376352467645
35.49122040315533
36.70348020536888
36.21134995581716
36.33555011287013
37.72865518873091
40.33034744744472
38.43689489942128
39.975252794238415
35.85567783842628
39.88649508477602
34.54965546399882
39.231571252059275
38.95327155531224
38.43465606676415
39.17523555804843
37.37214169155923
37.14201341567738
39.06080025299941
39.421826195083796
38.7387016620232
38.473471194414785
39.23368911487894
39.791151127761395
41.62464582307961
41.09863331032593
37.4182210490854
39.098207078261076
40.24673250082193
37.72195458432438
40.44381370155772
38.83165444125003
38.043455344403746
32.55859128727436
37.880283715977946
38.40716326902593
37.15239830213168
35.40315839834227
39.759708531335825
36.90591335443053
35.969788548820524
34.678203088788486
37.000956260629934
36.86550941138395
33.67137675792232
31.508340816742734
31.41911638381849
30.63878178938684
37.54390016152624
34.711657237349044
37.31852557241609
37.51808602007379
35.04865769358859
34.62854303922447
35.51392089719579
34.51547616312827
37.96024479033233
36.723096718671144
38.54738371451867
34.159641909303815
36.85804011714759
36.14561008696267
38.66453745020959
36.14355042880188
34.953930798228996
37.616560516183156
30.85639833718281
31.503339133191304
33.41541104040293
32.294994173121786
35.95028166566622
30.658995093524865
33.17116355892548
33.37623121084834
28.51536880223438
33.163633048702614
30.833661675374216
34.33820998750219
31.85079762062979
29.513058714515683
34.018964973097326
32.563178998041984
34.03412614584178
30.69671759254129
34.31873181570594
25.95718390963468
28.190013879983045
30.610967552632882
31.04664895816206
32.84610124364551
33.69236178174347
32.987884373450036
35.19477647685946
31.406496495258597
34.69282579957765
29.978915663610007
32.285274812481624
31.312988374650267
35.12896708929798
32.41929241397201
35.36795591995393
34.865153437911275
32.96869929841467
35.25955294483857
36.478610003687784
35.178383830539644
34.32506728769405
35.301430624869205
34.56326352977848
29.913940133690147
32.56732735463642
26.760921495144864
33.51381200404553
26.53817622700852
30.962554159640828
30.438396207088783
29.937577974888853
30.19357318604555
27.677742013717886
30.17367029505551
32.477848039328116
30.00140722342829
29.67637968229241
29.151347949371957
30.95283967652764
28.540780929597396
33.84795290945162
33.37011151735756
33.540829985699595
35.6774982114223
37.0988082993607
38.04830011493634
37.849596014709824
33.647358834292596
34.30660267398605
35.14429599358703
37.66993477612553
33.614394674521805
36.25907005644123
36.385380494614765
33.157647180171345
36.260551834740205
33.137898911327966
33.110449961609156
31.454937843301085
32.540708914561264
25.483559962098084
30.97763812311569
27.162266004981976
29.059012387637704
25.415246010440395
30.10692902665286
28.08282985935304
30.195575404897816
28.142553909113875
28.035696406217554
26.31133486236758
30.45143224988396
30.434159632996906
29.346723049811157
28.40763839469957
31.120368016825978
29.263795091299134
31.639946733087644
29.796894092703972
28.06796745516148
30.530965885755016
30.13870102279051
30.500226294366577
30.134927784776952
32.19313504960148
30.22388366842894
29.798978623835357
27.181148359656483
30.152644094226012
29.20622609382167
26.06014875403107
30.789057122376043
30.184021716179167
29.914886308514518
27.885779486336705
26.51667466741901
31.9121963154486
31.100720061049504
31.48441939548632
32.30286208751672
30.94741446535447
31.75679082100817
30.164687215724566
28.695558014049585
34.26938212995524
32.07324826212355
32.394960270024924
31.855757620548005
29.23143108249383
30.517517771740714
31.480567837904037
31.118211005830503
29.42867778897501
28.29099797860242
30.81281073188939
28.66799545890432
30.835851200800242
30.336863357723743
30.072349728204795
29.41789374916907
28.589712647237242
29.876957196291155
27.929866807804967
29.141520956405856
29.04496012494925
28.195904089934764
29.271238255851117
25.96253976753863
23.724353613780988
26.597165030242742
25.227626831813996
23.95584429813877
21.59459556723912
25.81859033768088
28.771225673204608
26.824973354998953
25.600757007845267
27.757798352609754
27.324335771325906
29.104328376665972
25.577156367618823
22.91306547530449
28.538988148351855
26.3406930191527
28.035256864820656
26.16611342799491
26.004654611368082
25.80729905933914
25.692058125459788
23.90601517699721
24.851110191034532
24.39887383111968
27.577211402576154
27.726340650293647
29.468861324929033
31.792370878059593
30.117089259060926
28.122606357010028
29.11562166524243
33.13984872929796
34.09653714966361
35.28823772263894
33.19838656263464
34.367221345197656
29.291038635298246
28.169447251608553
29.877337670967407
31.896180619339074
28.999044498167386
30.435280913432177
26.8256348166506
29.287921210246363
29.41373682002705
26.328890334367834
26.88854282841241
29.330896896401008
29.201997653866943
27.000549779748994
26.953003190686978
28.490829006573335
25.232965300702663
24.810362907467802
26.66369297413723
23.81661628020678
23.02683065769957
24.04388773559478
22.94278405901555
27.443283712179245
24.597452668052405
26.654257170665048
25.344115156641042
22.55824402443131
27.81912359641291
26.012248079916873
25.49653724870495
24.834605860491305
24.097314105946662
27.79190603674697
24.262589473810603
23.661434395705577
25.234998507601663
23.056456275826392
22.59714594815484
24.97582249389927
24.65617440647944
23.583716203013964
25.957236749737785
23.29281991348996
26.722393098356488
28.39903015947397
26.703150722414517
26.7656601478795
25.345341755656385
22.747364904256003
25.144847956299724
24.702242803354157
26.101200251662295
27.76649600183415
29.019733124501066
25.777500986593637
29.863479690441203
24.71975548803708
24.670474686750623
25.313042641172796
26.227899573157448
25.040352902941585
26.24149596645494
26.22219543984654
23.460071518558266
24.904239857903885
27.665515959775885
25.21437359324408
29.06269616696339
26.46733747989634
25.435867857828683
23.888812318993452
25.315260093241395
22.653970698947624
22.009546658448617
23.339943398818665
23.07810235707161
24.927590794519165
22.761730803210877
23.301524721698797
23.684413550256
22.188568624141034
23.474657604033446
27.01605351231826
24.940075854467118
19.35942098395841
25.644850566891282
20.78141613227074
21.912827924569036
21.108855201372634
20.476941317436182
22.450873650248788
20.227721358822166
24.535356269370787
20.570799971101113
21.276622285094454
24.803649943638256
22.134681674712674
23.18304513361834
20.204541198748167
21.571205974321156
21.731444617831468
22.13884398018474
17.980058043324238
20.518261568902144
19.34838665413682
17.464932241184908
16.769098737051262
17.70312876985092
23.026995042696775
24.23275331306818
21.39684989006847
23.085963231234608
22.495755529314557
25.226144220004276
23.397577139958422
23.88332337475876
24.74581271203028
23.615454697655117
25.669252969485086
21.5315951740794
23.479565344565746
21.63749678152777
20.387810821826285
21.339955860679055
19.634198506662052
19.808798553992993
20.5283287677591
22.664880388335977
20.411998747322677
21.291472708818393
21.369303114573277
22.018838263062406
21.179665857634863
25.20609611330653
24.303297765949388
23.274287068531695
23.384251528906297
25.36714221221223
20.634728477161687
23.338167509160158
21.406547675519242
21.108016459806976
18.109598859298448
21.88921322723216
17.203677318008047
20.00214978897821
17.918982693653515
22.473877803211188
17.41714562045745
20.672826217581978
16.366912347262556
17.81442645203726
19.20483639816959
19.342805941867628
20.942328961730045
20.6228200264118
20.172057221832734
19.265526804946532
20.646409219584868
18.967152716704472
19.652669171604813
23.196467364410008
21.78680861389971
21.803679535347257
19.768252728969614
19.306356039241287
21.802058691091815
18.74884873192964
22.409197613896804
20.84618944658528
22.4543108483374
22.637269108154186
23.4828247517524
25.27867343771051
22.901295722551662
23.534566437251534
18.1941627883664
21.95970481163329
20.692153068479488
18.085198047301756
21.773952201923866
18.00817165528716
20.976374625099833
22.441171958067372
21.13258032898523
21.124683591830266
20.02323399619778
22.02570184571805
24.885949120479427
22.846060569947255
23.701733603207835
24.72310231645054
24.822586093175786
28.35344227643138
25.454116836256443
22.042999205583005
20.982061953288447
20.051779399694343
21.351206481607566
18.930775224710573
20.4836572702962
14.725218726398445
16.53558515482744
16.802781913150383
15.396888708265628
17.439681801373418
17.116352026701882
18.541919650483493
17.985288212434206
15.496721169628522
16.02969497506651
19.0521566301107
14.626470518222758
14.647639363530686
14.731028239093853
14.269630734080147
13.053955049750243
15.774499178511958
16.84715700913116
16.84715541311258
17.923673550003414
17.454027618258447
15.842852213096053
22.775964547221694
23.060098737777366
19.839199633334044
20.086801889990813
18.467880615098817
18.66343489312802
16.219545787104803
20.819818227393757
19.536688009388893
20.48820737449048
19.12226933651182
18.63516643735612
18.272821349352995
18.98775999056374
18.95413751677353
24.250176749505922
22.49763052934878
22.025468056199493
22.090139094825663
19.750608576049444
23.212197375785607
23.606782605540367
21.237088845568806
17.78135414251035
20.972566247921158
23.611422586174143
23.30860397775823
22.125247585595474
23.958800540848475
24.216346343310487
23.289178969365285
20.301620214780254
22.576010525651018
21.614042670146176
19.362691698090938
18.265780743794018
19.36339572035838
19.760094389810558
23.779630999199423
18.520516179938582
20.011887677351417
21.696465692423264
22.398329588656292
19.947062382761978
20.817094738304355
22.267883513625264
19.23788449895429
19.3251946484946
18.487449585348187
19.85857868898596
18.267977705997716
16.98884535731643
15.500304379796482
16.10407429030311
16.735571445375346
16.159244628580865
19.745348077539436
22.59305119660378
19.644432570158312
21.240643329289423
18.984521251062855
22.12248397446373
15.187404325512261
21.74633242511858
20.24189527890278
22.10377341207688
20.410073556442605
21.223719930364396
22.039429696740555
19.60796979055106
20.019303454118113
17.200700002141634
20.28938303080191
20.37869769463354
18.699426782982275
21.03146160182452
20.3769944167848
20.43426202698567
16.67705461584707
20.377823661611504
16.208897085595922
18.917960677884462
18.197568484734028
17.152794300185832
15.800549737006417
16.781707308981513
17.197936870395914
16.975827233385843
19.01790055655489
16.929813409826185
18.22005050399135
20.328347694764055
21.83849346588566
23.209992632292415
25.910576478300708
23.340956522986975
24.984151157576125
22.62686810134514
23.671446333655773
19.71225614752586
23.520222912375793
22.740043737920477
17.66238291338702
19.41891971042137
17.72764011823928
20.138006156783213
15.67407389585839
19.3483944631894
18.870858994972938
17.516351010278846
20.78947891930756
20.756461163158
19.917206281219627
21.465207358909712
20.409527055665166
22.881043654096683
21.774936624622406
22.05953478380045
21.33453779580108
19.074887971922195
19.587438589954463
21.29571595682317
18.04753515378791
18.87967848500431
17.118245263738018
20.927798741218748
13.8082562585489
19.161188970445536
15.039101048231238
15.051059073692608
18.292775628381122
16.855707277657547
17.554586292115246
19.32830893475672
20.991543936626194
18.74663549135331
18.232158754820023
18.445455126423443
19.708289485795778
24.178746216638547
21.439544793345032
19.913343392477636
18.169773676864814
17.49689338584749
19.736992810736872
19.38375815273977
18.237673114446487
14.93610095041352
16.198609835884834
16.389129355880904
16.894007175473735
16.71140133951727
18.2402814347603
18.043519831657814
17.03489583676894
17.135354464167154
15.36854211578128
16.838752605446714
17.254199734180677
18.808647167936407
19.2551193287047
16.406289845113474
17.764359227079016
16.63760064748791
17.82476489305448
18.505697125213096
18.419253773228384
18.218368988573896
17.044558512181727
18.678283191878645
16.495571108905967
16.41851600898688
17.20003654464801
23.500693006585315
20.448378377334365
21.837026172720748
21.024276165795218
22.14511225838376
19.884293320755383
19.556047213695358
21.927692690735675
18.73914676434863
21.138529022919514
16.24911632811362
19.621152698455102
15.912418595223599
17.451699163369106
19.258529658580184
19.881234400898126
19.05005536541046
21.344577512823633
18.20799884063389
17.246165325063473
18.102070734637806
16.079134557322895
18.139434657428374
19.473487351579067
16.735676083763146
17.551765525497146
13.288761913175517
19.570606085063368
13.952060060261697
14.947395339251498
15.289579893358693
19.291741889614954
17.222271590447537
16.77490164723396
16.67696608853467
18.148967264293553
19.979718563222473
15.661526113801397
17.200643511787053
16.780263821145944
19.426313208365578
16.390328458648444
15.841925861662805
15.301151672883886
15.800372986817575
12.602038264279127
13.692196949670484
13.673418091898824
14.693522038533192
12.77663478955477
14.497918235719572
12.929865538037724
15.154884086703714
15.345953198668916
14.346508063287649
15.154876011574451
15.926856208675106
15.730272491429087
17.636798487794
19.38632264549939
18.48154044845004
13.21971770196527
13.289109290030302
16.07784427670567
17.212634685294184
12.177443566755015
15.556901020054683
15.781372501743313
14.037295454491119
12.861411852668361
13.350879050318767
13.272146202562613
14.34279206993368
12.184044159137589
13.908997739453971
12.420063175391395
14.209230272058475
13.38784078636484
14.087827528593257
12.120152306636554
14.650225650677239
17.073940845840866
16.899612905993195
16.425337435383394
17.985360647370214
16.104771035593625
16.869228476038867
15.78832474724941
15.85389947256127
14.558881414494946
14.809924586381603
13.103834158995989
14.095714771209455
18.69945771805625
16.124746100386606
16.03794978940649
16.69922863118014
14.612405124460263
12.487249219472847
11.821096378620007
11.789230825050302
11.596021725010024
13.128370531028583
15.598116356276618
15.215767347053974
12.492856943983755
14.899729456665032
14.767423196032233
15.057165416729509
15.113697968113538
16.070961291330974
13.08339213939817
17.423928491718
13.758537647768085
14.301724532356152
14.801918997434605
13.955580514187586
16.022776707894433
13.578737405497954
13.95194287439027
16.029853954440622
14.600813059743286
14.817543664815926
16.00647208953758
14.225848112894086
12.966919352311931
13.480419693054209
15.437866490700834
15.102890523302587
15.48743038925303
11.462373197844649
12.614925964993038
13.756070957239249
13.650517332710383
12.746249155592555
15.045080502737568
17.387147682271596
14.96854714078395
13.34812392615313
12.79644401191321
11.482445245737804
15.255646286461449
12.313843586684147
12.475831377894973
15.909088468363366
14.133556163320893
14.429090458804433
12.694476773904325
14.343236018470096
11.196696781746114
12.802944898434376
14.226426849158061
13.397472396064773
15.141385530942761
13.008860611217747
13.955001802330203
12.94516415806829
12.953721270278374
14.50325675166047
13.005530068533623
14.549901372917525
12.003916850382392
13.686220123626017
12.537407933520278
13.415469203306621
13.263430301794642
14.391644871843418
12.48270212135704
16.079326458042424
18.803426616331603
21.462766674933402
16.540628341414507
15.3337309159807
13.965405411007442
14.576076402637543
13.255866958855336
13.79435142516665
15.721625510595937
14.215383444690588
14.044827083418747
13.550430650824286
15.088193642289122
13.513049266708965
11.133822514251719
12.632408012138749
11.431845494269496
13.133677460298602
13.377890096478898
14.2958302252365
12.453627599414933
12.790283402162972
12.366396622843348
11.170719954065326
11.19663891372416
13.809828676037787
12.033606134367385
12.416501381147695
14.652475002693484
13.10995540588096
13.505672039858501
14.56483993440901
14.182722506497784
12.226095102835556
12.614889664876877
11.220935463754701
10.956029659698924
11.195841161134217
11.10647445776916
12.454929487843733
14.120546822894694
14.025285003720178
12.454075996858078
12.490577015489267
13.20197119234487
13.100558071020075
14.094153467871582
13.418695458140277
11.715835807567485
13.167706673911367
12.335300847184094
11.25507722577651
12.660066879969106
11.537275896127115
11.574911827378788
11.664080157332789
10.312494009132138
10.902947334864823
11.679460055613665
12.284571942389125
12.766220382156126
10.340058328347508
11.248564091909723
10.776248570279309
10.325712157210392
12.575563465407072
10.291085611057529
13.03378437618046
9.740520525717438
9.53358325603671
9.66387153512893
9.75000883798623
10.419876666801224
10.851282142342056
12.783600059749542
12.160748402651498
11.517597069447111
12.854530049466414
12.361494385236876
13.22737505904035
13.140980624379447
14.306179729771213
14.401774867981684
14.368890821443856
14.966466620672518
14.851130235160202
13.58114255616517
14.293648980978947
19.07092005604909
16.67009270820305
16.87762026881147
17.63872086046076
22.018579768881708
20.026255108232846
19.813461725014772
20.791574677939124
15.364081262243305
18.1500617493953
16.858367555129995
17.26159770370226
16.533371924764538
17.870554377191514
18.8275839156324
18.206646951987477
16.66380387420687
13.839343856053208
11.474655626305399
12.646804941634864
12.184362795161029
13.29679216682863
12.171884797142825
12.450880288751556
10.308407220246671
8.94390517530402
10.025563177685617
11.064511123285117
12.226324088002809
11.622419785337561
11.950311050759028
9.619215759079292
11.979723561067964
13.193547200508043
11.362056757389146
13.072072887562113
10.42125599886566
10.232518078520098
12.247256575157076
12.016566577739653
11.896034892083758
12.313213293326715
10.69917735637167
12.116486611876148
9.71973770970137
13.066457919557566
12.460618223878935
11.91596032399486
10.825027586805641
10.618562141374428
11.005353281609892
12.568437300185783
10.604447349309675
10.101084045771954
9.742607961883754
9.9310375199749
8.3273056408397
9.747424378430765
10.750003311568003
9.646012365887811
10.333560269264744
12.844687743217483
14.486306702430452
14.770966827796533
12.343177325397393
12.805671392681273
13.327914432138982
14.83574672659226
13.182189713153209
13.823770662412503
13.85329141299705
16.834928002432797
12.728387783890858
15.874122728409084
14.485993070434263
14.365715105740524
14.733923923476514
16.484271126395598
16.659793607271514
19.07546943082539
16.75743488414123
14.35564317832234
17.35904787327101
17.49034746339025
17.311311246313686
14.062983179370468
16.206356789664756
13.525033920409564
14.145470880132594
12.202225458363078
12.15514429881569
10.905181601254874
11.224474179762792
10.702365145721744
11.698841573928489
10.689308408216952
11.545089324839044
12.444850078164263
11.72479962102861
14.405457929484788
12.717230200780891
13.406616656242974
14.589062405427008
17.669739874500493
18.922599063378094
18.861994080919946
17.590345360427946
17.42909214767242
13.525316199690343
17.923663455399073
17.39339570961539
15.832358852503361
16.027740796790223
16.799673562994307
18.010958589923792
18.16574607463802
16.869349600233715
18.37888330062889
18.030023684126633
18.78871368530803
18.70310941105449
19.29838188430665
16.018995079983846
18.26410035591869
19.011321885277702
17.52698024255333
15.790292778459607
16.21410972968369
17.121525445869704
17.03408795794367
17.168201059766897
20.246399951235784
21.521497092027843
20.41150309122188
18.68553591844925
19.56312553095642
18.229365855210403
18.27563467955485
18.86428751531158
21.29186000949194
23.616213905535137
22.771508426677595
22.362463139351302
24.7930731373929
21.352226986415427
26.743415298075433
21.747579740895628
24.331181110563907
23.121864283385705
22.144319788983083
20.194540584164375
20.427559102876003
18.421499874820405
16.543658874995412
18.052028398892826
15.851904035366829
16.47460443591385
17.477783011915736
17.70531547663957
18.431590677299177
18.10832112099186
20.89523264476878
18.729682704679757
21.28358186265906
19.64653812125108
20.118129802538764
20.289439736447825
18.01060485698557
15.545242423306563
17.690969478379987
16.076183857987843
15.222626155071485
14.022126387470061
18.25213994352958
16.80819071399922
15.849575047360538
16.912565705534945
16.59466776846918
16.882368018623602
18.876694710935297
20.097271111777374
19.89925690116062
17.38524992059706
19.974723773073894
20.83996801005534
19.82863405919374
17.549256996752025
17.70686098811403
16.374220287341128
16.68664136776519
14.674373856460466
16.677378470501477
13.712851730851048
12.479474911101734
13.12817610474423
12.601150886678324
14.58804888501997
16.213464058658484
15.612236130163206
16.466266474039458
19.479330897216443
20.97233806109729
19.201018142037242
18.48260318757874
23.037839524526536
15.488598285247699
17.464131556760528
17.771231914929572
22.42492751838849
21.060616315586973
22.24867752877339
22.282913718773816
22.35554742461636
23.64887140661649
21.465761383945296
24.0536130508092
21.946407466337075
22.19645593100103
20.499792706684627
19.877345823895784
17.359371930064334
15.748271619665868
15.703040341108037
16.403803194403782
14.490139830822681
16.368975882924204
14.568339547163767
16.763129645341408
17.04502402253681
15.843553341493992
13.8853755009042
13.713392363341306
16.29679130941918
12.703236848768903
14.34507337232279
14.818332581658792
14.436325489113708
12.232882620556557
12.804249825387174
11.820083500999113
11.854787233536872
12.97742055333159
12.974156506158831
13.156530361370669
11.53092650059768
9.310917400534027
10.727269331536554
9.063859140096366
9.643305650836618
10.17883177213177
9.352549856240879
14.271322827555169
14.351509150598082
14.456618708757668
17.32817548986684
15.985512046053639
15.462174420985484
15.939529422502515
15.942025754484332
15.343622023172793
15.967552750717227
17.32937449277615
15.734260073891651
19.680452084054934
17.006755014320078
16.18648588171616
16.91660017561062
17.47436059623473
16.603501109199073
16.088216313160945
12.859236809386314
13.98950955423561
15.93996295366006
14.754829893783793
15.160410851095998
16.451104740689765
13.863241682730504
15.219060710849972
14.01101784357478
17.845615805616568
15.439300236187947
15.15001493287411
15.24290018148438
15.201545795808483
17.769640611200956
17.534988275539245
14.447748344540912
15.850766652697182
13.030498539527057
16.20182973211908
13.721863718257588
15.974687871181986
14.055447309347999
18.348755974474344
18.095476496872195
18.38801171148184
15.852028935857163
14.917273841426681
18.068321336431595
16.832289456787304
18.661796218725485
16.945780810047175
17.978828217609806
16.106723066710423
16.112511614518827
15.94261630536932
16.433097324198116
15.711392780285083
18.050654361473033
16.255855192393646
20.23734753491381
20.509778207341284
19.2071079322867
20.323376128049325
17.74952195942845
18.596939843733878
17.53446548416178
18.460777864007113
18.63847647692775
17.290700823714964
15.583851204652918
12.571166365195209
14.195465517981114
15.400982794456914
16.435733411366297
18.81439531318252
18.377814259396505
18.09758243143823
16.539064095305342
15.926693718743497
15.48217214114542
18.04776480727392
16.946158917008365
18.734638384745708
18.02412980352129
19.137048103814212
22.57940269129227
21.602154856998283
20.4649179075106
20.36363996276904
17.645892343162835
17.615225194702177
16.358482964113943
15.277129039852593
16.902328518068316
16.982989353366076
16.118613026977453
17.653464182154725
15.569543914485426
14.61354657892503
15.651078174918771
15.050034484448634
15.185856805150046
16.90120508949752
18.569290734033117
13.563770604470083
16.47879080897821
12.724860306940768
14.088620451261841
12.191036564116665
11.1478539443932
10.312485248753424
12.666263863527206
10.79903328530836
10.805594483387795
12.752548296720898
10.168625363517522
9.713990484652395
10.466490567459589
9.274981768412635
12.043056173505953
9.515972734422375
12.979123881791526
12.049328889965732
9.761262097826638
10.139356616509652
9.559189029671069
9.845505277163587
9.422605974557303
10.709342235851999
10.650965643762756
11.519091690576602
11.829123178338877
9.895465143170318
10.034343908316798
10.531551237325225
10.900269106015116
11.629609088142269
10.259576789784342
11.322001831651036
9.640098126522012
9.420946276785694
10.253600889457584
10.284523188581941
9.689220432832942
12.484953367374057
11.64231151976413
9.89745940174776
9.356295092315156
11.262839328366436
13.264768180474384
10.924673694425513
10.701736275879703
12.597701952873136
12.796182683583774
16.983052939872717
11.60182472852494
15.011067546731192
13.216369525191066
14.536474652764046
15.191582515307582
17.27506486731159
16.065488492142748
17.512935916655405
18.195114807967883
16.303687050946916
18.955356743654917
15.131149676158785
13.6964177654172
14.118387227954564
14.70092207073997
15.050075277827927
13.433757797283016
14.777320295960848
14.114779405285837
14.682689778714966
14.694326322796382
13.398054206843875
13.077106372043417
13.584006895869503
18.21514109638533
15.885490327032644
13.195464962603655
16.754182751822988
14.051431855964097
13.94806948520867
14.818841649059618
15.479729048430816
15.533992663396281
17.645225264202228
14.298620287923079
13.184401703600576
11.034050811401164
12.543632579287491
13.891291837127302
13.373403464296302
14.670099869701323
15.508591900508723
15.188969483073198
15.913158567160636
16.470368131058006
18.615923108695483
15.879495330132722
18.470869514267363
17.379588675745797
18.8841993536372
19.114910159547243
20.045539433810053
21.191643686927264
20.15886834673365
17.761876745170117
17.093690299201697
14.420857828930702
15.387634079826078
14.528215489003474
11.099639916096997
13.18800204612412
14.001862632684084
15.226710160028501
14.523453413008646
15.280544204787489
16.65167817498169
11.613532097780954
10.95458724353708
11.504431957602765
13.403140698739207
11.325216715950134
12.187357497070634
14.831137467762733
11.897412103045275
14.496312796447146
16.33494256508857
15.474730032718771
20.659780974252843
19.632079227897574
19.373961877803666
18.1196693557949
19.79628114876731
19.65609550648272
17.350880423248558
15.505309960284704
15.662200133397544
16.323543227741606
13.371983298382181
17.10143154572508
13.515819366166875
14.743806798878794
18.886649352217177
19.269994617315785
17.988457709160535
17.010332239905768
15.359099992174588
15.72980647218495
17.35476545783294
17.054886874298713
15.33618478068609
17.709596574086625
14.006563357590698
15.037773381081697
15.337987517769017
15.896101344466816
14.679904799348446
13.979143604479955
11.36404646432949
15.507098780537367
12.864814900551396
12.79277012152851
14.024255129200418
15.188726015144338
14.65043467028655
19.330790406851374
16.767274363056302
16.20577556827468
18.03675361271012
15.181662006773625
18.29315815321844
17.764399665786
18.414735907340695
20.566863436995327
20.320688294218026
20.82954974670039
19.501657709508564
20.133801980761504
19.2896420136044
19.41836030127243
17.164016311145176
17.31135579111274
16.182552181517764
16.105979127336557
14.354112186633513
16.587924668591334
16.295443118309798
14.751318813225998
15.253358093197757
16.47156181772056
15.196356869340338
17.682676656070658
19.583558733369408
18.848702665371324
16.314205942316697
14.772480596598278
18.881400387477274
18.59253248533486
16.624717174091565
14.916075021278688
17.223350138592775
16.11677175827867
15.99344490109069
17.21891344064334
15.578917356705396
17.49021255496694
16.898957693192212
15.676998852664138
12.98676762579287
14.343032308499321
16.325532344778676
18.58799578785718
16.489178019950906
15.217325775426605
18.686484226575207
13.98846941450641
12.61098659694226
9.540956961872446
12.459399113875698
15.043939647642398
14.22087748877812
12.724489435240462
10.2798484918948
12.208878683075845
11.07375485557776
10.791373902566365
10.450136920142473
11.425264244706641
14.597162505138815
13.289657614104053
11.043051133682646
11.063944498820979
11.669723461764441
12.93527523054841
10.726639288301994
14.075760467263617
12.976595187241847
11.42601278776934
9.48288086777914
11.711044256156935
12.978285555907938
12.529125485436175
14.288261353129805
12.496005510678913
12.585486016705913
13.318936954563553
14.83795331507733
12.70561544231153
14.379339954613279
13.751083295746989
12.368834244704267
13.521513219456317
13.961281042553553
11.966420735490793
14.31099599796511
13.472193363961946
9.70682588106586
10.432335732069337
11.696412193463027
10.423856177867233
9.702261475930396
7.942029521871877
7.5106884279031965
7.786688731163668
6.82280922936595
7.030267821400205
7.070700950833151
8.707190776741285
7.921862546910365
7.058331487811866
8.138846115345075
9.503951217474686
7.53339987620602
12.111148361566812
12.776501614808458
9.879198207484572
12.310549300660465
13.76927895430669
14.379522026328928
10.427419758828988
12.581021745704247
15.234708985864705
14.522312430450592
11.917912897965017
12.88513010666688
9.705339461051532
12.05954714726743
13.500919264500517
12.852979217056786
12.768876335676401
13.259640742672925
13.63165196596891
14.744504098863901
9.702008978297854
9.67989576747521
10.3627633732557
12.490999655119547
12.063490566032558
13.016526854995796
12.121356276143077
12.593024903012953
10.327645457183907
11.682511437750428
12.211004361434421
11.635880773001253
8.601991258262903
8.760382482379107
15.621378898731141
11.591388677773274
11.678810848562746
13.036124063682477
11.03759962437896
8.905394929403727
9.430205414942916
10.202616823134827
9.435189543899051
7.761602862296567
9.287175199478659
9.594182089272952
11.509192621857078
12.218921140434693
13.4007651763309
11.538058541133465
9.655419262302422
10.11214006835751
10.948927435631274
10.553097489788755
10.03593287884743
10.635448588632972
9.515903932269781
10.189001204007473
9.384082691100126
11.509766597955036
11.35204942909686
11.809726147264314
12.927468144680361
10.72164870577884
13.778698126245873
11.276009858069166
12.231801042778555
11.794663029289861
12.522977113164645
10.764717202185375
9.896017254534927
8.546526601408065
9.531393161623471
10.942784221808983
10.797677946975488
9.739711381446888
8.625991951328155
10.282142438685309
10.341188090789817
8.373250893645213
11.247596822670177
10.492309147621421
9.926720134405066
10.208706642837889
11.276847598420806
10.579053408150402
12.858338517430344
11.601823782810635
11.12359317907434
13.670618236778155
12.044169294720767
10.960428979601518
13.182655855121688
12.137128431092957
13.021169161485448
12.81831881923801
14.413687052428454
14.322215339611951
16.470331865806806
12.81465093652962
12.549686168052986
14.269724580253296
11.77978982930108
11.878544956135753
14.855061232758043
12.294708218850046
14.255817475108138
9.110567533724168
13.391043807407305
11.62404025808715
10.231571390858832
12.609431161608311
14.790408990426931
12.717590166747048
11.968396420701065
10.875719137443744
9.840261923854039
9.983360915740107
8.216407505950471
12.02610733956717
9.682898150524826
10.032887024597905
10.573534428089683
12.484101970070661
9.947599890132558
12.90638569872977
12.534593288007224
12.834561923971933
10.818837610946387
12.514117454236967
11.866185752979561
11.196521039938297
10.298537459296671
8.690046719847741
10.244586358494171
7.998082416068498
9.02276889430121
9.70715681537972
9.747100564991877
10.154069428235362
8.701746822524074
8.398351237101311
7.314982964570744
7.294585593817403
5.917828069920628
9.813307373106618
8.42738977713738
6.8224732102782015
9.13266574693369
7.615995326525358
8.068598845196215
9.62863606395722
9.320257260831768
10.535443737515898
9.575254661326962
9.619889379881714
8.69520066778932
9.070505463163952
10.861182778968152
8.849169449181145
14.307912898861332
12.374891856359486
9.283117157537987
11.488611176274908
8.883995763484545
9.036120170378851
9.078714859280176
8.128715724733713
8.577874593316395
7.471097643057544
7.962811959152642
7.222728341691545
7.232319589787341
8.738300263995425
8.158265035997605
9.281360213409462
12.174601395822876
11.774455095635268
12.391176267648456
15.981180387129665
14.909166724129994
15.727872406789412
13.146398438153952
15.035153131886426
13.474035633275998
13.951417863846302
13.246140725370033
14.16533725427047
14.077649567011866
15.535901001477425
11.897799305213319
11.23999067715733
11.768624404920574
10.389829929905225
11.442552285872248
12.103395837326213
13.683070332861472
13.54392795413417
14.834208169014676
11.815888849513533
12.209216647073486
10.690763279339519
13.23856007484057
11.992727804318786
10.469513586719575
13.532026674481562
15.287104969624004
11.158025742006858
10.449946730073902
12.193662086578781
11.129239208799241
9.612897746309628
9.058741936781866
9.757207235238539
8.710637650842536
8.763198179513747
9.96064483029015
9.842747090589123
10.849407228689804
8.22544758366806
8.795478169918976
9.130600964751576
7.959255659724447
7.460830950016487
8.458983487462586
7.952156794957635
8.211343600556045
6.816366580342736
8.250988566317838
8.17976690524787
8.056497951393647
7.924694677254536
6.871885771818845
6.986631000992327
7.947050354475312
7.328190648109083
11.387435683384716
10.976386998754027
9.034387395161264
10.533999861079808
10.623575150324337
9.785570812515555
10.584951801903646
10.897361608409064
12.389006611100037
10.492890840022339
11.179757956842609
8.327072719323668
14.277060698909452
13.543045169897953
14.858218191351432
13.942189970922334
12.65702191324563
11.234836800605462
10.818936084942061
12.376015540894857
10.065758492404518
12.991034696196117
8.640226504069465
10.651888522460158
10.870148987358816
10.85399475311598
10.567331785486745
11.365614711692386
11.038284499856488
8.191948327225123
9.958256659382577
9.01890759615084
10.30975345001337
10.680492473561376
9.554497900488805
7.669969770401533
9.342211411945593
9.196960834725196
10.446109786579418
8.057529745992145
9.460348948715602
10.558505057432894
9.797913023753408
11.34031383054472
10.263841670220618
8.250780474618443
7.4574048739557295
8.683423785123793
8.946667244010849
8.54978578468824
9.176737046378697
10.169458662367658
9.57372284564504
8.807234838145503
10.490277664868458
11.41364213374795
11.745831652475477
11.446688574488567
15.134300231299
14.704237056246159
10.590314860889231
12.51475611045331
11.209095051255877
11.254857968583583
8.938848867740592
9.569419795414895
10.050876868448194
8.457210416024337
8.791426085681131
9.531628542369603
8.671484956151788
7.509588526835547
8.556576569369424
7.759930692958685
7.766182799921829
8.938141723924785
7.527003238338994
9.587920860964143
8.859434675820761
7.531703951274656
7.612922050888014
10.685626425899468
9.238702993296002
8.788833412304413
10.014281062143661
9.853082191553737
9.895386279804194
9.505239182859482
10.788373735321125
10.922227986289839
11.572851518390125
12.087428251983106
13.066709737032484
12.000148499433267
11.408050218599383
11.788950319819765
13.364547607777077
12.256376312654622
12.57689848460007
13.168015559997839
14.330875497609028
13.441515910588299
14.758557993088225
12.222511908869729
14.045232231803979
13.476838256272012
13.028641696207178
10.100100250496993
12.081111080366288
9.493747874397197
10.71853035116768
9.303375484389539
9.839390503055377
9.639922255085361
9.44065693455066
9.830228112991946
12.271113818411836
11.006037109441591
12.395673246091048
12.162771556412885
12.299551010773207
11.589806312666328
12.965056228526494
10.521302932533185
11.610432546514202
10.898278349007745
10.79443898462082
10.54022582277629
11.120407874960167
8.872883828491952
8.681599507333768
9.401978111082
9.029194647464065
9.746042670808851
7.794594011099833
10.716395754765436
9.551379472572135
11.06465243577548
11.784395284589419
10.500035503380422
11.025557920659839
9.300773318376057
8.486583317188659
7.397869642066333
6.642337506462915
8.714230678169626
7.92986929248277
7.708529913540392
8.650245524547755
7.902394733910587
8.122546979996462
8.523210502520445
9.83473941787841
10.256653154537311
10.869866666556133
7.661023397775701
8.533584007464654
8.816751801798324
8.813398272168003
7.893550779386074
8.139878506366882
7.11200505084282
8.03291321650964
8.607588969018458
6.7874162050339875
7.001969046411057
7.777477214832711
8.149676954227267
7.141185428519006
8.6205767262591
6.998089944387263
7.675166601561745
6.856108897935457
8.953999727202557
9.032918629352846
8.949658184222832
7.6515514255883526
8.943256633388623
10.483092747453698
9.559564308371584
7.707096522338013
7.65773504276581
7.869317254983425
7.0578690106438975
8.040211961240685
9.80499358264207
9.321523191278217
8.960724378006962
9.781826834071516
9.108321179043577
8.388981632857051
7.6298082626806965
7.807777129610501
9.301746333008307
6.75935238345674
8.37933909821069
6.557783840882007
8.88142621026078
8.054949121717684
8.542951289610395
7.467850496331533
8.40266854166866
7.467242281341976
7.54056611356182
7.02805863428621
6.987935824042795
7.514319270704773
6.209904295535198
6.670199691880237
7.214719188589161
6.739564300698541
5.93119108009534
8.027432186138226
6.841960622276694
7.1993871169608035
7.155945114928596
7.814633462851697
6.809168435029675
7.198869418235088
7.842138546894635
9.3030265190907
9.057552646713969
9.154538050673724
9.019036299916326
8.357877483056347
7.993571438106236
7.404697326099522
7.425676510546037
7.517923516640095
6.747518388253507
7.908694928639709
7.493218640884555
7.751758564562827
9.071334085919892
8.342491337441153
8.362525021565002
8.321159596167622
9.031830431261742
8.937173030807317
11.698577384253316
11.0943096687731
11.351379857263401
10.195732964258186
8.149659548056187
8.395598289589403
9.59329016281418
9.341819616983763
9.90539484208315
8.313792779709264
7.689266032788445
7.753841292291383
8.449180398272738
7.634065619507698
7.527777618894772
8.352947049536931
6.972555313296798
7.658093512406586
7.079638810333489
8.215758326528853
9.356871691877503
9.871353894882036
9.02556907522369
9.618912870237848
9.861426485173336
8.399649676297223
7.588143702108137
8.561672323099948
7.445715486329756
8.79064368801534
8.97733056657557
8.786226565809493
8.304406877257117
9.382749363663931
9.764628142322099
9.01466261097633
8.530203564814656
8.787484902937566
8.198724445835623
8.077986463423862
8.09076646198735
10.17827107252193
8.40218783724589
12.259058310088895
8.809257542613443
9.861622877703132
7.7549494790416
8.9731941524994
8.566795393572756
8.808094182220508
6.6437013096684545
7.023611985887755
7.792463294585609
7.887518640653641
7.154789312096938
6.703232953564502
7.326795548645257
7.377533443281056
7.146338616241872
8.743743045531941
7.41082893280865
7.464169631196756
8.669511516289095
6.738599625729222
7.4454557815579765
7.208837437999474
7.663455593471699
7.323028919377225
7.909719625193029
9.227218390341216
6.164760732920195
7.191520610122041
7.955019681506977
8.586882557708675
6.348094453701801
7.937175732312719
7.279105097138574
7.651784442425311
7.139538279953831
8.886427710038195
8.871864824766954
8.926640675357323
9.970872457308156
8.511824371156436
10.097289441843436
8.754123054951965
8.71328257597525
9.581130277000039
8.137163999836991
7.056139738029152
7.679673940256521
9.649534556027097
7.3368601534975655
8.00292824868165
7.5932749729718845
7.711676377690375
10.210333875302043
8.206456548853009
9.665550392283834
9.609650369273128
7.563648642765043
8.195154751790593
8.904394579607446
10.837026689967232
11.363241956882911
10.689629615075829
12.524078655344226
9.570610075491157
10.305252171718534
9.312529949026352
7.0003845534822915
7.935003777970219
9.442581154724257
8.790048071057397
8.253730845295307
8.376224247250137
7.666185321895138
7.568726498108698
6.836411075759238
7.589465206904902
7.099071642573774
6.621134207662949
7.28291723240443
6.190220986968772
6.77661093029356
7.959155086267844
5.782554583583696
6.218769336201789
6.368904957887378
5.728888750031302
6.826172474049749
6.018452215393565
6.258825267021207
6.942677474513032
6.486688671176612
6.611485025231489
6.218733510531991
7.026443575303969
6.951861115163511
6.501995393645567
8.123812037863841
9.406368239516981
8.156984486886888
7.768824287239016
7.1042300867595225
6.966310349010688
6.795934156167257
7.061048406463271
7.657465785182957
7.234801453310371
7.037532405062479
7.098995451877737
6.586101707492204
7.416931764703154
6.906149095802164
8.835385321225111
9.439106807584452
9.284113826949378
10.174442833416208
10.735539554298471
9.95782877995993
10.50479731820832
9.99741321692462
8.786105960722793
8.124249800246517
8.248528623047978
7.274631353606529
8.125613644244313
9.74268015605801
9.172116289663148
6.292855837584828
7.094201727462578
7.591075338124763
7.573805272326018
8.497661556423555
7.976511977979776
7.980376377255766
7.750653888537409
7.7026090813986885
7.663401729865678
7.223780001254206
7.511036768208637
7.866487611086248
6.374342676401463
6.745372736971765
6.8163158880484955
8.005093102870593
7.3675308877818955
7.917453111603006
8.030222137867739
9.467690483695948
10.25763454568256
8.316391134910118
10.391711542385323
9.544178376896962
11.417168592905796
9.034740398985939
7.605312153761663
7.208310745991086
7.0464248574666435
9.006931552202541
8.533107946156797
8.025795637806793
9.550355213281987
9.015202331239141
9.450336708120771
6.618696146492557
9.032410174405806
7.2162485071776
6.120433126309735
6.111462492638713
6.69226545914978
6.287043490433489
6.968090131780222
6.7200335152523225
6.40003516986671
6.456531886272512
6.448038092008075
8.514656856057137
7.815186804478978
8.514431382881499
9.574176798059321
9.296360693656284
9.648810820803503
8.119769338701884
6.984054061231222
8.373256773531661
7.075425305800895
8.53675769970871
7.363709444869878
9.538341525914854
9.304411233033012
9.337057773388203
8.170374913927958
6.287389723206598
8.373691433559769
7.183400717860734
6.968227327294034
7.327705511029079
8.662344202971646
7.527758503781541
6.372563498117151
7.5314078263427975
6.105918072498597
7.013643606735955
7.60109386598119
7.765117267097008
8.065650533414317
8.791561779287788
7.233427739098947
7.7155531022710475
8.831036842292852
8.34956951722751
8.653269408303473
9.483090872089214
10.882915629709414
8.649119525291098
7.594835598874847
9.037017481632647
9.267936461096822
9.43097790777889
9.749163548969271
9.490492806997722
8.866215633663519
7.4983574704080915
9.006297205528554
7.130257290798658
8.650478131915515
9.810796686020206
8.79987578930965
7.638689308281427
7.134237151973923
6.727849852011384
6.274729090888094
6.877063882781671
6.083674035854345
7.040893870511416
6.9709741343967835
7.214559112500435
7.753805663607995
6.713425557242024
6.750859206753628
6.990272384011601
6.681876643895521
7.116099720761408
7.254156845221569
7.546324813829785
7.189937311289728
7.273864806627419
7.1505117851241495
7.3608436100044745
7.1317714443720375
6.865080400148276
7.028000656003744
7.455997876574193
7.44935557222693
8.62033636315658
8.13078547667289
6.727168142774745
7.9854157853349355
9.035724515923974
10.018705528818858
7.343810445803938
9.340107632333423
8.572700351843476
7.886912511770877
7.97695293387276
7.6421427370130735
7.757764749651658
8.670482326625505
6.789557620918735
6.622569101009325
7.318443445717967
9.043897846734007
8.329620265463957
8.302155095925091
9.20807430203783
7.343452710593397
7.684475797195354
8.361274792161149
7.907153098977651
8.8407112796287
7.894513645656612
7.255056756875124
7.481241863348175
7.843350138813255
8.117049267634124
8.114992631463132
9.318359692461438
8.151586835708526
9.547713654647964
10.256552912335826
9.553763302460725
8.141722047398984
8.729194056716372
7.851006171297375
6.997096797384538
8.886124972982662
9.945440379012878
8.999530307947447
7.909688313724287
7.805444252501511
6.5320827886292205
7.0039277570704375
6.4511587418795715
6.666147125573002
8.021665764318033
6.753045545526674
6.816519726796542
6.53506004219989
6.618218805750354
6.476265957026734
6.485873014495524
6.201028180790801
6.353760979365932
6.0041775065026
6.550294163778258
6.458058894733424
7.003398370323569
6.827107267928906
7.238648321709171
7.50606696499828
6.931109665167701
6.907003796030426
6.791094416560145
7.023058419694953
7.4516376711095935
7.661174555275353
6.289952344614232
6.565532961681142
8.197784533714168
7.829755718743854
8.8204125216084
7.269811988520753
7.255023209297917
7.638346281258905
7.779163489894181
8.21723996978374
6.617141151032482
7.725703223878741
7.83748123236011
8.14925096558271
7.00838252262154
7.221407812515736
7.908761453118412
6.332449137204601
6.794063568968031
7.570857104654235
7.294645943368846
7.632879622381007
7.522896144290229
7.870121850633886
6.986171887738726
6.389066802729773
7.66912805220584
6.636019601824421
7.6844215808096035
7.606991840379833
8.684496197332649
6.890008104871059
7.806095234702325
7.221600232865546
8.258922687050859
7.3686455761820095
7.38932800433672
7.062491040741962
6.597002811990439
6.543437600067464
7.406272275556803
6.850046360786957
7.447864426183187
7.22169681473648
6.070761048582963
7.247981704378687
7.827564087897567
7.543564275108809
8.062970550169142
8.683683052974002
6.616594911162497
8.445679297485137
6.434494348714265
7.496561055057521
7.413902702050634
6.4382668810071175
7.074738715983383
7.143959663571081
6.173838235835274
6.718717344461476
7.69696740841643
6.542616518349477
7.146861500829818
6.626440216600562
6.978664913673684
7.05502898818364
6.630542190043547
7.273333572272931
6.708116843488231
7.5812232461143045
7.536059922679725
8.554211175797896
6.337099553471208
6.5841661711805894
6.957818730953579
7.287777898687096
7.2511961946652175
6.180681101575346
7.108628880394133
6.537989690851623
6.736859355903858
7.016233989232651
5.8512273927834055
6.141607217335967
6.537490972951434
6.001694927329967
6.783143725074771
7.620172036430861
6.43690605261414
6.074184762991297
6.663503791193757
7.167735676210082
7.77590587319236
7.908323742911992
6.946226642357856
9.586105089487354
9.413918108342688
8.221528926379051
8.902839193438396
7.447462997951316
7.302167764695427
6.564358528030202
7.281582288365826
7.49270239408602
6.65012093745394
7.108582226332531
6.334037346738466
6.74221432157086
6.733161864695286
7.166138773943385
7.164174408103949
7.208741952985987
6.087252863836329
6.471976536876871
6.392079963925998
7.4568895468959795
6.812057184943497
6.72750999110772
6.181867105397065
6.013644088909864
6.0073451473118356
5.988090937442621
5.898212617661947
6.236194907927714
6.593937284072935
6.316168175288798
6.136506073115681
6.254873656843869
6.387762120355121
6.759100956529874
6.138575768363685
6.023338763118964
6.620422123426224
6.63063502984247
6.22789282081624
6.570523530117739
6.68533672342523
7.337776723947721
6.3373946765653555
7.545189180945162
8.887147709973352
9.129658697613847
6.991016151564099
7.9628364364456505
6.78452859298693
8.162188450139999
9.10407542188364
6.704074415594089
7.1901275033300305
6.262967553598719
6.598797854561305
7.657289312815042
6.034730981357086
6.894362179008425
8.114449233893833
7.652026349550124
6.30486353494414
6.575566173938917
7.418118801954972
8.194144853066673
8.306076388253564
7.364174321066454
7.037945379713283
6.456778927968917
7.785243253091343
6.768675073100385
7.630279892687159
6.846481601252714
8.502161952818744
7.549042511385667
8.659950469649225
9.773084445595325
8.796385088843085
8.024335566688249
7.691603008377973
7.668461784475458
7.0095775935817
7.481165769749713
8.284440897541966
7.99150603646636
6.532522472462504
7.069970710729811
7.083013230655129
6.771483136148355
6.410073931406102
6.782548554587342
6.6924780390106635
8.144921719773405
7.317228368343174
7.649818350734609
7.136691768490449
6.830941182952552
7.251326769777084
8.691922270560557
6.264792322861001
7.4731334376785306
7.628243146523245
8.616917387329268
7.567738418108347
9.027416159607348
8.73739238897946
8.12760751007298
7.320841710441771
7.991371388498805
8.961619026059175
8.73732433546528
9.360106123475218
8.406408050990578
8.749755027595457
7.885071721103298
7.881733968737021
7.030521885706784
5.684100474426052
6.232952802059917
5.986380818003543
6.3102096875841855
6.0881602713275536
5.970161018930291
6.234858914073272
5.43597751837033
6.674183000534218
6.698891066318277
7.354701340843503
8.27911586478227
7.790034109650511
8.030295106287666
8.442072422445952
8.203848288568478
8.949210019652957
7.300091895163643
7.795545145770042
8.511096400681998
6.821806628682104
7.947999148995427
7.455935057016308
7.221080407125019
7.63751860509858
6.564092391264771
6.758616966267357
6.486685320256457
6.832820390899189
7.228827595667969
6.531055985470424
6.666397480958385
8.018127754630981
7.67685143972082
7.694476795864932
7.0488751871109425
6.06937052054866
6.818296044391209
6.214260192659806
6.752564005701064
7.039297523315128
7.276080368452028
6.852527671744731
5.946153304578836
5.52325014470778
5.886279863892135
6.065040182904231
6.8664688507813345
6.873351482484901
7.41452530986325
7.437634911838509
7.466987179292513
7.9953453588800985
9.41593192057152
8.231511025385641
8.709261224901729
7.42975477159156
8.015053247316125
7.055657305547681
7.516608700123929
6.0104686391972155
7.202753812371303
6.2414420980778775
6.647417436571004
7.209154254723976
7.15397872813094
5.917121471929372
7.889788158270353
6.33237100913643
6.145136460126357
6.210841692212573
7.012944671454985
6.974280166854901
8.7341167886563
9.022005416478258
8.79540729947529
9.444682442589581
10.523055128051714
8.438588825945969
7.61764535897059
6.911044043431137
6.77382742336623
5.775714724800351
7.017778508621332
8.073887968889357
6.975816590867632
7.022992454462735
8.618243205345404
7.23400839682398
7.236640478804791
8.099271957596182
7.813077403632588
6.932958562179269
6.604229442332204
7.910295966210565
7.758224037606724
7.666967425447286
6.344269943560903
6.10900444201768
5.376725765247001
6.538512758252934
7.3474635510744015
7.072215120324364
7.213206948795796
8.163992302540636
8.3031067973976
8.500216174995701
5.814093401240694
6.3949541307848925
6.573720184631943
6.487219518379301
5.5471709554493716
5.859593783964999
5.046920314008126
5.919944347144958
6.472629600336017
5.854097554770225
5.547911823313492
6.901960111963004
6.415816292950375
5.44248569686147
5.888445705522667
5.851720387006829
5.692302593422578
6.451105294340005
5.88952598420089
5.830276101675602
6.247562233745418
5.828410417204368
5.827614448982669
7.200859293838326
6.523474492473183
5.870609197731605
6.466453354648172
6.392083370727271
5.977210496746843
6.585107451727299
6.682145000968173
6.743024182604643
6.855228806064502
7.0172708072514185
7.5290867470333955
7.288715073947904
6.3418504307902985
7.689322437690281
6.694372084115858
7.175078025790044
8.638131859159696
10.413284771727971
9.364938014240819
9.920166867695078
9.810008012812863
8.970642304034026
7.469521277907229
7.703877058473102
7.704971533588137
7.521444831208161
7.13269171753077
7.173787036570847
7.127527419129292
7.230327523904732
7.263703971527569
6.467632540727538
7.272114549576079
6.180637603800733
6.831925017257313
7.313041376175601
8.037707025654967
8.801885683953481
8.30418539762841
8.121442755863084
7.536295943310267
7.313118313682757
8.305403723632795
7.454014289947342
8.880057134941895
8.260335111932703
6.988128102998453
7.031370741879354
7.844936878772739
8.590427750703359
6.798699654673386
6.407462406378238
6.836348237211605
8.298422265047577
6.849808722832436
6.878100733507364
6.822280992924777
8.070318789319366
8.404862957759864
9.103668489054535
9.608479923994809
8.037928610409223
6.826507591421234
6.9409683265852316
6.246515372310521
5.815510465825362
7.285130348068224
6.630931022002642
7.233977119467813
6.906484972331907
5.727441826194825
6.7343840400619595
6.307654238529662
6.411581278606991
6.807893984583961
7.327364444876066
6.474071176821846
6.418171448277767
6.2219104254324
5.586150146904524
5.525262838646424
5.811782587921299
5.943193107227289
6.2120104088623
6.55330683452172
6.961598260663925
6.328448764397197
5.865863141019871
6.339554120513169
6.970509365226088
7.468789856654276
9.710622433889247
7.301061121316836
7.283162603647139
6.71188322101505
7.120462342504161
6.106605771722053
6.774427720791136
6.262388583230668
6.321327834885394
6.47770773892591
6.345024176128045
7.571580618930111
8.25722351708255
7.079163470726189
6.985227225079943
7.150737532569963
7.782444007521751
6.825411477303918
6.009057752900881
6.623020728903257
6.00895926503572
6.4657499012779205
7.142662954446618
6.464222501614659
7.874941886247175
6.920477372340389
7.966334245908529
5.778679538787942
6.4333502812463985
7.046391474829656
7.23359137887636
6.640853142022214
6.5684306838585
6.650821960603735
7.373053655403924
7.234833319527277
7.382951202008362
7.349102786307671
7.432694975592671
6.210238399561715
7.99908073179898
8.948933166048809
5.378408596425322
6.625318671280638
7.522712698515651
7.290567661329607
7.168010375672834
7.2549871251494595
6.977221368438404
7.575179355150108
5.876557929219817
5.550071702067253
5.926451231026346
6.110287897725518
5.7278010833870985
6.173985135377227
5.85999869625175
6.412688088433614
5.806523953966138
6.313466452129424
6.568298503037409
6.481430188667374
6.072472450824387
6.267312165888974
8.320829855033608
7.825170985018599
7.51874666233852
5.949856734138432
7.702188193576162
7.2269180770437496
7.342508946156614
7.933936922226783
9.634421807752375
8.699875400214612
9.139779840293263
9.076174853278747
7.825365559466564
8.552672746792757
7.616084800468118
8.29897738676015
7.775840965730619
7.149091204135409
7.576401652465499
7.327564993124801
5.822372223518255
6.720115480936852
6.383687800185676
6.330384539950155
6.865000984448398
6.911287731312236
7.3687239376349005
7.387839412313708
7.394533044723978
8.409945399272436
7.590833940388152
8.447453726774985
7.776334343215033
7.956194017420818
6.410997338974394
7.639257529821474
7.301638774757333
7.708748016327759
8.212122324367083
6.6250502002153295
6.06023781115113
7.543655185485417
7.300722380466311
7.409983660435571
7.568134108802835
7.648243099538276
8.418226731946795
7.228553914089332
6.7122228044003736
6.742977014756594
6.958241644477614
6.588118269303136
6.494143706750824
5.840317110388201
7.138839192238427
6.3710258158295945
6.642865982120992
7.015878725145546
6.06205502785445
7.254651280650087
6.703275252085868
7.543613811024454
8.592623521227837
6.544560726121233
7.054183999406121
8.072835736477874
6.600922046024442
8.035286777421474
6.835059713600151
8.334873447904542
7.943072064634318
8.583900260695552
6.636685832119749
7.335613561668201
7.194906953101472
7.135500088162294
8.264649795409204
6.704012722259559
7.65750028837368
7.654391476070819
8.501101935220028
8.499371342171969
8.4596194119828
8.495354649862493
7.60330921459929
8.467933429100913
8.695846875349748
8.678429763082658
8.121251901248913
7.910591276085959
6.485268946360616
7.339879877400781
7.341722201212667
6.94300065277911
7.348144256810759
7.532908138760067
6.4556298665565715
7.083589677962091
6.21048602201102
5.782140271048762
5.766531098400273
5.676766682507031
5.90843621283437
6.048859208177471
5.201095371571069
5.429784343555778
5.668357183689007
5.730776568972285
5.692865727849806
6.889291182240467
7.005243644126453
6.468161920199316
8.409181827111327
6.575758914159003
6.4998039077660925
7.045253222119779
7.389215884134953
6.273438606963555
6.908256426421329
6.330210826363712
6.10196221652687
7.2745877706539614
6.450609172681665
6.275179029554257
5.959237446654765
7.072255737016617
7.258187213587725
7.630843551909947
7.83776051216611
8.37340461289176
8.589784943310049
9.401944352383866
7.023423025147167
7.240616356198062
7.377266055259557
6.665058837253078
8.099459910393614
7.595702758110819
7.871017811932054
7.163217062569106
6.8830128761873315
6.817742286865809
6.964157472654069
6.9534907995904565
7.074406577319856
7.051643345459074
8.594291382278131
7.885882652632404
8.345164642948138
7.481559918447468
7.414695562353295
6.805777364769803
7.639445448521192
8.604656329537503
8.17052490070572
8.621082470307558
8.102104153333663
5.960760037427429
7.043962451448806
6.295077507145164
6.158793931350858
5.622870856320849
6.469222058761083
6.787253692643682
6.772193708104383
5.878123675095006
6.4574185661452566
5.646604671535241
6.6052001055984695
5.901084782713948
6.190838364074363
6.111018483500761
5.698456326333465
5.859465988725742
6.115067751254987
6.644906495621856
6.636181020001279
7.178998523322259
6.632954213586283
6.3797521807672215
6.704280092358106
6.482131986057933
6.82949172617848
7.025685688531404
7.749497828499618
7.479626392921698
7.6307816643206685
6.480314673959201
8.681232122273698
7.735142386581214
8.989820347549962
7.544922240812927
7.743799547162512
6.134506500340091
6.6748000318641445
6.23723160397937
6.241849897398388
6.915080081142445
7.201438276193918
7.391861196874281
6.383655047492138
6.5024857962000935
7.854682504029601
8.565418259729588
7.217221491135705
7.649528672066374
6.89179155252781
7.476346865537709
6.868917704657131
6.943565262936594
7.5011623941673475
7.082886985475177
6.81420292268446
8.857546307862226
8.556976991554146
6.231460664465332
6.189276630469658
6.253480570450006
5.467835308892695
5.863586403333934
6.343369051309146
6.288675654220437
6.86953487236857
6.491636138920158
6.9065658194329265
5.856557366399616
6.390227592754247
6.332561251934367
6.918228538298646
6.315095779746398
7.568746408575862
7.508873067093648
7.300875089394752
7.729044216940438
7.667644470129662
8.582526606699496
7.517415051458081
7.295795147823903
6.965568989281649
6.4026087707077055
6.777340813245717
6.159241470536944
7.163085535271243
8.2324857947167
8.128159127839647
8.680731856122161
7.934669916831831
7.773872012746006
8.655795967599431
9.914695954770352
8.30556575108086
9.305486463290453
8.271707914190609
6.989330050103531
6.951668899803553
7.67639740402672
7.128592842172696
6.878190517412769
5.616243109338605
7.557348184473962
7.744347452956334
7.823851709451097
8.866057406467325
7.529515526067289
8.858757210307866
6.627089220145025
8.420176579625789
7.808571974167627
6.898907723661173
6.362115207581726
7.27367748080911
7.004985631075308
8.234365770592142
7.880231641573591
9.119832069618063
8.007364087019946
7.90538252842261
7.892242988535461
7.2357992877708694
7.718698611335779
6.926211871775174
7.9735964832124
8.576063927321561
7.575106877045386
6.863075024267365
5.8781281104564505
6.674740922349992
8.126571367182084
7.703402381929517
6.918983569354646
6.2860232553254765
6.818467083398438
6.720455082551289
5.698319506223256
6.149613043348723
5.939333159999794
6.057252362818838
5.621067417646538
5.751329422558071
6.0996952235154716
6.36363605016965
7.623699589505885
7.657105281877009
8.7255769272552
6.413735916712766
7.3627074826276635
7.8710432343730625
8.41148255648279
8.05423467418196
7.514811591321464
8.115684928033316
7.848264945981723
9.31408549686824
8.339178242516578
7.884168163330889
6.239826359243883
7.270220407291086
8.829550033087521
8.12848357968669
8.963318761089166
6.471187973516896
7.140977200748599
8.401848322496258
9.035724999731007
7.608782449180096
6.665430690058547
8.148650542425829
8.330972421493264
7.1244108507071635
7.791801304195156
8.762578899020053
8.160143804340393
7.437475091967586
7.530415950990617
7.934396282656942
8.54479301144265
8.073845459362564
7.579799383146604
9.059759227516308
9.106982563474395
7.082122901684208
6.185344729672002
7.454243727428808
5.911828673895355
5.970123490468513
5.662327591921922
5.695064744959406
7.004139001752146
6.60617664004664
7.05290495804663
6.6448980949036445
7.432049625985837
7.810549143849032
7.731764203220492
8.143241330305079
7.411573756526387
7.922507732226168
7.505635597536646
7.310482397369574
8.650477247756497
7.4390370738588425
7.002016169126368
8.461885109673313
5.938733669794842
8.184696880191753
7.632545503591737
8.359355030397989
8.06165301497465
7.440441396515837
7.971915999144614
6.550885325323913
7.445521882211385
7.35117026772723
7.404580572324847
6.684813331246105
6.874410222677873
7.221146019451233
6.987567612265926
8.272225899285832
7.605117934099179
7.686597921319531
6.475225766107745
7.79190323180184
6.231445386524658
6.660427052821529
7.624183923045058
6.32307776238805
7.508981220526514
6.167917846193737
6.9579114864081735
6.641451940639517
5.9926956051581275
6.054268883933685
6.025734369084683
6.063122661790155
6.849403254878639
6.58089157304988
5.742382343847278
6.260393023721514
6.296622370453085
6.9978557197223665
7.198441247121241
6.342598787050951
7.43920119891193
8.600707876990391
8.363549974975006
7.110643038064297
6.970191924076249
7.664239039037771
5.647111904048404
6.009371039867711
6.8804828315631905
7.448122210398512
7.248165208399936
7.39178717052219
7.782537330390585
8.983357755811257
8.455517310869652
7.3123307831027455
7.7404891477071205
7.03522466131001
8.46591409478264
8.211338037188971
7.3283398210377335
7.040060080857563
7.630995420025959
7.197679437602562
6.841486483908848
6.574467216280855
6.739658715127676
6.599494830566901
7.494077861778017
5.8127140526545
7.132572801772547
6.966870443258609
6.4388810492112585
6.5213911801582505
6.765719963903265
7.917432899911233
7.522921625610756
7.966176946676456
6.930125543327519
7.836023964282829
5.725921371192717
7.219145753628809
6.874869643513684
7.69839645694254
8.16636871768323
8.645055164486239
9.72717677986603
8.460799533096997
10.007970340751953
8.957203677617052
7.959860367775675
8.431594291604867
7.966091114029621
6.7036674700270025
7.482197601018977
8.45571711756638
7.982460322236729
6.950236723498095
7.086505201292274
7.820665818081641
6.677568360972146
6.670929262553099
7.830813982896919
6.612849199205357
5.870147975089464
7.229142613028516
6.528395397380396
7.037645707554381
6.343242226406713
5.864456450453486
5.187881266700199
5.683516616580528
5.662630882292348
5.533411902089406
5.571578456721232
6.050600379937012
6.095316373868871
6.586424533613872
7.253166028788817
5.992101939854714
6.5885201724724665
7.332380834750954
7.366423561507859
7.125794337477677
7.826358091562586
6.191380779113979
5.9685703184191095
5.903746983757785
6.161518630057558
5.672828955071347
5.590395841003853
6.805079789931604
6.73679734364033
5.734700316380322
5.877059879146841
6.712644178311315
6.979172315398602
6.422198763664938
7.477123536154438
6.302293067360557
6.641246018020527
7.043177360408156
6.712404991367714
6.398738292151783
5.9374877904812795
6.024916481463172
6.041199952057272
6.92075853652251
6.482470097844038
7.843947895754215
7.25018311032345
7.173038800252029
8.234295638731334
7.6828133661588875
8.459218353381038
8.221031919680053
8.275831681165283
8.067996548377202
9.61114884010853
6.959523961571992
7.96324716290386
7.2184490367292735
6.171465439931943
6.682050944903089
7.41126141671848
7.550677431779174
6.564012506685573
6.665476650092018
7.4758197008169756
6.696801985302598
8.318890341326005
9.564873763117735
8.261014488397743
9.30105100359414
9.001848083617718
8.595091601697298
9.46647476929903
9.017103403030955
9.216648149419921
7.065433822369685
8.566586706302127
8.352499375016057
8.745160746285153
7.712234031520638
6.89664439445487
8.16049624494551
9.049875522877146
8.198761596909282
9.461185233839156
8.467801989675648
7.845824971834259
6.618926073275855
7.65279656880185
7.9448279048012935
8.755421621842112
8.112726545080267
9.668278976882114
8.51277034413644
8.987842558682747
8.418139890171727
8.141103816225254
9.116946938337625
9.005011298653853
6.890333842458581
8.054094255359036
7.3297300482397505
7.268255037205158
6.116388844400539
7.125266519452742
7.054286891787722
6.6602822194360485
7.074628901299681
5.986515378854356
6.511737269159804
5.726531541397515
5.268431786745439
7.3294243562554575
7.713103389449902
7.457001652413903
7.349356084848798
6.554034378974518
6.382202732727426
6.581449488805914
6.723126411910116
6.100231557032281
6.013756270703619
6.444260099844643
6.343799459584602
7.186290144084935
5.7950510556257075
5.940824047527596
5.928573682898307
5.786141552492536
6.287037734962167
6.292299144392305
6.773082483692645
7.056576951381678
6.27386738647022
6.310954094028399
7.218002131486169
7.131742728724419
7.998810771640576
6.831183372768839
7.3348271049154015
7.123045336815872
7.511736727172237
6.4002916813870385
6.725368421697126
10.535464374668534
8.992874843432478
7.64893913814386
10.5359026630162
6.9568632040027545
6.526644253907093
13.35970812246007
11.843428370623446
8.71898403192591
7.642296152759709
7.931418237565772
8.312833729335857
13.196608109921959
12.142590069740017
10.911983857113203
9.036214246107145
7.924558112381649
6.195061258012881
6.632369699978052
6.367322912857671
6.542412602484527
6.250665045703531
6.768240963194325
4.394669356199877
5.278676217222779
4.428309247291618
4.583878336771025
5.642248376580187
6.128154025388315
5.657130960523659
5.099462642689746
4.555414045769634
5.821349288058689
5.860998642316917
4.9189295673832945
4.765449694321228
5.846847732351268
4.6401097264451865
5.901148467190817
4.5775116531307525
4.764263142649838
4.637120402784967
4.94755110686697
4.733863779247773
5.011931761375538
5.996754509082825
5.759872737653291
5.941843424823824
8.242627160539811
7.946376944773956
6.085787610849191
5.527124045435432
6.016808596945605
4.438212710056175
4.950343127813656
6.235693238608209
4.4950473085027935
5.215997459730204
6.46878113471829
6.228780911566835
6.159870949741813
5.797055640349631
5.864701664903157
5.99203731256001
4.75532315541162
4.854904047313124
4.116166053570511
4.925010622149916
4.4105685080928785
4.348220251268872
5.547030059420938
3.2313215673650735
3.0434218915763744
5.46562426572292
5.310653028268141
3.6157851576090136
4.740597257327671
4.214219953141939
4.4261695194384485
5.018846228960243
4.666217453820269
4.2608619086473105
5.324615394613069
6.670486916045523
6.388013581573461
6.518192316797963
4.422294622531555
4.503183640337725
5.8243373761191695
4.95790678162572
5.041344018856911
6.325690607448628
5.454877897872438
5.888601201501794
5.318386756145669
5.077672142425149
4.627057671117938
4.895943677269445
5.377957830058499
5.663018442623442
6.872053468639743
5.752528991040724
5.3446134324871055
5.68199766338589
4.462404658060865
4.453196960130759
6.003239432677337
4.869251941588326
5.4472099990372564
3.8561446288214127
4.389894050402669
4.250701071537468
4.6336003502051595
5.877801761491082
4.700500246575208
4.4267298089702045
5.400737559177863
6.440999372057087
6.5381448385852785
6.317732222733997
5.864311452579284
7.412343821739919
6.90200488014124
6.069700021691175
7.867021650565067
7.530110069534925
9.192092158431352
6.795625080530847
10.225567450223602
8.478725112017608
8.519625517812543
7.415635433927937
5.825990254718294
5.700051163669044
5.440684249470951
4.049494136702855
5.226886569673877
3.9066236636536176
5.101731547931634
4.967370856435143
4.515021792146392
5.5885155362291945
4.457506126558467
4.492322728438204
3.2019655072884596
4.7306094545172614
4.235496536741788
5.057855132349473
5.780896933622817
5.763326414254565
6.496908703209616
6.218847066777796
4.805337071325706
3.431792573733312
2.834387872452315
3.2246224185234014
4.161341901044509
3.826625278913216
4.68275654950471
3.5662931098138637
3.803427032020923
4.202874226472923
4.169543221204443
4.315294546533883
5.287373474132677
4.980473372542865
5.180831693955765
5.87188768203321
5.189183297195528
4.704340162742536
4.9051110319751015
5.809267496141229
5.039027141861103
4.457969211743257
5.146032138718271
6.072183353278694
4.888150902724549
4.65801562377369
4.7777980110511225
5.085988943629997
4.22447016604562
4.590061944453389
4.4814450476901255
3.942844604585393
4.076383620386178
4.027921792332499
5.226810972566487
5.4077005586564635
6.74107656656923
7.764435270028966
6.3471240482870455
7.16152200594787
8.132970588199937
7.193790429025401
6.472427940827877
5.231523016844817
4.14720972267384
5.474600592671263
5.196949390863997
5.283258816860215
5.090620886647141
4.576596459573632
5.453746501796825
4.726788992380645
5.248682293657526
5.7948465051064435
4.504951486082099
5.187800247249625
5.1950056502955135
5.294589385468696
5.922970983440552
5.411414679625043
5.206457355701225
6.552893113480716
6.061878097775021
5.587379059672522
8.057422732126799
6.807535178641317
6.0819381993638855
6.106670080923538
4.776278516131497
5.569479822785656
5.194862960295643
5.27793041028571
5.813386374404144
5.501324774614904
5.96557675337253
5.2147633029362535
6.83001054903095
7.69650886368697
7.280434748379844
6.951891015193532
7.156117616329058
6.655581780226116
7.285960003003913
6.654110376444778
7.0841136750990366
6.127078403507413
6.333398085875233
7.943702889824087
7.174368703800248
6.188246101813881
3.8668849030248746
4.014589256844243
4.0737481371821715
4.219586427263682
4.589866485127691
5.08102014317329
4.936230984007912
3.9150911504191805
4.219680397941047
3.8545134637715437
3.311692430468369
4.669830551569587
4.20983936516356
4.676952465599127
3.717246260423741
4.0057811067325115
4.196312404077084
4.447278925559186
3.7233140261760616
3.582222771916613
3.881118056800099
4.324915964081872
4.337446886004537
4.9656699777074245
5.725712841606715
5.280551605260789
5.55165753587165
5.43571345277673
4.060735810800545
4.1020910228934016
5.394566009910895
3.9011853088750867
5.8484046295909184
4.244437540348729
3.8450202611117623
3.985211779300875
4.5327263880648045
3.247114541712958
5.74646111082928
4.0313373279625075
4.180534718652979
4.0885666408841015
4.613643345204252
4.99675296166051
5.055317796287705
4.92080636186897
5.236985319836361
4.157658560808521
4.8476141626354305
4.189690284118529
4.515524676151529
5.268690684564508
4.760600995675237
5.110295906458402
5.1217026881438255
6.031134074587039
7.457066383063729
6.539023618099083
7.311369963200129
7.183570100011946
7.361352429951092
4.651327835156986
