176.06313313891974
165.37391983156942
185.4267273577305
184.47506566460473
163.4905187050222
140.58400843220505
136.5717439175907
127.1810243578375
111.12973336708221
117.53421262602089
121.75187775071743
115.59280933146984
117.56744952691704
110.1536692751732
113.60058499900933
109.08085661826263
100.16394444940353
104.83116308592493
106.1884195990999
93.8531370318945
79.90827179047962
80.40977799918372
73.88502918214714
70.50651202551398
74.07320218180627
75.3812572894773
79.64282463093075
64.91966939007041
71.44726108253663
74.97557258427804
80.0251912451535
74.1039588486322
64.8851453491595
67.52241869396421
65.59479686280625
67.44221078270904
65.12657104940347
72.0627547300186
66.15763122262561
60.68165745524155
63.53473251524439
64.02359458047091
57.48521399328793
60.04912480863375
69.72864238701483
65.63824339260404
67.99139268933271
60.404997318580534
61.21707595903041
60.65578766729738
60.91630706668297
59.94447719622365
59.86058398831359
57.72599594780994
63.642094363596314
59.19306941630659
54.99645007757288
58.23813755658943
54.02202677204461
51.382755097337615
52.84976582064463
51.51808967753188
51.784905695682916
59.89964247036116
61.21357303898672
60.41471386674317
55.881189838578415
56.739000389599056
57.86999969439999
55.2878298501081
55.60874809702731
55.742004809700354
56.13280348528722
59.54236245431257
54.40662052842175
58.987962960770055
56.29595709600091
60.11352353877772
58.33027839207249
61.25489317576343
56.09401081571632
56.20814249597233
59.416290931372004
60.764125587783454
55.60841583038964
58.39454467043877
64.90831157140889
58.02777162913764
53.991283570657025
54.500366099748256
58.8584702294196
59.249769275917245
53.380373206158
52.7547028234831
59.32170816391012
58.814715369384594
60.44376790602269
59.35643669573125
53.91151613583354
57.1784323514764
54.52906639461763
54.70051867853961
59.17052497207655
56.80482851251736
58.10065603028401
55.60086930181173
62.66974014794987
50.85142130084693
60.39489658713364
62.90588812312688
63.81261824597198
60.273721432964955
63.64994205838431
57.011186977248286
61.948587720186424
58.21888395180664
53.2384819168864
56.90904536222202
55.27486514719223
62.20971005023847
56.490485078069085
58.818252148256654
57.69057808087018
65.28175478281835
56.47279177102514
54.287204480751285
53.23599271037425
58.00327687778154
61.822470803749404
59.67572624774561
63.887713561046965
64.59738205294322
60.584344351584804
57.86928551916807
59.86335768456407
62.59095963483306
53.091150836518175
61.09746999032473
59.594542283545124
57.45156280204967
59.199518551926396
64.64163504188437
61.595328674062294
57.49021312967119
60.36063892965337
62.521720768571186
60.61794819307203
61.928304216735576
54.94861664461724
58.02187420536149
58.9994845574394
56.57348130088611
60.83032941352879
57.978613114246606
62.241727993532606
54.717191271184184
62.5881552030682
58.08020745103314
60.25858366784897
56.79555513486801
53.28298272344491
55.85879146699575
55.33248168960507
52.7300185744414
56.738158918727976
58.88075354802835
58.21036964378945
57.41159055168885
55.21536957638636
61.794923807778076
55.77779353975089
58.30000635030292
55.19621277204291
59.18715333978749
58.932101699962544
58.30741936855852
58.61760927443502
58.66696432878298
57.72341974667804
58.252247439825716
58.191541309632086
59.52629130129503
58.00064183328166
52.63909977608877
56.54675817680698
56.42622884960665
61.172361721732244
54.621971667266855
54.72434714031195
50.44408839809399
52.05559141856267
53.6935289184881
54.06872421793874
52.06635628709891
53.145349919090606
54.34977360637583
57.539378431792194
59.37653849658091
56.803117755305664
56.867666686130946
58.33101076693128
60.27325761053231
51.52226684109546
64.07640939380153
58.72733166790749
55.629359425042566
54.647609185598085
54.887112083282844
59.08540500313458
56.90654434810251
55.36930635977083
59.60560833627832
56.827970729100215
51.60811739655934
52.91166706654587
56.55394415153356
54.51417391131872
57.239848468533694
59.26952613087529
59.576386728808195
56.89373964421398
54.77778353277514
60.176653988013385
56.50473648710385
54.08432595429407
55.49197927954676
54.37869347093196
60.35511920705094
55.783947465415004
56.401550493141706
58.31483576886567
63.51438741427111
55.471250028221576
59.36543017977143
53.43915944531699
56.62506035138418
51.33804941405233
59.61120754779915
50.53259738582513
56.10490178580707
50.59575922418176
49.9573820327356
51.61110588322266
51.485534477178625
50.64743710424792
51.931487607042946
49.04770639214253
49.062560602498344
55.953951541682926
52.72754916348296
51.53980000511646
53.771985059498355
56.28319290431597
57.221577758302594
58.75808139373894
58.040754365893974
62.365965568316085
54.90183754067748
53.84610164844022
54.557724736890535
59.213684499887705
55.41344995020939
57.54570976488205
58.15557974317871
54.232844145444275
54.01159678189255
55.83607842288247
59.75142325590559
51.934037090205194
56.11257976989269
56.55763873338427
55.954246943934464
49.31896710697131
53.83393720613669
55.19759502920084
52.97162549256525
55.83659710978223
56.8619231839569
56.82443322115851
56.580466084329174
62.47719268032104
61.82711335387321
56.65738233652061
60.89858878046129
59.12248994181174
61.9322376798716
64.21431623614747
58.19666231315998
53.19775862553015
56.26111082522796
51.72699965690039
50.057873894080245
56.74100248633648
56.56515752461856
58.51290433261851
57.40283994674383
52.6548209261779
55.082846975342626
60.7886938363675
57.021060450239546
56.581656501153994
57.202319662956015
51.71968531055307
54.41157620002435
53.85759999734003
58.11285922008015
64.3149935976939
56.6231849148748
53.75632130127977
56.40481879549796
57.7116556119421
57.87244511360079
57.39759847406179
58.57768851098239
56.21328895125911
55.33398753731256
50.476080475858026
54.40347683517857
56.46152847514801
55.17486538589551
59.300520194353815
50.086268109877274
53.10221357170203
59.30429627921539
57.38169964321533
59.960592920509015
57.86274176712102
55.12605576332811
53.91808420591071
53.12403269915318
52.744617750386496
54.478785812547294
59.27504852423016
57.10718280632014
59.12966603569965
60.5536768960639
60.712271547943374
59.31906557995537
62.639700489056025
58.12214564718628
60.68269243355848
53.117416722579456
52.929320970073285
51.698851477535555
52.33150459874008
57.14310069327088
54.836517576913344
51.10401629384126
50.93376956615754
47.967020233909246
49.36818124330756
51.121002781195095
56.37534075779033
51.589568689099615
48.701535728772534
56.035369602057706
52.90993441312191
53.98994124821189
53.107989701142316
52.25491216874035
58.546613582399516
54.5402352053816
54.25091011391532
48.72999387841524
54.74383080765649
54.11601213427151
52.88769302363584
50.41010128900718
55.21070414389459
50.8216898128001
55.820463659775754
51.121079870791476
55.475942844170255
54.4084418255172
55.96892325084107
58.60014401674822
59.76639396831328
56.04696571439689
61.13182010239257
60.45837923659806
58.80334227343614
57.281370285652976
56.14702860342615
52.25930274364559
52.71563052024296
49.89985588316598
54.23410244419911
54.61858399651305
54.76298225443102
51.90978693682924
57.53808682917207
54.218994137377415
53.47354748438934
50.6174687124209
57.01413842263956
51.94243053450864
52.54110002229131
50.540785429088416
54.05737800766743
47.06571314685303
52.50557039728775
51.10056701416671
51.945834486123985
60.227733927660786
50.6680770245686
58.20055903658226
53.46266187216724
56.99542524182265
58.07352047058933
61.158142827409826
58.79765358699458
57.95274677783505
54.44323090995609
54.25719928705686
52.52939490799635
56.16044440144563
54.69289676047787
56.80900749525081
59.70160109014328
57.34100887965782
61.17429226271254
62.1419640482359
55.703283401519975
56.1755842642445
54.43546662835528
54.93528085971505
53.81759644084737
53.29397342054735
49.534565573526244
49.11894944277842
49.53647139752735
51.17954959996076
53.96448087921746
51.80077066383341
54.34716514099396
51.77777926970921
49.3148590805098
53.03060253592843
49.34589455425535
53.48225826594383
57.747868802161854
52.72105232949718
56.9352921868289
48.481253529235545
54.293786755737116
51.69075357091283
53.144917983790165
53.28313013320317
56.53431786522093
55.2759580384781
57.77267426302349
57.83491438360895
61.20818506897819
52.942787956089816
53.802280060059765
55.98163880305668
55.98370899612124
59.14831214821856
56.50285138786687
55.98811713505156
55.01240079060216
52.8582018530519
59.704661603633994
49.68291640082361
54.25529737560672
57.73675420731606
57.628234166426466
55.03616419874253
59.411817515819
56.58664338544623
59.589300273795736
60.71539446621402
56.84635749270615
55.29631765887731
56.49631903763357
59.719188617805
54.7455177655622
53.20415434876313
53.99363672213816
51.891671243840776
52.28960711093035
43.27553177080109
51.33635258127597
52.12543553802179
56.6743282579113
47.518738817305255
51.65193003636946
55.01630910944423
52.77926433477218
49.99159467116022
48.08803230250285
47.60600769315368
49.28092055771409
44.267822206663865
44.90791822877265
50.53024454294269
50.88938034315839
45.281988156726285
47.69284112206219
50.745317750809335
48.84103735172763
45.128826292049965
49.09471991443573
49.38010884005527
47.47315509499258
49.12409369584283
47.46685675751999
52.89157903929266
48.065268075815574
52.145585525313315
55.285294963784274
46.762867395669126
49.89871658105302
47.631326745849016
53.61188448301069
53.03057917695335
54.30214809573863
50.576492238404754
48.74247845461741
49.74278195527675
52.77967224754917
49.612282279704424
55.75520558299716
50.64622660269742
44.758645942401856
50.73622074261461
47.36027725400079
50.630555167075954
44.978596083417926
48.33620073879569
46.864391508927696
49.61328697970887
46.33201099081631
49.60611300333556
51.126465500744146
48.43824255563693
53.013382035426396
47.57031697181392
50.164257831702805
54.35152881618885
55.02425715496407
54.674804014768085
53.62077726113623
48.65401439088259
49.38413976350109
46.09928917158399
49.818241194619844
47.33056629908699
52.54801462556365
49.81191522949839
52.996231457124324
53.30884049139699
53.68473560600127
53.27609162139168
55.59336891720848
54.12714744374014
56.82770688074836
52.712128917874345
58.125092194645916
55.258273853143834
54.72091128148545
55.319389968898314
54.020987365357605
52.17920656476446
50.82767589202796
55.94094017681076
55.326801681217795
56.481250995925095
55.282305059892494
58.56794478354596
57.48478076375613
60.75295992678271
57.420414679335096
57.84553215989714
55.81414320686288
51.3429971855111
56.71130239635119
52.10772259209061
55.503530917624815
51.11383514312816
54.216003271968695
51.39410049688881
51.791194811131476
51.27591103959558
55.14045635270724
50.304181060496596
54.35387861139227
49.03898968036241
47.4968801457068
47.820459297220935
48.677810583708414
44.49554765416251
44.046141754679084
46.62286808878569
50.010461302332004
48.90927591132429
45.37886013850843
51.23979462556401
50.018838733852505
46.64401855837075
48.89767599946981
54.376668312843286
50.999757248936376
46.358683453000246
44.29762592983885
46.10313990860643
47.480310903692605
45.965359504574934
48.51353629637003
46.27620698094905
50.682619057799236
48.136181645324285
50.43236825239508
45.04494883567526
46.18855288835155
48.6983247043964
45.82727267503011
42.88166784713361
45.91752398060552
49.16662477704328
51.370916883120714
47.33203294847249
47.739785984477564
50.06745208770731
47.46384269603472
44.09292751262737
42.59853653895656
46.56937205050036
41.969050692435246
44.60268239120445
47.028790047661204
43.72605136760479
45.66047020251884
47.085450287594306
42.203191491070704
40.8202206420496
42.23797431451369
41.589391460038826
47.935302760971666
48.084093014952394
46.39069325604663
43.50548705626226
52.54611097623801
44.96900852418393
47.98452640978566
44.86201094943525
50.83311481051358
51.43810891790936
45.98103059081938
49.02341057309979
53.40024110368782
54.48797432382752
51.58158911254875
53.46908572156517
52.201183702065045
47.85596368470208
48.762855383578206
51.770342611245376
52.93748114783286
50.87535618249607
51.46406592654179
55.870651243076956
53.276525675377314
49.00700963143043
54.08173091816345
55.11965468489472
52.482374533523014
54.34011182025253
56.28727361788184
55.712186184773785
51.75496850172223
52.84114328525271
51.67959409739305
50.13201184340459
51.440834833802256
50.50794254705572
50.48233021816224
47.53829725288279
46.765765062334694
46.02877426847891
46.81658550246991
52.69649674414335
50.986543339894304
49.23415096462524
55.53484968443999
61.63851508460225
55.739067861154155
56.88050685826025
55.556811585311465
56.67910035387146
55.62710759574933
53.7431534536247
54.66026840616534
58.206084683714614
52.612125589573864
48.22991196425741
51.74753100198356
47.3496965267582
47.18769332075129
49.81859230763972
52.56494594393968
50.654857401885195
51.76922007353282
51.73919970914645
50.15838713938631
51.63138579921913
52.619900619562905
50.97132964530771
52.48913680407114
50.812659383367574
50.85399757818684
53.61776016805521
49.03719190816073
54.27688764199743
50.765831884877365
52.34631614891074
49.905164436700346
54.06843135320319
51.18738075149947
51.01611666907046
55.91529795681745
54.334312524184206
52.678688157483165
52.26344397963641
55.181154920121735
54.78024905600365
51.252029324347085
53.52783095514178
48.857476505373306
47.482004294516464
48.03521304986536
47.85052162865716
50.16563874291809
49.55186425328647
47.98076493961561
53.41963472789358
49.50591704993016
47.41550482507058
48.87685541544488
48.122106415675574
54.49150566335509
57.041231675665024
53.15103606550887
54.63824756757704
55.17169095383353
56.65514567130647
53.602438553311806
55.188268905491206
57.26042495540275
54.89207834668861
54.02166167306501
58.164328306421595
49.26625668002953
51.328461511028905
52.024792071088385
53.832299624666476
51.24148936052522
52.358786027142905
51.35862777226901
52.692892658062505
48.29732074067559
53.99530915149351
54.747370526221275
55.31003437382775
54.47822361922486
52.14615941821174
52.239385807516946
54.33236966998491
52.68633043632059
54.175788751128295
55.40588918247551
55.79388953854731
54.65334494124827
53.62333096582825
55.12432624686959
54.27466572745119
52.406419716091314
51.70548950385415
51.605985355036864
52.23055904156142
51.866003538079546
55.93545865870933
54.561077221667404
54.435436914544596
55.24622625897959
55.38351617538514
55.495291832867345
59.48027813246099
54.87774521340073
54.35030198167822
55.69889940312898
57.74367912228221
56.046121204140306
58.14644604746283
55.6684894893019
52.97093664459995
53.90654681360732
57.572802871084605
52.10342666295262
54.6541008485002
51.73790743646798
54.06740822757781
53.31325603076408
49.93740071196149
52.19338726596898
55.65837566796983
55.00302301682667
58.17187534428775
54.220779951927
51.748653230913696
55.28697732936211
56.40591993954345
57.96739875768563
58.13987613855068
59.54734371542743
60.47768770858611
64.48082870593498
63.61868203886608
64.6269669340453
61.607107158136166
66.68274506962898
60.80440311397822
61.5007564638777
62.74946866248379
63.04500025515718
54.986731507094476
60.2876876372836
56.341338696664145
60.765008920733855
60.473861162341976
58.19655981343418
56.319556195959905
57.564329371512024
52.66063930621131
54.484969841299886
56.7380393325516
52.39266104551276
47.889007235442314
50.24789185282354
53.06419035777721
52.19052364759469
50.98673927278816
51.30311205124512
52.079087463622855
53.05626796705808
48.005679071748894
51.28786985249257
48.04344508265139
49.81854750794396
49.05530431150935
47.82983875056294
56.01946019160216
48.98927963271021
49.221827958641896
50.68439239218943
50.554890262335554
47.90656766908471
45.98027115239526
46.176181327396804
47.183484207645506
43.745472853030584
45.29718109593907
46.43686200920405
48.66805779189022
46.13596412348976
50.267874918616634
49.300899729385634
48.52856135173779
47.22623487007897
47.06823064570877
48.153287726123445
47.317075442677606
48.309599653786
53.90080048686781
50.61925438679945
51.983234709744956
49.263130159032826
49.405509423015886
47.04300768344561
48.135726452478174
46.769264253450004
48.152649786893605
43.93646153701876
45.31646051013428
47.19769425028526
49.50507997964918
51.937721185173906
47.645325225182766
46.066531733005704
47.501680577427614
49.7303385980591
44.17186191146745
45.98210120937096
45.70511021723074
50.98665525014407
48.75908893053958
47.74188512348726
45.764709016898685
51.27452541619725
52.21840981006631
51.72889722221196
52.4024606550337
51.29674514510101
46.94643304810431
47.98098381412206
52.223783221291725
52.268004839287066
51.20526913210515
49.54401278396804
53.48098545068328
47.3592385863172
49.08599157810578
50.900322223679275
55.70745655439263
50.86338375494397
46.93929233444235
51.119103015809735
51.01001938681989
50.300567257696855
49.77442162742952
50.5004220285013
46.85324081170887
48.661535546106215
50.11574913044891
49.9684604570786
54.917185180188426
50.09344804377324
46.722755985590155
48.89824797321553
46.39193713413217
50.675748473580164
48.30246301966842
46.060141627424564
50.010786916146806
43.48343755795523
49.252873701951685
54.227728199991844
53.53425768112587
50.113511372137765
48.23835536471384
49.748535909665826
45.693832357824476
47.60636072937779
47.683165075370006
48.281596035845126
46.30276066535385
47.85737849207531
50.246127848501516
47.61532616968316
48.1182045845914
48.788585861262675
50.699401465761326
49.26147596342211
44.84550763855038
45.95274090097263
41.23103459654358
40.250413642318115
37.94810390557765
39.929586540563335
41.63672302546527
41.368012124323776
37.52803304649146
43.150871391362955
43.88348102890823
45.86219274352048
47.18506956743235
45.08085385661253
52.28266403313685
44.33351435478867
46.54799430849593
47.78194424766833
46.30806333519978
45.507049358609
45.74586422085221
50.33551757771168
47.44344161765331
46.02423006048074
45.55116313954671
47.283483722546514
47.77352168144405
48.805976191022125
48.87057103220834
51.29027697093838
48.87550724219838
49.48128070677729
49.73948168074187
44.93799271290589
43.50041974846648
44.9252925908267
41.86931244690627
47.26262393873483
43.18094592323005
45.93378084610439
45.340751198537745
43.83304422111523
45.24897393178242
43.410716254723326
41.17371874901401
44.999320650805956
39.063569074383516
43.614549336342634
40.4146761832103
40.87537039932739
40.888187681672555
41.8823379812327
38.59940545008667
41.55522270648054
45.83658427711538
44.909366025510536
43.59798025289388
44.87573145543434
46.299641020310176
46.87062185128273
45.683156492111664
45.44100923392236
49.43512473655931
47.511215737337146
45.782531498196334
44.53618212506109
44.56380989386351
47.72354752213063
47.017554075109565
47.539404973855646
47.83024624162999
48.67143508427197
43.98695974650154
46.26053343167254
44.06536720480966
49.39193254093078
48.84990343255849
47.21390265164986
52.20629099106447
47.26895453242127
47.165661831604936
49.08235510519753
46.33786909611517
49.158579559647734
47.59520493151098
47.14625648451366
47.03602313343448
44.582950290542875
45.320682991555294
46.6921424742705
43.038056315995185
43.15147800524059
45.80904290136403
43.27040315676979
46.31355657998031
41.571870316888656
45.111996152981895
43.92768424030393
45.789406064859485
47.343396765063495
45.44092322593036
42.13306249591902
42.5057779609926
41.93671809165271
38.81803147996749
44.48846249518426
41.0861284412244
42.51008606571593
39.29922817497256
39.55668748213593
46.619830715932
42.045830372463605
45.319335726802365
49.24307151876805
44.123251150704625
44.67493499884619
45.378349331636315
40.98748966524783
41.57930443099249
45.45902854971093
45.027865366679364
44.75025615113532
44.73342559970811
42.66022156762452
44.20080097568135
45.71225160315211
44.954367819139414
39.49786212740644
37.148266822725105
40.4996035534704
37.30297405161717
39.905817780082515
43.71192126619615
35.82800507977997
39.49904172160229
38.01370975688922
40.08766207434273
38.55308153197928
40.53535809047046
36.78875507290931
42.277908673061354
43.31234537120771
46.22978155556836
44.573343758322174
39.72513434447234
42.65474448193988
45.941957727127594
42.13576120988335
45.875511978876744
44.82318581590411
44.71111373469097
48.926072352269145
44.33138325115482
45.634963572328125
44.668048506101606
42.77276131272342
46.65744948461256
45.64738126634804
45.40480460848972
45.68470770641148
45.47625818202809
45.78515822981284
49.34200796691146
44.89416668371646
48.96852091720919
46.46263412763405
46.55008671028759
44.37149601138222
43.887121712834
44.37033486995172
40.887917849515794
41.8083247129251
37.96996547080949
40.56833291406168
40.912719629145364
40.58784104530562
38.29273451573547
41.35503794913814
40.599245580674555
38.79224224424533
39.46983026583422
39.82287048843421
39.174890563897186
42.25980117793293
41.663090816064084
41.50356172503078
44.3726358529382
38.16344604191456
36.467552614458064
41.04310842198906
38.511105130626724
42.62047038557041
39.88808092548986
40.39963842286739
39.44649927889288
34.925444417522854
37.55046168650515
37.513989838615444
38.61799678071524
37.45773668112072
39.74872552947567
40.91123543291189
38.72546353359317
40.28630353972318
40.62728392812847
36.9408925435365
41.975017064159985
38.22822163899891
36.450065646092014
38.41526547916013
34.118783481392775
35.758806039677175
35.5706490527317
34.8267049636252
33.12760896529357
35.396309394724675
35.59980946001551
35.45331962262925
39.879651311041485
40.62972770676483
36.158191242479845
39.28071599450003
37.51437737613627
36.9643228617963
35.94572437006763
33.81985779559162
38.589527649836285
41.556382209002116
38.347649289195786
36.71533724124497
41.5875632081066
42.26366929849637
37.471123365486974
38.98090473549492
38.630955706517945
43.27445113498611
43.49401472149657
43.17980899166065
40.26125221727297
38.83985885865789
42.660733982973014
43.33819280199059
40.635285136185296
42.88162265892174
44.45999403107462
41.31865749099279
42.6067472804169
43.05055662340756
41.712946476279704
45.0558524106036
44.32559549611493
42.461580190513544
41.47757340618091
40.35157258945741
41.22202377771307
38.17753982213552
40.22172179587989
40.95827347835903
39.95947432928322
40.6560512921095
40.51583166309681
40.340679134767285
40.84893063765818
37.87281611585298
40.87234735636934
38.61348178086707
41.12917931023218
42.73410689795261
44.47295144630809
41.92973910312122
44.754272361484844
44.19337777295145
40.42782439332959
42.43770969518121
37.16611055924886
41.19085138371371
37.480192650704765
39.67043551730246
40.448783360216055
36.62041811552078
38.32984200124317
37.986865452938986
40.53235614561185
43.65896044765911
40.10342313537896
38.692964539331506
41.78517373131363
39.13334543472144
41.2406962792877
38.37167255317234
39.87716499039701
38.42461281219771
42.70179294597915
39.6458023377597
36.74682381088166
41.54212373668491
36.16511828758891
38.38513124709489
36.98128657242542
37.98023549651007
36.02938573293244
36.2509243602342
40.22965817828846
39.75116687226956
33.767433425030646
38.20895698425945
38.494056160266375
36.62521904769245
36.366796675217564
33.95922237952364
38.308220113381395
36.177378194436116
32.292808297120644
32.86081342712913
34.675131192505994
36.08975403073529
33.88223572111747
34.27967088367904
36.15745410350134
39.23623897363982
36.83084398461375
39.20286057716236
35.138591553661186
37.20878547573369
34.07963539649614
37.72920617674469
36.557054219931864
31.620604801291055
35.11574356387868
34.36070975084597
31.82606313685941
35.53184301565718
29.042294665593587
32.238336588833626
32.320669675093995
30.765728983689037
27.42987960454954
31.78886052059263
28.010876499717842
33.98558177364835
32.63249854137404
36.15802485869698
35.28553697667703
35.483766790835794
36.049624002917525
34.54545040747086
36.2020456591392
33.84620247510199
33.76370739648158
34.17207463163297
32.974155241512065
33.266802206178944
28.95663584035464
33.49313698365645
32.1393574661397
32.63345009556643
33.588370210371174
32.3551550417757
31.88621793191688
31.487713130544854
31.42664903302016
36.963995902013075
32.66339413358712
30.746871206886386
30.289005255763804
26.52489735551816
24.175258454649892
27.457522021814583
28.332226712814162
30.390703995526632
30.466124370457546
32.149631963234135
30.57702505212938
31.053576500580057
31.899100966914446
33.439877906406494
29.25900884430783
32.92123530919691
27.918157181548757
32.63067920552871
30.38114315070803
32.286363219541414
28.312673846013624
30.877431889338688
26.28274841413785
30.672502345610354
29.913783073879213
27.614800501379595
29.80506643700461
29.932327606386263
29.583377763936433
29.162804501554042
30.741709927182892
30.76433773056292
33.004878344692735
31.07085623599096
29.070869695377425
30.87482906462096
28.79008402471249
28.092791508885515
25.39551293853872
27.97200299406921
28.706855681928037
30.379003091700074
31.06790176085219
29.619534243486566
30.288346283109004
30.051711704322933
30.104835425333558
34.25344962573922
36.152113346475765
33.859962617697335
35.361148243236244
27.24621142918808
29.50559579809802
29.59034816031254
30.27503832965241
29.464640723169254
29.97537940732497
27.894674942293094
27.781913455411853
24.990399964261925
27.437403659513606
26.044689274756614
28.572620879636432
26.818923406538687
26.673790781692176
24.951984235963636
28.313700186458128
27.35782608505018
30.89779770405671
29.3051715828384
28.944381480306433
33.3855529459276
33.22813818617996
35.238145564611756
38.199016914492624
36.01566196219967
37.245488285462535
34.87170063199995
36.596526839583035
35.76679535040694
32.90590526265235
31.22905288335216
33.93331545095357
31.218282133759086
34.542024546524836
35.77898410298909
34.04716554378694
35.5949027721084
30.381859196527994
33.28094402690602
28.77656154871667
30.71568796322241
32.49037777238855
30.420979356537586
31.152974532920588
27.06643213613833
30.88096458831769
24.711976405145133
27.562734269219686
25.977826000673986
29.422680718682905
24.579248003671957
28.901001019462537
30.19017193813439
30.76751489996893
30.644529647402745
30.86872400405089
30.916901332294497
35.54112467233595
33.877365335751
35.42064966111583
38.489217555709125
33.9525356200714
34.11404561418455
35.9386727164313
33.68282085790888
34.16322525439567
31.408639122093653
30.024240902689318
32.7602934128207
30.853846980134453
33.79841678484601
31.573849917026383
30.34746553770934
27.96416758606678
30.858908708465314
28.88321446452409
29.75518923103001
27.197126122887923
28.19102719689503
25.78680779863168
29.7195235132184
34.508331795929195
34.18355252578345
32.35795133963109
27.12929271807518
29.548003486036368
30.897565803571997
28.582150979363952
32.41493007916283
27.5561112269988
30.413083140328276
30.918134165574088
29.56084445275444
28.185423018121455
24.61824047611273
29.527597748189088
29.234699264032407
27.6260318539272
29.329475996613787
27.311466791059303
27.252933006563737
29.22882906802342
30.90670503285888
29.940273136979826
28.36723774939799
25.968492081913496
30.19631918362433
24.692792437620646
24.14126416977297
24.945240926013888
21.004206043639382
22.713084619477417
27.711864219891005
24.94149215372802
22.843521623389915
21.605545396377682
24.465304893661884
21.135595668568193
23.172507439023693
22.76245045248819
25.79775582553166
23.393421834964457
24.280191754844164
24.88817783144987
27.127379550093163
24.301246636792587
26.053819028907323
25.79796465837188
24.345462580624854
28.54820443533902
30.26501623871932
33.01569000215547
32.62219607994227
34.801257567053014
34.34794135581647
35.608873625576955
31.75066829334712
32.41309860726096
29.553722681446406
29.140655933659154
28.673251749802386
28.1332515217549
30.585626192028773
30.545084448143758
30.990919690589564
36.72092977603959
34.22926717761817
38.22304532812894
35.31235542588361
36.64536408821315
32.39688574192
32.23800526946843
31.221786165448137
25.424264738783624
25.964706015945048
24.486839717689822
29.448580867595187
24.906963315977368
24.56277510699087
21.90346709412922
26.217494634073308
27.417428127496713
25.157686174086795
26.661316476161375
25.443630969597663
25.663416417227264
24.78860311983314
24.450279928313357
25.31417055271636
28.992522257025293
28.75937879812734
29.184023341888274
27.19314618826827
22.834257819216447
24.340983055021617
23.67415434541256
22.813367243172397
22.645053110249656
23.8981535382871
23.827673284364824
22.134099228707377
24.083505027195116
20.85767200551978
20.088642217466457
20.40693599887041
19.056768463733974
18.323136284642434
22.73383614265081
21.39516071977636
20.03077909942798
21.697093445629267
20.57633669168386
22.08852061578983
20.698891909115872
21.004768396378758
18.72175880332408
20.785480024023915
21.160080990544493
19.03898822793893
16.97406819370477
17.61110600649316
20.899200360661226
17.618893172304475
20.713076956396
20.858248684301312
16.286943877597505
19.645938688331835
26.010398468323956
21.974522896346045
22.99444458292185
21.287567931486343
19.822903533828526
20.468580636799842
18.833610723886572
19.24322936568394
18.07265346072144
17.948567012684872
19.91225395565925
19.96474173449423
21.964425176672144
23.284396843148
20.068139599405406
19.66214741846739
22.27104246027684
19.974735961680175
20.98292704538613
21.171875945929173
19.223639397694043
21.266717382174416
20.463997780213425
20.0616298963485
20.103636804449582
23.194974880041443
21.302916803670463
19.589112794625798
20.946948519284593
24.81557256447074
23.13446987542862
26.279764499021507
23.585751524063497
22.534824533397973
22.120866394390724
19.54963953949401
23.51416399636526
22.95985953122999
19.761258433514357
24.803743847039183
20.501261678198208
22.982433370225078
22.13158160622719
22.46923728247702
19.302609776378304
22.37654011120379
23.905296453813566
20.624502751030217
23.874547006201045
22.711230734629876
22.526021727977945
21.685636882536865
22.595069230606804
23.66830943208099
23.565438274547432
24.93929666787236
25.488664534020607
26.10004006975207
21.723426799612774
23.207773125021134
27.313027465020337
26.644749889931
25.20340347334785
24.48746510421237
23.854297139193285
27.99047514487339
25.563845804716948
28.880333222936297
27.543083774611468
24.172358187047877
27.17560984949457
28.811865665672972
29.48238333413818
28.97348785284313
27.096598935979546
27.015166905506586
26.204952169743873
23.00975049562976
27.176442076291952
25.754485253657528
24.142670159412265
24.136691533907268
24.129027017087424
24.798780750907312
22.208829510536958
24.200650290167754
21.085140561904826
20.82405513887264
21.916417353237627
21.7754364192351
24.93536103760849
25.902888750358173
20.635972534078117
23.1501750499111
21.272272716711818
24.739438636211457
23.476083430068293
25.93471331336208
25.16853713093417
23.564303365539725
26.95466450603292
29.848148550365085
22.874571956099206
26.11914947763266
25.8777952647127
25.131614980556115
24.080707356114182
24.883721101821116
24.796078665113036
22.769010974636043
24.881458406754614
21.02397133531861
24.44643582565933
21.69380750063723
22.070159488440137
24.2263040880319
20.468261032316455
21.519756304236072
20.10379711357824
23.145466175479346
22.84065602990472
17.121232036613023
21.789224092130112
21.464808602131903
22.247064939445263
22.495303053572485
21.70277528588595
22.432313548274447
24.446744264511544
25.32602285870983
22.81945783291024
23.858532751112417
25.096835057476902
26.55556191477064
24.80805093966936
23.22949957319709
24.625556751860906
20.859842241663554
23.163764860530428
20.4019768668721
19.301549020222225
19.501070117407743
20.57645731373098
19.993207387754506
18.725317016724357
20.925264825869363
21.286730200053686
21.647202743140564
20.77174289036136
23.894819273042923
20.99402112289031
21.036014215163583
22.179930175974604
20.153511767913695
23.56733335624322
22.656650881665684
21.253410800205902
19.515341031920617
19.38087941854368
16.47690978603753
16.714589249226766
16.222142213264462
15.110394212272736
17.608108306483533
17.47278061402234
18.752323594718483
18.10220452825063
17.831532732466044
17.37024102903053
17.005510144650966
16.893416718730467
17.594600794829113
17.284006923036078
16.896140011090004
21.294321442778504
23.06412387931207
20.33173169252434
21.290636607584293
21.044924873445442
22.74640000491455
24.14264975978857
19.585030489224227
20.56479235842237
17.259672009449226
19.86090822351715
16.4386471112108
19.63055055237841
14.417273015290611
14.659237795889192
13.271246925541945
14.221094796388963
12.621329323925561
14.968300424625545
14.707242381316313
16.378939659868433
13.809455449687789
14.218549570134677
16.079081393877814
16.255277707311915
19.58253811752961
16.43662777754529
14.867418666165
16.14591372944666
16.887059693590974
14.109040232841654
16.0008374900503
9.43485318744651
9.729187649099071
9.38019494334936
8.481547634498959
8.934085135665077
8.379392444978823
9.745094240768308
12.179016495247438
11.273022531631371
12.761127777765092
13.579142529324185
13.77409976826164
12.572787498883057
13.414591982287845
11.597972613749667
12.31510145694558
11.964643116594079
15.736720176334815
17.781817097279013
12.807933755468305
10.993852060322693
12.70665883798875
11.8675502873273
12.58465968907216
11.420853937281905
12.396710036992227
11.395862470675524
13.447008502562724
14.220639859292403
13.045690048632837
13.607547876204851
10.94699817968073
11.446992217367407
11.31889215294061
13.874149427187668
13.823532222864952
16.398680492091884
16.08347160176285
13.03846465337462
16.829730711862872
15.328056794834367
14.450035122004799
17.408286130239166
13.555877840187344
14.269463070895721
17.18807397399625
14.161121800686795
15.838376426644679
13.104884828216468
14.607068135958535
12.468612045660784
14.591190205831968
14.426614724530571
13.947592993438683
12.836632024773792
11.87002105039514
10.525094623586217
10.743612013223402
13.327927682802793
11.056822220162475
13.61979171715277
13.870616083093191
12.768915380692052
14.32795095706675
16.209212035481467
14.766231851607104
16.400272930202505
13.743959507721211
17.204986267075075
13.660631649715645
15.093249442662371
15.501731614523315
14.737764149567123
16.37966469946161
16.64669734641344
15.765497182618638
15.213058377080879
12.221189565354459
15.478397374065826
14.417948038611739
13.95292979430087
11.888606811961177
13.41815500143704
13.88176411095681
15.984523287915458
15.6742978390478
17.408608346151137
15.363480428927124
14.62468669447886
17.878814806479806
13.939344962178058
15.592401156522333
14.353240791635098
15.466392531519036
13.5893975716356
12.780947475338849
13.958656457538618
12.639043587724089
13.657793120686025
16.210213597826076
15.085540251314033
12.676574551998069
14.005480196327875
11.154939995043653
14.256640267394928
17.003780867120348
16.26147852787215
15.264577018730604
15.14228859659446
14.858281496085391
13.577041072124963
14.839924816599721
12.11890655753657
12.828080012404575
14.17179635387983
11.184389182249815
13.240101228689632
15.874705028592597
16.787480275041418
13.219307523411265
16.95367187423679
12.44045024769678
12.52131861490554
13.333721685903102
12.650736753863903
14.676857888989229
12.923676526298612
12.270898096021943
12.91256817649114
10.82981819158425
13.110749910918667
14.48740455459787
9.763889466197119
12.469749336438204
12.981629029057686
10.61494753300638
12.645820278317832
10.788803289434382
12.346424194186689
9.439286176322732
11.518556775121542
9.884558055562136
10.279065879034292
11.048717241096533
12.75510019961025
9.56993106941129
11.309805206889287
12.992997060303994
12.57502299848723
10.72382589076015
9.690424737252068
10.457339985060985
9.889037731064018
12.459466870921203
15.321627586775922
12.881149821357292
14.94622843729487
14.616464154718837
16.077705252888478
11.719501243179582
17.30332195764781
14.521019067375018
16.153390019066514
13.287969977777795
14.390663432918345
12.523642756504264
11.070841021409695
12.221974933887385
11.366581461432107
11.792654274881972
12.499713908621874
12.057059536255636
14.337568469691568
13.287100948813618
12.234493252111712
12.193678580127967
10.945180722269592
14.221315409777217
11.170832861526192
11.40804487681723
10.364171241290178
11.265247500510576
9.688145598125768
11.101070360720087
11.405043944196075
13.873329434236888
10.201606288102617
13.445547332499684
13.272049718484451
13.943360700337193
14.884884303795488
13.104589441015456
13.046514758538944
14.975534599779246
14.721222428158567
15.670090457230927
16.614607642766728
15.807596734494169
14.76471075511242
17.460351818085233
14.998286154361
14.1138566050093
13.317029720733995
14.05636701489856
12.02888512597756
14.226558000891291
13.551843141927204
18.55128325053006
14.54579199740987
11.942911129622708
14.08135236512033
16.587906264827893
10.840274434291118
12.810123409891675
9.759462751493919
12.115745552485228
13.627519686835432
13.512229511630155
14.6040068408178
10.967056429273184
12.226173885383936
12.990481368373034
11.989993218061784
13.60280937285183
10.658221384322035
15.45248338143057
12.695981508193167
12.501644357575323
13.661116270945735
10.85980280207511
12.011359385152659
11.13585376351681
13.528701719808494
14.861569028524622
12.666656473211933
13.205902153725773
12.281831238992636
15.528281095624882
14.89245629556866
15.93250017960077
16.44518423969609
14.053422144345378
12.69891777431957
12.08997046030634
11.735908516883526
10.085535173530042
11.66300857387199
10.735817034787733
10.68357348389924
11.406353186811018
7.969444438116287
11.270453833820506
12.023100265114953
10.936331739512633
11.010984961703398
10.80651656783919
9.596147878556085
11.606493276526221
10.167176740853964
11.838600077398432
8.182591867264307
11.698771014159442
10.338699309776352
11.428506603253409
14.50342355435649
12.438192795934768
14.980351517274071
14.327702457471378
15.273698682051496
11.917842309521939
13.969184301029346
12.485088842096651
11.476352542181068
11.46919821440546
12.990342912149607
11.44855626487616
11.278971515627317
12.406895856413218
12.905554235330131
12.628637000970626
14.278731530591891
13.946972440312571
14.365001083916566
12.351320264665748
12.658064502016522
15.471286793347959
17.04699004315497
15.386870202537915
14.523211259685889
12.785811779259674
14.647080709802918
12.167307503417037
14.496133716507089
13.525061893929873
12.617963725936857
8.691854641587428
13.062845305167762
10.96123646443966
12.104990782875797
13.22559416026554
13.098963689215246
14.663209372631341
12.995880316178722
15.783239285804616
15.811518480756627
12.341366917681071
14.424718674439275
14.41977698046258
14.852887119426585
13.288947260111575
16.97288327845506
15.64119121479322
17.11580427992252
16.797184581763013
17.22675609715594
16.14735049020018
12.92954333772248
14.382264371227068
13.248133853386458
13.711227088838166
13.932619796203515
14.655027803513631
11.556338864908907
13.346159730918673
14.147930536278079
13.822271173849094
11.971386973085039
14.50401990388366
11.504178514125583
13.524679090116715
11.044594346508955
12.571878078098539
11.440303813444352
10.783100177364457
12.166380275409496
12.08505506734789
12.928139057120497
10.883261010184242
9.165476801534618
9.31086981022488
8.77680559485906
11.170874104305248
10.542699829145544
10.627519035861248
9.434094642932418
10.566651301142677
9.267073689508909
10.111965984996196
11.604869500371647
12.519346220614553
11.863457034014727
11.810947371173384
11.449217644254793
11.959754259011422
11.115417510569028
13.796094134060363
11.899400336621268
12.958950968563904
10.491965075828215
10.51500646980027
11.907692636533591
12.834547338854867
13.392939584007282
15.713371811155552
13.217520554445633
13.949795709345858
14.287289103849416
12.404881848785076
12.090789243211745
13.110079468268363
14.131761587447027
11.182522004409943
12.419893173914222
11.044789164731451
10.727002496031705
11.42981086537784
10.626376228438739
10.11385685694774
10.323826235512739
10.527023258911276
14.455283118995665
14.635443914247633
11.557767900764915
13.962983959529133
13.294114785145233
12.860734156407684
14.286657429848015
12.256337009188899
9.645299117177697
12.039586142241191
14.144774110266605
14.644661971744059
14.77587419507056
11.769225328167373
15.475793254284321
15.636281468518542
13.407590019252357
10.886571454702727
12.080377212394565
11.218476524478659
9.66565393161889
10.78766264797796
7.164283954677108
10.698648751944352
12.435097494836937
8.591559696832794
9.950774730329675
7.732775415864796
10.049503062481474
7.7496875747897045
9.35204732504554
9.429190618128146
9.620257108648074
9.981851742656625
12.310337672233429
11.105242936004862
13.159390093848952
12.865171064982729
12.949859940036445
11.415044100754761
11.033691462477432
9.675215774736051
6.964381311359946
10.015081728177028
9.393008019905315
8.908801474299285
7.7760012333203665
7.461021126488083
8.35995589155699
8.23249504986362
8.831013516063162
10.266113763632289
9.440559075439221
10.946409267769331
10.085592239028852
10.029995176157996
9.32625975986588
12.00199637103698
13.199221323831575
9.197326143030233
13.767807109073122
9.450247667299045
12.222293511894469
11.401860491839939
8.410558029955247
10.679721704216256
10.450690242137364
10.758356266637985
10.6128635484416
11.36398603199591
11.137442977787932
12.879244330105076
13.397996057734067
12.722250202501495
13.855571005929237
16.725940770122516
12.48426705594809
12.56629925371444
12.215310711800777
13.072755891581478
13.875585712616822
15.782671419877765
15.683854772039515
17.768593474111903
15.371156346118847
16.442833582757164
15.325570736618536
17.53962857516608
13.998031801207144
14.981823622967413
15.630105332110318
13.103480793003015
12.770720653620561
13.788236065259511
14.222614273166254
13.6085281963864
13.345947291861089
11.455242727070114
14.550845439151676
13.166363336073436
14.023399346127151
13.634336470898191
13.563845831158767
15.866818435316775
11.09918269812496
13.23446546339287
13.538254011434478
12.089829778794314
12.07020206017314
11.863127718133473
12.291690762032713
13.028590065477186
10.549633883413549
14.82859536498264
10.189332838425715
10.079137936577508
10.521801600511504
11.543167646003072
11.253965855155336
12.447348047715522
10.722612752219073
13.093370752049122
12.701019871942606
14.131570945380549
13.668421887599662
12.405343803259234
11.648095101285385
10.645352553157577
13.332022584166381
13.746660363078256
15.585284789725403
13.997836160810461
14.838310860298487
12.425433071754028
10.601980062414809
13.128605470808425
12.030029678297375
13.146197707150945
11.077608790467485
11.825546575432467
11.511581870662269
11.218167012490703
9.999440493909063
11.053231446357909
11.406857183405242
8.448887154656243
10.49005246846179
11.413587299007277
11.36843750876604
14.26210537145011
12.574500466190207
11.687257628401035
12.723064235176627
9.852354482635691
10.186205404882834
8.51295293486901
9.941470885761525
10.917780920787187
7.677846881645873
10.527325529394897
6.041340093665435
8.260779279935786
8.265668017438394
8.68774758259586
9.427643975646998
11.507346034249897
8.129530559032997
10.519791682220859
10.754158486553768
8.178697168065332
9.849820386553736
11.606686988236497
12.310795673874994
8.813869409550072
10.242032121604788
9.207936290359468
9.482097173046455
8.620927146621826
9.888435704889618
8.765739389147614
7.6783558812718775
10.245603525486144
8.87946840349682
8.836076186947732
9.393808653519505
8.399415614141317
10.891032860514734
11.323760716705975
10.992509706721034
11.25679004974836
13.048655399621385
11.975035943893072
10.323933917351797
13.66575316120931
8.552534009732232
10.925605394688635
8.923937329085241
7.837732763670214
7.691252946023925
7.8532038318134
7.958942053628885
7.15290536197354
8.011631984139585
9.289752505920065
8.829409474521643
9.762235647924653
9.229811576476404
9.592938308453865
10.813562001755086
10.630957633556845
9.897704308364323
8.812599767491424
9.713303820603464
9.506671710457862
11.699648805189417
10.187725283512876
14.366156427423478
11.645535435921863
14.103910465934305
13.779610521071536
12.184981949036306
11.817107166123531
8.823119866221266
9.146648865333475
9.133913551448394
8.75051008006099
13.209200341970186
11.211267849711849
12.957187990656784
12.759240701379106
14.58861599457922
14.262483024189503
15.485500865824989
15.22576146441461
14.217866605523689
13.056554245056574
12.702511833636276
12.047713600004968
11.899491079018334
11.913081575458548
12.908275158407797
13.134464959659335
14.783764238694996
11.591378123832996
13.339131346600452
12.978534755614273
9.839451957444972
12.011300212372594
10.124057041587879
8.528365964099947
7.62802064544313
9.111556614181579
6.515491917022117
7.786514366002039
9.036220536484086
9.042661604475912
9.394481201972098
6.8712996913480815
7.155824620176158
10.788721019487024
7.919804604105425
9.870055065898526
9.706170701028787
6.550611218840843
8.125938747752059
8.696075417349272
6.504870772394267
10.314720094716385
9.111896619219058
8.876668335498431
7.617165103475819
7.129407473760958
7.510383414010919
7.645217673578609
9.48818837619286
9.356069506687383
9.710400381721529
8.552946359560078
10.04525978581244
9.054495126742198
6.753400193015425
8.438099651069917
7.569611807990148
7.2530371160860865
7.072771916244749
7.499891277073343
7.1017391269304655
9.100830159358791
9.022784755565095
10.240783971184435
10.785745101024522
10.624437690177967
11.02011500768887
11.017431131868243
10.88183628768471
7.879668932340355
11.907762441481596
11.582757023627215
7.564481062368536
9.82739811515636
8.71565263680422
11.118801252420692
11.366040316458163
11.54826752764875
10.618325581433568
10.896407895886902
11.189995275219658
11.412310138898466
11.734243106254498
12.759452573111798
10.823335503800985
11.477301631360554
9.51277540377733
11.60892201851852
11.337480987241692
8.76708675538817
11.154687522217946
8.004735321882608
7.523237544668234
7.484296801346228
7.4891250556311
7.076544124755725
6.8115606461789255
7.189481877686249
7.060612996022249
6.101799778106739
5.8134178407726855
5.611250628532088
5.988909689700875
6.3547010890607005
6.767484234517131
6.403225257577508
6.73596224633196
7.3186135860834725
7.508584092313872
7.941767785955501
7.226855192045762
8.88632585842066
7.488102457984074
9.902341675729176
10.207301980147196
9.51016385509748
9.114348711984526
8.95944880611075
8.450853393705637
8.90516703244032
8.193560505833936
9.306490246270608
5.873050864826738
7.236203832955043
8.284916043802726
5.8647461032061186
6.239342078054924
6.834437103496311
8.01152618389332
7.659120636732787
7.751681197013547
7.039334196737259
8.211167530825948
8.721155524247706
8.093016866370062
7.317090141457804
7.799747356095915
6.413787048851747
6.665492657755846
7.038942398303735
8.067744096788255
8.53070749967611
6.805032651710442
8.48840807237322
8.88272094275619
10.289171837984254
10.023962068551363
8.470413145798627
10.688677878751278
11.068038318213624
10.821524409310536
11.712351431574842
11.459119832646966
12.708253537914834
10.139416307753663
9.676727683776072
8.250089667594413
8.580602467802043
7.5353334651319255
9.392922510998012
9.19235185910008
8.741101164294486
9.289918305937503
9.848668156606946
10.092420165188589
9.667779811841795
10.064507697496863
8.674514172463159
9.017195641951277
8.559358057269163
8.548468650079357
7.804427801366682
8.213123771418655
9.45335230902131
8.510727027226396
9.236128695521064
8.515407442735391
7.91609284660495
9.469575612037351
7.724921269746473
8.870322133179373
8.794336961873363
9.376682477801404
9.003392555026101
7.862950173781591
9.618807977498426
9.430697483240577
10.294371933606888
8.332729606829462
11.504537211066285
11.696648157481482
10.973133773022946
12.730137676507315
11.755625514760668
12.157158261758259
10.061411283464333
8.757135007480535
10.119449004020689
9.74473642053611
7.3745773863234705
8.283953414644266
6.782762306579423
8.731114135549468
8.82001143249986
10.509614211034943
9.041908134132584
9.705367940259633
10.845522524733124
11.647502321950423
9.255858638409826
9.269227969728671
9.214152957604826
7.501630195054756
9.581134943362786
6.996113961069196
7.967594801969522
7.92807313711488
9.483412179405265
9.397174776101311
8.48394316235243
8.168127213535762
9.366988632040838
9.572963729729468
8.18633390432946
10.159938343858798
9.352676606468638
8.485208695013764
8.817525582837012
7.7314119655299125
8.245190546310626
6.003232911853249
7.157126527546237
5.381184250505258
5.241671671957916
4.837537784028629
5.714691589341155
5.618077616809155
5.071263668207742
6.15670829615681
5.736790159691968
7.892808222404897
8.04731296292269
6.604917492391497
6.494312175400512
7.336834388706445
6.360792815118057
6.493631553354812
6.353898801891135
6.85440069558023
6.992826115242064
6.3616343740236285
8.385528952382147
6.952804451225027
6.538779117999912
9.5756176028787
8.316328318488031
8.78804680359636
8.647326790145277
7.46440093529019
6.1833395975514005
7.071743267588586
5.456033817046911
7.4979385279597315
6.163688666133378
5.982710945228958
6.6043207534592145
6.86278219119665
6.974302162623932
6.294323588047227
7.08630387869428
9.048163275706244
9.424053478430853
6.375082993696208
8.430480973847189
8.324151460374724
8.166702429858464
7.272401819888508
8.702405977408107
7.609207427928053
9.295047060756334
9.377174602021157
9.916709923533272
9.33593358940154
7.622655793633488
9.755171894957286
8.313482299197542
9.801653236058616
12.041250510344257
11.853065669527574
10.642287299054452
8.12528086875073
9.572241735338043
8.768269599184547
8.08171366284248
11.594555158476526
9.731540929477143
10.725844623825466
9.507401739455391
14.02121519085968
13.280728239586251
9.948809232948536
11.076594140195805
10.903120481880292
13.39978052676594
14.688996007692133
12.999226534144018
13.436654274606296
12.436564498655702
13.121201820906313
13.231984235147602
16.21686031966416
12.498265466183444
16.37220680662597
14.088161932805338
17.058977394153302
16.86537914388219
13.827440085989043
14.93904323590464
13.383003783072173
14.821852247315178
14.881361628141
14.327752837760817
15.070022164213897
11.861520518726147
14.031164251917774
9.868864794846912
10.912938439016624
10.798376503291212
11.165998840028898
10.559549628439113
10.620227429442307
9.652337456840726
10.734257121474057
9.704461318026892
10.303973252406358
10.40167093678914
10.60714907622998
11.270244913675429
10.34751079761102
10.533800902720055
10.266846092039518
10.585245851281503
9.383725933097965
9.820687239215705
10.577898577982879
11.097516435096722
12.471487019188967
12.153618429633163
12.071106679587528
12.29846861038152
11.210287739126441
8.30202395416336
10.895010807242652
10.84589577918133
7.114551211669566
7.195131482696434
8.662573438415338
9.3277264528143
8.864162392745094
8.343007729490365
8.648319959714826
9.234442808595261
8.776562845789458
11.034152374064147
13.381421180405823
12.755849407708938
11.588118146480488
11.947193991237482
8.912984663795065
10.752283111677007
8.891776313872297
8.565636752545608
9.24263127967768
9.793276964634456
8.149240807857835
7.303165118350178
7.720441198083442
9.82163779371967
9.451552170573759
8.573347475028815
9.18383920170712
9.385668154935745
8.381900426041366
8.270506518781978
6.841054741774758
8.307968981178908
5.915140270372407
6.804010515570217
6.96274102016451
6.778761287974271
7.421647014180609
7.273900184512845
6.394834659876202
6.993371120951511
7.8159868139132485
8.380710861634917
6.856521856557001
6.970367236489313
7.216774633113182
8.007103990595438
8.274353936925952
8.03904571891747
6.927394265685093
7.6610014542246905
8.142472039496244
7.1345633876069545
9.029433719420231
9.939713585483567
9.498919132298079
9.256999283218157
11.047299335013454
10.669361861898613
11.333972278258543
10.104308142831572
12.136432889165235
7.332620065930042
9.257763666744054
10.642950044984216
12.484834407530077
11.409680730751838
10.860518096446237
13.543975219954289
11.326005497402582
11.094477423183932
11.503413267471082
10.22078096617847
9.704479999508244
11.021439833327463
8.623453516040279
7.933778580413262
9.088928731553269
9.16830404538732
9.65088615936446
11.456775993685778
10.572540960727801
10.743300318791311
11.579811156533198
10.433551702213958
8.77714927089006
11.610039560613727
8.152949381004
10.779783283693236
9.759876722901815
10.307430557409962
9.821034949178468
10.634778739194225
10.757388347916867
10.223735951812168
11.924626129155381
7.91597674102461
10.348352754192954
9.80674499976491
11.530124824649011
10.118199647782731
9.910164238273584
9.030580756134016
7.938037426752789
9.201683938495606
8.467677628869966
8.40038330758103
9.54320195124539
9.85318703048388
10.151531171335925
9.817613725344117
10.183858492462004
10.465886982738207
6.74517836955207
10.568943636690149
6.936941693920659
6.752938179590374
6.181349328853487
7.716256112157497
7.7568095646935555
9.367700380775272
8.443667193391
7.7580242337386975
7.096398112595216
7.278205176404142
6.536618655515874
6.590004639611873
7.284990538610007
7.614237737136628
7.392087460121713
7.367405277417929
7.777902157560743
7.180470112804487
7.151779691380336
7.7998250224205
7.03047742076695
8.082466155581209
7.7610737248749775
7.051662541601349
8.818438195570643
6.43323991615532
7.258062940511761
8.789875950604053
7.089791869789241
7.327446454504898
7.806170749704168
5.805101724362683
7.348798766516984
6.769584235928537
6.575326178349477
7.6768238367347195
6.597078376865723
7.1027988467609795
7.409549206451064
8.981013872439988
6.3437352156131865
9.085092585624757
9.105924698974082
9.544047789680837
8.47621785131092
8.411007074587545
6.59839385647885
7.027255239363576
6.1343777140410225
8.409416740686174
6.641889836724239
6.858797139931955
6.004196088243656
6.325320884220571
5.841468936643249
5.10143052553413
5.680433400116687
5.642314094300068
6.639899300085488
5.973325894109107
6.13328535775746
5.684006477279212
5.335129170931823
5.5183998409995025
5.693335564772014
5.9903330473336815
5.666809296136574
6.297822896534976
6.776726277453349
7.404749096601706
7.088813778831941
4.301292582849834
5.694288372691776
4.779374442706372
4.963753071490819
4.722903546325667
5.387815045069036
4.953323086166819
4.7093335459144035
5.326817530395214
6.869357794314356
6.1455580858671945
5.29380839288223
5.839912670316555
5.626679651019053
4.507170943266009
4.769336021257676
4.433535328283162
5.334316734928166
5.5021569003092194
5.032447651367354
5.094434365759955
6.266095985149157
5.8017048270697185
6.685375583143257
5.843965690167434
6.940001618170929
7.280097470043542
5.769658816119729
4.738872486905026
5.027557619360051
5.507148695278345
5.509115838943225
5.641892485871669
6.027367727576746
5.960315102774687
6.523881443285936
6.138008510863751
8.272818234786447
6.5465422331432634
7.456865785513564
8.093619413108062
8.70874008991004
10.509489923182276
7.700126782028961
8.233153825926612
8.678964504059948
6.840003373069167
6.28450783162996
5.694114454590055
6.144694542128157
6.552283699800437
6.853465949381712
8.127060683189997
8.500562379722655
7.534692710733956
9.10955853201609
8.459028946009733
7.3996551851796895
9.205679831987927
9.113821543276142
6.68891542336392
7.236596215569027
7.572975191441567
8.333957608074057
8.405551773198136
9.599942435666744
7.312142167126087
9.094827289907034
9.316102789469172
7.334331166682992
8.004622641126732
8.936165672367572
7.385158668314378
8.712428513933762
8.187425144263946
8.328820262120002
8.213367587325582
7.556187743813582
9.862115669203945
6.775951676088641
9.094153999611834
6.611925526182833
8.062748504730394
6.569496589790506
7.597838589044115
8.55790539662374
6.1476383167373525
8.06418726774645
7.087779903766359
6.161994880705254
6.003699083508418
7.047699127817946
6.414774912469536
6.352085449271942
6.79507663818202
6.139432862325257
8.866401552674576
6.499068601099778
7.162619873144734
7.041756491492233
6.649921496135616
6.24573532240026
5.548433148450669
5.511282492175842
6.044364097670896
6.655813219705462
5.5942808622852995
5.85678943024995
6.756936559869437
5.259119577244418
5.4900727196322245
5.330227514322749
6.691181331201709
6.619182812193688
5.136709181491419
6.183431813552496
5.596111368291845
5.903578240748914
6.305857333504328
4.785528279632114
5.294258516428851
4.865084445518175
4.411195476356723
4.750679635597446
4.944566855089039
4.419561975896758
5.209947973815577
6.595509159571138
6.703629984459252
4.540103315266615
6.192914647526859
5.5295768250944
6.284522188177541
6.453394872599021
5.707452905177496
5.779917556377631
5.722086112030929
6.053822307028531
6.31763373684453
6.181963038789369
6.712553559464546
7.62952206698766
6.577927987473476
7.471133880874004
6.8335305758000615
6.000760857637999
8.028315744108486
6.261009713152888
7.5463813236993715
8.159303395126393
7.519082521208979
7.519353715778183
7.182861402546353
6.041334136048512
7.719541932493332
5.957623149768053
7.681693167648882
5.673125067934031
6.763192310777581
6.681561852814216
5.93542411426645
6.604169153653447
7.472626749465576
6.900610769791488
7.599674872476682
7.239400668546768
8.127393750530159
7.032979438278335
7.45376589031712
6.84245642959889
5.446636370069749
6.290806139480582
5.928145848030072
5.930447782499536
5.230280289898816
6.333264452217938
5.742313680198477
6.253680597622531
6.2950892491780746
5.472617248526795
7.292129150371685
5.85704348018531
6.93103541328711
6.842095810144051
7.511926089963672
5.5782170114022005
6.396687924162413
5.716339226942908
5.4750221313389655
6.174730861293147
5.642110256462375
5.0147652180615845
6.388643972625188
6.330176952759912
6.1324237764026135
6.910034746233825
5.4443592798304214
6.176490269438095
5.570876017703078
6.221934179591383
5.247292534359994
5.267917882392636
5.6136457063558485
6.342415887319318
7.140295108796953
7.296201091655899
5.8569066931386535
5.904637311381695
6.958243497479417
5.314875832327229
5.353097813623602
6.413087038871324
5.734909207144677
7.4909374991105775
6.698175742490426
6.733555737835613
5.833674313424574
5.292846877821121
5.4206340279170036
5.098561875164673
5.740998227868792
5.478621347836014
4.9635828294197735
4.440485099188248
4.183448128919362
5.115018973507993
4.438954996118656
4.624522760363143
4.871625338220799
5.488582337876767
5.377369101309269
6.099675212804632
5.452666677971399
5.556517645218805
4.102350553639056
5.622598610942799
5.305647667118591
5.897478128473065
5.9507551697765715
7.792480130634365
8.29314016669718
7.476399621067396
8.535476591178668
7.057920655817993
6.676608825218171
6.600154417044877
6.403296203720275
6.147226922107305
8.15191245960026
6.852549300345458
7.834569081403874
9.221063985222795
8.476456569612855
9.115659422956691
5.235200795312571
8.711296510262533
8.21421311911507
7.23176044636309
7.221307940309735
7.199614796041862
6.690818073400934
9.308887291688624
5.587772680889312
6.766602301901371
6.747821843341228
6.893059754847952
6.415851949822899
6.5877052181038
5.774706125130702
5.758161688903779
6.475244862130379
4.8656937423259885
5.40355892928485
5.916445942201972
6.127385553828054
4.924302208715874
6.376031955046492
4.929850331454173
5.935798932629805
4.821027347982924
5.731128798953985
5.426875072112771
6.479415929027791
6.938517735052367
7.298791839320762
6.527630090223673
8.048270077149825
7.194423672025521
7.01524357623128
8.343838102035885
6.3665377413514515
7.268890958313326
7.118776634913868
6.770053630478319
5.45872526692284
6.760881612603798
5.738054041857685
6.2164910850362345
6.129373627548976
5.766894390647044
4.39885693557606
4.623613571138131
4.858175016975719
4.582837586231836
4.871022059139192
4.3047277530476595
4.864953062951426
5.755697163423922
3.923932172593151
4.206712374931516
4.236139094983734
4.984194830290113
4.499491066446252
6.278839887981048
5.857476625164398
6.474819069061327
4.803668891404173
5.429914678271166
4.819024542101769
5.093439198181561
5.1417525621529645
5.102547504199482
4.891335719064873
5.654166386721545
6.740448279234241
6.417365846478781
5.335515423228601
6.125488175518431
5.730932132222027
7.036610586858969
6.081643523111301
6.067586903331726
4.345057706336479
5.498463798638829
6.11887359430304
5.8650986461443395
6.235951461291157
7.048913541090417
6.974099296096996
4.926280853671517
7.588941141843009
8.248355133146443
7.311480613829465
7.810009051047957
6.577761570227981
5.65635157201277
6.3438957808287535
7.534201837394687
6.273436254020262
7.5592259461559195
5.308166610312503
8.025043022039787
5.953986849886461
5.7668970186044355
6.958972486954747
6.142584081196697
4.260138604353479
5.501238055765097
5.295867597110191
5.2950936814229275
5.477050773224348
4.30034008858808
5.400977042044308
5.417310180416502
5.388281171417195
6.2464324001435685
6.871766054884326
6.437307283195553
6.536632169376032
7.215308487458386
6.509289779776336
5.953447561255358
6.752995365578056
6.879394915294202
7.281239606796821
4.957411012828165
6.54048437709996
5.072580799105011
5.979400483312579
4.737549216447978
5.104296587418744
5.787601704699141
4.6033459706752184
5.127478900779215
5.019154802822272
6.430341624651369
5.459715815041759
4.932017268445066
5.33070972017328
5.786134251463048
5.893996160811753
5.070062838623592
5.296280615347264
5.6687748448257205
6.8315641462051895
6.195378649068503
5.215860912863602
6.086268453307191
7.35243950998427
5.127874916773606
5.251854378471803
5.62898384336836
6.6240615899379565
5.007703779528932
5.656951800511797
4.984454710302137
4.378322800695396
4.964779564371846
4.551757313450858
5.454045236020989
4.373101942657792
5.440832225893643
4.712602340014963
3.97865103294759
5.347524243114451
5.406877413135544
6.097576999116186
5.924118463535624
4.767540703070023
5.211094717377682
4.537947897220235
4.786913237574912
3.8783617770287253
4.12533701339403
3.96458429616094
4.21549702272219
5.263869186782086
4.591824710538955
5.289011225445416
5.311170512632166
4.860295113314843
3.8626586632508526
4.077764343637866
4.348596283674764
4.373777047872156
4.388147699167253
4.315370386066797
4.101043960782389
4.906390606327408
5.254098308238826
4.933819653128053
5.130248948171365
4.451908234904058
4.507685564303885
4.470993145251594
4.233718214106475
3.764326219673451
4.209466455043654
4.528827995838724
3.805377725884055
4.565470252832427
4.560076827050978
4.11406079797069
3.9236787635578323
4.644270330467956
4.624935702448881
5.4525385474606365
4.137992195947822
5.117687147145109
7.124493332794401
6.134305244165972
5.668997049162083
7.063438181688368
6.0317578533890766
6.9143416069020915
7.294332520917091
6.704990622583978
6.762328709122869
4.586261838308015
6.8514082307372135
4.628323786759063
5.721507005428991
4.684140858831408
5.384595297470695
5.7563087234915455
6.532005553560095
6.953205403194785
6.286542377641664
7.045952393594764
3.970268232229514
5.6727815661650105
6.353719688164851
5.451504084269606
4.979418888277897
4.125244858850864
4.579881397796777
4.973805424316129
4.6775704827129285
5.73793658487882
6.023914331412108
4.664202055945612
4.799225700661677
5.2206452964567
4.849445375017186
5.2292455159840765
5.681264196898715
5.057460740271746
5.174668160214769
5.124200547196674
6.216752193998148
5.4067596905340665
5.332589918860037
4.275591383204567
5.416371808341657
4.532773093681865
5.011684563616264
5.226276858136128
5.4191713087140805
6.011695651981114
4.214294912505866
3.8432737632071756
4.086876077456769
4.399665627892598
4.93824252193253
4.665447351192793
5.233031240230507
5.4983085731214665
4.901787432440058
4.931739618693331
4.9818490439838135
5.097296803489486
5.357683342306047
4.775434945995342
4.630014050092428
4.891068270666061
4.120650858178305
5.002334758345395
4.587274085041452
4.445611433985146
4.904345132630961
4.6830045628195105
4.874031847685581
4.721748631158368
4.798659605472945
4.427878579618718
5.502231518668242
4.795407344053893
4.536078266840689
4.565075708668444
4.469064585819789
5.059589555970938
4.26840802045771
4.462340494777618
4.831117266457403
4.374394034835805
4.390455396229207
4.047664079510971
4.759810857968555
4.026234665507669
4.549912158529546
3.6933756085916203
4.001016722804033
3.687216029339528
5.239982433502444
3.916670354980455
4.155631012819136
4.6663450162453355
4.141117358516527
4.669488983605347
4.891373875705096
5.079598051580001
4.829193590809143
5.012915494232202
5.513204164973913
5.653896680615564
6.138954101397828
6.012715450379827
7.177719511668094
5.523239233849238
8.018869175093304
5.937438799708177
5.410781066822421
7.256067040891776
7.147740991070188
6.673866926351237
6.173943498028565
6.190212392609478
7.455811004732934
6.577770490402327
4.613962871714418
5.38541365361121
6.106403499103953
6.306602037593409
5.972861173372092
5.022195502345027
5.471617265244685
4.371453089499528
4.358572032008006
6.07393994048487
4.121383572020257
4.558371901760813
5.592648903163311
4.968580719435741
4.793215558936247
4.997315401478828
5.251619963024989
5.617647501614065
4.981171632146112
4.372927518675603
4.204058297856931
3.6975112315778955
3.728989410086397
3.6395059169822344
4.250715763603683
4.211273468863634
4.369884792681926
4.386232441597519
4.430846012990348
4.099174705700123
4.2464771819356715
5.081609331313849
3.8635103805825337
4.16164444798915
5.581182162288006
5.335385992289109
5.653377207423731
6.828517353241495
5.598616563425282
4.85657816056606
5.5735703066256965
4.106526600850781
4.2346651566451445
3.8157477015793564
4.772068186443791
4.434932051976303
5.154093550797699
4.659321608160832
5.5725199406254875
5.606181390828007
6.6880279299872605
6.154729924167399
8.198162630433899
9.762929370308454
7.610862557012508
6.372704839235532
6.704139496145003
5.022034400327015
5.22089095350794
5.553765719449404
4.199127967502716
5.586698492663641
5.40114224348923
5.318206302610536
6.105376598454568
5.704482773181671
4.414269408301387
4.1302225129877765
4.525702568429313
4.856808675919475
4.243864961349556
5.31113050412269
4.494988819839815
4.029696295009171
3.869394280643966
5.293255935794765
6.47313353595372
4.8741969129310405
5.398018872134401
5.493544614379555
5.810902214102483
4.754810877039109
4.714442786495543
6.2288361098439555
5.013721112725935
4.841979202533351
4.920426429307826
5.519482077187295
5.524322643262585
5.102993009909604
5.683291890603214
5.079667693859691
4.863215669970662
5.472242330000056
5.469992040508435
5.854996835932857
5.2609414984214995
4.929095583747885
4.61555425784004
4.8892906668021565
4.8979608341914584
5.5461808948692575
5.2037419295675456
5.472478817422838
4.63871485094304
5.682664922650815
5.4593147991357185
4.321242591974836
4.889362804553015
4.776221028587208
4.575430293194899
4.488175833305231
4.447788963353295
4.937999604279245
4.905054845672478
3.826110822557024
4.5512208623325145
4.620952860939054
4.2275526543028334
5.662457344547424
7.396439325420553
8.238110389667682
6.0942537727913635
4.231166790241837
4.6796377571633885
5.48247330764531
5.067947111128696
5.20584146730889
5.3483195515417705
5.013762638095423
4.580046709968704
5.399887552745719
5.333864799700193
4.80719997076054
5.439092566786376
5.3419312125530265
5.1377877309746305
5.710243939795366
5.434592827581713
7.284618944713021
5.681051485730674
4.949272904249007
5.571565768797927
5.880878867318411
5.9216564368911175
4.537456686381422
4.11999943304259
4.0334535804908604
4.509917139625856
4.563182814885859
4.22983116535288
4.900523789815176
6.785793994768755
5.438324156498802
4.892356216529831
5.0133589140169805
4.040716715504227
4.059468559867486
3.8443836136766496
3.818502371429612
3.8972138573440973
3.820634181712271
4.597700291565242
4.390732896407173
3.848604269705155
3.9799423911725733
3.9323049440930173
3.5086209355000504
3.9051657994634024
4.0484249344256735
3.335900195248099
3.4255813773432044
3.779673879053829
4.149659404187051
3.82747570413204
3.7902761323335805
4.609591234712094
5.067476176320718
4.108601889876691
4.406298416687243
5.016072640212598
3.9819687096267105
5.257666322379823
5.8264773134817345
5.189816170676007
4.75538888046707
4.835912127674529
5.00043316404124
3.5132043824556485
4.525549568312776
3.5160945241210495
4.2008837350970065
4.713344193781288
4.766638338098253
4.739007906484219
5.367795921666266
6.79495822074563
6.272395316617881
5.897522347033734
6.439454521235217
6.76812575120813
7.602057926092985
6.8534695465639
6.325898249716602
5.128798683218505
3.911424370261747
3.9777278837326553
3.9508808771589723
3.2755210545665703
4.562119462500404
3.878068659710564
3.835533768824303
4.0517614822203045
4.405970989560265
3.9295286468498944
3.5991379848927774
4.338708634435847
4.021641205864285
3.8452153972613194
4.0915914482289635
4.627759352413007
3.7375001389358617
4.293086605077096
3.948768912712666
3.856173594888009
4.3257615085196
4.567671852399438
4.85526763903036
5.027881068084847
4.890464452569975
4.53551542705586
4.285080755469107
4.30604149815827
4.9485516538281695
4.31269899208468
4.866618627558162
4.233077860138436
5.486339041367296
5.48598558404391
7.232940124337013
6.733170923371554
6.716133772591652
3.589975694039566
5.484615323128192
4.048870659162528
4.269124349046319
4.186477685515422
4.520141884058792
5.942086722123131
5.6102289183971825
5.4782171162788105
4.735186553948022
5.323981198695918
5.734066138892104
5.898584683215372
5.738907456754187
6.413381856413181
5.179034616171111
6.713074313081276
6.1211327630054715
5.852603429070428
6.568118939233375
5.638732471666329
6.315052618929794
5.734433958458619
5.265296715043798
4.246087756788229
4.841721884054509
4.459181459330299
4.227017402400119
4.2669578545861615
5.836525572496459
5.616660388929913
4.615057026401223
5.526984027340957
5.183735992822381
6.413815961742312
7.456367969870769
6.062862862685433
6.143066393114135
3.9346103676421222
4.591563678440648
3.60288362292751
5.340906324949272
5.936059148974383
5.980818733179377
5.827315073453159
4.130188782243829
5.119108893475997
4.548199698603533
4.503897933694795
4.95756715633699
4.5353844655927436
3.659813490677136
4.065400102615985
4.882725139604839
4.6965356745926705
3.5384993385255537
4.025435406368151
4.10221742275293
3.6799130183086572
4.439029941586542
4.857613721796646
4.2067508117812356
4.881928797535574
5.201508385687468
7.221425711493539
3.6842391001326185
4.237277139428459
4.01988330530434
3.595844887254482
5.114345978307345
4.996573518200759
5.223991573763499
5.289784189043237
4.617429477744981
6.663424673629816
6.170283804634837
6.710707675820206
4.932029303059844
3.8490921427786895
4.9348389526525684
4.083323408453789
4.012270531182577
3.580409395277181
3.874475033334732
4.133859864488796
3.5894498636935537
4.088508692157009
3.524499134008829
4.091729181916279
3.3839099196329117
3.4398497395891785
3.557804681145277
3.7888649066148274
3.2127098781971997
3.948862691519348
3.6457722878077177
3.765029166693712
4.192633611250109
4.915293230697065
5.2053370417721645
4.295699141306497
3.8302886581844837
4.218687288500488
4.242321140730728
5.464964338400962
3.671733411609486
4.792589207285483
5.1665805734833885
3.8765293732323296
4.626571677654983
4.044007616895382
4.302281483583602
3.7303138430469027
4.243785010726416
4.593316810535076
4.065188259538097
4.880960048122947
4.129204362027682
5.163400065704223
4.69292545510873
5.218993904730372
4.3042842843041775
5.969535557413598
4.400066489489942
4.989460613624167
4.392509115567706
4.498336581889722
4.426465221780951
5.807969879875231
3.979399674923802
4.370921028877495
3.594383975648153
4.8671876679267365
4.395533465693987
4.869301676766273
5.051907663518998
5.432483484006116
4.372719896446271
4.231829695590482
5.4101475583416985
5.293353696948623
4.3494306915023095
4.493327502403348
4.102662397293582
4.230931636925631
4.168218296699017
3.6678705011758286
3.4494446747655307
3.6512209926620915
3.9393157383296376
3.951369660834221
3.5416384205352562
3.7994797926357977
4.357106275469709
4.927503606149394
3.751667183894051
4.35992957579606
3.7262989950738175
3.109433662099726
3.747824569935482
3.632372380188798
3.727281460937652
3.252623804959055
3.802991814733984
4.103655908569454
4.444251035317579
3.360980713964441
3.434807001180804
3.1354574161756457
3.469912543999263
3.270048512714193
3.2994457581314895
3.334043752910551
3.9527327462349096
3.6068218920379853
3.864179245575443
4.900527073252261
3.504042898178334
3.4334204071053973
3.7009862604992843
3.9022045279557362
3.9174891846760085
3.7849436103650835
3.850660040185115
3.9080220707365863
3.053247332185813
3.8980945383503376
3.573000567130914
3.2091733417884827
3.8721036786026506
4.419263080652645
3.962635436077712
3.6872740265080397
3.382649129045542
4.1839813065979365
3.9443980360782085
4.611009036637407
4.453233724109692
5.3958308655149905
5.968208776810168
7.135517943316945
4.291134335119547
7.197132038281316
9.812180711131278
5.760809029201926
6.349452426065963
6.255411319080201
6.536130268905672
4.622718679643873
4.171568332556373
6.054907061221829
5.582894157082218
4.935685927914048
4.2347243888614114
4.462252008724479
4.137907759239777
4.768812268275204
5.2886772165392815
4.30468315986009
4.3595001306382
3.426332563812244
3.17779656042664
4.161721139040776
4.126282764230856
4.595105335562827
3.7687902653777847
3.9100827881800195
4.050926173671737
3.9504477055218286
3.7138194129759654
4.650122790740751
4.837197987609695
4.06357717920197
4.888489942738364
3.6960473987090956
3.783191442473077
3.5866191149595683
4.170537949496478
3.7532421345216322
4.221544365324459
4.984570256937721
4.602834837707822
3.465774079909352
3.78721054207816
3.5910283026647933
3.8021866224466203
3.3545858472059114
3.6352508257370384
3.39484631315458
4.431080736283744
3.143146313695212
3.9719027117560186
3.4357635085892686
3.424044025951855
4.012303788210258
4.106812498196511
3.71651320042826
3.9036920626881124
4.031216399649483
3.8145845152162523
3.9422460296348096
3.542916513296806
3.951999595065237
3.815983425957051
4.225947915439589
4.561662570663995
3.821675375023854
3.8586231211345217
3.9419226950437225
4.013716758101408
4.095174374922993
4.064836864724345
4.425931127954332
3.7874118051562182
4.712636428054854
4.971473696480654
4.481688229167486
3.648402664457436
4.036382262714863
4.215967554622163
5.131799885554676
4.659460244619034
4.805229867684481
4.389658603153262
3.9697444909931185
3.3407050855413667
3.992310874979876
3.8028666083331655
3.8380229417412015
3.4037989265025987
4.199032527923108
4.568520805414234
3.960742525601643
5.761735428318018
5.894447879670269
6.174882987898344
5.510955979076064
4.879438940456799
5.136149015877295
5.520265307740893
6.588896135480073
6.696144130648481
4.822191062015135
4.493342229407969
3.9093918508962147
3.329225454596628
3.1050922834404586
3.43410234513985
3.6666442930593544
3.566398514787504
3.601628625107001
3.9061495492298635
3.7464653808279844
3.6959772373280737
3.1428759533692068
3.7117677106950997
4.079109992123566
3.589199615590577
3.4798660205572007
3.70993497428629
3.7409130982686154
3.4769829656510876
3.8680090299720415
4.405742634297635
4.393632641028354
3.1740947426613757
3.3705377816432396
2.782438900117147
3.651919275774711
4.13668251201609
4.35832719181247
4.403247150544337
5.492709013982909
3.450913650285894
4.287157145269142
4.155371696782862
4.335576250057639
3.8529432175634737
4.048603541030525
3.1835328590664598
3.906890474507676
3.1001741335014135
3.4545675990546147
3.588138395966747
3.356446607450351
3.5733206458978297
2.965348794124671
3.472397813211844
2.8917723392045174
3.3325067031709987
3.9063733923185193
3.8760973877271248
4.502852842160894
3.18664903595837
3.8898526140742113
4.045506572994111
3.994757762431171
3.178595241872157
3.5986813094923473
3.497633516868728
4.009609744200202
3.5192612587667997
3.5236652106808424
3.559173302852636
4.427354813996621
3.921862057642967
4.301945824806388
4.303674174237846
3.826354412449515
3.7077017127827223
3.7117006142575963
4.466067762358103
3.795086535641218
3.8904924769515015
4.16242784924929
3.840798816416931
3.913786263113941
4.089517083141456
4.034986892260691
4.031431798778122
4.457511536979644
4.593717532438252
3.606622638190519
4.082340144330341
3.618072933110972
3.9146221409086563
3.621281212626974
3.8742734419653804
3.711446437571754
3.2914787362441134
3.9029026987086057
4.293414360662966
3.85499978974417
3.5393739658176413
4.543718444487312
4.404896932542427
4.043530564056095
4.527954457308109
3.584428772685385
3.6965393544768146
3.8670962397054645
4.147091137368611
4.490173064759301
5.009695921045896
4.559300371227613
4.982386660718348
4.626014496673736
5.255738251242219
4.7077354222339105
3.275302738244701
4.147546301881589
3.575233199470569
3.5845575659956035
3.5164362959552
3.8231729671888672
4.704393119527967
3.927118649550894
3.866502134745699
4.323057517115656
4.604280633624317
4.66798098831224
5.770767619771437
3.7943582490625727
5.226107567544404
5.3431422691714525
5.494119701220285
4.748198229508352
4.591638003508847
6.147846714486173
3.5279715923313564
4.078712721685538
3.8901882431095727
4.166192562261779
3.3175578749111683
3.626850860281093
3.9529584252553014
4.10658888601427
4.598115279699292
4.957669154559019
4.91242165383586
4.028052377614894
4.38210388224283
6.1076293473523675
6.649200596004313
5.28333164612588
7.113249572564053
4.24793342676121
4.7847474734108495
5.41966692745628
5.136867621744079
4.51088917909073
3.4338336575315433
3.9006430138137733
3.7892311858262673
3.783337575495188
3.761690849433346
3.6945060308866595
3.6778713437376944
4.083399535264591
3.271383515455769
3.4396540364574157
3.3251198318345687
3.803754434801824
3.1675058236227005
3.107896440567464
3.680575770328884
3.1664808914883484
3.052933395078524
3.208467105409072
3.848963512579238
3.4276795392752297
3.1400885630991446
3.9643903511135785
4.14426855337853
3.523627253526972
3.949877382543875
4.034584672881595
3.5600457999548634
3.669949001000898
3.9139670375921503
4.091537691042994
4.083073511993548
5.179596741856785
5.420044302877923
5.107911298324097
5.840062371257002
3.9216029136914603
4.771121547416853
3.7601828911995763
3.8584629786772497
3.468925562403746
3.319727433982505
4.004797585795794
4.093116528037433
4.530951306166505
3.776371576780373
4.715832959952522
5.927554725056423
5.753420749632376
5.421915798966835
5.854740147318386
4.4545166265703315
4.978289835965116
4.411425285830753
5.175039590751546
5.547012706218948
4.113699650910638
4.290023317968069
4.2420081422410725
4.916473036097933
3.9693012499821383
3.853059165286488
4.536136277952911
5.836003007304213
5.664508073845335
7.291097310120931
4.409085363885728
5.598669225195026
5.119167933420437
4.540108182604643
4.022229225384505
3.9480237939438205
4.263572729035666
3.6001472002454555
4.249270393111315
4.486318414835642
3.646797918532989
4.312922344194615
4.836744124275918
3.620367323874443
4.921242083056548
3.1549865684340777
4.027043592829398
3.134906499099844
3.904343954666313
4.297696532103526
3.826119214719479
4.68757856963426
3.6146184569370687
4.650513833650947
4.62624217155356
4.593027961053057
4.225665520704535
4.219156277726125
4.475784415060826
4.720731052970966
3.881561080108292
3.926167657013539
3.8234237937018722
3.8255646940435417
3.842718707668462
4.12201227588444
3.695984206763197
3.9065205338502222
4.283408245638855
3.536725293762406
4.609513091295221
4.112173260018743
4.516214566087151
4.261556254448945
4.0061291303271425
5.853346636992358
5.31556433810705
7.853517159002175
3.870009123943614
4.468349622487901
5.071033367484774
5.156399074684086
4.861783811991034
5.74780558584731
5.077423170920803
4.135764141629486
3.973797718721268
4.489023499725629
3.7649647801563733
4.08135695757963
4.009134406390819
3.330294838361368
3.6442450786790244
3.88745608357691
3.7839870315544646
3.7122463186141927
3.06670507247773
3.902455826035796
3.719638845114732
3.899928424639861
4.317201859741065
3.508775756721659
4.113053991879285
3.793887943258962
3.2630429780299117
3.56227136924071
3.25127354784439
3.2641665487426588
3.559251639832354
3.536875185870325
3.933779806214799
4.836216306023046
3.852556516614645
4.010059838326106
3.942320577212478
3.9569397821949766
3.9424193230382865
4.085469971483178
3.8160926878918473
4.898125862399871
4.234599211996642
4.653881987235852
5.16769124350619
3.788082188105783
4.53638508974781
5.085280624794177
3.917710440240396
4.387778252669346
5.4129622296489455
4.85231039924874
4.383652727304714
4.295164050415286
5.482303804153914
4.277367201262053
4.678618546068712
4.6221371867313685
4.225975962347879
4.903332466432642
4.129738327350248
4.114423430762709
3.445571293149925
4.670822044125533
4.19466886046068
4.912838163894024
5.020176667862985
4.669864969221903
4.581344262800936
4.601323188451695
4.063829141270953
3.655754248120571
3.850063432976026
3.85394368014492
4.480593509730386
4.941404222167666
3.8806609043134337
3.628916688456569
3.4629685928718668
3.5119416178889846
4.150366049493034
3.319152960388899
3.826928553364769
3.8378586900320304
4.039173090224822
3.6268550242478352
4.147227009918498
3.1427433751876976
3.76939708533133
3.5083392628135557
3.3220800180341916
4.196058733110863
4.30366973537544
3.3647597413232946
3.629220420638224
3.6695365752463376
3.795859207819017
4.215254284344136
5.140496702662139
4.470388547021527
4.403066780806426
3.9030181617225863
4.564327140297251
5.0915772268554695
3.962587200776196
4.396187997847882
5.650720675196657
5.322796967644815
4.712437715163619
5.327178954917733
4.375894844233759
4.136909733402199
5.076055071303202
5.021274483563328
4.983053476931775
5.257167394299484
3.8284973814432295
5.399302454947867
5.062832758523752
3.5367864838420053
4.050713468807137
3.2831146723023696
3.4656999022452353
3.5845717056947604
3.1720756583590926
3.8248607396891687
4.473975120884836
3.725446138747361
3.583037105003568
3.296179488818418
3.494364490412453
3.8078666096246114
2.9778841851030005
3.0850563007979463
4.13134679298926
3.5616584138778613
3.4400101421130955
3.956363139470243
3.459246781471825
3.212947707778675
3.698244650075634
3.4527657176998137
3.350938878850619
3.0488082224435136
3.725273008698267
3.727235174469137
4.836195490714361
4.588644032890332
4.253564608329382
4.400720853335605
5.263322601316881
5.72643724473118
4.897052849865906
4.795790203729121
4.4691327474209075
3.8624868791360756
4.199520527441574
4.365569709591817
4.0737293997558695
4.132396434916978
3.4164696654892994
3.191235879714171
3.4589985404002874
3.0365408914442775
3.3673233875579793
3.121973603778548
2.9932799735553686
3.2213887535448684
3.727434466781399
4.18410858368135
5.331731980924511
4.599167284090388
3.5085384657879954
3.8893097010044393
4.803927290983198
4.960773790033756
5.1069017482693795
4.490252251230532
4.162899201723011
4.578959894211948
5.291755206794021
6.23760976927789
4.45895588094231
5.194380504719711
4.386629963467167
5.2606165284778195
5.554836957366965
5.482732719266559
5.223903198719682
5.420979641555033
4.4159833529370545
6.297776750790306
6.600732568181562
5.345456700344909
5.605259852402732
4.409385700970569
3.534596418865466
3.764347778455916
4.470692280246574
3.585663247112967
4.41576060054574
4.962308546340404
4.091188209256822
4.039707621287889
3.6025425018526507
3.5929351074379614
3.482586060523315
3.7087300175434383
3.79024727377078
3.517940946251156
3.829211111943431
4.2549039370441015
4.30241668529564
3.3593502132080952
3.7440735411685977
4.047169424750554
3.53706993667029
3.6396684843068465
3.4068123813888307
3.075435614315464
3.245224975108095
3.377025911053877
2.741522589534008
3.2736573715050836
2.743765081663209
3.140634849870752
3.5143020275492973
3.1450996633581783
3.2120128415529847
3.4509103868451585
3.289156497442864
3.4071813824449158
3.183742711460188
3.6006292043046826
3.271139621985325
2.7749527233091156
3.1985823852994724
3.2033585749061317
3.6907496881561053
3.0263318591805946
3.405006749356921
3.587072302989487
4.492984444029394
3.5654996352606063
3.7797127375024333
2.834234785546759
3.637756625372507
3.257179194660247
3.630006830321312
3.3635183200784944
3.428977286578623
3.5923090571841345
3.7586771176987632
3.280937099424851
4.211374877213507
3.544149861313956
2.9937462897641267
3.197712256152307
3.7309350732936464
3.2801987446198995
3.026268382334851
2.9013182693419513
2.78676939020219
2.761964282445317
3.5439482425492406
3.3351083846867287
3.568339069769936
4.162832105642419
4.216149459842018
3.8464615908017215
3.692772910568371
4.610630401376572
4.026244192407094
3.551844984682798
3.542328658637797
4.624398177156998
3.963456258207233
3.922945697239479
3.5862148144740833
3.493464730323859
3.6169769266666707
4.011572464968965
3.4304521497823823
3.5106551313255716
3.452222647006637
4.1288156899335915
4.247398931589682
4.273897623276181
4.558735007347576
3.981565165048592
4.240006040201003
4.075766225411349
3.219072254199633
3.202443579127581
3.4210178303186427
3.221117221182402
3.671448145778709
3.945241757491666
3.0971355694489495
3.617495929191573
3.013820509972606
3.618553659373074
3.329634374181852
4.011920320434753
3.871650734731537
4.817020911095662
3.714334234267205
3.1149942213932125
4.2349196444948545
4.070425886148156
4.16108204602903
4.187471286453191
6.1504332203253504
6.316344532388382
6.706052120247899
6.536302410663832
6.430551131939017
7.282352910163979
7.531420021571499
5.004823199569891
6.051117671121972
4.657744712016471
4.238793634319686
3.683930471708604
3.850334052255123
4.5768803550696635
3.7545163752580186
3.968744991939116
3.958168373535719
4.7021813769740195
3.493994158481699
3.663206321090556
3.2925707887793134
3.7557782965593702
4.082168113891025
3.2165519190073018
3.8029583471767245
3.2450117315474527
3.7305896457350003
3.2173058504265493
3.4667626652053762
3.404790127917374
3.4104280375774567
3.801146917069774
3.0592808252629125
3.2890367051188467
3.115870471068671
3.8478020476611063
3.734767905208181
3.2812800909547537
3.6104710383438237
3.80171957579513
4.0862271582290814
3.5847436681862064
3.6816869583602165
3.9895710577152563
3.727824553950976
3.7476434952518343
4.079097919433007
4.9861115710639945
4.308483944232785
4.368671282551661
3.6047296665547917
3.2693279447033627
3.445741903620531
3.063296859183396
3.3135721767818107
3.818688424138665
3.6587241545932376
4.0055436267305735
3.273257757031157
3.131473360047446
3.997317003115977
3.601930137983696
3.8676122574159795
4.60468006995842
3.707140228934279
3.8225916064691683
3.543524925632052
3.5902801694581323
4.0139508007388285
4.890624370794723
4.005020753653958
3.5174813815117516
3.378197190244174
3.6569273972194094
3.0223326171749236
3.793874967647599
3.5845114911475626
3.556163712295543
3.8037419274177298
3.5112460360693354
3.853333861331765
4.055220563980168
4.517335949428521
4.621668077252887
4.844155078037492
4.521187504731122
3.266165440269357
3.594109382667972
3.4007167689620545
3.5249548778921587
3.651331919457603
3.5822912399091162
3.6476584519068056
2.9072948992317866
3.8901179046943737
3.537722406545517
3.4317973262826396
4.039591343066605
4.023119894410804
3.6911157465014117
4.439574607024679
4.771884552682146
3.8770058956418985
3.7103745036665883
4.0767715761977055
3.054189472734357
3.7065657072586276
3.2335997253952615
3.11371894263752
3.2167979183545596
3.853650493697992
3.5980205204557376
3.3156238471225747
3.6259556898707945
3.7643739303278494
3.538459757612801
3.3384612841627144
3.243070093850525
3.1834201871857872
3.150803574229111
3.059374538392141
3.5567956195552055
2.9097397356215153
3.69611898262173
3.23207125559024
2.914171519975956
3.729866870367678
4.110947031194562
3.374701100311459
3.7569622702947236
3.507205053440341
3.7342463691403136
3.613917007945637
3.5592868177202504
3.422499356095141
3.072194029295973
2.794369767585834
3.3650954726906086
3.0098806986145745
3.1074583442513246
3.104152065144409
3.38104773801021
3.2881168672726897
3.929612978497637
3.6988606217548643
3.3870602051712435
3.6759755007765715
3.612666086974285
3.566939869628452
3.4634821521683263
3.5905103949522443
3.366244692323388
3.554691293519767
2.891504392641815
3.1117628626662297
3.1888684621176218
3.3854866784605893
4.287574656397615
3.182438974100867
3.697382980677089
2.7748289541547364
3.3391378950358677
3.2052974693935994
3.4501269912225196
3.258842191714389
3.0367884712600586
3.008928422957892
3.401052498749108
3.413104872222169
3.1210106794931916
3.575660745655794
3.3666184842445683
3.1167311426093
3.2496019201422324
3.000029500527969
3.280116497482171
3.314649089232747
3.29436347248036
3.419672704509775
4.06445568293383
4.8637893644644326
3.6653402836018074
4.461522251239684
3.6841061038503824
3.169301299352418
2.9898203932929817
2.975372086187428
2.794557112596883
2.8676284948640682
2.6836681834112666
2.665801016922154
2.783132734326029
2.8743970203757683
2.6572410873180514
2.9198199830421414
2.983381815783894
2.567785590526555
2.6149063947799562
3.443943419557736
2.476326749266814
2.903378862366799
3.2537532404751177
2.9755990803610457
2.707900589025842
2.688596722376754
2.8708797010998537
2.9639063275293642
3.1028769032678607
3.413770813148758
3.2905521018655732
3.3712442034452383
3.620257294620111
3.47879710674242
3.14029426652865
3.7801740445291228
3.766012576056485
4.421906295538724
4.593517356298661
3.9465007382151587
3.823121202196554
3.1587056865971
2.8801426833632977
2.95985878658922
3.312920661976959
3.222016216113516
3.1868501515034278
3.3901164138689435
3.637867764365609
3.1772239867347185
3.216694074014481
2.9402190415488367
2.823264446093053
3.226381453662684
2.937822272493844
2.994184231528338
3.127289613904196
3.1882158123690854
3.44074947268841
3.104220732196797
3.745742367147053
3.291099658634106
3.0626714627098806
3.205571214418918
2.997975753939546
2.8983648386604135
3.4195395689813415
3.1038569842739343
3.807956727689941
3.65833005821965
3.5648783982589136
3.1173836704881834
2.5896708365248444
3.1080907370376814
3.4525115199888994
3.9474816152465064
3.7517804437177857
4.143300199513032
3.790717642547287
3.3117937249136116
2.8657751441868995
2.7718415554828586
2.697722907709817
2.8962546313284605
3.0413022094437703
3.2040730826391
3.7157034793343042
3.330433405046025
2.9919186541944196
2.9211739465130324
2.8799213591530677
2.8028014830526637
2.9833285189996857
3.4117622383885715
3.006538732341551
2.6325577942030014
3.339264139040507
3.3082379152205226
2.6333463418676497
3.0870244369355464
2.9357447362889735
2.830795357561487
2.546464112569811
2.5427014459643384
3.073673319763186
2.6137250596604793
3.0449505373542034
3.2993330077176726
3.6000048892776237
3.457585296639264
4.009255331666881
3.6450432900354532
4.353232160263255
3.61203974538226
3.1502173694354423
3.3553262933337944
4.231637448824861
2.620372520285638
3.0147004356197784
3.056912213181277
2.860805044764279
2.663882216699991
2.8678735985176615
3.442007654295371
3.3523003057557013
3.330348988482401
2.8450799809525424
3.0633709452139213
3.2802080146415564
2.703605352893802
3.154185508310551
2.5681133666992366
2.8448505863585765
2.710983505973282
2.768125650998288
2.8928283178537493
3.0323946544632205
2.8031036976941666
3.264419458020717
3.017435936272077
3.4847783386563043
3.4290098929409836
3.2998042418382028
2.9064338205681093
3.465545601367993
2.8691193707319713
2.571219732146744
3.282270509569271
2.5720717757669602
2.751375455208067
3.1004982805840458
3.210989531331513
2.63005655769021
2.9973494510812686
3.0520670035524877
3.280438077477996
2.8340176810853843
3.190340466550237
3.1107238303150315
2.8778047836380956
2.721782721219353
2.867535349304916
2.702930024750837
2.741766679152466
2.8741780259628538
2.895829174225891
3.106371677548483
3.001998699534407
3.108104964112719
3.003977524689126
3.019081367551195
3.498643929397855
3.40786505852394
3.0842321636288585
2.655928119188462
2.7812601333674887
3.0856701374187354
2.8109383022704653
3.332797871429493
3.8088539167516244
3.9193186040818
4.3175044024539195
5.289507666040847
4.576507155884311
5.803509805241422
2.9167011924924213
4.435132940621219
3.324184485972298
3.6028948869330124
3.7201159697309034
3.0460835839528744
3.5304568538941896
4.018813521944835
3.739718013998831
3.7609898004954845
3.8788607520859664
3.3030522539734353
4.347329216696303
4.690506430539038
4.481543718373628
