180.1752111550112
147.0003205930428
121.58736700735204
108.9576736507529
97.54238929549061
106.31541561484741
103.36129403459029
103.86170765329781
98.0897630568466
94.63601277547154
96.41146240079416
101.9386886029936
95.22900374486397
88.47611011583169
85.16820076536806
73.71582080858884
75.18424382966222
72.51453614647606
88.14908992957062
83.30154433297598
69.90106272307621
68.32425640232519
79.04618923970325
66.55917521832639
73.20312726773369
67.17152279005575
70.29126414346118
64.81462856599066
71.10967780554361
67.41730729109429
69.31555387139115
70.36431645617762
69.11310260126679
76.29706804143817
63.31296896118303
65.10144281105225
72.02130025690509
75.96187591765333
71.84742620252777
70.52073122660146
68.05335442206982
67.32721010499037
68.8218672788822
66.71122904950703
61.04243975649004
67.88036547462832
69.70787960403567
73.37347854095971
63.919072398437656
65.76120363135487
66.61191242621786
69.40948976530754
67.97237697688568
63.349761929137514
66.13953507676098
69.07993424176911
62.83630232366304
63.241319535886085
64.41711512692967
64.82835966367604
70.79249938379246
60.87477850541538
64.34797837651203
59.164447846700824
70.5822862368047
74.67806105717072
65.55669894792354
71.1643201486577
65.22493639857277
71.47825869229162
66.87300764132996
70.52621165363465
66.64568657980665
74.7741751674359
67.9033771323606
71.9561590033543
68.40759589399417
66.2568546335313
67.8734999338907
66.16534795471856
68.0107141300949
69.14521467237755
69.14245609344744
69.89098020078599
71.5459167398202
63.45362339678375
69.10641627517286
66.35274649329847
66.25005235162597
63.280066896904756
72.3638020785705
65.81917527183515
61.281852173367824
63.56671299076674
63.233905751643654
64.17707505052316
60.57680506086039
64.3597776976879
62.372131784970115
66.72783893078997
55.37392839497436
66.22871410826428
59.055654918675884
61.929039745219036
58.17234915186562
61.62836302947173
60.115866633206
62.81526057265021
56.99566076417688
67.46997723494741
58.430863312069995
60.726411361512454
58.722406527437236
57.28596770451724
63.82077399042298
59.72716486332767
60.96412916925401
61.77956896374363
60.2266504649697
65.30171737829197
65.30717485916324
59.37624946165643
58.11871021189636
60.17990124226026
63.152032832019415
56.67779810946974
57.70931423694405
59.78388382918205
58.99352056378068
60.11840305231878
62.570872136301375
64.34738033545018
60.283152258211985
54.68955739094312
65.05186353614403
70.04544602639686
63.0801443410964
61.32076320680578
64.93740234927664
62.81353018898639
63.254235586002515
61.596514597719086
55.51192589629851
62.58392368608442
61.866396252142394
60.64771561601379
64.89686529426355
58.71762688059951
59.37808712390915
61.429580669762096
55.21778827536813
60.34183387187892
59.49798754301388
57.861228150591884
64.60379547474884
54.2358451418979
63.00391993115481
60.16787328937704
62.93916437123711
58.496207679971015
65.10306669733914
65.47891974488734
57.49292560479684
58.41851297770287
60.342742840324156
60.55418489073085
58.46526858088927
58.39597659045398
68.09945224059422
56.74970406353343
63.753102589551716
62.048375735194625
62.24576561854743
58.89777767271157
58.50034948769583
59.76303052529083
54.483107741657534
58.01902103949507
54.32280811884866
60.68132494776195
56.4537666904566
57.354321565607044
55.8968333640838
57.89837174118782
63.43344724247903
57.6713897301155
65.08759763116832
57.216305634458166
65.01557189161936
58.43382397215892
68.39422173548365
56.18616094619021
63.35654986308984
61.647234006214546
66.8053656056425
65.2260588460723
64.20352954602613
61.21693004899449
59.00941420068752
59.2015013436521
65.3683961199319
57.215489897299975
57.786772937516204
60.128669026828945
61.86933023084103
62.197162908150275
63.27246842321167
64.04363461100353
61.476094600077
65.40118121598498
61.413884699918654
66.507403895392
64.64863652475046
61.45735586662299
63.66559804295513
63.87641185740842
62.87749685979659
72.20573690458626
59.07878126688131
65.9150109944779
62.814895327830584
61.238506003093235
62.71728951823824
59.18609540908865
57.163384148213574
59.87914675694917
56.963395511427315
60.77975926173658
64.89576931835568
53.79417771924363
56.38923995996456
56.63600599202793
58.467258857130425
59.169251494046605
60.22620909274483
56.131914885287735
60.268581378304624
56.09983102988746
56.00822819576392
59.16110880947621
56.021583666006315
57.88638340356533
59.81709841250024
59.48743779377708
56.07866235265594
60.24621721565216
64.89917345318707
59.87594076718067
58.98404547164012
61.34814541680895
60.9309494802357
59.16605074437251
56.5985891237312
54.7136353418629
63.1913050697428
60.11517110616585
57.49275110709226
58.43410304945666
63.903159682893346
60.861653395951805
55.8739326377689
55.772930925664404
59.266582269500695
59.02251539257175
61.68547670187327
54.51224032967307
68.82437910144493
61.22803358741775
56.132113739430864
56.246307094786125
56.852147698307796
59.11037337567518
54.75662758121572
56.24004279226216
54.54665411586244
55.32314782645508
53.76645715715606
51.31409994557543
53.89612867680748
55.04359890279083
57.349568719230554
58.217369418708024
54.65844449731191
52.541930813629214
49.76777651221135
53.89180901522224
53.19879073006843
56.94962341330629
51.72496101954522
51.809134429539775
52.418050567760545
56.03186749634695
51.507886964027485
52.81009132845154
51.30961999538395
53.29934070352766
52.68073634043708
52.41631079761059
55.280654187533564
55.963787399993706
52.820826406213016
56.523258190227445
55.65258497224385
56.90298894253128
51.229161641312565
49.6245783247545
56.50067699806663
57.838907305827895
57.98892778283052
56.988269356019735
61.91891805294526
55.025718821571154
54.43648833731334
56.12126851135057
57.26906444430373
50.63215078738387
53.53949932624705
48.94022255405747
51.50986522356623
50.96220792143926
54.70505136395029
47.93433274006118
53.02006158993192
54.54424315620634
54.839757072186806
53.52193826854266
51.160262515678525
55.28272579339127
58.29144721702938
59.28734496323097
54.71877739503127
53.70483910258752
51.73744531140508
52.61346962848156
59.20369747026269
56.91363837671375
59.04388414333633
52.32973262419753
56.98394842349531
55.58503324631778
52.00958595474551
54.395937145808084
53.768471499330104
57.864251569721475
55.224324508021056
57.0660386025566
55.15849792337983
54.2546318140544
57.75697753404402
53.61747267553405
55.97759638204623
60.03575988758621
57.62583182173361
59.172707418302195
54.13833591742946
57.91566627207537
50.57414887470786
52.81939516884683
49.51318662476234
59.27675830051059
54.63879566168552
53.776941668933596
51.620975716017654
51.666068745219135
59.26560248528725
50.68296279247079
56.26945532602409
52.71215802697299
57.879891733631595
52.581885508686256
54.21020066730973
50.01973233559434
53.64197212581385
50.37819170674565
53.1571954295047
51.43374978043841
52.58679143197744
54.948325925199676
57.46111221519146
57.94448870020125
55.25033731633423
55.32736496194867
53.38146596861594
56.140825752317944
54.84362797294991
52.27852933794084
52.553090321534725
51.52272493425053
58.607290859683154
52.838806643066754
54.533360912707906
56.07613677241011
55.626921357505346
53.243778220173446
53.2822555707271
53.29069619437567
52.33843826559089
48.78348608596769
53.2908322146275
50.02559959881299
54.7651298243305
52.48588657802125
56.70441941803154
52.35207510433901
57.72574127749866
57.68632833342141
55.65544193226811
51.17908824322132
54.27420662759969
52.74648689421738
52.44895497490031
54.14043416756164
57.30300024834427
64.11157653309552
53.97443524564287
58.583138573936594
48.53580027407894
56.767106166355006
52.16341809304887
53.54674859759728
52.89076137774114
47.84841418015449
50.349285882804544
55.66410254738431
53.43844294023839
54.127279932521134
56.66540306550456
53.28657834773756
53.66824276250848
53.63658782947877
54.129286157077104
57.15143912045468
52.565813887474725
54.068468888638435
51.58195273777255
48.18962587416341
51.26926506814042
49.53760608366129
49.12548065492619
46.60439385018864
49.4872625460004
48.27748505094349
50.387694919297466
48.678003867327895
47.816757582315965
53.47097199791736
51.44064629889981
48.500826860378865
52.96071041231282
51.22655852350039
52.620757777660074
45.362937171952964
53.318284723466604
46.343747501271864
50.295242505222596
50.35018373035401
48.69492438949452
53.06123973283192
49.92237095510085
48.518376641175394
43.60092641397301
54.22050089028452
46.72307253289342
53.028275047684055
53.45416831245335
49.71472423127703
50.908458528235094
53.283112589280734
54.53400475660166
49.114760193884365
49.28654195634167
50.400370956866674
46.189101660925516
45.338978625886924
41.81051243759564
45.23939772249757
48.47472120196735
46.49519683764396
48.08511380007885
47.93072494787546
46.819476206649284
47.33967790102835
47.856900607088875
43.457833828653065
47.925630210153464
49.54495507498139
48.44864010143858
44.835114379585356
50.58651194598763
45.93707944038335
49.17133972592917
46.31166053738211
52.76763337695096
54.05643878882515
45.404301169130314
49.07038786920804
53.30613308449024
53.77951487405695
50.31528029450692
49.92886486135446
51.335971913113205
50.879036192812094
48.642781530872384
44.10174106078186
48.20896263918936
50.455608161373
49.42135152031396
48.72398968059954
51.293225074191376
50.751924942378174
49.975981153043016
47.71914987362048
45.82986074991222
44.56057638743563
46.46155974922679
51.39265165838082
45.72740764094895
45.8550433345865
47.35014765643262
51.04799989620804
47.23870079869026
48.11043187971514
48.48981428331556
49.244971355604704
46.96116800463136
54.262186230029755
47.137405581724906
56.06677146364979
55.231416305146595
53.906401069199894
50.26571147668139
47.977638792881805
47.01753386544513
51.88658763128932
51.21954397875164
53.96756513849115
48.484031871041346
51.9373237136037
50.84367661046924
49.98078165905572
48.75043515087807
51.29355126108475
51.54621364620729
46.762148924550004
47.76168528074364
49.199804266889984
47.997565185389604
47.20258144686133
47.27910516333094
51.52318607945726
49.511965660768865
48.526512686415806
45.09301959578963
48.37253115729868
49.00067518482379
47.165484400282566
44.48477862174921
46.03033525843983
47.985234336022884
47.070876093448824
48.792482810642525
47.03345747225435
50.60804515653694
42.78240155503828
51.39187777565943
51.52221684674369
56.08924150616258
52.79477126374659
50.06257258261508
50.70633180026902
51.135748181613344
50.1311234088
54.120208048535254
54.253352149918285
55.03467245639242
53.47394072015242
52.15579824565898
52.615579007718516
52.549873748619554
51.952248050554246
54.61625339162245
51.70897709093177
52.82689780929706
53.04949244181355
52.436851534735176
50.1418864296431
49.98360071261332
45.8642982586264
51.61137666981569
46.080533382126404
48.40210995434597
45.53276341515545
49.76532128437882
51.47911359226736
46.17437001377051
46.48823035397776
47.98134632044944
45.9118959388166
43.154132925868
44.696245904216674
47.72195140904191
43.8446589441365
48.13953505897293
46.674133359900544
45.971856434476486
47.83296926062123
43.95279849521801
48.32017309061729
45.93484437651111
46.604542333659225
44.20372707726431
46.671496237789846
47.44743345627456
47.46787784272141
46.952920782094786
47.7614482653828
45.894486960149514
47.08630921634475
45.71669272002442
45.94056382249066
44.9177148941357
47.14076066499978
45.452902450332864
51.65735265436968
45.97652013626643
47.464769400805835
47.26406608500456
47.17119121675303
46.091733094994986
44.20356662429915
43.46527059383385
46.51632808506751
37.61781675667577
43.7948270003497
45.19370273993447
46.87419783223049
45.24971822203081
47.90640837690411
48.54597716424672
47.68449441572941
51.444613545664254
50.84828027475691
51.99559147531064
55.93153373344744
56.708952860358295
45.94724594228381
51.70404181567603
50.166006695590056
52.31099217307159
44.47355818467374
50.25762359585683
46.29495744300164
51.14152772907573
45.94603392137009
50.064788425375326
46.34944855344319
47.9194240932698
51.138314023428286
51.87497730957657
52.43530725155844
55.097674941930116
54.13143581885392
52.7344956705645
51.19118984200566
51.24340859362848
52.385861559692515
55.007670345680964
51.68393519767935
53.54522755234243
53.73888847124567
54.020134611847
57.33267244748361
58.802463580450855
57.393339373142204
61.83438159224883
58.978337618453864
60.75063975961321
55.39687881022577
56.119927358331154
60.35346173119564
63.20845209095009
55.55748389256217
58.43889933775111
60.17007337811519
57.518343406016484
63.7258720941094
63.667408608690785
68.83277851584907
67.55440958946463
63.31861053394628
62.82247909196487
65.94509340900362
66.85486349834765
64.77414449900256
63.84659993823625
56.662461873909194
58.56846932277871
59.49119368592878
58.993539916117406
55.765149800528945
55.21360911335929
59.1781605287413
57.583803240522286
60.33241486446075
57.2405390378915
55.14426129120957
58.49356817822817
59.64264732810959
57.04478115101539
61.05779495867343
56.222172842032776
62.01362141734087
57.279481018088084
60.538582105400636
61.652648337630055
63.24184073832141
62.195525504291155
62.285434590002694
56.79487677591361
53.94570128047102
52.20250682165093
49.33171308159487
51.176454762313824
49.53890225222689
46.04117008262889
49.629573589425675
44.6449115279138
49.91248374721629
50.01893164107612
46.62851841232557
50.14805691285898
46.59190371191023
47.95391122292394
54.67000232240534
51.42426625293699
53.401744342822084
48.5354457583755
45.91947132254219
51.1108756207527
48.51222204650224
43.69127140318545
45.42965417390085
45.45159925089185
41.69427687963892
43.8501822104356
47.14041041606609
45.15049118740688
42.48392246355821
43.004027529811665
42.510680482064274
47.58570004730061
46.25508555459009
46.55413084859794
43.86922817438326
43.60755700581557
42.291931495815355
42.612158181974536
42.77493095808366
41.339867476072776
42.43142769842678
41.59367728967814
39.42405313532583
41.67431153575162
39.38247783233798
43.841073966581774
37.30781067169106
41.43596491593858
37.487259437154904
43.792601809843426
40.56203691781407
43.40072534222594
44.51957216804463
42.0675283955744
46.081224719726904
44.19373806734788
43.643965448715065
43.75041326997848
42.02470012964392
47.39795640439493
46.03408578879904
46.26162902097618
46.81890810309089
48.61458336060796
49.27447361006704
41.85979147832894
45.90394361073973
40.24395143508147
46.504321928018605
47.58866293792919
43.28770284383666
49.90149492888553
47.36038342152951
52.614882401660765
46.30886155325472
51.49329334476435
53.12297104794986
52.034498869967486
51.27091982902257
49.71782401466071
47.91210774754005
48.87400827921765
44.92466613954003
46.51888411244572
44.348217709911566
51.15540650829994
47.62753742619248
47.417932408950946
45.696877071010455
46.40094608480717
52.38553445755635
54.083454269601205
49.59251232939641
47.7025028099446
52.23902835736274
55.18364578701945
49.811644619275356
45.26786302656865
50.71262587411332
45.775296679826376
50.5038082217898
47.48034440617285
53.76279189377524
50.15941785782863
51.491961860467406
56.39667532246365
51.77914377087041
50.894398076493815
51.35136272950114
48.414443310362955
47.105018321828474
45.66695574226756
48.7799036486391
49.56227361168387
48.645379198377015
49.7413436702061
42.150011022616944
52.505151751161264
43.794667646684026
49.22093221547882
46.64240012744951
53.693086048300756
49.05541824739345
51.791145280941635
52.01168857501171
50.282923801322276
53.67902071659469
55.38957002363444
54.46145226616425
55.05828821141673
51.90555602554783
51.242860057480264
46.25617928754497
45.70535481172088
49.802030186405794
48.007557158626405
49.07045270214905
51.894979052098115
49.90694975704699
53.35895684233742
52.81182259156148
49.702000822363104
46.752662409633594
44.74520957014653
44.510561272501306
50.09502278169969
41.10051872552764
48.33811915186668
40.44843578868007
42.50143342452138
45.14951143683135
42.037582809608814
41.619877318056425
43.15849109787889
41.445766443512
43.172964918898415
46.88231437138906
47.522354294063696
46.90382855153445
46.598953906909344
43.371286454706485
46.40488767163401
42.38550027458532
46.90498226936747
47.35220073957666
47.40941441320736
48.16517695163133
49.26575703003979
42.54490100749387
44.19862129252176
44.842650806597284
42.206914042264636
42.17887217308091
47.37476485237682
39.96244901151554
44.80042411883681
39.49252467927838
42.2819191231319
45.394058327280106
40.21525074038348
39.57488499976582
36.043768156862136
40.99264923027534
40.922592890977214
37.011091115663184
37.28158064064773
32.53108375384239
32.666547069632685
34.212654611622895
36.18238896773174
37.24396236650759
38.07088956169191
40.444154796903064
39.895918256376675
35.98224681154809
36.957773534267375
39.9535955313474
39.22966440954045
43.16728888923093
41.89107429798215
41.27910386536132
43.543641134045274
37.60834473144224
42.4166686000122
37.575036195980125
39.49554865033047
39.532275112850584
39.704553379780094
42.33557808864858
42.63663717976241
37.769970586629434
40.109328244901285
42.03547636083378
39.135916195837396
43.631628029929416
46.001274998296
43.80323617546355
44.27958485688994
44.416639079774214
45.038975112628194
46.55235884359194
48.09831873486792
46.208382874605284
41.72522657229285
47.11569833390851
46.52384337117221
45.51895271323907
43.69338690027073
42.70024527854261
43.90844046393458
41.430574579705855
41.915072168817716
48.84036642443689
45.99478662046087
42.44913075793504
45.107433348586625
42.17306129055185
44.93119144387722
39.638788653970416
43.167042531240334
45.51919661531132
41.912047877415716
42.50127338645081
39.7994986269443
39.97672610663256
42.91102342025895
44.5944131756533
45.52494860364411
43.5325044046746
43.470379170696994
41.223372512995155
40.450349118132564
40.484024093386466
39.11387375649998
43.3400166805789
40.47771578802372
42.318459835877746
44.75703489513552
42.526966325854836
45.51634728973286
46.435499771882824
41.006492672355265
44.90802181374002
38.598856443226566
42.25692562340515
44.071642406592815
43.05991917770787
46.02304734123343
40.88758345735807
48.27496459469014
48.25904361896297
45.02000492092227
45.11913634940188
39.878231836114026
41.4640467810325
41.82853260401313
40.78326173067956
40.68625029304565
43.721611126264904
38.30257123771162
38.12888160847051
40.36517946902429
41.564729750251665
41.5983455310311
39.3208044561665
43.17865476517516
39.907543719628016
42.476418690157914
41.26665304186677
39.2945398381093
38.272684861523395
40.964787358901624
38.048342883885255
38.60502883320148
39.127138069075045
39.88913371219983
40.709390735759634
40.27154922417204
39.873920837164206
39.66518388437399
42.485448571816725
41.376302421660995
40.01292501718991
37.66584399858812
40.118844572943296
42.962313801927515
40.43297615857519
40.400454354477965
36.46576302961623
37.809838816925726
40.462043658753366
35.318486816588724
35.89375899408799
36.50308123706569
36.93250422963011
40.33309886274906
39.81808758540831
42.03892369493464
40.204410081766675
35.475839168541405
37.962728939051324
38.31014087849674
38.08701918617398
39.8418557499934
37.231137963493275
37.84309334820295
38.95419649657721
32.12082372129424
37.07590146457674
35.34397875230572
34.45887440393426
37.28941913164581
36.21367668894001
34.844264129088025
36.27478772270509
38.040465185549756
38.900138972416336
33.99575208821798
35.45148203509725
36.8532450972325
37.45855070293571
34.0646986866091
32.65824956311147
36.16996437707224
37.45821338170577
34.04052585428752
39.29141041922735
33.82965506681594
37.311164289538354
37.29505331865945
38.24004272510111
37.734057582123604
41.25872378369032
37.6559191715288
41.17658343445117
37.83491365372381
43.31931390982041
38.78756663010119
40.018283804823014
41.39389846676023
37.58183144641393
37.34059470931308
36.23405506842498
38.268420565059344
41.59052724772303
38.23684104749247
41.21863242457366
39.68333465706225
41.02771253627016
40.469590645915126
40.94767608334023
38.80308266066943
41.917089733523405
41.96173628085389
43.636583054334835
44.71361951623112
42.696531725224766
41.80127585699316
37.68407395750058
41.162373378400154
33.82434564835435
38.52835432210909
38.78240184164197
37.49631377026641
42.7213228855089
40.32494352274626
38.44215069599416
38.168496303991226
38.00437415496686
34.6172478968947
40.36244438872688
36.50623516790481
40.698943161552705
37.79668532908427
37.46135939461971
38.59521621965627
35.09234277443036
35.37849520133632
32.023630385189044
32.15767508517101
35.182162331315034
35.488519334185526
33.8936110879426
36.902096737209284
37.56455617117992
39.016415203808194
39.260514668170146
40.27344032085079
38.79010455884087
40.77324844374178
35.02857614813037
39.17477705943992
37.59744726364533
35.88484125785305
36.01612806722892
37.53981259046242
33.561154978838005
38.91908905646327
35.82065177636157
36.60234496354113
37.453100472276006
32.42430238582842
34.844517997308856
31.8817383136556
35.141771269560806
33.70422937976972
34.46219377738931
33.119873846341186
35.74894666767867
35.76277401631013
34.04500737829396
36.24422702821977
35.06649255307491
33.784362445594844
35.514550436273694
30.09979044065689
32.898952395195145
30.248718467175344
35.29948254241171
31.88257620211888
36.6869428667051
34.50708637655871
38.90479284712473
39.41619690577963
36.62544443435058
34.780079858690335
33.300207379863195
32.83715546394054
38.62421397306388
38.20746896775259
38.29123794375405
35.89812002489401
39.54261194106075
37.68770433851416
34.55278414555714
36.71321198349297
34.382333860703355
35.151091914323686
36.39919359131029
36.94546907242492
39.98305068004759
38.335175399305086
41.46419647899577
39.972396957155595
38.16093452571956
36.43364554718173
32.620007895870025
36.27164053339263
32.95045720704461
35.77194143483935
33.209097384719875
33.39319808056923
33.913586534756206
34.522424068420385
34.607908879898496
33.71074475418404
31.27606903459114
33.61715086806968
32.377901536770096
29.974430165002833
35.12755515522736
31.005900934724615
30.646129220601814
33.63878335816779
33.03989989282685
34.701833232639316
31.88019560421986
32.4103010757217
36.1705953198152
32.978637068863655
36.98314156338788
33.01047269867999
32.77136701415864
36.508507908628346
33.29987795245108
37.47445858086869
40.510189631797054
35.15338446151329
38.54461299245849
33.91902088474349
39.67893233027692
36.86966507025835
36.4973092942423
36.92469522956526
40.45299925631359
41.96985920511715
43.454216818295016
37.78172051058541
37.29349116053487
36.60657382774071
40.533701983901864
38.40912840697764
41.35251554096829
36.74527957402815
35.08938576944317
37.693261961836996
34.48177443297375
37.697871930363306
33.504088720095645
28.98880595864903
35.01814458248572
33.845413861598466
32.00894735295655
36.027922205059056
33.258385068020225
35.85410829496368
33.31647174219857
34.92944361440806
33.443791856344134
37.285453767527386
32.243573806831265
28.779346799069522
32.421693412311754
25.793883325705966
28.494511717791866
27.57887486656827
30.274712112651194
29.035585058215577
32.71927720939384
29.601915943941467
31.580161738045636
30.612061174766524
27.927156827432363
28.663928743046586
28.346008815209952
30.288435379361566
29.98827060292662
26.348293320162202
29.594903508380735
30.121671402075908
31.18564577306591
27.522539785166046
28.398355537400498
26.824330008152728
31.682749893340898
34.820821875108784
31.524251104667954
29.203067267773886
26.463999843867477
25.666723992112576
25.69530653737643
26.3568115332464
24.80987466476603
27.71460980293927
28.864303959822173
27.674190872323056
26.688901541722558
26.838719478683597
26.71024360526526
27.89680921063881
31.22076280908371
27.449152820853673
29.544280735736578
27.895654476770716
29.838232687040563
30.218167896085717
26.749526661110114
27.37544434670689
28.564715943261085
25.74151727994713
32.33961009399589
25.683856418757376
26.716478264859685
27.433277296026663
23.879911349062485
24.918613779882218
27.03595141622026
26.843515606316817
28.742044460267007
28.135594115414186
22.60862234505698
26.37564347520938
25.108011993166635
29.40286288539489
29.29000521833798
29.146958584555268
28.68459245898807
32.2669741776104
33.34299464564388
31.02183221614611
29.337037261975308
30.66699082936943
27.718642578794515
28.293506546114244
33.35090244116113
27.363584736057838
30.52947411008734
30.815029725634158
33.59063816353992
29.90383010990755
36.131728425233625
32.52647636761055
31.080760614427337
32.14326117755193
30.635864790752798
30.73839260677002
31.073515917234563
26.779539244152726
28.726962187424398
29.767819853486845
28.705197117956924
30.363260309064994
27.365636061829058
26.17144239989393
25.573966459452482
23.482838737761117
22.82558459369225
24.69401610265165
23.847316111902128
29.573688578374913
25.769343316211284
27.59524464109415
27.273734903739523
27.224240725458422
28.273957132236077
29.62220096229852
29.523721131244955
26.886280325285096
27.359307485260125
26.939580201392264
27.909251081104095
27.256557927333553
24.64620092015126
27.792757926159712
25.526983827103685
28.611514245204397
30.141911978395175
27.44322755243818
30.305142245845374
26.075697540572946
31.842084861207262
27.66229827855234
31.884971435641525
28.513378298184726
29.446718572404187
26.926544662909983
28.49157652594984
26.301519758006506
26.04353270262355
28.51268226604602
29.678699436109063
28.465691948592504
27.43159092313467
28.74037215051184
27.056441913169735
24.151189047351025
26.25064135179623
22.438500569195416
25.311288661556446
21.146840901662117
25.228886500343624
20.383712574702425
23.88259347984333
22.531623644458044
23.850667908693644
24.440537277053373
23.79253211993392
24.192287817986426
24.90130882069595
25.01680526743733
23.469500190099353
23.195513817023738
22.25399064750803
23.862425860756634
20.9651748523632
23.67895873472501
19.73446043764662
21.567865640676338
21.880095763433932
19.96230397099371
19.20715905491112
21.64924426939532
19.547397916400513
18.75662491082531
18.960586659650325
16.16614418203886
18.42825731140543
16.87289622380368
20.33801913820037
20.330405894576973
18.575267346649408
21.386545444391963
19.670473537562156
18.35120059893783
22.435933354635544
18.60470197002909
18.886806470453212
21.529411014272693
20.773127772105134
21.016590581901422
23.591233705965216
22.431733881909715
21.255255955415166
18.983280887884654
20.579798880731254
22.26435219797514
22.079319423536326
23.87752480761329
23.066793555430742
22.93581653928898
26.619911335431443
25.64386770275979
28.924454297889046
30.172498537969172
31.01917831281722
23.266861393038674
26.33920544086277
29.287648477280836
29.583583049356502
25.25026529765759
26.33163592013948
29.923474861407726
30.167052962505387
29.732144294498347
30.647310419735522
29.88494957416789
28.03271485922643
27.56261716759876
27.227311593506627
24.66435112121724
26.89879857911618
24.097103364224285
25.880946031337473
21.57252230475584
27.65669185613864
27.587030800363873
24.875179256414587
24.09685574052066
27.518556820659143
24.918283147789644
21.517308317839753
22.211299790711852
23.064201904075293
24.44152806276701
24.75908729068842
26.656895205891715
20.790480302415506
22.676557712606936
23.045773874792186
24.358760976651705
19.344565906114433
24.94972614742393
21.803231850384517
27.799309975836206
26.108264450462734
29.352356429204846
27.596472254786594
27.21848641748475
23.485153149948793
25.38120540086653
30.20383151738537
28.787037372563944
29.963370864551248
30.26418412521186
27.494180604540507
27.890689363881048
25.370945696812587
27.438198588669966
24.8656657729968
24.159241732728283
25.707385048622424
26.621433836272754
25.200352725246212
23.840772685173242
24.440936891350827
22.44536022621677
22.243643353959673
23.46004503661564
21.548377781943472
22.230260637919983
25.047541741889354
26.365747090888718
27.998444482863402
24.005222918105886
25.235454959855005
24.503351076666632
24.83250444597952
24.095294546159572
29.111130990457767
23.518475270688636
25.917608227322457
23.68017388742218
24.664982115167142
25.404315960639764
25.342088395348405
26.434144412948477
29.422003846904346
25.449546678307797
25.234513539399096
27.954032313476546
25.55720217315038
28.16961488932874
27.89818802119917
28.229168912971822
27.207197057824686
25.536695584421697
29.8780405845327
24.266960437790136
29.916066636033428
29.62942266632647
31.261723642700318
30.00328433006267
28.808054719930027
24.58820061387345
24.845476301408016
22.102834000121046
20.09900863547298
21.064031345563098
18.23522116342815
20.249398279891892
18.299780985656074
19.030541923690716
16.952855596036137
16.43543473027116
15.638012972974831
17.73046939985065
17.656590934541956
16.50385395803716
14.921306736480183
15.25544942693542
19.778449683661304
17.833139208064395
18.08812004507755
17.44191966577197
19.91997082945831
18.189538225487766
20.54996205021483
21.388515575048714
20.67315951144099
18.418618346145628
18.651147169196424
18.232740063998268
20.537615282614894
21.37770474777588
19.114951173320932
21.001388041684137
21.82913319089845
20.345566612357413
24.65493886338746
19.234870591568285
24.34901177630568
23.026276616162754
18.97657403529066
22.63970779400349
19.442718852025983
22.188989396570555
24.00293004335085
21.915176175466318
20.934714986104673
22.82405643887716
23.1902877008773
23.65028106327153
18.510316056839432
21.399364716365252
21.332044707624835
20.228044643130378
20.178471596445487
20.657837672763463
20.69217234341668
23.91632997169253
21.563319741517002
23.79295805700544
19.572661257401165
25.725121079926534
26.404743219570438
24.649242344632523
24.663635226130523
22.350993312565578
21.303364231785416
22.228367187527446
20.19631057533379
20.400711133564325
19.710092860563677
20.100303629998116
18.374115937453652
21.78823110757894
21.68701080926129
21.358314699954107
18.38840454340951
21.5260617842477
17.88883750163162
19.144528684030917
20.942955772165682
19.199959516662126
17.024795533039565
19.64254817946691
17.367634813063436
19.07145402754179
16.647740257866495
18.509132734729484
18.046118633334455
18.68329182019581
18.581693449841318
16.05788660695139
15.793614279450425
16.566312034355356
18.562045550491156
20.612492184877613
20.744780883222628
22.43874472425195
21.35545377642183
21.658421545172136
22.243192607991137
20.96646908774754
21.326534265572977
22.424593686956495
18.890947740885466
17.86977066138716
21.13771823766269
19.549638051189017
16.349702941979196
19.610510508296574
16.07977860247271
18.601498964478424
16.88759677999196
19.85859212346153
16.332188021595048
20.14069640961528
20.033216984756955
17.973835551160846
17.99602911069371
17.326035858265424
17.1674724985184
19.059706793085656
19.714397515273077
20.392024685613087
17.818959597564582
19.12796242660064
20.397090632474132
15.06370871205465
18.47510974330281
15.135759704624952
18.82889040906634
17.55941037135879
17.525087383820622
17.42386141747075
16.859201556055705
14.907313402714871
12.8112091213051
15.150294629336146
12.18505065733005
15.925557820034832
15.334299291611025
20.779181043898898
21.83426346177233
18.45067766619806
18.96402060539729
19.729007783241492
19.508417652227987
20.796280006922952
18.53990845153045
20.02339383779647
18.005606984166924
18.984509262923968
20.199102067161213
18.789241156971755
19.744034770190027
22.062188259744893
21.461448554388863
20.85458248968973
20.337906171793513
19.514036751079733
21.04967066393047
20.986276136255128
18.42883825900789
19.92521620955211
20.403934979110442
22.015440325020787
18.083374947161943
22.48374610953559
16.98516917942896
17.66711723330554
20.631573642722234
23.085576509484444
17.36537251323438
18.761108429672753
13.365531607428414
17.54124108237534
15.80939535210055
14.5471028512665
14.452351150676929
16.592542331132414
16.819784019161194
15.400837864449539
19.071736849087003
17.255026310095012
21.334731439266506
22.132218659289784
21.677855928999925
20.98471819393259
20.91988528491626
20.37726854590903
20.164010379172815
18.73324197743019
23.407777875592643
19.468710950828193
17.906846047967058
18.22667482382606
16.324320344531547
17.149939980899536
13.503014936694633
15.417638301515307
17.22381179909196
15.64024937352215
16.59543322156039
16.190340573393158
18.383741465205922
19.155992489136782
19.170959898041545
18.16047071790178
20.487299168185743
21.089301775775247
17.715263915170464
18.16084866246376
14.595539618043349
14.22205465197046
13.307788278317126
13.498933285563552
15.363662733949731
16.667559882413197
17.769848537714665
15.863741273968458
15.775766203788649
19.089061304589272
17.169401242894477
14.700968717660512
17.378600577796632
14.146846285004363
18.327235989172934
16.140319028491323
17.900195491168837
14.85273341988937
13.910041775748677
19.897688060328697
15.661953218535865
16.91264945717972
17.836519889041405
17.89698213352936
17.014413056288298
15.363455982836486
15.067707816785562
16.713050590049935
15.548887765598229
16.08981862568664
16.980316421198296
18.362965161168212
16.701423517758858
17.769446555986516
15.477010909756281
16.76387428521141
17.675828907974825
15.888317422723297
18.67940774116848
17.58843451814755
16.926481587944753
17.463454187654683
16.15553587853408
15.840388129158564
19.665014493775978
19.192482507089153
18.011048566230116
17.768449623716503
17.947359537891572
18.705657944047882
15.51755658582942
17.507263495720228
15.54502815153121
15.05492330384437
12.752756054889142
13.194698358702508
12.226084294577017
13.623340055956547
12.767067712245098
14.897155796193339
14.229490713843942
13.167671472519123
14.232664938460863
12.948677378618987
15.05651915283861
11.157776755846683
14.723617570362821
13.76730451322571
17.74457470132958
18.515049977970985
17.172836813822755
17.50962660531065
19.314602631043773
19.207327792759294
16.344293260198896
16.010413049839155
16.448708551522923
15.269646318198129
16.222668940245555
15.878558291790332
13.977789296730329
12.691403496030588
14.250906734756768
13.384033037306473
15.416923884649748
14.740299541456611
16.881072992066812
15.823406986929985
13.874918909398438
14.463829927932139
13.528945778146424
14.774214223874205
14.23633066136099
13.757552238172217
14.360466750332167
12.957422862354909
13.023845670549882
11.787820774042425
9.408448446431898
11.063955654085719
12.54418145369933
11.33265179266667
12.215399152447786
11.781729133203845
13.494411727829906
13.389375796500122
14.025056218448876
14.750433683431872
14.524518744677543
13.862849143349258
11.459733121062786
11.683796656125937
12.284370341097056
13.097062891757275
10.590551002823732
13.48457035939156
11.199345076291955
11.709362203240733
11.802847137351922
10.493271329355618
9.4055105310788
11.292645734180999
11.699160280961882
10.641113237325921
12.569703771004916
10.496634125325627
12.07444550538167
11.121294263220653
8.947365294161031
10.79390093156038
10.20552505584965
9.713038293701981
10.435151073044253
11.057496310292953
11.609148156364485
12.156779787109581
12.726144686105174
12.913094675699035
12.980573057011243
13.094941755736295
13.502948436787921
14.201921267516306
14.194312335417909
13.432223386143427
14.692700425324395
12.498271356891191
11.046717145383687
12.465025580570368
9.60683957419912
10.39000695593192
11.217119965654833
10.789256111153058
11.590102300658264
12.22869897795741
14.028054982251888
12.659771375336156
13.24458875506107
10.438216262554413
11.285246494648193
12.128133871215875
11.907664775827351
10.151987557609313
10.915241756276423
9.584576788903991
8.796223135978492
10.629327338298829
11.897824880851424
11.277030717574062
10.712362817791039
11.58657148468702
10.353783337764314
12.672781395453782
11.24270752199147
11.118234457362988
11.045317812691987
10.239090008396245
11.889937050279718
14.594216681805294
14.699679187753807
13.485758617111964
13.178897330894392
13.301943615362827
12.325660087033407
13.52855809177335
11.906959364077444
12.801000700325543
13.071524910579129
12.742818208260246
12.999089408694909
10.018323987360661
9.400672419164865
11.258007049499788
11.377531363523726
8.716696116307533
11.576393186228433
11.332783257935215
10.49155691350591
8.97806377007925
11.912357612666224
12.219142024335456
11.60667977302289
14.94918876254489
12.681807494644117
11.587551549166495
9.652416017006063
11.817416719651792
11.072938481993368
13.199342723869073
11.975757372536544
12.850608969213413
11.029505264412768
14.45642849937421
12.564547537137676
14.787810749641404
13.721472580266145
15.173922993649374
14.48210446853965
15.784590764596087
14.279833778983912
12.804896661182289
14.764346265619128
13.261610633943297
11.012266876596119
11.62640090416069
11.001286252469631
12.063383946898943
12.600307732721507
16.49540700427472
16.951131335732917
13.325240920284305
15.94663998328725
14.205039485986676
16.338000075674575
18.088301413651628
15.224510039347795
18.276483939124272
14.684468471256128
15.626347960563617
15.477237659708003
12.196982176067749
13.741143876364891
16.5150261319002
15.514782613406988
14.029111874269834
13.813175983299987
12.856891881254636
13.238679203915645
14.503020212385001
17.606309290554883
15.439885901487733
14.116160192633716
15.212148850969674
14.283488372709211
17.7219836897272
13.758288917272644
15.401691788663216
13.864220817636106
13.540697930817267
11.097646110178426
14.325643692407347
13.900232331813761
13.506067072829474
14.874793226107343
15.560998543974016
15.035186613958146
19.137609132305936
16.28614157905165
18.987063655979394
17.64579102554534
17.97758363431116
17.95710207428197
19.965023067430714
18.469193326045456
19.94541978044713
18.27801329598788
18.252407027693184
16.176997369639317
13.613601375921919
14.45278215078357
13.840808327481803
12.849917857828995
12.612443825661098
14.388737053041027
17.192714255059418
18.998737276404505
12.156734101901288
13.064204020461668
15.364807774882019
18.11053352013638
14.797058555738463
18.65120119900349
15.76796515037167
18.261753332140078
15.86354671856676
19.124770916286856
21.034620833877547
20.40809886310154
18.206789252654765
15.102414372984008
16.151141446679812
16.187296294332118
15.167986375397788
15.17377619300587
12.592406845659994
14.452148069811312
14.916189627769059
14.808387705584403
12.3084110825784
10.948342812627914
11.061952593583436
10.202443986774295
12.65167403269951
13.009978397672116
10.853272525287672
12.061702110219732
10.449184081349609
10.877353838142678
9.47405383882897
10.74486902664421
11.177943753683866
10.50265922005231
12.283182618615543
13.291212377144504
12.02631027676045
11.597593896889443
14.308712618229242
10.925048251000335
12.035910324565457
9.956341970170632
11.513618530782773
13.669663978726335
11.96578496234703
12.928272621105148
12.802535532383796
12.948219229175173
13.879957785191104
12.12348166408873
11.829081318618616
11.162819085712258
10.778265024317006
12.152383194050035
12.928430507560456
12.458043687982077
12.448599974953092
14.705024094463974
12.985974537335524
12.688720395084523
15.288477935409485
15.254213735298094
13.191197155955033
12.985243729156586
16.242889222795508
18.16245705268324
14.118719963359636
16.994664927518844
13.406611509251029
16.9587970539134
13.072761893139743
12.04499042409523
11.983402801037823
14.233033215334954
15.16019424239556
14.642116282679208
13.320869527852492
12.484277266404378
14.817966123761558
12.602625644133232
15.385214114587127
15.494196814765987
13.146096337768322
14.89646254615845
10.846242960321238
12.794417914055343
12.590255966268867
11.50028794960443
12.500482597739474
10.886970285304125
12.404212202136565
12.076893532512695
11.791985315492138
11.677697544181138
12.687050794294144
13.303319080381387
12.500901612177067
14.085262161306956
14.164019702963309
15.904108305919381
16.031497713451778
16.443299443000278
18.033428878092362
14.939614852785917
14.76814215795513
16.479067274757927
19.241957697866212
19.143999021994624
21.34124695335353
23.28731648435027
20.21214046284155
21.62190999277225
17.559930818139105
16.097005565188223
18.446413537413374
15.053116647519676
13.902578249081516
10.660052377205764
11.137275410681731
12.841243373929414
11.32118308935265
13.485686947806228
13.200095404845628
12.925848621212094
12.44377914767921
13.362725695655291
11.784736332990903
13.192731171958707
11.829233082924482
13.085617734900469
10.601659634521956
11.720614496834507
12.92741676310879
14.989591123642658
13.572016509612535
15.886670525260456
14.472251911032176
13.520593808433304
14.0109950110712
11.501000375943255
13.343672825593194
13.100803119016334
10.772497712200593
11.610562027858473
13.55846224754655
15.299004067740007
15.00839026027505
17.38681812217495
16.321494422527948
13.534368343606445
14.390145661677156
9.891921205448869
9.794208608160464
11.90358319742235
10.655132022758252
11.627716211356999
11.757903255092696
10.515727426058165
11.734750465066663
12.018322661051563
11.829561396495537
11.89606755332447
12.55310154279259
11.166225657987463
11.21230150794725
13.5177546034078
11.307255167485414
10.26899322273529
11.975415861780753
14.025754287820966
14.803225255672812
14.575228461861329
16.456270137123084
14.850629316395692
17.055048403136468
18.902976462408215
17.97398663049842
18.260786964090443
16.634058674947806
18.47554576955096
20.561019136540054
16.059091539734208
18.165246214056573
15.072624889913833
17.625761031294267
18.149370219347876
17.20260538262708
16.987081378800465
13.836915827887124
16.680116057307842
16.50467701050467
15.208520605735325
15.39378350305974
17.10079009381711
17.157436860909083
12.283754158255915
12.34954227694666
11.99793357462804
11.759529484156943
10.924020898104562
10.150055643353346
11.631135725435016
9.481210248174825
12.513998294515861
10.630636248162853
12.854497833082696
11.567172025679263
11.236958207759683
11.353470597846572
13.506264374300908
11.664618494800658
14.52315665533579
12.264848321336322
13.261650198272477
12.980605057574449
12.998459086917286
12.51102292694304
14.50838488821998
13.466712686435008
11.593804442214541
11.653025798347436
13.591802718426152
12.645365317672184
9.922614698808266
12.006419877955496
10.380259376594111
10.331724114480386
10.364626761319814
13.254438035835314
10.890746128842773
11.596065366306153
13.007150723767039
10.357922304441109
9.569701406525967
9.388464346052853
12.490375536067233
11.898324590885133
12.996772468185904
10.95773818584192
11.410784706957681
11.444940399570509
12.80123372761685
11.414995487731755
9.135099074866599
9.709401214307544
10.345370414875212
9.668817004923582
10.728933349948388
13.907532904017703
13.630781658682109
12.95179354217581
14.990886068216206
13.086010798421864
11.850318935844207
11.381229587197668
9.195029509195251
13.500624295356356
11.872289487281355
12.52496749749588
11.081191727316163
13.659396478308627
11.963155553845453
12.851272852455663
11.399401985330833
12.820106025899795
11.462926592966351
15.579083154139727
10.781932406313054
12.58539403619645
10.131864560112486
9.611057703197545
10.943654956389137
9.584966669765675
11.677321041837077
10.008018896692844
10.368079948763244
11.545088593578452
11.227026575612827
8.881480425812697
6.8389117486491475
8.705267653470267
9.037695818223762
8.116793736090715
7.618996496948421
8.241855920775953
7.39993562968508
8.050950419601019
8.262975696781346
7.110621559132617
9.586909771302903
9.388490538474828
8.45443636171038
9.384823433344405
8.559140325105036
10.049405404245299
10.241256952443136
12.752561228652846
13.472971104893881
16.058484386362114
10.877351667298496
11.332149194491794
11.063918407125472
10.460420519815257
12.115724949485365
11.265668029716528
13.056814309452372
12.787264896054767
12.126663675899021
9.229576026084123
8.98341489234309
9.273793808109117
10.191730259473768
8.410752859731565
8.546312002618327
11.207388790863028
12.02380548566538
11.804161169229832
11.444601622554558
11.238389000143075
10.361354432411904
9.725222478171922
9.983418305339445
10.363942379950185
11.72691488964242
10.53992155805549
10.734634199681164
9.870912252337236
10.324827018921617
10.914444389865794
11.448652153714576
11.426812926123498
9.965570017374075
10.292022167151067
8.631422001106856
10.436748433828457
9.657510193733168
10.878073454222307
7.6851103482384895
9.445030037837931
9.03425666162089
9.41412593707278
9.352980511730483
11.140612984642338
9.461746933416308
8.736197370702014
10.148256622760902
9.978117256688003
8.303559744126597
8.349636446881565
8.477047700602647
9.329167115159867
9.0928848481293
8.127666778252168
8.398562261485887
7.309877927440409
7.72796243357377
8.162115244182246
8.593174367276559
7.366604747005804
6.877464703989973
6.908663829191392
8.310558323295181
7.824256853583624
6.915055301264285
8.373509136981092
8.327232306065214
8.361951940919752
9.214414344540426
7.585335727000354
8.121687989416175
8.06860364778854
7.865687315952453
8.769045443729391
8.532485207421251
7.566411692602612
7.739475526535648
10.817034682014878
10.51705454966028
9.030695955580988
9.962591331983818
7.948813027991395
9.433333012120952
8.825210377167927
7.989545562979021
10.943835737208271
8.294467277442665
8.693728855348596
9.661764899218321
7.354713743178245
9.029694623388748
7.923137258236741
7.225356814661873
7.60485179505028
9.610707061368098
10.560851084951356
9.797223192131925
6.585887257853394
8.709109202301311
7.782776349452153
8.291262229866597
8.541532808452962
6.672887979624481
9.389441698610746
9.346144012758394
10.124996985458598
7.953702918447404
11.961954629023875
10.256510680283192
7.741897450712888
10.502773306543814
10.918624319382069
9.84500183010115
9.13048753459168
10.81800409219573
9.833152996204646
12.052132423857701
12.630385030053088
14.212564438905176
9.987457304662948
8.890528140121837
8.084837584403164
9.161022765847287
8.986659112272186
9.737075205109313
9.106013983456016
11.217826051275818
13.286653718569758
10.478237184860104
11.859796582706258
11.734961233930822
13.513086248577087
13.569838174011103
13.142700880491379
13.268991407904847
15.718821550063007
10.923814550664442
12.241341992589913
13.73607788826658
13.616567636116367
12.800470262781579
14.597019887992806
13.295021079051077
12.715686968892312
13.360052829667683
13.16044063531878
12.043968972346176
11.814004358152168
8.060936368618252
9.636225690067295
10.043132603916645
10.027307280591831
12.709766742930588
11.759778827006466
11.606398089049863
15.357766830215986
14.772650011288292
11.725739362102395
14.273955970299887
13.488335755981064
12.858008109960101
13.91385091866794
13.199816444465009
9.589011371735518
9.782567349602404
7.634961905000164
11.566334064817731
7.753505423320903
8.037122395461866
7.726216920301588
8.754232277097556
7.501870602289805
10.009360068806089
7.755761089084884
9.731110808035224
8.113579063750741
9.947542808916644
8.445758159493716
6.947127059396409
7.952536302676438
6.947721709999977
6.704163598193097
7.538239149353411
5.971655296455087
6.100011028589586
6.601662952876236
6.393715236844946
5.711637708516178
7.501001495239328
8.379182051710352
7.300608792528957
8.771721710307718
8.354053934611105
9.870577334061057
8.63238060372172
7.867674231185862
5.822049816476692
7.890149795558546
7.150855135457987
7.038217642940566
7.239441394659646
6.9772140564426435
7.642323730866365
9.179230027871535
8.226510274953682
8.239396565700792
8.43784228000942
9.662619576558477
10.074241582855239
11.562411381990145
11.90636571661694
11.180096234153517
11.826863728254358
13.107912767040382
12.775812331947607
14.166486928152853
15.724374455021138
16.560868479191623
17.263880465317015
15.23784590979249
15.161448387358837
15.568729044140378
12.014299315786435
13.177412716769334
12.53880312969739
12.755092412343272
12.656085083989295
10.881547548753229
12.018757132608533
10.619279853372987
10.9639388880755
8.164139646565268
10.799075271622852
8.619950900910297
9.24857180522253
9.993759062210572
10.709586488737536
8.623784307762818
9.00973305343977
8.860894754854812
8.392979794319587
8.162752281087439
8.16005547242305
8.504669316660245
7.600503836938718
7.7214567193815835
8.695665855069295
8.609966921394149
9.86582419115992
7.2255393678588336
7.831785159928715
7.515069037638651
7.318288254647136
7.2202245373130385
8.079576121251922
8.244830633320555
7.881537703323634
8.347461688012363
11.566341047202195
11.550458095715728
10.173594873413037
11.187765464588379
10.929405469011547
10.678361344875425
9.926469166862425
11.763724145742435
7.60792822765097
8.960798276272248
10.610300420933891
11.35743011339911
10.793123621419294
9.608580151444778
9.812433406420645
9.880388431661235
8.224762593022492
5.860627966262269
7.955150682941838
8.828748861780419
7.808321708362257
7.720524012255039
8.342662701537378
7.452055665755402
6.629080953248787
6.5515485482390545
7.415386416999548
7.924993463246328
9.75167605160367
10.250955946548197
8.587959276068071
9.118735480334765
10.077605254352665
8.791417720566477
11.900321672585003
8.216793815163568
10.395741341557468
10.463108242794819
10.761054827700782
10.06647429309246
10.88291143946677
8.049886680080052
7.261430647238231
9.178529174501971
7.4623760315734735
9.50232241371373
7.563535516483107
8.13993052228309
8.333751622938372
8.100758411158623
8.924694007839328
7.79358092919676
7.779732754564822
8.560881690957254
10.118607702633188
11.131077994501148
10.106756490545166
8.238631627939704
8.421814264363977
7.2366197794584215
6.727582701229937
9.169906686721198
6.928549960182783
10.336320027323332
8.663432490945908
10.75612762417626
11.611238381394248
10.767880240824189
8.854501456338296
9.189009387780095
8.878141468651583
8.031508712982658
6.599980776181033
6.090579884242247
6.675056492888225
5.856869441986126
7.633490435975184
8.752990958097438
6.365061095941935
7.344416244045237
5.973468956794886
5.261264711399584
4.585679044132584
5.040988467029463
4.843851524881124
5.702044361101304
4.960298224657254
6.986717794149058
5.804033288044472
5.885599938655344
6.124801000984255
6.246722555329704
6.190567670036188
6.628443163644573
7.034263026013996
6.858095771751403
6.524195373842044
7.2879254913971705
6.020989813850872
7.382395317006676
7.326528926821006
8.10443799341818
6.217344311681875
7.867474067936658
7.896936922754608
7.297994227581669
9.032548467670834
7.951719013200724
6.238917346897174
7.687131714477927
8.206749099420712
7.546058192624669
8.440742623968609
8.049101979046775
8.329635749629144
7.688347726970829
8.381822087094465
6.791552444965044
5.546385844449069
7.47950367391309
6.264989828775333
7.106677957925558
7.918576967359431
9.162808031644065
7.972714712608092
10.303488747187963
8.400574098076323
9.14825729053645
9.448397643000048
8.278430970224814
7.160455707289144
7.678264638102132
7.536317935354739
9.31590700354159
7.808133739572895
7.521664950358573
8.517288235176867
6.806890281508151
7.41270445515218
9.754755796986364
6.913201834722636
6.5582673818426835
8.006022466999303
6.284237406890208
6.6115613372653055
5.209626130185053
7.025496578485433
7.7632816583422
7.701173071765291
8.18545400835115
8.042240433896476
5.411867757691729
6.612966136966435
6.48001952860762
8.180640204553082
6.406259402273663
7.357693238461663
7.995540763250276
7.262611361338889
9.988835577314662
8.026014506779314
7.541611989620003
10.68242411704997
7.999407971043783
8.827052581952104
9.256842519678923
8.241581155056611
8.329929768797113
12.142105864937426
11.04418466049584
12.45858927636454
11.040681254058127
10.65593821361016
10.07372488745631
9.480164579533053
8.171767455036852
6.680456016711446
5.688010745873881
6.665249107964692
4.465510753521789
5.181980022515079
6.3257824015455295
5.60129809613554
5.28450739958471
5.770417599104376
5.669627646692463
5.05226078078444
6.250475096739866
5.774912670450074
5.75446381733577
6.577689858740562
6.238460573612649
5.725223974749622
6.089541670739402
7.35711416614784
3.9561562396796215
6.9044676297898055
5.6274905882029955
6.108924863650096
7.778045448612748
6.141570831639438
6.783415753858333
6.206187724837407
6.777363742626094
9.171967999375806
8.148270062165599
8.490404124824815
7.257842670504176
5.411504334823219
6.751513438735885
6.9478583100184
7.806306137219872
6.677597783605302
7.397536460149862
7.800131234141441
7.830230590407075
6.025946994017743
6.259071515032947
6.301578699192225
7.2071189440664405
6.7309002662828705
5.71662628719281
6.11708987529874
7.067130965990639
6.535817775181796
9.164126339085463
7.113265072661645
9.961322785009134
10.46930911769373
5.578183536130647
9.096654160952566
8.549769450504424
8.30261739092831
9.201407506798112
6.988021377035843
8.322091021667203
7.360335079006733
7.142368657628253
7.478408386288642
6.55525829860715
6.733279170178967
7.0193447559645765
6.130951503800364
6.027459740459729
9.364436364219788
7.3958247288679475
6.77074377044715
8.53348246358314
8.78480372565357
9.253827419819302
9.303785308105047
11.3823948836773
11.385354099266316
7.905010455122761
7.683260786709201
6.869356393109041
9.17354637271992
8.827728608109805
10.017142438096965
9.891907943164291
9.696756770104972
6.83229321576039
8.180528474984651
6.797901084610232
7.435502980969309
6.20464331092795
6.694950899417115
6.167294778370067
6.003054763565865
9.10024804355187
7.011017483740008
8.156601698660577
6.321999801262498
6.823522923296448
7.7131210579188405
7.31277508576456
4.899228722492875
6.284802214891203
6.905783629882287
7.058307287939092
7.065644162768299
6.340977007479295
7.260132181614344
7.763688246554546
8.345620977731603
5.963558068218734
7.129917019603848
10.147124786206284
8.102890321229724
7.776552495813012
8.213230440753282
10.008643384367078
7.061773949138081
7.128717673427152
7.269899429107027
7.240275328380236
5.9864910530691695
7.146607421828755
6.301612641698434
7.872740942610672
6.668361305285611
5.63373461718289
7.743435464447969
7.448340287126903
5.674680606593256
7.131309426467601
6.076835163120807
6.1167493547170775
7.320151922982811
7.571175756623868
5.991703701425679
7.21337130769291
6.2653764996113885
7.870099371357187
7.286371478306043
5.666761790668204
7.731287408260468
5.775069442028666
6.543506580984794
6.490835739210656
6.483197170758522
6.203475074167128
6.028505086443151
6.746247136401082
6.581749357254105
7.175971680952698
8.097197755320062
8.324561230089847
6.773458275263006
5.0203218619936765
8.229987992460497
6.310378350661795
7.068662058172826
6.089708027927286
6.825480520922782
6.721583401163136
6.76386593901479
5.259292608647035
3.8414854126949773
5.041283620035308
4.8186346407832605
4.31676827482249
4.404205088196835
4.573160043078543
4.285551634984124
4.987946740574955
5.781436658060288
6.379753519461724
7.25511643294697
7.19272963243308
6.064016732916117
6.019791391712172
6.0786106217112135
6.057530937338616
6.006978452848329
7.536966167508442
6.910874235209397
7.043680218340314
9.210582102105006
8.810975157485359
9.904233632414735
10.860272921174339
7.924073613281531
11.418927548602921
11.264825384977945
13.038363570659515
12.426710338613644
10.815838172640463
8.443927337040485
11.719116970004825
9.743875749620768
10.404501769028379
10.908124668969503
10.38243042378134
10.892873939869318
8.71077843433998
7.002623908022
6.560057756875085
7.844520557363246
6.969007641586733
5.200966161989806
6.8877252215586
6.47374445804987
6.395915877914754
5.673441736587717
6.784058710460296
5.598296512570204
6.958182943769918
6.695178734252013
6.2747930298501595
5.816504638722295
5.833380430578904
6.622089523946049
6.4812551722496075
6.053893846384617
5.914428908684354
7.90298111706304
6.637079424652251
6.283934031464708
7.76899074940651
5.813166066165539
5.11310348844209
5.876779750777232
6.011246242773187
5.5563978522258335
5.3642520505494415
4.953966673959053
5.465696295503944
3.841747341062059
5.901501362264139
5.157813763644351
5.258785088750521
5.061740603913853
5.6695834131334415
4.5488212623247115
5.0581258721379925
7.0131843882169225
10.294220794849148
9.700904835610661
9.632137574817998
8.91047326868684
7.86294250694305
8.560736610249215
5.570808974267277
8.2683851721985
7.665031831929505
5.765485484251035
5.968773900040369
6.89904463857285
6.6770112697410555
7.90616406694425
6.282743570603702
6.528136400112707
5.625033458442405
6.699647004514211
7.891156807411004
7.720144888727082
6.855699086469346
6.785155872153201
7.872413003113115
8.290289139531673
6.320176991962658
7.427706320290708
8.754945852439741
7.666545896050768
7.4764608119397415
8.800637658899332
6.841237482024227
5.1969769130155825
5.851913389693623
5.5311409194004595
4.31350153107627
4.500520208172464
5.616172400628252
4.555378456875506
3.9994242268950324
4.733161203112583
4.832166189637747
4.802595616085701
4.568515499866956
3.8168749308508767
4.13663666800682
4.276327671211709
3.889104384073245
4.779526917212141
4.568231735478816
3.9115964832679735
3.2922684615486224
4.270252430909369
4.811025042106005
3.8080843687198684
4.127490041578058
4.711008665009988
3.649190856877816
3.18108293923679
3.807022163778502
4.140224592161714
3.776955018662419
3.325865092073408
5.398067910589472
5.416745525348755
4.805711255258276
4.957958442518267
5.367766503172394
6.13180536248663
5.656215711729488
6.051398750106483
4.746661072237439
6.59691015755657
6.40554904154233
6.258241689694597
8.740105047836103
7.456898344163456
7.701815001887219
7.032440359377647
6.012828044092066
7.948604755112658
5.959805286697506
6.106333869188493
5.74781786999752
5.9910403256358515
6.8445693295600725
6.425153360629829
7.2116197256984425
8.449212908186603
7.061574173079988
7.033015390707533
4.924389220496915
6.404457310000555
5.243930836362939
5.468868873604179
5.281109250099593
8.335844425427974
5.931656105253603
5.807097170981357
9.216838358093735
6.356467273008171
4.986761610482597
7.204923281385328
6.6057643379704
7.287058820211233
7.830402212547762
5.932884016632301
6.974766278700276
3.7907173059703756
5.096007669530495
4.433858161215278
3.6016574108151684
3.3155911912943874
3.0127896667550704
4.128911985691659
4.715148944814489
3.5410178397770347
4.027314720531638
3.3907883991552734
3.5804300897332184
4.599496719234857
3.407726191229626
2.7525886300287046
4.164257157912073
3.3034081263052677
3.569933417544367
4.299413903969031
4.183021451717825
3.944273137381096
3.9248256104247816
4.908456802465603
3.684038409430191
3.167124848185182
3.7852547316497125
3.965068642528397
4.473761923547857
3.964417888329576
3.9076583853094395
4.702465686670153
4.874664296268344
4.967945097665706
4.7723781271779355
4.9233655725321235
3.618175334616311
4.580334541969881
3.490430518537232
4.2062172181086
4.679738255412856
5.323091698671765
4.693413449458493
5.534660702055047
3.8640313305508704
5.364602403609937
4.785138192651601
4.89469538298912
5.1655522883212655
5.375674493166095
5.61583496829018
4.9966103475589145
5.57170639027297
4.835424006325327
4.875214556628195
3.721919953980903
4.576063686137288
5.600752767325767
5.599602424760547
4.989381383689744
5.034350924921143
4.512014317750282
4.283154140634087
4.805525196119735
3.983721373545315
6.138425880763599
5.586286922448562
4.4232837455795195
5.799888208300753
4.438627208399981
3.25352431632632
3.651079052088237
4.921159879361196
3.914138461627376
3.768844406956737
4.273978555322233
4.768645836805051
6.266672859398145
6.041214356642558
6.955369296979637
7.7552042661834175
6.335838208529331
5.523021033938477
5.278380661471726
5.107764688237408
5.196456434018156
4.651571943259214
4.713091893937562
3.800300124598094
4.620169662192173
4.24940957923934
5.707136753471848
6.076555347801432
4.633879185154497
8.223350268443745
6.651958533993097
6.923913533643681
4.307761453167875
6.418423773358686
4.01667803798461
6.3070449395118935
4.575429683577006
5.623769407366961
5.979341127554068
6.079714829500041
3.933452292895765
4.842846445363645
4.588656997443203
3.841451561414822
3.1856316765870343
3.4941939156076627
4.303377993186011
4.676266280264676
5.2081460608899075
6.1767586457638
5.538510883304417
4.588534539385283
4.701209265063989
4.387873277072709
3.8891857894819197
3.6455176241979
4.497927319640516
4.421671980340667
4.587846051187285
4.787395731588227
4.73845238286169
4.1144383433120755
4.099667775733066
4.243417723178595
4.105635685736214
4.021616390127818
5.559940957468963
4.340724548428616
4.838189421171324
5.940987639491903
6.681860464037109
4.178204177064834
5.2145717526933435
4.772060120424225
4.633075408850593
5.021405664951869
4.559323255095148
3.5706992721030755
3.312707355004954
4.094599652328651
4.121581747634484
4.442465600036747
3.311296989103579
3.510898462126956
3.5856017104832656
4.021483096365156
3.008537139895765
3.1745732583737185
3.2254212774564945
2.8465299961512405
2.855409061829217
3.0098044581944254
2.78488302680141
3.1247515101690726
3.695324013660101
3.431491551337061
2.98517324590108
3.3539667585930637
3.5920594416537313
3.2143391922512903
3.52341750157786
3.6683891094957435
3.146402858403917
4.854142262450348
3.5744194974600396
3.412068324847789
4.2983603722019295
4.791792608990903
5.499423095763002
4.92972599662628
5.511433134175823
3.770616097141863
4.26193779263437
3.717302329997509
4.230450734786514
3.4495487338667292
3.800436076363042
3.2559843095452776
3.7411502304846573
2.658138071347947
3.0793775815844175
3.472695114931595
3.5562071912352673
3.2978882011233743
3.0582104071097866
2.570762270676496
2.4858069627477004
2.677406646617338
2.7776182978707418
3.565897964574426
3.551751847591712
3.5369221813898135
3.069020567257997
3.3926580216127684
3.417108124179832
2.7208284094662702
3.64872567031566
4.03406624846443
2.9760223721364003
4.765096873025257
3.1528390603873437
4.3867593401768366
5.345643979970141
6.673952753902904
6.110112355350473
3.846936559084562
3.0796263819357916
5.354701090165154
5.013690493510968
3.9015273173991316
2.8389346010091203
3.715472205897907
3.922865361971197
3.376387176498946
2.776565457873528
2.8757709697398264
2.5574460793920477
2.821155370353938
2.7850351985960673
2.3482196868292355
2.9155860303176753
3.999544809465111
3.593060193673708
2.389484789748062
3.5170018052199565
2.5678957053510016
2.956752417158179
3.9785960057488534
4.135797117853204
4.897031406465287
3.2397899688785095
3.1427318411287435
3.666237225951619
3.147233897195154
3.2660386618968085
4.12188633822222
3.015256755165926
3.64288825981622
3.165377981211873
2.9983935517008775
3.587775078219704
2.5305797497667752
2.709690043271934
3.9578196157069767
4.0538252811605435
4.853385457132899
3.2924993336407153
3.15759237694626
2.1620205594296813
1.9562173055798004
2.741295072830023
2.615230822768796
2.2618692784497667
2.8454936941298388
2.955857873229703
2.7727741978546567
2.980335560511707
2.253260129425138
2.0917060458225563
2.628788366434029
2.630672013102037
2.275781635886808
2.7355057810276913
3.457330476659517
2.904884152486411
2.928366214881127
3.079965184748025
2.967857597305614
2.914885772646494
2.425951972810404
3.992322372960016
2.937502753901376
2.511517605150772
2.494984929113522
2.7186351433522793
2.645415756141325
3.0285408447757662
2.97965199121331
2.808324695724407
3.7859433692860613
2.486176876826509
2.584981781694404
4.433695617455772
3.4575638599950027
2.708732135122608
3.2416197567519225
4.02403064263966
2.2922990466307063
2.363677634652406
3.4444213796434155
2.470958567072186
3.497413992393315
2.766638852906376
2.6425598505274674
3.2818181914614684
3.0452606718111235
3.1652678353954498
4.131114028084104
3.118690163779395
2.9133428167837696
2.9103392643580475
2.3367727580340936
2.194644392657288
3.048778748369716
2.7706648262159264
2.924622721414796
3.271374699828451
2.144295955963841
2.2335875567978283
2.9420846638887492
2.868054948911913
2.6345882138535854
3.7228521754737374
3.5682721333386236
3.3116834591958986
2.6801410988108136
3.7687961355998656
4.160387439504935
4.392809550704448
2.8264201094276324
3.487064405053311
3.2626711980320326
3.5516143634455037
2.8506426165918084
3.6156215746452927
2.4779957042069185
2.2296483176559163
2.546412131095821
3.0560371287304315
3.516403262119261
3.055736512532996
3.9439942446076333
3.271170005646805
3.4863282055574416
3.509858584200456
2.6135362339427015
3.458886922431516
2.9978965459886826
2.443619756449586
2.4815617433603587
2.2150505100563773
2.3447877736904092
2.5868717770326817
2.6216809712808753
3.076437748909289
3.0485966984129926
3.9335827208267853
3.3306372591412803
3.950865899873625
3.9638769092581185
3.925503280563884
3.2470981672070356
3.3919995962426515
3.9082384881062855
3.639558634801399
3.9301737113620714
3.8001512820351375
2.7085580743777564
2.8000879401009438
2.222829946632425
3.0416432995997966
2.0148414964041397
2.1610974003479115
2.2595302692932093
2.4482201184426633
2.3706505232821997
2.8653594127291284
2.4242196273573
2.338441832347201
2.3246909778570903
2.760657496686776
2.38415061009612
2.7135740552481824
2.2455586015393614
2.4957619267289335
2.142241833496442
2.6149744123568492
2.585386677536892
2.7667824248185617
2.847079678918498
2.293727839931498
2.5025805029238266
3.139048645521923
2.3186278854919884
2.365275242521022
2.5331440087442
3.0379150972214632
3.354101410522934
3.315290362080707
2.563339163053896
3.032445582144862
4.01904531572716
3.4376972424460384
4.117361402403521
3.599512740230217
2.8221615342639876
3.708663098039537
2.7653403933015523
2.3111901332952374
3.3171271968448584
2.391069471941806
2.3749020714799745
2.181630561431764
1.9337042107439675
2.1078794549811577
2.3611059931273117
2.2072906688931293
2.0859754566765787
2.109615312334086
2.2116309162641827
2.054470957602032
2.276506151330058
2.1613068093813275
2.0444556498733357
2.073709901507677
2.0644764897236367
1.9789002344364541
2.0191951085629314
2.2638893396366173
2.4555234480739414
2.1868130843460296
2.319058366425377
2.2376896837552835
2.4581228716591474
1.990573550811762
1.7972381868412497
2.242763440751433
2.116100151527307
2.468276442632025
2.4479945991136614
2.948137585560629
2.3523250209329136
2.4542504888050143
2.8058776904825855
3.146776087968206
3.409771156488281
2.7922363067879536
3.2329120160384854
2.343730041354215
2.5476878280478994
3.593356087876201
4.831847940002208
3.344882634516615
2.9413574903035387
3.5593671481937146
2.9167049967882135
2.9939550137412123
2.919691008463419
2.7955707979223066
2.8561861968598015
2.8599323520532
3.0489616345977906
3.176201685191632
2.9689293869878592
2.752249362527615
2.3066642579547176
2.251927615365892
2.7681077300451604
2.777036821199092
2.192942179061277
3.8328023980795236
3.6405851832234224
3.6883529781274147
5.574521526647441
3.7091311234461246
3.8106000626696006
4.871839974702358
4.523713208425342
1.7418036094101013
3.2193698559576767
3.4132584151947447
2.286773386526199
3.2840087876924042
3.7483972794898297
4.018747543837814
2.9196783580493952
1.9148146717612582
2.809742804138302
1.7940375573700884
2.034887894287235
2.195357687936907
1.74471998177918
2.273804698480079
2.191368183523193
1.8696592181624032
2.125124469759181
1.7116408683065492
2.114068346735101
2.7315729655882275
2.51188300954913
3.496769835033326
2.9516559760355814
2.851254886502642
2.843277275586871
3.3191798465174625
3.0095989201436817
3.582858948556053
3.345541538005927
3.362223763680331
3.379282866410369
2.9424862027368084
2.735856908599373
3.484037179928738
2.477305584053025
2.4430692510194585
2.4203692351827035
2.4524284517921044
2.320578844490635
2.6276177312216413
3.26944184820273
2.6348678097711304
2.199492345733121
2.006190364673598
2.4207874079879823
1.7803211690149083
2.317933376304264
2.7885194031287295
2.3949404155423695
2.0917647737954956
2.012975923610294
2.1159996826776393
2.0302654016112114
2.5198993807050205
2.3086100305473387
2.2841292504112767
2.258176474848968
3.1706242633469346
2.1943184581512183
2.5818115340227417
3.9700445274953178
2.4379713524480673
2.7907675951282123
2.6068137777151956
2.955575667876275
3.174173232357262
1.9898495855310887
2.779607264762969
2.45809895670615
2.365104270712588
2.67687362651327
2.920980697738832
2.584307856437399
2.366510601088298
2.5295978865535886
2.661080118508799
2.3019674444653235
2.3415021054777236
2.0383112900564795
2.274175921355196
2.769350377364695
2.4858047240176715
2.9169581547790573
2.1134896854516314
2.4365473226417156
2.2318894170878334
2.4211881422140493
2.2917002239399404
2.320419830696446
2.36664973060897
2.3489606605145252
2.118091711136095
2.270403448619048
2.8933701085432877
2.0244345368782914
2.330654636188461
3.0770794224291125
2.187313430596748
2.928185454135847
2.1717877699572607
2.7708294330155803
3.5146603340775355
2.184694111762403
2.4969094101595086
3.1186474127288157
2.841702153785164
2.312686701443545
2.7715715806619006
2.40621348375421
2.25839394263545
2.107463539483261
2.01867710359915
1.8925248919960282
2.508982417991993
1.8642074053168012
2.342567566460153
2.7859399090478365
2.932269768954392
2.4455954001979188
2.4780664792691907
2.099808105885449
2.6214101974989514
2.5511051835055243
2.7407930655171797
2.2344489408724817
1.8514548335908456
2.1113949760661863
2.2152136956740627
1.8329776701752472
2.0146365374143973
2.0723400596934485
2.367707067409874
1.9879198563478975
2.1881561115354735
2.2751989581376466
2.202252402102872
2.6013150222696937
2.6335035397733293
3.214083034168443
2.0015875388693547
2.502274379415048
3.5044989312437598
2.812938379872737
3.4816412557628023
2.3036839243277587
2.7021175380409055
2.024655227980456
3.0293472137353294
3.3150939969062994
2.888654885249809
2.6307368036293983
2.848858587539965
3.4693535265834714
3.2758360680038736
2.0627911359323083
2.7033998166279467
2.5132585765541267
2.73581869805456
2.7333485334365686
2.196343520570594
2.0100296893886704
2.14067323725867
2.375853536608203
2.325539741054666
2.171113376008246
3.1265366475347474
2.2905055495254945
1.9869047270245304
2.4966410193868955
2.360796137770882
2.6481194722559094
2.0672050631521057
2.606712204279702
2.5744784587486267
3.010358241178651
3.2917732150374697
3.63181482660447
2.947696509486791
2.6847192633602623
2.6036172921761906
2.1589619309594057
2.3726335503761415
2.1786442535411474
1.7708317111256242
2.3518316624449658
2.1555343124722275
2.0272608121351263
1.9779485942186334
2.0781498762659756
2.357245973367895
2.0741754668297507
2.054495700100865
2.0863423015627482
1.8457359946926344
1.9378368544005429
2.0127962304807117
2.018231288852092
2.0488286926111736
2.149691707654274
2.079440378194223
2.2028958267754746
2.7271264552837384
2.67126956517703
1.8729720044112894
2.6558701590825367
1.8885270214045584
2.14196953754097
1.922061728483702
1.8031966606107943
2.1667901402870773
2.3418578377663772
1.9378736655528905
1.7486486079477754
2.567019953970815
2.5246469935345135
2.1800289497575527
2.512726327033003
2.195233608375899
2.2859259319635408
2.2260423386420927
3.233959583992922
3.750700551980268
4.145540130641425
5.86637266506459
3.955889205967121
4.9003292018554125
3.752346856466528
3.518301189834351
3.665812872506542
4.02531607748498
3.602481831101351
4.638691926831948
2.450056520669206
3.302637424271041
2.949998876357696
2.070221529952341
2.3402675910939137
1.821190988152328
2.4721625096199937
1.8528534353648636
1.9087218778012163
2.1698761286639066
2.391089476712625
2.3696288667670977
2.6817531248189947
1.7016315040702221
2.6559638655234146
2.141005959404578
1.7884103631400083
2.520520852118692
2.091178868144279
2.2543484283796036
2.849235422681394
3.1155474320106236
2.6642475861758066
2.8076066479562076
2.202740154925217
2.626812711142069
2.482451971072558
1.7640138509391645
2.741675492568121
3.0445611809228064
2.6981866050385817
3.190261615522087
4.2733654915992085
4.501530328407375
2.8885943167412336
3.0615980303844936
2.791007437504057
2.805706274354188
2.030988213165869
2.8441891752832533
2.8498582224769926
2.6495621924843133
1.9919750821718574
2.107478936749804
2.5766084679162082
2.636509041259129
2.7905631754247646
2.5846648329404514
2.0645295881112444
2.580017209526868
2.6023845000790846
2.9825467930521223
2.1752890259280515
2.5268554964245102
2.1188347810128425
2.3399611285625723
2.0962741986617583
2.2280259004384613
2.0584105945839206
1.9846073353920517
2.3621279312755656
2.1038204587363367
2.182983094534869
2.2346087209953227
2.3983306556095947
3.2239334862497553
3.396228664968747
2.902551678837678
2.988858353639969
2.4330814887361822
1.7782473058962898
2.0154796678187323
2.252119092193073
1.972212983500727
2.2441231961523562
2.2028656956722443
2.827881929112686
2.042137700980727
2.2114507588794927
2.9573246763921968
2.6712178101822444
3.3534672462244406
1.946525112416959
2.4665436403861283
2.0171575389508924
2.204062317333759
2.5174372300290617
1.6728392995838903
1.8627405396033614
1.6215894289698023
2.069192072209994
1.7178465959089593
1.675117259046248
2.4459798858222284
1.8474211638487938
1.738760937159617
1.7102903663059466
2.108598790637253
2.098362020449611
2.0787516811815654
2.2929078530631584
2.6882974567792837
3.8349903649362873
2.5880889067703667
2.9476315169254406
2.963872145819956
3.8711159985163612
2.344501724063483
2.297120358711098
2.723975661317606
3.516223653080211
3.1534646973791634
3.085807147604115
3.2274204058624245
2.2381225119806527
2.5292571500931134
1.6464579403260962
1.64327070510945
1.9846252768362715
1.8194691677399981
2.058166942797273
1.909227951772795
2.2307749607061957
2.393813884252169
2.405064235828922
1.836111178643145
1.8501862582885074
2.2507621628620744
2.1727682633138463
2.6405328763586144
3.010085425152829
2.1654874416727488
3.3538289795601304
3.0595203570153204
2.397275326084428
2.8217864004015065
2.1357688163346555
1.988201910510994
2.213338597907514
2.1109005261981055
1.899403186460809
2.3605546356876936
2.9238395316678374
2.199168955881949
1.9575071803475423
2.130016408708679
1.7600924996099057
1.885397647799997
1.9294322615033934
1.7351816003051068
1.9572418500655464
1.8335548422484675
2.027117499700224
2.251591589908494
2.1981924065848006
2.203058741333879
2.2053657298670273
2.800246988655536
3.207200567995989
1.9581214081814355
2.621829555316193
2.266919756208885
2.2720103317944784
2.2143024005125715
2.0729963041465127
2.316823227753886
1.7724679742105263
1.9516826382012595
1.9553466679705278
1.8720609161963497
1.6570971430061352
2.2118764004893636
2.2927011009507265
1.9439236623183473
1.723962404746089
2.011678696323055
1.86004431954272
1.7271253099985915
1.935303961377481
1.987035739666563
1.8960960636098065
2.1020982574106126
2.1120264930908217
2.0222337385013356
1.7807057522942358
2.5216000804029233
2.005470261221148
1.8048742749958964
1.872325631785477
1.6411430136196083
1.9162908432919925
2.653465144120004
2.2719670527885505
2.085425599917812
2.3634130182155904
2.22783658189359
2.7956604182060176
2.113873357219684
2.0823473389754628
2.302372564252703
2.843560017968266
2.936870881210682
2.780063157952229
2.8748004157198452
2.5772339401218294
2.955348090716708
2.374102792977086
2.0090443628461996
2.171351935971507
2.315686546190632
2.7956654396627276
1.8998839325177042
1.82922876401807
2.4088139248305134
1.9949733144260438
1.6232513514811218
2.3195536611429572
2.6804259571235436
2.375529768705367
2.214367006820862
1.9078847363454252
1.8108169758856356
2.186603756968215
2.1384041399640368
2.156344209076986
1.8878171340184382
2.5691197238434493
2.5237383025037827
2.6781315227642755
2.3784849929022944
2.053052239162169
1.809722778775034
2.242553155438041
2.11837871970784
2.2898982812136075
2.5173138177946224
2.3483276023756146
3.152116865325852
1.6112822155834692
2.1864354276651548
1.8243801579548817
2.077793272439907
2.102900835114842
2.018108158466961
1.779854167583272
2.210070483710911
2.4309391466183894
3.5251723819247487
2.4063964031617244
2.7857531038776
1.537003542024913
2.4208567562028973
1.9614765494359563
1.9128430124040372
2.865329047449486
2.1519323533298786
2.1650709835792226
1.8449055659662383
1.7145112364515438
2.002824682098301
1.9276824732154132
2.1886339445827763
1.8005232687792196
1.8253088225456637
1.8947970755007442
2.299121398848783
2.4724384115760767
2.756085268915528
2.704552100014711
2.774520804985217
2.281341745152611
1.884923608014417
2.51006234042142
1.7171675906501818
1.889786644107638
1.659425954228983
2.102135369917414
2.1309176021073952
2.4576873983912524
2.5101724011956397
2.6198694811032137
3.2587358327990863
2.7757959102832523
3.346222431362023
2.5915100270778213
3.5211274714922762
2.220513542699938
2.0860546182970747
2.2674047819742227
2.2842529905992772
1.898238503958777
2.703486575501529
2.3929612775968754
2.3286378152606138
2.063305705104418
2.162615342715968
2.1780768157978954
2.191326940173373
1.988556514747039
1.977624463054734
2.1949880352851827
2.1427028048685215
2.0622978861723595
1.9592185330938798
2.0101823646366896
1.6142357209278158
1.9399514235247919
2.0485970687739683
1.6392505037651108
1.9438923796001029
2.099315920619706
1.831411089886715
1.6541181126684414
1.6570460171645203
2.4564836524157876
2.0484348066183045
2.9762380493360983
2.3979782454719976
2.299655506966802
2.320946023956271
1.895651077510683
2.1591484511886536
2.343796761646528
2.1732872291845835
1.9066753539561565
2.1800264424858846
2.192857950963343
2.3251904348128902
3.2748616013649565
4.469849514655853
2.4025549033391163
2.410837101171024
2.741868191875918
1.8481417716866475
2.3140962221605665
3.6874499607081987
3.645840198967412
2.3492909517208584
2.8378034458101284
2.4540624611083355
2.7263474193490906
2.8793278461199
2.861241898241309
2.940784113932862
3.819959531803964
3.5905581831584867
3.8940767546898587
2.552036938532601
2.7067369633871725
2.6463960647597617
2.333189122284177
2.3661714048430325
2.0519751125327903
2.0518316233355596
2.284000157225183
1.9062625062866374
1.5996907213416884
1.8479871152816807
1.6258387469954314
1.7299204035924014
2.3789194676589505
1.9198572288796623
1.9807434093824943
2.1021805329015093
2.2135593049261244
1.693148183354824
1.9116197465917049
1.967338570193475
1.8493005846781034
2.033873735718004
1.9389645862306455
1.8859401875959305
1.8625884661100676
1.9404373451861385
1.737867587490588
1.9574137685618138
2.3236547066647764
2.385893730713538
3.2879973361594264
3.6521428384537553
3.276931918451603
2.4264318902413193
2.5234093380560885
3.2003110560517842
1.9847264070792532
2.01021149012146
1.9925902914330422
1.6193824876552085
2.124854573030133
2.08473735792949
1.6353407248048968
1.668364519593743
2.6589011990747964
1.757368288847661
2.0724250610360624
1.843578927224707
2.2036909247229923
1.7719450522050255
1.8294433434880923
1.9455407567706233
1.7790999875815499
1.9520318150001466
2.256251342282755
2.251061537660937
1.8999670541791118
1.8259440671945497
1.6422221421118501
1.841924023280357
1.6833035414707374
1.9751607923580905
1.8370405418078082
1.5385568761213129
1.6956073332463983
1.704983624369969
1.7003574047003585
2.2107464259730154
1.9710940060870576
1.946542494740902
2.1693350930128226
1.8866130695040295
2.0976379020348705
2.526284840374491
2.2600348337633394
2.337066476025296
3.190658192609145
2.161761033558253
2.0208414953429408
2.0725522690002474
2.1178221863850415
2.0063305612662963
2.3438596032359826
2.197454926936288
2.2451633349502775
1.6854919700730755
1.9610316106187624
1.7912974241328192
2.261852852654251
2.107416064224694
2.4309199444557734
2.5409526457655724
2.444446687116296
2.376494663894666
2.610088016277923
3.0537386959407886
2.773901141536703
2.135958922233256
2.052137916049237
2.2991426590782664
2.00892281285742
1.899596448796803
1.9798078472728813
2.1010775280112246
2.60108353671807
2.003812760156122
2.180282224529224
2.29626937685296
1.9467697981450762
1.9485304203930105
1.829260722081882
1.664251255704401
2.6289526436754285
2.595593180730546
2.0491203536237275
2.4811503016400156
1.8877176256829409
1.9505660773469375
2.416016209189774
2.2084625056211715
2.4579906082109124
2.7867181717022813
2.6473351650647476
2.496574812912605
2.5336650104555716
2.4269268393918044
4.145117616472603
3.5428183559648114
3.8543634626155843
3.7215051522386573
2.9640443684583686
3.0378446706864084
4.280897926388068
4.611038625822398
2.4400037778094203
2.319948923615248
2.236893711938362
2.896559301645143
2.990062956170872
2.504650317070065
2.4615456034162064
2.622775101891185
1.7531558148506605
1.852947516184108
1.9392867159930909
1.852940061568876
2.0057822761315123
2.236318613614171
2.215460138420769
2.6866796515804903
3.5438111048210743
2.460847860305514
2.2041200531408
2.216230623549406
2.355482373687811
1.8316050296669844
1.786015449721107
2.621719515412774
2.1141765296393795
1.8670608990355129
2.2027357569200485
2.207034886432439
2.1497144354986935
2.8128895683785213
2.5330400771144514
1.8082500893401021
2.2410056372571514
1.957006056754882
1.9286333330602667
1.7221699853029677
1.8866385001783124
2.271246023089311
1.7569326680671418
1.7722828734906446
2.1837163050666852
1.792442277090787
1.7484006239248269
1.5969041207439307
2.240311021420375
1.8430417962846848
2.1042851580719684
1.5616733042793465
1.9862728100230356
2.2894673097568163
1.908275578224481
2.135460130122315
2.12161511206369
2.194929243612864
3.0226680584339967
1.6003002082308613
1.9795312205247648
2.1865349513386154
2.34253693875068
2.3497440719030753
1.6486579586117112
2.133511011746415
2.403877078277156
2.2111612021631903
2.0874452361910896
2.2275197360892003
1.8804335517070263
2.625041571717083
2.9006536571671075
2.5184326309309246
2.586169514218112
2.104990246006197
1.975612040619439
2.26484870285348
2.4893645563668394
1.9306576613573514
2.031111484327102
1.6950039593005144
1.9023302500365065
1.8264710253689254
1.9888228172013476
2.1404220998451717
1.9405638962874576
2.0122033246066304
2.078394006126668
1.7100768086581664
2.190818489414764
1.9415353021819988
1.9605359676347591
3.009047198092708
2.8882684484913757
1.7931485503276194
1.8991634516920848
1.942059388070103
2.0858092709154388
1.8067108335528832
1.99931890182977
1.5883547339690085
2.0353442642103454
1.8359405674495362
2.2084209971034863
1.9557862686085616
1.63869826538184
2.0975980410870143
1.965567827236164
2.0713751414415564
1.737211563328044
1.5685225232894096
1.8737198948892695
2.331013057165608
1.6145837742413585
1.6095536773063157
2.0521898663318567
1.7117294381723211
1.9368021255035535
2.6830397449719077
2.0033812282747885
1.9691725535505245
1.9556380120904264
2.260014904990498
2.086819876971813
3.4670215785795335
3.923951271487928
1.6077296034073307
3.557176958212118
3.2288651309486265
2.48387519448402
3.1728216145319617
2.1618994131637077
1.910042335202873
1.9846995018845601
2.1684759019123727
1.9460155189387438
1.7611852416487028
2.0986810425996367
1.79066607662086
1.8964960431987918
1.9132575178268698
1.749219558481496
2.1129885732568274
2.630359057395706
2.210584181086537
2.968410279013533
2.2980767026574487
1.966541550661072
2.183335667641562
1.9747436212784033
1.9410300890077667
2.0867350921086723
1.9149286181963094
1.6749672076418145
1.7936040786582128
2.1994807268869647
1.9669256639978
2.2832607356093506
2.1898656713862517
2.27544120865605
1.8215421439212218
2.4541994763154715
1.7998727149745433
1.9235300947604344
1.6497819302057593
2.2899826002356285
2.032002485960567
2.0820525173146676
2.0589879283516823
2.5713416229366657
2.4076642629555267
2.5705120133788535
2.272645312985224
2.3743942197135457
2.103052359793922
2.1103693091915625
1.9659080131420472
1.9102074131509164
2.2830950878042957
2.1321660127186255
1.9509115179905603
1.840383338982134
2.345513260187094
1.8807654656668498
2.26196037212097
1.8764337090365357
1.8356143353599605
2.454384192171914
2.622700129787946
1.8728548392855457
1.750956030937832
1.8607277463267098
2.1821843216932457
2.018904829890485
1.8503614062426714
1.590730834103206
1.6691029258355554
2.7371965896004244
2.014008903306017
1.5442483439992247
1.778212381218979
1.8766455039209875
1.7727656132252927
1.536626399659138
1.6652417294188944
1.785505527225486
2.0117030022966005
1.7801768598371617
2.0226188188195575
2.129813733152412
1.8713786470164353
2.316002542463592
2.0558451381795173
2.049029733611601
2.65385339985511
1.931078354523063
2.0232546432296954
2.0088056518347255
2.672871366507418
1.9874967468836586
2.130503221393355
2.419831522312892
2.1493548454531846
1.8803945526688925
2.077820364537762
1.8547840487775296
2.020132044012886
2.7438852802235907
2.459507318996307
2.134542157280906
2.100677654959366
2.2481963256869513
2.2863935243413875
2.189055622224306
2.291794317592232
2.0524152560787656
1.6487695940070466
2.1439146152322333
2.256525523880237
2.2535765292524017
2.2220230418996487
2.4726268737063553
2.605932690611951
1.7976512949267767
2.3075761375514774
1.8590218769340232
1.9485264330815573
2.599348053866081
1.70394171049873
1.7023596637727092
1.780023485216734
1.7667237522512054
1.7561841315801165
2.0275129298370955
1.8720014413200419
2.4957388728373364
1.9441819852423021
2.015098083090095
2.3695725014670637
2.4299148864681324
2.091520904222532
1.9960671083304549
1.92448205059486
2.1554369057131355
1.977169211363315
1.8262327640772642
1.9849385454880408
1.7787243578522611
2.3540775384519512
1.977572997503147
1.5880722236673193
1.9184216145933977
1.7714512847805337
1.6367074002395885
1.8004134676692354
1.7158786436876177
1.7230108722038266
1.6311514134205383
1.75778021032077
1.8404373886653258
1.7569852984549517
1.852605407833242
2.028257726024007
1.931779205898099
2.1054210289884963
2.148160461054911
2.065264338973727
2.337927293567077
2.1813253605976626
2.778450425155867
2.4771475555662943
2.781863597867381
3.0913595456639418
2.575435286128294
3.6756517650116707
3.758214345089097
4.59622919044946
4.489775643043975
2.9976446144258735
2.728647672786946
2.781432414100789
2.298660910523621
2.2487560773779776
2.2119234643247307
2.042707208874134
3.102306931852007
3.8815227831097423
3.3236429741360944
3.243660058730672
3.197265612573052
1.747504105350568
3.2120987373425756
1.6891342340438305
2.129929940989614
1.965790017378099
1.8669177007325266
2.129748938436853
2.092375754231022
2.551864989605467
2.7541073415948665
2.6471751366020353
3.217431221972597
2.137992298191934
2.167250847159739
1.9912397001306152
1.6116478963834544
1.9722201429936492
1.9155892506013479
2.0275583024849313
1.745572584008607
1.6806982394620003
1.5967105277425109
2.3809451747988954
2.541072351223064
2.2881862172380436
2.2327106693015666
1.9954221685911329
2.2058554214890775
2.547563832069868
2.555394360743686
1.8766798725374547
2.2652365869852047
2.5475611926796633
3.4370279597235225
1.9156217578127257
2.9858953523511933
2.2843673723262303
2.462646058904833
2.4635224631928527
2.1538428981493123
1.8344665887444245
1.6925375378417238
2.0523423476743146
1.691824283762644
2.177249293015587
2.2511258156678515
1.8614205791569218
2.1529591708102727
1.9147055708256635
1.9795004682588158
1.784927992501182
2.2503732250386155
1.967701722611135
1.7034640348924892
1.7260698772021226
2.0683410125343147
1.708791030740199
1.7884872255684139
1.7247171291517547
2.0368084212245616
1.7240312193320069
1.8419650296048713
1.6394012009537573
2.0154325306967547
1.7518146212848535
1.6983811154795734
1.6713284366444514
1.8613557402991958
1.8345262313266295
2.1444082609954074
2.2853271716214625
2.204142601127856
1.705104098985319
1.718069737312833
1.918983253379426
1.711964493571563
1.944622649672822
2.060661859338764
1.6882138450279
1.7718719736291546
1.8507231841335112
2.013873013602462
1.8835571285383768
2.3265041691047115
1.7270986451725934
2.253456600695606
2.4092107192938057
1.841312665592215
2.0754781460225082
2.579364177538528
2.151612723797476
1.9404509080516825
1.7410705586158413
1.8630032210119327
1.9863619557690138
1.9552951822099036
1.6191462261878586
1.8285294102554888
2.0934896989184795
1.8340589465817911
2.1689607993664164
1.749537234537653
2.431464066506678
1.9509219369353072
1.9193876606789981
2.3452118117757674
2.472668248297303
2.063329259910759
2.491033724820289
1.8543414653040866
1.849858112810615
2.2108045842861173
2.1927303722906664
3.387764734517967
3.1055819517498753
2.5994953538122685
2.206311032946417
3.7413765664390586
1.7649935844420173
1.8794251475133703
1.5683841595408594
1.5952811698483447
2.114460101397902
1.8445966729240622
1.606750050839485
2.220976571838368
1.9562280940026682
1.8686087206755349
1.8378068120139586
2.2856588279176417
2.3566716886567223
2.2966997882284965
1.9095646278205478
1.6389700965994933
1.800152434351733
1.7949515195995638
1.7865009277023063
2.4022049760196644
2.0335922952988916
2.0281825705453285
2.125534618067432
1.9372172483543892
2.363342056423362
1.999727872135481
1.9372085877349492
2.2786388260320467
1.9120744829290817
1.7752737117195772
1.9269828850259847
2.265776226205928
2.431424756701944
2.1849485021587305
2.044639040859158
2.246101149166811
2.088059918590104
1.7917713995726974
1.8478302609032653
2.030117590293747
1.8826023211897438
2.110054851454765
1.7379215297463468
2.335311722154839
1.6190719953750097
1.6686497230240576
1.8178766085868723
1.8926993474109293
1.7940864222910116
1.994975992508098
2.1310375010118072
1.7786094826971068
1.604984531701479
2.1671062214484067
1.9595903127100454
2.1992740980694054
1.953783719719442
2.0260692111801384
1.6886485725705376
1.7935367911916271
1.8567295482583566
1.9505816676347454
2.0236934265860005
1.7181345718967698
1.7581480852550746
2.2005419627382534
2.0421202680533064
2.1357279939376115
2.6278014706546027
2.418541599710888
2.2126378994247786
2.630151690025249
2.45458368986082
1.9091839671867357
2.165789312085822
2.2395882105200196
1.8818060049863639
2.5565594907680644
1.6158472116456069
1.63831942922174
1.7781263643965683
2.273503473984283
2.0357467480856872
1.7036202500253097
1.7110334462379995
2.0808651104577263
1.8676300145644131
1.8221914412770326
2.492715392787364
2.5265486560861414
2.2964795118043355
3.1702547335643096
1.8141584107433246
2.6556806639363093
2.405043597212857
3.72954887206465
2.3092088741729655
2.8094435931542
2.851185529232491
2.8196545661199526
2.7290935839958053
3.2086079408660515
2.3371207828975993
1.974819460664205
2.413766623049115
1.9138362607217374
1.8961190137115238
2.397915341573782
2.1986838173767596
1.6819249460521268
2.1688051966749846
2.103846578394791
2.2226520090188426
2.108187284896175
2.0373165117691
2.2029246147145454
1.89083201519472
2.638746697095264
2.933140512034364
1.9848047225162686
2.420701539344812
2.794613972624741
2.8789563696807043
2.4182542444453965
1.7402136940867639
1.6141371678848453
1.6721132505586604
1.8662306332092322
2.1791061506948157
2.6100191685041385
3.5191461252595553
2.295824038662464
1.9729893874658462
1.7197075717169077
2.463860688278647
2.013213702220303
1.9025107548179006
2.278377338558584
2.4382921796162247
1.8352721242506527
1.9233368263738826
2.0004137141484786
1.759484220097891
1.7526202861002604
1.9957007300805423
1.7479606975145836
2.2875890005210264
2.51664465766474
2.258001472708428
2.1769246054450657
1.8697341278860806
1.9153089448829987
1.73959932285511
2.322525697597045
2.0310724343209925
1.718071952344833
1.9667358269388517
2.089782437197444
1.798532763619023
1.9601927683608584
1.835546428897365
1.7241998720395493
1.8742351432558308
1.9451954576544006
1.905498481292909
2.2074413833936943
2.0829482473048957
2.0350292954656526
1.9060277936923642
1.87104555198272
2.066488274555585
2.1753889553993155
1.9446125677639667
1.771385857913001
1.7254874454431757
2.1317933219612426
1.8649813037790752
1.7200459673591308
1.7909704506259738
1.771242482021502
1.6484557519473026
1.8135379156358147
1.9651629825379902
1.8003073567990144
2.10146749356182
1.7466743736145183
1.91375062371056
2.100391636654936
1.7804229144654378
1.7865117258185743
1.7048308489934094
2.0580928191015824
2.156315669607493
2.221578062655132
2.805423123895091
1.9436322010685882
2.1805270208271934
2.7682387525389287
2.107072697442237
3.25942914680092
1.978027874223974
1.9866681184370767
1.7876946519095065
1.8515394925496806
1.772641912662338
1.7444555339898855
1.8258835033540006
1.6782625553613746
2.0000832306217218
1.8743353881030433
1.5836793281413668
2.038004714889805
2.025861042624795
1.781665504670969
1.8582125000837424
1.6011719337340196
1.9931782013959447
2.0836594013709844
2.007458838031822
1.694368404097899
1.7347125034156665
1.9238819699009013
2.3387951968427108
2.497545866834019
3.0561744610341406
2.97311647698461
2.9679566730864075
2.5508369781768128
2.7427824940884427
2.304620122551286
2.891108890582879
2.181349321023194
2.055674845717488
2.0737430054653427
1.7513319173655177
1.9643470643991736
2.2093665433815475
1.7292807613337056
1.860923430957232
1.7589484079323148
2.4976709970300117
2.3205272760739586
2.6980478632506526
2.434118485344885
2.0182378172197306
2.0095252813197324
2.401008303658577
2.0758808127519104
2.5732091670605537
2.360499939034643
2.091852200420526
1.9730609538880761
1.8261811990851842
1.7832248878122692
1.7123459335822873
1.7401388609507284
1.7716183162531354
2.061572467938314
2.121925681012223
1.874657816625885
1.906482101152747
1.8511694923471607
1.9171797067390153
1.705453132269103
2.3060740159511544
1.9422613297151923
1.6907328644037094
