279756275107.65924
24418465968.921257
16441264253.861156
11454564631.170488
12119199346.492743
15266650019.469187
14266331812.471943
12353248019.36769
8875919627.749308
4340576222.448023
4451013480.193739
2542596637.4594126
1699013085.4845033
565977399.1734431
107147451.2042568
78649662.23830217
20251679.242984932
1545256.9464923204
30182.250309785224
625272.8643099859
15682915.398111856
8075528.148377543
3470328.4901974327
24985611.9499814
79170273.69739863
9777195.425820656
32909633.458449803
12132121.542036561
14280099.461022738
3940898.5686720125
34344007.88468282
