280839083920.48376
21976948581.309174
14090537353.989645
11952939516.674366
11185382622.038727
10920364195.789515
10979495729.768806
9928244233.339624
8833633234.622797
5210730467.892065
3294666718.5231986
2797118546.331498
1614790901.773947
572214279.6633784
347686871.31238735
40088705.045952275
29259888.606943496
35473.552809735775
31793.963721392145
718664.9111473375
54126.8858882117
3998300.4312602356
85641.08060220783
21019007.136590384
22463807.983563457
28117611.124344356
23950250.019037623
6988113.988185773
7711457.146060837
5806297.950928314
8160237.616268689
