291089251629.4491
21561752280.976097
14143558858.01976
13022525281.889338
12954154985.737085
10767344167.914644
10714823204.416279
11438137948.609766
10482681500.864948
7304030690.446424
4978526487.793308
3064480500.6108007
1687139341.7083628
693935408.9211884
175661389.41795918
4355487.178717671
757658.4977418171
13921.184489640309
418262.35139003966
10000020.844656456
138995929.7460278
78089819.31777579
58626906.40945695
51722324.937969446
23684875.348162845
22012324.66245569
24107517.75153026
22702127.66016405
14336783.310274925
11765967.684414575
3998264.9496110245
