266814488263.3571
21404706499.668488
17159974367.614445
13615281641.904873
10854725304.173588
13080803901.149397
10718120967.65651
7288874268.800801
6956954816.944588
5570247079.525507
4988026014.071725
2153635274.3535023
1187981826.2294989
473365137.3547983
57056039.936119005
354342175.5857714
31239627.080397643
2118360.7185799605
68619208.61830023
8340832.356327405
51709988.269614294
98701527.4447713
242514086.83881435
36759466.67166076
41127354.30270144
34036164.67551479
87914003.86809167
9607793.944074167
4777325.931721424
10788837.962945323
14793346.43768405
