267311786043.61508
21015517079.114216
19048797576.22484
14245076236.939808
12021771055.950531
13499177299.794525
9418777401.116282
10645866294.512436
8483202322.465981
5444490194.956368
4129932281.5377183
3053261919.737603
1793148392.1081872
1010566514.6738453
260001896.57277542
193361853.5969333
373529632.2498762
40664027.70744281
168991395.44999638
194704787.93008146
32943808.10066303
5580283.706693278
18955276.72327981
33531566.958727956
83085678.16228206
1500067.2415080566
12275163.022136416
227869.66804730264
5597.886570357211
810138.0934093415
24923893.835216157
