284975028568.7123
23941438724.354836
13909487935.787617
13545664968.51766
9812290917.43704
11603548149.397463
10603532510.799816
10298101048.56844
9418375342.98042
6777613659.696245
5222551195.578909
3371432142.8714542
2773361172.309317
1357684149.4174411
343800749.9068666
252754334.2799914
5599057.530587149
647921.919917261
53720.1172917519
24882.12323840265
3175718.6096873535
3628885.3998033134
8470959.581130296
12841289.105710901
2388777.1223275517
141795.14136237788
16412613.88460463
27953269.95408867
15547081.025783608
26457241.774823017
15581846.17351466
