277677758917.5775
20455329284.869675
15475207317.606888
11595225202.211725
11211229454.524887
13512365386.839447
16202266074.794506
11754440069.608469
8897356643.91208
7805852946.732992
3661549359.285708
1519727310.1517007
552798882.61871
835003824.2268229
150746092.8968925
54298697.34572376
41387317.25246673
2655329.3032926656
66551.24101856268
956.2283722397442
15416.712808408407
24631.615991824452
8733.345820446468
17304.339191865212
432430.0576819445
1752507.9327269935
30072045.654265046
1542028.148279634
75072.65152661431
52883.00179426314
775693.3681834561
