254380446570.6967
21069807976.30968
15838861218.178787
13630543856.827168
10795599298.36407
13473922410.0711
12336692525.765017
10535764375.132826
8050917477.835322
4790148407.805497
3108920827.7479234
2752984039.5778365
1389052474.1774042
671155042.3753679
270506068.0198598
48470147.15689198
18253392.777236402
341132.7608730783
12992.195668633482
41612367.848804906
30051834.033030003
30419545.096254516
85290138.31283444
6798834.994863985
5544172.528496469
86535622.86657558
68396315.95926173
59268785.9530592
7226689.005139214
3201448.854955537
15245633.053633872
