129553224950.35057
10067294400.284248
7354936366.54566
3045242132.0414453
1743746671.394803
1560716851.405976
1560716835.020483
988524112.0367445
988524112.0367439
988524112.0367439
356400854.25732607
248997624.25221932
75403586.57032919
26164018.802321598
3382110.2443015357
176149.12609130173
7193.762223788322
510.5684258123972
337.3263095892194
336.095170790233
334.0963067664762
316.00361373805487
306.3754732813211
282.0967860044281
271.7003665701588
263.7956473436726
252.56089597915604
250.11782269094238
219.3874952103937
218.0200249407135
207.9043287132251
