124269061981.38316
6417782531.206268
5454089138.452064
2469386802.959998
1940946413.2822478
1843299486.8007085
1843299486.8007033
1843299486.8007033
1402932418.3166957
631254665.7665983
489378520.2840551
335230984.2524993
77339474.48317033
19231843.423156105
1747148.6406890387
69402.525501353
16983.765741193678
15127.627152917436
15081.412963798628
14826.252002815221
14301.756689858546
13225.883807979839
10211.434398307005
9132.905719713834
8704.78037611115
5963.329244814056
4396.016728673016
4010.840347698045
3585.881293631986
2984.7412400443613
2490.6556669241672
