150986052207.0326
6250806701.978465
4883878262.540394
4035925206.682078
1931229409.5792258
1351502291.9530506
1338303751.5177367
1338303751.5177367
938329808.0603136
682086872.8110726
257270208.99498028
174275672.92389575
94920541.88609968
12332165.60339163
2120020.6151601574
287530.2423680796
21451.72423212782
3750.3577800085036
287.1790903464892
276.4913402537843
275.98550510557715
270.5874349128659
261.9063326433736
246.35738527092886
231.60161601610906
227.23911554686288
224.91190808271514
211.81949079114278
207.1044708430682
206.61400103138547
200.96341654983814
