197628412707.62164
7149409801.365105
5485760837.437274
4105249226.9298234
1843715144.0323792
1216130184.730665
1216130184.730665
1216130184.730665
1216130184.730665
645620723.6473383
596356014.5574586
352903650.33727354
88949065.84088792
32607933.32382418
3941460.081531856
463264.9716289556
60681.1403459134
23321.23309868567
15307.611806427314
15207.164112975579
14400.767651067285
11669.848902175418
10025.599782165238
9268.649349836367
6840.171398505547
5681.184396392102
4238.16594428545
1402.6102222333602
1402.6102222333602
724.5703867212412
437.7566245124071
