151927714717.6466
7104787077.962265
3168067774.549256
1490260170.568357
1085344412.3507361
837593202.2171304
836468238.5315908
836254002.2937387
738214043.0832397
675799035.3103122
298401265.6084149
205599932.85010386
85906933.76943076
5747462.362125865
549798.2264104829
52805.51939628789
2434.9534883197634
883.9275601630867
874.2927116577156
862.7679861096844
310.5981785841046
282.0316098224464
252.37902368948608
230.86147174882015
230.86147174882015
230.86147174882015
209.63224056157622
204.16163202119753
203.8232748245286
202.6738802001953
200.13122362093293
