135802448236.95825
6321787899.086977
4151188839.9917507
3124398257.626553
1812979337.6925075
1259426425.2673118
1239235890.7711723
1232076527.9911728
1232076527.9911728
819273889.9913117
412595828.3087992
150051327.2694384
62506775.60179863
20450216.60241658
5978564.283030664
399746.5628873921
57266.07038294936
31611.006460530014
31391.644701481775
28608.878769573636
28608.878769573636
25403.063495910734
25403.063495909755
18229.72051496659
10492.27281073498
8491.587699892101
7785.709663337361
6090.343507021909
5086.274638135811
3941.4520857258462
2963.7807685914386
