2170.378151097588
1452.9873907739716
1444.6224489311244
1444.570966617915
1438.4902882637305
1441.5884820954989
1437.054502523642
1438.6515115119405
1427.4625386828554
1428.3749836356901
1426.895210238326
1417.9944171429895
1417.0896651521787
1415.9477267763586
1414.0167768495517
1412.866864826389
1410.4560428754833
1410.8598419008226
1409.7490508422857
1407.9153261247397
1406.8309347779593
1408.2245336122699
1408.0545496094296
1407.478206813836
1406.22994095673
1405.5192837862385
1406.7302952333407
1407.7115929202655
1406.8573931715555
1404.5223661389193
1407.024812257338
