2188.196743939605
1466.3055488440225
1460.7863830283407
1451.2878432241027
1430.2498525545732
1422.859692046829
1424.0071664310174
1427.2107031597952
1423.021141800457
1421.6386925263785
1419.9518683405481
1422.2807098456042
1417.414596372521
1413.9064590703517
1412.5556505095542
1411.10973296566
1411.7530835464256
1410.425106428903
1407.9318901951524
1410.64422430451
1406.4062698851264
1406.017959542945
1407.5619335119095
1405.8673774529884
1408.491233136196
1408.5225143568912
1406.2635665786922
1407.9166809071348
1406.853426447089
1404.727673330135
1405.9924106002443
