2203.152184985679
1471.7990182799842
1441.8945810384207
1435.2941245304341
1428.97369931839
1435.3027567492704
1433.7465166972197
1428.5490956281214
1432.0225382999872
1426.6160342552635
1418.3843050713772
1415.083313342209
1413.5323706288095
1412.9344971649093
1411.49888329522
1411.6103859271823
1409.0319702047345
1409.9378592181383
1407.392933635297
1408.5852351076994
1407.5511199403027
1406.5481559208813
1405.8521664076925
1406.7466024524774
1406.4809039813154
1404.7841190549568
1404.444894448046
1404.171045474171
1404.040323791077
1405.696419036737
1404.3364742148526
