2221.277085809509
1462.3466209484588
1452.7415117258608
1440.2880966351872
1434.368593582379
1426.7482517265812
1425.1272897461552
1425.0212992250251
1428.4837894149548
1424.7365231888616
1423.027606176024
1416.6371849075308
1414.7786269215746
1413.3506243859752
1410.9194245210804
1407.8882474789814
1407.479437603748
1407.794282151276
1410.8202014432043
1410.3993508832207
1407.5529239946177
1409.3629662864641
1406.7142117761546
1407.1661857471668
1406.8011517161374
1405.903100007532
1405.9822689849543
1407.2104159355806
1406.4435294527868
1406.096488453458
1406.1351765915824
