2198.6610779873176
1448.6063333509962
1448.1742804688474
1434.9195060973411
1429.6757639788505
1424.4624401678116
1428.5431107101494
1427.1029834296526
1424.8662316141254
1426.6257103208677
1420.8907775012988
1423.4254971368396
1418.4596306248277
1415.712475130263
1412.9014368755447
1411.3586250459325
1408.4332722533575
1409.069516683311
1406.5642433413882
1408.24874931761
1407.1362316450563
1407.4414697819752
1405.8234615909994
1405.1284571158305
1406.2194158331058
1405.2146998602848
1405.8562180007195
1405.369251445171
1405.5011056749663
1404.5375254302107
1405.9881976995152
