1865.6391653999024
1413.4143277142214
1413.4143277142214
1404.2758127335385
1402.252894569648
1400.5003302932241
1400.4091391260108
1400.4083375141229
1400.4078707643066
1400.4075754103337
1400.4075739748637
1400.4075739748637
1400.4075739748637
1400.4075739748637
1400.4075739748637
1400.4075739748637
1400.4075739748637
1400.3539427396468
1400.3539344745648
1400.3515869587934
1400.3284643388436
1400.3284643388436
1400.3284643388436
1400.3284643388436
1400.3284643388436
1400.3284643388436
1400.3284643388436
1400.3284643388436
1400.3284643388436
1400.3284643388436
1400.3284643388436
