1860.4027247126044
1418.953784395683
1413.8951367098884
1406.7872862301317
1401.9986431049335
1400.820974160722
1400.3503953843165
1400.3262025644012
1400.3251425927554
1400.325136858406
1400.32513487079
1400.32513487079
1400.32513487079
1400.32513487079
1400.32513487079
1400.32513487079
1400.32513487079
1400.3073727012445
1400.2884222175314
1400.2884222175314
1400.2884222175314
1400.2884222175314
1400.2884222175314
1400.2884222175314
1400.2884222175314
1400.2884222175314
1400.2884222175314
1400.2884222175314
1400.2884222175314
1400.2884222175314
1400.2884222175314
