1830.5300948547113
1420.6548813294971
1415.39734196462
1412.884760579403
1406.6344096745822
1406.311139874257
1406.311139874257
1401.8350114385742
1400.383710655085
1400.3470785922977
1400.3470667617144
1400.3470667617144
1400.3470667617144
1400.3470667617144
1400.3470667617144
1400.3470667617144
1400.3470667617144
1400.3470667617144
1400.3470667617144
1400.3470667617144
1400.3470667617144
1400.3470667617144
1400.3470667617144
1400.3470667617144
1400.3470667617144
1400.3470667617144
1400.2835502409398
1400.2835502409398
1400.2835502409398
1400.2835502409398
1400.2835502409398
