1837.3804434488593
1413.0456052550194
1406.8572434818086
1406.8572434818086
1400.326966803851
1400.326966803851
1400.326966803851
1400.2601019980816
1400.250524341804
1400.250311571036
1400.250311571036
1400.250311571036
1400.250311571036
1400.250311571036
1400.250311571036
1400.250311571036
1400.250311571036
1400.250311571036
1400.250311571036
1400.250311571036
1400.250311571036
1400.250311571036
1400.250311571036
1400.250311571036
1400.250311571036
1400.250311571036
1400.250311571036
1400.250311571036
1400.250311571036
1400.250311571036
1400.250311571036
