1927.6949262619337
1417.14213222051
1414.3007044135281
1403.4869636181334
1401.7167279912032
1400.8412447324433
1400.8412447324433
1400.359289309199
1400.295823085303
1400.2790165255242
1400.279014059303
1400.279014059303
1400.279014059303
1400.279014059303
1400.279014059303
1400.279014059303
1400.279014059303
1400.279014059303
1400.279014059303
1400.279014059303
1400.279014059303
1400.279014059303
1400.279014059303
1400.279014059303
1400.279014059303
1400.279014059303
1400.279014059303
1400.279014059303
1400.279014059303
1400.279014059303
1400.279014059303
